5.00452,4.79694,4.8744,4.86526,4.80846,4.73863,4.71486,4.81945,4.9872,4.80597,4.7553,4.83552,4.8767,4.87817,4.76254,4.88096,4.83521,4.93664,4.71943,4.95538,4.75766,4.80138,4.82321,4.72171,4.81306,4.743,4.86782,4.88555,4.865,4.85023,4.90937,4.85918,4.71102,4.70558,4.79862,4.71917,4.68742,4.92789,4.82314,4.96884,4.84615,5.07325,4.6608,4.72887,4.88282,4.83842,4.75558,4.88696,4.69851,4.76208,4.93879,4.67088,4.7896,4.86191,4.81615,4.88181,4.88152,4.81289,4.87491,4.78619,4.92337,4.87449,4.817,4.74847,4.79842,4.68895,4.72874,4.67472,4.88282,4.78116,4.93762,4.84481,4.63809,4.65579,4.76357,4.88745,4.6387,4.68365,4.86431,4.78475,4.92175,4.72645,4.85265,4.8146,4.81029,4.86165,4.87608,4.79291,4.71782,4.77182,4.67815,4.96063,4.80023,4.75576,4.84363,4.91094,4.71687,4.7084,4.7991,4.86078
9.71317,9.47107,9.46559,9.40835,9.41334,9.39434,9.37349,9.41547,9.56585,9.46403,9.27491,9.62911,9.42033,9.52536,9.54771,9.20965,9.32658,9.53889,9.32515,9.5565,9.41542,9.4548,9.44178,9.27797,9.66078,9.31076,9.59906,9.3097,9.55904,9.37496,9.64922,9.49404,9.41144,9.41015,9.32844,9.37048,9.33998,9.27081,9.2084,9.56362,9.31482,9.47881,9.19935,9.34895,9.48509,9.39314,9.43704,9.43339,9.18224,9.4467,9.62196,9.44193,9.30348,9.59633,9.39198,9.48424,9.5171,9.42254,9.41179,9.41111,9.62858,9.37135,9.27953,9.27064,9.54907,9.21189,9.40665,9.45787,9.33306,9.47994,9.50163,9.43773,9.2729,9.19813,9.31699,9.53275,9.32499,9.34796,9.51824,9.26892,9.41884,9.33965,9.54485,9.53908,9.43517,9.56676,9.57003,9.61385,9.37801,9.47281,9.39308,9.39624,9.26442,9.4256,9.41666,9.66276,9.3712,9.33759,9.49226,9.49269
11.0112,10.8168,10.8423,10.8099,10.9402,10.8242,10.7723,10.9339,10.7689,10.8601,10.672,11.0057,10.8666,10.9405,10.9808,10.6971,10.8173,11.0381,10.7662,10.9856,10.7249,10.9209,10.9274,10.6914,11.0227,10.8413,10.9837,10.73,10.9285,10.7721,11.1794,10.8191,10.7745,10.694,10.7398,10.7383,10.8005,10.7162,10.7405,10.9233,10.7884,10.9273,10.7367,10.8594,10.8809,10.7818,10.8017,10.9956,10.628,10.7863,10.8983,10.737,10.7565,10.9536,10.7853,10.8371,10.8997,10.9195,10.9247,10.9411,11.0936,10.9139,10.7015,10.6764,11.0516,10.6915,10.8604,10.7413,10.8624,10.8632,10.8229,10.7078,10.7597,10.6615,10.7412,10.9243,10.5888,10.764,11.0619,10.7201,10.8453,10.797,11.073,10.9062,10.7385,10.9282,11.1031,11.0301,10.7251,10.7916,10.8045,10.8852,10.5768,10.8106,10.8679,11.1094,10.7269,10.7682,10.8864,10.7848
9.57489,9.52221,9.75058,9.76886,9.61328,9.54554,9.75399,9.81989,9.56152,9.83229,9.54468,9.53328,9.62935,9.7387,9.74636,9.54619,9.57164,9.78109,9.59373,9.58944,9.48047,9.76238,9.5817,9.7921,9.70751,9.54604,9.82585,9.49201,9.77556,9.62282,9.60107,9.51888,9.8205,9.55442,9.55143,9.63983,9.48752,9.56025,9.58861,9.69507,9.5645,9.56465,9.54476,9.76905,9.50622,9.59577,9.49235,9.65219,9.49403,9.58777,9.73563,9.57133,9.59732,9.66032,9.66629,9.66007,9.6113,9.69466,9.63398,9.72615,9.83327,9.67253,9.38225,9.55026,9.90549,9.46232,9.53795,9.43333,9.60915,9.66579,9.50683,9.63595,9.62338,9.27025,9.64047,9.64133,9.37676,9.75959,9.76194,9.5672,9.6519,9.58365,9.81903,9.69154,9.56031,9.58552,9.72201,9.70323,9.38783,9.52913,9.65476,9.69384,9.42492,9.63863,9.83853,9.84466,9.60492,9.76704,9.5699,9.5574
10.5748,10.5686,10.6881,10.7501,10.4828,10.555,10.6544,10.8161,10.55,10.8735,10.4007,10.5925,10.4967,10.7281,10.675,10.5,10.544,10.7275,10.6083,10.7608,10.259,10.7585,10.6607,10.7245,10.6874,10.6409,10.7886,10.4367,10.6081,10.618,10.6597,10.4971,10.7466,10.484,10.6273,10.7616,10.5083,10.5735,10.3343,10.4807,10.5504,10.6033,10.5202,10.9396,10.6404,10.4525,10.489,10.5965,10.4334,10.6613,10.7727,10.7064,10.6062,10.7504,10.6128,10.5316,10.6413,10.8336,10.7692,10.5738,10.7031,10.7389,10.4776,10.5772,10.7517,10.4129,10.4521,10.5746,10.8682,10.6049,10.5782,10.5261,10.5605,10.2261,10.6445,10.64,10.5117,10.6512,10.8358,10.5653,10.5384,10.6161,10.6584,10.7026,10.5971,10.7432,10.643,10.7941,10.3962,10.2472,10.4662,10.6142,10.3629,10.6468,10.9472,10.8138,10.4773,10.7013,10.5032,10.6001
10.8716,10.8394,10.9738,10.8922,10.7205,10.6544,10.612,10.9072,10.8175,10.9793,10.6225,10.7872,10.5441,10.8162,10.9883,10.6318,10.783,10.9904,10.8195,10.8724,10.6492,10.8916,10.8947,10.8658,10.7329,10.8339,10.8167,10.5677,10.8751,10.8561,10.7194,10.6556,10.8423,10.6917,10.6161,10.9024,10.7031,10.7018,10.539,10.7403,10.6747,10.6767,10.8422,11.1408,10.8337,10.5436,10.6155,10.6338,10.6197,10.8447,10.9492,10.8967,10.7317,10.7807,10.7841,10.6451,10.6361,10.8226,10.885,10.8719,10.8313,10.8727,10.6386,10.809,10.9333,10.4829,10.6849,10.737,10.9615,10.8788,10.7237,10.7299,10.6066,10.5064,10.9085,10.7882,10.623,10.9048,10.7884,10.7018,10.652,10.7078,10.8908,10.7288,10.7211,10.973,10.7647,10.8424,10.8095,10.3531,10.5273,10.6781,10.6285,10.9757,11.1545,10.9825,10.7593,10.7681,10.7019,10.8243
11.1118,10.8574,11.1517,11.0134,10.9209,10.7261,10.9977,10.9364,10.898,11.0641,10.8264,10.8877,10.6409,10.7259,11.0806,10.7856,10.8487,11.163,10.8806,11.0574,10.9687,10.9241,11.0489,10.9307,10.9562,11.0375,10.9753,10.6948,11.0112,11.043,10.8464,10.76,11.1574,10.8885,10.6721,11.0996,11.0929,10.6026,10.7313,10.9277,10.8832,10.7934,11.0421,11.1898,11.1086,10.6438,10.6971,10.7829,10.902,11.016,11.1705,11.1461,10.8717,10.9325,10.8805,10.833,10.629,10.8691,11.0446,10.9077,10.7597,10.9966,10.6658,10.9312,11.0168,10.7738,10.7974,11.0364,11.0119,11.0822,10.8508,10.7628,10.8196,10.7666,10.9956,10.9146,10.9181,11.1679,11.1,10.9256,10.6606,10.6686,11.0756,10.7596,10.7824,11.0785,10.8644,10.9782,10.9315,10.6272,10.6644,10.8957,10.6558,11.0708,11.1923,11.1614,10.9087,10.8128,10.8396,10.8851
11.1162,11.0438,11.135,10.9012,10.9378,10.9051,10.879,11.1435,10.8756,10.9824,10.8585,10.8642,10.7004,10.7239,10.8958,10.8719,10.7746,11.0946,10.9597,10.9796,11.022,10.9041,11.006,10.8671,11.0558,10.9845,10.9655,10.7295,10.9928,10.9021,10.7233,10.9394,11.1962,10.8966,10.6996,11.0203,10.9346,10.5309,10.7155,10.8382,10.8653,10.9315,10.9745,11.1038,10.9959,10.7185,10.715,10.8025,10.846,11.0395,10.9695,11.0561,10.8785,10.8479,10.8032,10.7201,10.7371,10.896,11.0677,10.8568,10.7024,11.0814,10.701,10.9493,11.1136,10.8605,10.8781,10.9376,11.08,11.2212,10.8562,10.5702,10.8688,10.7943,10.9648,10.7761,10.8555,11.1158,11.0968,10.8448,10.7728,10.8521,11.0547,10.6981,10.7296,11.0044,10.8218,11.0969,11.2217,10.4427,10.6486,10.9341,10.6158,11.1107,11.3089,11.0442,10.8471,10.8437,10.9809,10.9646
10.9087,10.7949,10.8666,10.6064,10.8479,10.7559,10.8293,10.9188,10.5665,10.9205,10.6597,10.8384,10.4919,10.7395,10.8562,10.6844,10.556,10.9866,10.6317,10.7148,10.787,10.9295,10.8507,10.6779,10.8597,10.8281,10.7244,10.5998,10.6702,10.7179,10.5766,10.8015,10.8648,10.9847,10.648,10.817,10.8809,10.5366,10.5375,10.592,10.6419,10.6607,10.8531,10.8408,10.7779,10.5575,10.5237,10.5698,10.5611,11.0523,10.6519,10.7489,10.7454,10.7848,10.5961,10.6517,10.6957,10.8835,10.9897,10.6088,10.6513,10.9662,10.6833,10.7718,11.0112,10.7884,10.7858,10.8974,11.0553,10.9263,10.8022,10.5982,10.7374,10.6721,10.7445,10.7919,10.8534,11.0661,10.8661,10.6272,10.6737,10.6213,10.917,10.6349,10.5497,10.9114,10.6627,11.1697,11.0926,10.299,10.629,10.7175,10.498,10.9129,11.1258,10.8638,10.6427,10.6335,10.6283,10.8587
10.5092,10.5438,10.5148,10.3484,10.5213,10.4464,10.3489,10.6817,10.4133,10.5529,10.3866,10.5806,10.25,10.42,10.7056,10.4097,10.2686,10.7251,10.3736,10.5106,10.4636,10.7006,10.6068,10.4556,10.5939,10.5235,10.6137,10.4278,10.4808,10.3485,10.1567,10.5498,10.6455,10.6397,10.4134,10.6434,10.635,10.2999,10.3268,10.4106,10.3671,10.6137,10.6507,10.6457,10.4584,10.3502,10.212,10.3625,10.3851,10.8301,10.4864,10.5236,10.5613,10.4734,10.3706,10.424,10.4245,10.7082,10.7034,10.3243,10.4321,10.6605,10.5145,10.5712,10.8026,10.4538,10.5499,10.6294,10.6917,10.5976,10.4142,10.4255,10.5495,10.3739,10.5476,10.6948,10.4548,10.6986,10.5671,10.2284,10.5484,10.4214,10.6361,10.3948,10.4043,10.7015,10.3844,11.0099,10.7166,10.2427,10.252,10.537,10.1417,10.4364,10.903,10.6134,10.5296,10.3662,10.3277,10.6032
10.2003,10.1768,10.1333,10.0693,10.2012,9.98111,9.88923,10.3561,10.3006,10.2315,10.0356,10.3048,9.94324,9.98431,10.3197,10.1213,10.1032,10.3153,10.0763,10.0185,10.1382,10.2193,10.1232,10.15,10.2596,10.0725,10.2929,10.2705,10.17,9.90878,9.96887,10.0087,10.3265,10.2121,10.0765,10.2663,10.1888,9.89135,9.86618,9.96039,10.035,10.2025,10.424,10.396,9.99821,10.0859,9.8576,9.89089,10.0822,10.4249,10.1735,10.2112,10.2701,10.0901,10.0399,10.0306,10.1486,10.3849,10.1491,10.1254,10.0612,10.1755,10.0819,10.2745,10.3482,10.073,10.1249,10.2994,10.3168,10.3894,10.1682,9.97536,10.1965,10.0836,10.1966,10.3507,10.1274,10.3118,10.1657,9.93994,10.0768,10.047,10.3568,10.0872,10.2067,10.2385,10.0576,10.5024,10.4198,9.91828,9.92545,10.1089,9.85174,10.0435,10.3819,10.3128,10.2155,10.0124,9.96408,10.2053
9.7826,9.67854,9.77464,9.85148,9.75975,9.58605,9.43985,9.88327,9.99617,9.74721,9.64041,9.85387,9.6545,9.715,9.86901,9.6593,9.69429,9.8365,9.82391,9.62828,9.69444,9.67865,9.71361,9.88722,9.88477,9.60829,9.84696,9.81244,9.72847,9.72314,9.68387,9.61844,9.83716,9.79695,9.60835,9.81806,9.79783,9.42073,9.49174,9.61853,9.69346,9.76173,9.91661,10.0588,9.60874,9.72071,9.65159,9.67025,9.64878,9.7888,9.87234,9.76242,9.8471,9.69959,9.63111,9.63468,9.76274,9.84062,9.73686,9.62836,9.73584,9.71822,9.53491,9.79674,9.77627,9.77542,9.79322,9.91453,9.94541,9.84931,9.8513,9.69446,9.71731,9.55838,9.80392,10.0276,9.72204,9.6773,9.80265,9.51362,9.72569,9.62022,9.78803,9.75878,9.81689,9.81704,9.94082,10.0188,9.93652,9.55964,9.42587,9.68555,9.63364,9.68732,9.91327,9.84152,9.65033,9.7668,9.60257,9.70129
9.31067,9.04853,9.3499,9.41692,9.244,9.1524,9.10971,9.40265,9.55661,9.15337,9.16676,9.28888,9.11775,9.21733,9.33215,9.13222,9.22609,9.23373,9.43222,9.19598,9.22556,9.13686,9.14083,9.36313,9.37825,9.20357,9.33247,9.33329,9.26417,9.21214,9.34299,9.17194,9.30652,9.29171,8.97166,9.22465,9.21581,8.94817,9.04064,9.01129,9.3503,9.28409,9.44302,9.4956,9.09743,9.20658,9.34771,9.15491,9.23884,9.25724,9.34679,9.25795,9.36696,9.27957,9.16039,9.27852,9.39759,9.39824,9.24055,9.25554,9.31716,9.14824,9.02723,9.28872,9.32287,9.21335,9.36111,9.39556,9.22624,9.13406,9.36683,9.19815,9.16478,9.06255,9.19599,9.4264,9.29191,9.15069,9.31093,9.24221,9.2568,9.2415,9.2768,9.32165,9.19032,9.39368,9.53502,9.32946,9.34957,9.09297,9.04057,9.34514,9.09069,9.28767,9.48014,9.36477,9.22465,9.35869,9.16104,9.20548
8.82046,8.52493,8.75502,8.86595,8.83888,8.68294,8.55854,8.84964,8.91829,8.73535,8.66795,8.88476,8.53968,8.71282,8.77669,8.57407,8.70343,8.74975,8.89839,8.78128,8.68577,8.53879,8.6547,8.74202,8.74453,8.6647,8.74148,8.69696,8.76985,8.81179,8.69273,8.6248,8.72689,8.77727,8.63561,8.88423,8.80312,8.47871,8.47952,8.46185,8.83878,8.76093,8.91684,8.89214,8.72156,8.6666,8.87722,8.67838,8.70993,8.75515,8.96525,8.61289,8.77856,8.62102,8.55616,8.70857,8.78613,8.88484,8.8095,8.72602,8.88948,8.61263,8.60716,8.74664,8.82402,8.51961,8.80194,9.04996,8.83786,8.72653,8.74162,8.58228,8.7519,8.51383,8.71555,9.03019,8.7288,8.72278,8.92072,8.65122,8.72225,8.79242,8.7536,8.85114,8.69956,8.79865,8.99836,8.71256,8.72376,8.52927,8.61149,8.84692,8.5692,8.71436,8.94708,8.62557,8.78706,8.83016,8.66544,8.75324
8.38459,8.01796,8.19359,8.31128,8.47272,8.25945,8.04459,8.45613,8.43247,8.3622,8.18238,8.4961,8.14043,8.19323,8.28064,8.31547,8.2247,8.33263,8.36263,8.17347,8.27653,8.1241,8.2579,8.24735,8.19465,8.28959,8.35401,8.2908,8.24452,8.36409,8.19723,8.16975,8.30777,8.28089,8.35179,8.36604,8.23767,7.94859,8.11839,8.11874,8.31608,8.36392,8.4281,8.38213,8.2057,8.19369,8.29204,8.17233,8.07433,8.21467,8.52813,8.29763,8.4281,8.11169,8.18706,8.23084,8.29695,8.46942,8.42153,8.36374,8.26827,8.18235,8.09847,8.14875,8.38556,8.00423,8.16282,8.54378,8.30894,8.2976,8.2458,8.00342,8.26007,8.05133,8.33704,8.34317,8.17596,8.25365,8.48138,8.12538,8.17591,8.24541,8.12499,8.28514,8.32551,8.41802,8.39858,8.31597,8.23194,8.03234,8.23936,8.29496,8.07367,8.14489,8.56048,8.35879,8.44612,8.34235,8.28848,8.24892
7.7604,7.47635,7.5926,7.57634,7.87603,7.53124,7.63301,7.9984,7.9673,7.56507,7.56687,7.9454,7.64684,7.68812,7.78122,7.82404,7.64073,7.77728,7.84527,7.66215,7.87997,7.65081,7.83187,7.88298,7.74222,7.84378,7.764,7.72121,7.82369,7.80492,7.78023,7.64154,7.70939,7.78204,7.88653,7.75838,7.73728,7.54838,7.66499,7.54886,7.85685,7.91198,7.71138,7.77261,7.63936,7.78157,7.87732,7.66443,7.51618,7.79062,7.94535,7.81061,7.88265,7.525,7.72421,7.64619,7.62806,7.98264,7.93204,7.7889,7.83774,7.62104,7.57103,7.74397,7.73904,7.65965,7.6311,8.04429,7.89547,7.86819,7.80192,7.56109,7.63661,7.73281,7.85486,7.83496,7.65331,7.73043,7.84439,7.59425,7.69519,7.66909,7.64104,7.67965,7.79577,7.87168,7.81644,7.59356,7.71823,7.60369,7.78738,7.6136,7.57915,7.58484,8.03427,7.80024,7.66966,7.80566,7.69872,7.78481
7.24381,7.11213,7.23642,6.98258,7.33248,7.06509,7.38528,7.46484,7.64168,7.15913,7.13004,7.34455,7.12219,7.22836,7.35085,7.31678,7.21898,7.30206,7.36501,7.19909,7.35781,7.10263,7.45182,7.34585,7.19173,7.31722,7.34989,7.4118,7.30947,7.24011,7.26074,7.23697,7.3782,7.32526,7.17006,7.26215,7.2664,7.05606,7.23669,7.06063,7.34817,7.52769,7.19541,7.45207,7.0758,7.21433,7.37438,7.14589,7.05633,7.29068,7.54847,7.29687,7.34481,7.10322,7.19561,7.19406,7.17953,7.47669,7.35308,7.2589,7.42204,7.10841,7.18083,7.21112,7.26502,7.29599,7.24044,7.41825,7.23003,7.22005,7.34391,7.02843,7.13801,7.11687,7.31151,7.3184,7.13394,7.23897,7.3097,7.06937,7.27645,7.15688,7.16303,7.12491,7.26566,7.44232,7.40974,7.17583,7.30014,7.18561,7.24811,7.14208,7.12969,7.20073,7.46638,7.1995,7.10686,7.38536,7.15941,7.04929
6.78391,6.73855,6.75169,6.63997,6.86897,6.61098,6.90121,6.96402,6.9434,6.65669,6.76417,6.89316,6.6374,6.83066,6.90134,6.89147,6.61219,6.81069,6.86479,6.79555,6.99993,6.68362,6.85463,6.85351,6.64673,6.82133,6.82542,6.85323,6.78022,6.88526,6.7574,6.84685,6.92476,6.87939,6.62204,6.78733,6.78166,6.5479,6.83141,6.71948,6.74538,6.94037,6.68931,6.9165,6.52399,6.77302,6.81395,6.66999,6.61696,6.61573,7.0056,6.91439,6.94264,6.77974,6.80341,6.78123,6.74358,6.95962,6.87111,6.80114,6.93437,6.6099,6.70498,6.66229,6.64937,6.78939,6.86447,6.9681,6.68063,6.87798,6.89349,6.60942,6.54952,6.54237,6.78614,6.85684,6.73196,6.7611,6.83316,6.61234,6.78871,6.79109,6.79287,6.84773,6.76011,6.98667,6.8788,6.72344,6.60796,6.78228,6.61456,6.66902,6.78782,6.72799,7.04997,6.69573,6.5931,6.76745,6.69605,6.61525
6.33349,6.43336,6.36018,6.17456,6.40712,6.23489,6.48302,6.52814,6.48306,6.40902,6.41318,6.40389,6.23642,6.26894,6.43932,6.5266,6.26719,6.37571,6.42951,6.37395,6.48544,6.2584,6.44071,6.4719,6.29169,6.48719,6.31921,6.38872,6.34919,6.56443,6.34075,6.37291,6.51776,6.42473,6.29673,6.19786,6.442,6.19598,6.36038,6.26228,6.28505,6.43059,6.4044,6.35651,6.24091,6.34694,6.3623,6.27852,6.18528,6.15386,6.58412,6.40482,6.40698,6.41475,6.2985,6.47143,6.21721,6.53632,6.61126,6.47044,6.41156,6.2159,6.38693,6.30249,6.3243,6.36462,6.45984,6.35941,6.22427,6.37752,6.28327,6.32157,6.27243,6.04747,6.40321,6.44409,6.41539,6.43946,6.47315,6.31875,6.25229,6.35359,6.33207,6.4117,6.36013,6.49436,6.43715,6.36328,6.13451,6.38921,6.28104,6.32206,6.30851,6.24558,6.53481,6.263,6.25199,6.3896,6.38298,6.17338
5.89201,6.12445,5.96429,5.82343,6.10135,5.87565,6.00493,6.01689,6.06796,6.02803,6.0211,5.97512,5.97392,5.85413,6.213,6.05314,5.73171,6.07984,5.96993,5.82084,6.01575,5.95655,6.08589,5.9536,5.92242,6.07282,5.88819,5.98604,5.94222,6.08834,5.89937,6.00429,5.96008,6.02186,5.78591,5.83674,6.01583,5.95695,6.02377,6.04528,5.86644,5.99831,6.11972,5.8709,5.94701,5.99762,5.88754,5.91593,5.84883,5.87491,6.06892,6.06804,5.99642,6.04767,5.93899,6.06347,5.89395,6.099,6.01202,5.91791,5.98864,5.92645,6.07729,5.94532,5.94363,6.00859,6.13827,6.06309,5.80981,6.05473,5.84379,5.95378,5.82598,5.66544,6.01106,6.05061,5.91818,5.99968,5.99048,5.9073,5.83444,5.90494,5.98093,6.02727,6.02151,6.10922,5.89519,6.01481,5.85605,6.06711,5.91191,5.88682,5.912,5.8502,6.09164,5.94817,5.91418,5.88956,5.99612,5.93721
5.60605,5.71896,5.6194,5.55993,5.73321,5.507,5.67477,5.73778,5.74299,5.54757,5.66172,5.55221,5.59822,5.53955,5.78255,5.68301,5.62318,5.67556,5.64771,5.43387,5.63676,5.64858,5.72422,5.48206,5.61057,5.77803,5.49621,5.5973,5.64995,5.72076,5.56383,5.70765,5.7934,5.65926,5.53336,5.60494,5.72196,5.68856,5.6979,5.70877,5.55494,5.67578,5.73764,5.5175,5.51116,5.61488,5.53098,5.60849,5.49171,5.60313,5.65326,5.75055,5.56841,5.83217,5.60507,5.78777,5.54552,5.66542,5.67478,5.5991,5.55494,5.6883,5.64977,5.52782,5.6159,5.60079,5.83743,5.66305,5.6135,5.59223,5.56369,5.65581,5.59232,5.28479,5.64559,5.67147,5.77935,5.60552,5.61545,5.61736,5.574,5.57717,5.66288,5.63582,5.75832,5.73024,5.66231,5.63985,5.66416,5.63197,5.56963,5.57926,5.51712,5.49021,5.79881,5.56267,5.55686,5.63105,5.68373,5.67543
5.28147,5.44985,5.43958,5.33154,5.38375,5.07128,5.40561,5.30745,5.45235,5.27529,5.38471,5.19107,5.36661,5.15705,5.60715,5.43695,5.39749,5.30007,5.42876,5.17501,5.31782,5.35068,5.34506,5.09085,5.36486,5.42688,5.15772,5.23086,5.34088,5.33396,5.24925,5.33536,5.51639,5.3244,5.29057,5.24408,5.42816,5.40444,5.38002,5.47533,5.30356,5.341,5.4345,5.35509,5.29822,5.32823,5.18679,5.35004,5.17703,5.24408,5.24374,5.3286,5.16375,5.49988,5.36186,5.52382,5.22557,5.35957,5.43236,5.3995,5.19267,5.50798,5.28616,5.18174,5.29999,5.39035,5.52629,5.26517,5.24274,5.3819,5.33373,5.39043,5.29311,4.9847,5.26868,5.30989,5.39923,5.22731,5.31727,5.3545,5.36908,5.2722,5.34462,5.41646,5.55274,5.31632,5.34416,5.25185,5.40404,5.28369,5.30014,5.2375,5.33333,5.26452,5.41021,5.27839,5.21086,5.38879,5.4276,5.61405
4.98575,5.15358,5.03971,5.11411,5.16955,4.7785,5.13329,4.96307,5.18452,5.123,5.23232,4.95042,5.07153,4.92633,5.21003,5.14172,5.09628,4.99498,5.11637,4.99336,4.90165,5.10556,5.10348,4.79696,5.18568,5.11198,5.0448,4.8753,5.09871,5.19751,5.00496,4.95002,5.26081,5.05509,5.03012,5.04377,5.15103,5.15438,5.11135,4.99981,5.10035,5.14772,5.05489,5.13923,5.05089,5.08334,4.90416,5.06003,5.00899,5.0605,4.85959,5.22966,4.77537,5.15513,5.03541,5.16685,4.98242,5.22506,5.15813,5.24181,4.98058,5.18273,4.95116,4.96983,4.96934,5.07768,5.32217,5.05543,5.03927,5.1017,4.89686,5.09554,4.97453,4.83154,4.88267,4.99107,5.05408,4.97026,5.11674,4.96511,5.07429,5.06315,5.14189,5.2065,5.23021,4.99684,5.19281,4.95364,5.14365,4.87971,5.04685,4.96,5.09812,5.00453,5.21013,5.15713,4.96934,5.0917,5.24416,5.33677
4.93496,4.99733,4.89507,4.89202,4.86875,4.63973,4.93469,4.72192,5.01119,4.93402,4.90167,4.75616,4.82328,4.68867,4.88609,4.88755,4.79909,4.87219,4.87881,4.86238,4.72905,4.91991,4.79085,4.63501,5.02642,4.92639,4.84919,4.72683,4.95429,4.95985,4.71203,4.72769,4.96272,4.85899,4.76374,4.83529,5.00131,4.87941,4.86536,4.76078,4.86197,4.89489,4.86723,4.9055,4.82114,4.73568,4.79668,4.81953,4.77654,4.75716,4.65851,5.02161,4.54862,4.93196,4.84885,5.00741,4.86587,5.04011,4.9575,5.09171,4.7255,5.00789,4.7913,4.76824,4.76143,4.89153,5.04067,4.75669,4.73645,5.01264,4.68435,4.8488,4.7574,4.72774,4.80557,4.87058,4.98277,4.77501,4.91608,4.64711,4.81249,4.84114,4.92419,5.08831,4.9921,4.92126,4.9234,4.76196,4.91249,4.64949,4.9256,4.73864,4.76434,4.8366,5.05366,4.93836,4.7546,4.88327,5.01163,5.02704
4.65938,4.87214,4.59518,4.74256,4.73791,4.40816,4.70876,4.57772,4.6384,4.58224,4.73702,4.42229,4.67524,4.6071,4.56715,4.88283,4.67662,4.70838,4.70804,4.54466,4.58463,4.77981,4.64123,4.3918,4.74978,4.72029,4.75947,4.59819,4.80184,4.72714,4.64553,4.56799,4.77101,4.64562,4.61975,4.63291,4.83054,4.73141,4.73068,4.51099,4.77611,4.65918,4.79982,4.7421,4.62431,4.46803,4.63705,4.68355,4.6299,4.56006,4.46697,4.9613,4.43074,4.7947,4.67906,4.96652,4.70169,4.9099,4.76798,4.80416,4.5417,4.73996,4.54494,4.55816,4.69905,4.71507,4.74192,4.59726,4.61898,4.86418,4.59693,4.72913,4.55607,4.57013,4.77076,4.72924,4.73187,4.70774,4.71428,4.42771,4.70966,4.54602,4.80769,4.93946,4.71672,4.67773,4.60936,4.64991,4.77909,4.53955,4.82211,4.65471,4.56959,4.69352,4.88286,4.72041,4.5861,4.76018,4.78848,4.78063
4.63185,4.72396,4.54619,4.65963,4.51243,4.31972,4.70667,4.54977,4.61303,4.45454,4.52671,4.20613,4.51326,4.46099,4.52532,4.75899,4.57132,4.54222,4.60486,4.46466,4.35585,4.52743,4.43563,4.2626,4.5292,4.66509,4.58883,4.46677,4.50676,4.56089,4.5709,4.52799,4.55901,4.42647,4.53769,4.4884,4.62935,4.61778,4.53304,4.34945,4.63631,4.52571,4.63378,4.5319,4.50152,4.31073,4.43006,4.5609,4.38621,4.45688,4.42522,4.76256,4.20507,4.75114,4.48812,4.84241,4.50102,4.72062,4.52349,4.64901,4.43262,4.6518,4.42943,4.44397,4.5608,4.55527,4.5247,4.5504,4.49915,4.67096,4.39994,4.59288,4.51089,4.41374,4.64896,4.57171,4.52896,4.53262,4.42554,4.288,4.48595,4.41713,4.68927,4.80891,4.6015,4.56464,4.46591,4.446,4.61328,4.47127,4.66715,4.58299,4.49985,4.58444,4.60828,4.57564,4.477,4.62152,4.51608,4.54206
4.55547,4.6454,4.41675,4.44921,4.46162,4.24522,4.56174,4.4698,4.6081,4.36934,4.58375,4.22465,4.35629,4.38148,4.46588,4.61813,4.51446,4.51658,4.56786,4.38236,4.43088,4.37304,4.3898,4.09003,4.50356,4.53996,4.52042,4.33813,4.4218,4.43029,4.46776,4.41944,4.51152,4.28173,4.44486,4.33248,4.47474,4.47105,4.51066,4.244,4.43811,4.54976,4.53452,4.444,4.4669,4.27438,4.27129,4.41522,4.31323,4.38397,4.32802,4.63792,4.20001,4.58653,4.40032,4.7168,4.34144,4.68442,4.47958,4.52322,4.18575,4.6333,4.33293,4.39277,4.57285,4.37385,4.37793,4.38209,4.40637,4.53667,4.32682,4.48613,4.36577,4.24554,4.5062,4.42462,4.36071,4.51261,4.32858,4.20215,4.40781,4.33637,4.67958,4.63676,4.49333,4.34278,4.32012,4.30701,4.37894,4.3508,4.5758,4.59557,4.36295,4.40303,4.39709,4.51559,4.4511,4.6047,4.49167,4.36061
4.4989,4.52092,4.29818,4.36787,4.29661,4.14644,4.44864,4.30666,4.58994,4.26564,4.52659,4.18737,4.27589,4.38041,4.32359,4.61567,4.52129,4.47369,4.49176,4.25092,4.38281,4.30787,4.37648,4.01475,4.45739,4.36465,4.39558,4.20395,4.26484,4.35162,4.48164,4.39825,4.54811,4.2212,4.45042,4.27902,4.38473,4.34491,4.40475,4.07497,4.41209,4.43772,4.49799,4.34739,4.3983,4.14314,4.18664,4.3539,4.20769,4.30239,4.25765,4.5484,4.21318,4.49923,4.31851,4.48612,4.26991,4.55235,4.46023,4.47354,4.17861,4.4987,4.21076,4.1833,4.45804,4.27221,4.07032,4.22906,4.27225,4.52836,4.25683,4.29987,4.25333,4.23623,4.34209,4.31729,4.22006,4.44345,4.25166,4.07501,4.21289,4.31114,4.47278,4.48542,4.49956,4.3123,4.31657,4.25741,4.27174,4.3052,4.43016,4.28248,4.30721,4.41136,4.37983,4.55732,4.40966,4.47733,4.4487,4.30212
4.42143,4.45474,4.18494,4.29292,4.20956,4.11663,4.47732,4.17684,4.60007,4.21515,4.42735,4.13235,4.28785,4.41411,4.32313,4.55691,4.43347,4.40138,4.44331,4.2154,4.19087,4.28195,4.2917,4.11108,4.36085,4.35096,4.3272,4.03816,4.21247,4.27079,4.3881,4.25833,4.38347,4.18875,4.39715,4.20394,4.35426,4.33714,4.26694,4.15594,4.35447,4.36324,4.45328,4.31597,4.37044,4.16289,4.16511,4.34149,4.17849,4.26253,4.16506,4.48385,4.155,4.44814,4.21662,4.40712,4.17841,4.56804,4.46364,4.27035,4.06457,4.45225,4.15046,4.13618,4.51122,4.20521,4.10271,4.12331,4.04687,4.44038,4.146,4.33136,4.17652,4.33389,4.34507,4.25394,4.16739,4.43797,4.31529,4.05107,4.09147,4.32554,4.33762,4.38495,4.33183,4.31012,4.1885,4.15534,4.21767,4.36117,4.33315,4.14346,4.24218,4.32902,4.19377,4.37579,4.28271,4.38182,4.43486,4.23932
4.42382,4.316,4.2033,4.23984,4.25117,4.05792,4.4518,4.19959,4.53423,4.14418,4.266,4.16393,4.12379,4.39149,4.41176,4.57447,4.3024,4.33967,4.28603,4.18651,4.20578,4.28185,4.40346,4.18253,4.43926,4.30886,4.25959,3.98644,4.25928,4.19119,4.27787,4.24555,4.26976,4.16403,4.31612,4.17226,4.25968,4.28711,4.23137,4.20567,4.31039,4.24609,4.43259,4.24419,4.38805,4.23273,4.19253,4.33246,4.2505,4.24284,4.14528,4.38858,4.12527,4.3877,4.16962,4.34772,4.08414,4.45343,4.43776,4.11285,4.15982,4.34761,4.05241,4.11124,4.43672,4.2436,4.07543,4.10354,4.07335,4.40879,4.13647,4.24304,4.1706,4.21584,4.27429,4.18312,4.23809,4.31194,4.35689,4.03128,4.16656,4.24885,4.2821,4.3535,4.36796,4.23454,4.15999,4.15143,4.22016,4.26854,4.25957,4.00263,4.24161,4.2821,4.07882,4.42378,4.28794,4.30269,4.4426,4.24457
4.38677,4.30583,4.22636,4.2545,4.16615,4.17363,4.44687,4.24947,4.47257,4.16476,4.33212,4.18299,4.16925,4.426,4.45664,4.61242,4.34632,4.22002,4.27531,4.20996,4.28198,4.19937,4.33602,4.19383,4.42663,4.26092,4.31116,3.98635,4.21864,4.12573,4.26215,4.2511,4.12386,4.05253,4.34562,4.21675,4.24896,4.36113,4.39073,4.12378,4.24329,4.19759,4.35149,4.32144,4.41779,4.28329,4.28341,4.32719,4.3011,4.29019,4.09247,4.35898,4.13378,4.54337,4.11219,4.33442,4.07733,4.45962,4.3915,4.12583,4.08828,4.22692,4.0766,4.19963,4.37139,4.26428,4.05533,4.07798,4.15313,4.44508,4.18776,4.24061,4.19074,4.17193,4.27446,4.25516,4.37261,4.35134,4.5321,4.03903,4.20481,4.29104,4.3232,4.39852,4.34772,4.23405,4.22976,4.16068,4.33116,4.24472,4.33059,3.9094,4.11647,4.14456,4.05833,4.35273,4.3415,4.36306,4.40051,4.16982
4.32362,4.37555,4.23913,4.27955,4.2188,4.21607,4.40377,4.18434,4.405,4.21781,4.40162,4.24107,4.19707,4.32884,4.41025,4.56691,4.306,4.23393,4.22345,4.26368,4.35626,4.12053,4.45886,4.27617,4.52033,4.33404,4.25142,4.08302,4.26228,4.04806,4.29292,4.32921,4.179,4.12616,4.29909,4.29862,4.28953,4.32368,4.39914,4.17667,4.20541,4.24105,4.41327,4.35455,4.44708,4.33186,4.25748,4.35554,4.31065,4.29884,4.17682,4.41391,4.08576,4.53083,3.98086,4.41564,4.07522,4.35713,4.44331,4.1541,4.07963,4.30316,4.13921,4.18023,4.33668,4.18693,4.17419,4.16966,4.23816,4.4478,4.11725,4.29551,4.16687,4.18704,4.3398,4.32018,4.21651,4.31672,4.50049,4.08945,4.18229,4.19159,4.3043,4.38509,4.3176,4.17725,4.13812,4.16934,4.38871,4.25102,4.34702,3.90633,4.19599,4.15166,4.06965,4.48485,4.34276,4.37207,4.45479,4.21398
4.30581,4.40533,4.25182,4.37696,4.29931,4.28102,4.38273,4.23508,4.51426,4.18933,4.4862,4.23685,4.33076,4.40231,4.46608,4.52997,4.30744,4.3068,4.14506,4.26275,4.32588,4.1953,4.52288,4.21448,4.50463,4.27669,4.25177,4.25724,4.31632,4.27324,4.31386,4.36378,4.28524,4.19258,4.31393,4.41633,4.26103,4.23501,4.38972,4.22831,4.22988,4.25932,4.31094,4.45257,4.53108,4.4231,4.30384,4.35822,4.43861,4.24655,4.22829,4.38534,4.17456,4.51623,3.89075,4.43595,4.09239,4.33372,4.48244,4.32041,4.18087,4.34256,4.10489,4.24796,4.4271,4.3115,4.2257,4.37048,4.25416,4.44662,4.12169,4.32336,4.23691,4.13009,4.38929,4.37098,4.16806,4.31139,4.4811,4.0532,4.24759,4.17865,4.33745,4.46216,4.36317,4.36982,4.23349,4.2866,4.46558,4.31162,4.48784,4.01513,4.19556,4.18289,4.08544,4.45925,4.34401,4.43874,4.31729,4.26833
4.3679,4.43577,4.24854,4.32766,4.34981,4.27183,4.38711,4.24756,4.49509,4.34911,4.456,4.2452,4.33207,4.35695,4.5173,4.58036,4.28561,4.4186,4.10431,4.1852,4.28151,4.18221,4.47829,4.45634,4.53692,4.32771,4.2803,4.2762,4.33396,4.39475,4.29214,4.23329,4.26841,4.17365,4.44751,4.41385,4.32092,4.24115,4.34402,4.3018,4.30756,4.28886,4.38359,4.42397,4.67369,4.45556,4.35169,4.40711,4.5107,4.40299,4.20656,4.38014,4.09044,4.52963,4.1407,4.39628,4.22427,4.25246,4.51041,4.43338,4.1095,4.38529,4.23019,4.32453,4.45342,4.30794,4.23075,4.44472,4.26225,4.40194,4.21133,4.45486,4.24552,4.32442,4.40911,4.41536,4.18273,4.35465,4.43415,4.04043,4.20014,4.20964,4.31291,4.47547,4.42042,4.29621,4.37032,4.31493,4.45642,4.30114,4.56684,4.11492,4.1587,4.39885,4.06664,4.45125,4.43373,4.38149,4.40186,4.32653
4.44275,4.51504,4.31063,4.45013,4.49729,4.38369,4.35371,4.43737,4.55832,4.44823,4.5026,4.25401,4.3576,4.45235,4.56773,4.6038,4.2883,4.52316,4.22707,4.30845,4.31143,4.26569,4.48963,4.43667,4.62338,4.44666,4.32021,4.40859,4.39592,4.33282,4.30926,4.26743,4.39742,4.26532,4.57237,4.51932,4.42349,4.35871,4.4354,4.37649,4.41227,4.36946,4.48506,4.53274,4.66941,4.51874,4.50275,4.36891,4.48034,4.57311,4.323,4.38898,4.24707,4.64643,4.21818,4.52185,4.377,4.39169,4.61732,4.53282,4.24149,4.43823,4.43482,4.3496,4.46602,4.30991,4.35857,4.48669,4.35516,4.50023,4.38379,4.48771,4.25472,4.36358,4.40842,4.46774,4.20816,4.3512,4.54327,4.07387,4.27574,4.18862,4.32454,4.59559,4.58233,4.37886,4.46168,4.39147,4.58393,4.42301,4.56256,4.24841,4.21418,4.34536,4.12239,4.50889,4.45256,4.39254,4.42862,4.42135
4.50419,4.49586,4.36341,4.26148,4.54713,4.33762,4.54707,4.50746,4.68721,4.56709,4.47192,4.35279,4.47964,4.4793,4.54725,4.63692,4.41799,4.53457,4.28121,4.27398,4.40215,4.39083,4.54887,4.4549,4.70468,4.37107,4.34435,4.47506,4.41146,4.40622,4.45565,4.25113,4.47092,4.36829,4.57996,4.66211,4.48057,4.4206,4.47781,4.54892,4.45213,4.37337,4.62647,4.51358,4.76735,4.58702,4.54467,4.36346,4.47366,4.66616,4.43305,4.39008,4.41055,4.63163,4.33144,4.55076,4.44368,4.57157,4.78497,4.76237,4.35233,4.35205,4.48695,4.43082,4.58062,4.35088,4.50689,4.54657,4.45238,4.57253,4.42826,4.60727,4.37242,4.35548,4.46369,4.64432,4.29812,4.35366,4.42394,4.29679,4.38226,4.23862,4.36951,4.57732,4.64101,4.37738,4.52161,4.57183,4.80091,4.44904,4.63415,4.39036,4.22973,4.45481,4.287,4.54725,4.45927,4.4958,4.55854,4.43443
4.6922,4.45054,4.48174,4.51714,4.65219,4.43795,4.51724,4.67756,4.75746,4.67138,4.54886,4.5367,4.45502,4.56114,4.52381,4.6786,4.48625,4.60482,4.3274,4.36936,4.49757,4.35081,4.69073,4.51824,4.79522,4.31231,4.42205,4.5312,4.45413,4.44567,4.50168,4.4212,4.42769,4.51397,4.68656,4.72825,4.56649,4.47699,4.63211,4.58833,4.55254,4.42922,4.61285,4.54763,4.78865,4.63839,4.64085,4.36306,4.56361,4.75336,4.4881,4.64394,4.52121,4.64673,4.39067,4.62623,4.66477,4.58259,4.85383,4.71246,4.50536,4.35124,4.55646,4.54059,4.77576,4.4177,4.69232,4.60552,4.54618,4.64662,4.48543,4.65417,4.49442,4.36521,4.52224,4.60331,4.42149,4.51391,4.52331,4.412,4.52732,4.34082,4.53707,4.63085,4.63339,4.57156,4.48886,4.57276,4.87452,4.44286,4.64333,4.39624,4.30865,4.40656,4.30249,4.56732,4.58564,4.58315,4.588,4.64436
4.73552,4.47343,4.5545,4.60162,4.71193,4.47611,4.65316,4.70575,4.86666,4.74041,4.56919,4.54417,4.48114,4.56173,4.71921,4.724,4.53753,4.78381,4.31747,4.40028,4.64866,4.43752,4.79937,4.63253,4.75962,4.46037,4.59183,4.66293,4.63535,4.49897,4.57948,4.49412,4.57076,4.65919,4.80816,4.74317,4.53617,4.53256,4.65699,4.7295,4.63963,4.55461,4.85889,4.66715,4.8305,4.62266,4.62779,4.60105,4.72296,4.91713,4.60542,4.75449,4.64939,4.62527,4.48853,4.69603,4.88751,4.53435,5.026,4.74792,4.59193,4.43659,4.70211,4.51104,4.89468,4.54557,4.68492,4.72017,4.57278,4.79049,4.62306,4.65622,4.44972,4.43743,4.52943,4.7406,4.49769,4.50151,4.62517,4.46201,4.62536,4.47527,4.6361,4.68806,4.60217,4.57503,4.57046,4.63855,4.94912,4.59801,4.65796,4.35247,4.38705,4.52912,4.41781,4.75366,4.62244,4.70584,4.64235,4.74945
4.68685,4.58413,4.68489,4.75588,4.81473,4.6139,4.75164,4.85897,4.89094,4.87416,4.63801,4.66392,4.63992,4.75841,4.79934,4.83442,4.5025,4.73815,4.49983,4.53647,4.70194,4.56132,4.81348,4.6763,4.80747,4.5955,4.66375,4.70894,4.751,4.69509,4.65477,4.61669,4.71002,4.85779,4.8244,4.85125,4.49667,4.64209,4.76757,4.67701,4.84203,4.62871,4.89397,4.7208,4.82022,4.81107,4.76406,4.6889,4.73983,4.87264,4.66405,4.67599,4.767,4.69474,4.57706,4.67134,4.96119,4.62144,4.98201,4.85907,4.64562,4.46041,4.8379,4.62898,5.04943,4.71141,4.80389,4.73363,4.59969,4.92143,4.79438,4.68186,4.60417,4.43959,4.5204,4.86562,4.62276,4.5166,4.69418,4.64688,4.697,4.63329,4.83047,4.76761,4.73126,4.6252,4.62669,4.66611,5.03336,4.60498,4.70992,4.41348,4.53726,4.57765,4.57829,4.99202,4.75319,4.90955,4.72303,4.77843
4.66621,4.72849,4.80099,4.78758,4.94051,4.70064,4.82324,4.91206,4.94624,4.88348,4.74158,4.76755,4.73833,4.82629,4.96588,4.94306,4.59161,4.78877,4.78107,4.62032,4.88031,4.70865,4.90654,4.78894,4.88238,4.74975,4.84209,4.90137,4.82519,4.93414,4.84595,4.70184,4.79903,4.90243,4.92915,4.94513,4.57325,4.76931,4.93437,4.75782,4.69342,4.73374,4.94105,4.76826,4.88246,4.9151,4.97974,4.79497,4.85623,5.03644,4.84308,4.79849,4.94262,4.67252,4.78696,4.79115,5.00337,4.88522,5.01123,5.01483,4.78658,4.68962,4.80431,4.70057,5.05227,4.78365,4.92421,4.80988,4.77135,4.99303,4.91426,4.64509,4.6951,4.66912,4.67009,4.95195,4.67131,4.66064,4.84573,4.67546,4.70865,4.73647,4.75,4.82436,4.81659,4.75729,4.8484,4.78004,5.01802,4.59497,4.82679,4.51587,4.772,4.70578,4.67583,4.99761,4.84385,5.08063,4.647,4.95227
4.82654,4.83563,4.92315,5.01202,4.99223,4.78613,4.90769,5.03537,4.98541,4.97917,4.77604,4.75824,4.92188,4.90054,4.98087,5.00129,4.66433,4.82493,4.75945,4.72419,4.85451,4.79043,4.96531,4.94221,4.94097,4.80905,4.95109,4.89061,4.97317,4.97699,4.85167,4.82144,5.01323,4.94983,5.05172,5.0215,4.57126,4.91485,5.05533,4.86148,4.92415,4.87354,5.00378,4.76004,4.86465,4.9131,5.04838,4.96936,4.95203,5.12905,4.83887,4.87074,5.10302,4.70262,4.90765,4.80364,5.11481,4.99572,5.09621,5.02488,4.93316,4.81792,4.84965,4.88211,5.15824,4.98037,5.02873,4.94212,4.88351,5.08172,5.0604,4.82672,4.85127,4.78277,4.74387,5.21695,4.92836,4.81819,4.85443,4.84864,4.76977,4.81114,4.77176,4.8999,4.87195,4.85165,5.0683,4.97791,5.06366,4.80807,4.97898,4.67095,4.87802,4.88302,4.79058,5.11692,4.8966,5.04591,4.70899,4.99614
5.02808,5.04569,5.06195,4.97765,5.08802,4.93095,4.93301,5.1115,5.03891,5.15322,4.77411,5.03598,5.10881,5.0244,5.09641,5.07854,4.82883,4.83871,4.96023,4.83465,4.98926,4.9258,4.96231,5.04503,5.08017,4.95074,4.97851,4.99096,5.08568,5.06744,4.91452,4.89789,4.9724,5.17759,5.21008,5.21797,4.6131,5.06025,5.11554,5.043,5.02964,4.87057,4.98927,4.9799,5.00299,4.97225,5.10406,5.14666,5.09861,5.21251,4.89812,4.99548,5.27959,4.77357,5.0851,4.82357,5.28065,5.08756,5.31686,5.04449,5.15242,4.95258,4.95074,5.0568,5.21612,5.02292,5.08282,5.18476,5.04353,5.13062,5.18994,5.03689,4.94494,4.93797,4.88569,5.44856,5.05175,4.88212,4.85118,4.82515,4.8644,4.92245,4.79039,4.98196,4.8701,4.95948,5.01603,5.04238,5.12783,4.96133,5.02428,4.84811,4.90474,5.06627,4.88058,5.12999,4.91204,5.1213,4.71038,5.08941
5.18106,5.11457,5.25712,4.99951,5.15043,4.95504,5.04874,5.19264,5.12255,5.23164,4.90362,4.95,5.12164,5.05791,5.13441,5.18537,4.9205,4.86278,4.96857,4.96618,5.08824,4.99957,5.12053,5.09541,5.18315,4.94366,5.07902,4.96081,5.24395,5.24717,5.16095,5.03196,5.12485,5.31135,5.23882,5.2449,4.80083,5.08094,5.12438,5.24653,5.15917,4.98536,5.15502,5.08932,5.17834,5.07573,5.14026,5.21276,5.20753,5.30085,4.9211,5.02278,5.27216,4.84793,5.17976,4.93973,5.4695,5.18481,5.34446,5.16296,5.24066,5.05808,5.00006,5.19454,5.19275,5.02446,5.25488,5.19292,5.03503,5.05721,5.20864,4.98516,5.15359,4.97918,4.91309,5.52173,5.14577,5.03003,5.0561,4.91283,4.89111,5.00336,4.93474,5.07876,4.9327,4.91857,5.06492,5.17827,5.11153,5.07222,5.2043,4.91479,4.93021,5.16758,5.10205,5.15197,4.8579,5.08844,4.73981,5.1456
5.20822,5.30859,5.3134,4.95938,5.2457,5.04382,5.13129,5.3033,5.18369,5.30987,5.12867,4.97106,5.22288,5.27175,5.18771,5.23875,5.03177,5.05442,5.05095,5.15327,5.22971,5.12974,5.09468,5.09835,5.16035,5.07251,5.15702,4.99165,5.29005,5.4029,5.31812,5.18202,5.11693,5.38613,5.3248,5.37285,4.94716,5.04223,5.19439,5.36289,5.33366,5.10894,5.20334,5.28672,5.22119,5.21662,5.14679,5.26643,5.23784,5.37508,5.10819,5.21578,5.46036,4.9098,5.29143,5.03371,5.46217,5.27816,5.38946,5.25496,5.27515,5.16585,5.11008,5.14423,5.28912,5.1616,5.27072,5.25154,5.1453,5.02107,5.2203,5.0751,5.22649,4.98159,4.9511,5.55812,5.33299,5.15354,5.12379,5.15441,5.04807,5.0997,4.99506,5.11372,5.03719,4.96752,5.02251,5.20706,5.30056,5.12774,5.21744,5.01513,5.00073,5.22159,5.24677,5.25089,4.9834,5.21408,4.86442,5.27239
5.32186,5.32358,5.44884,5.23719,5.34209,5.07314,5.16094,5.29415,5.21652,5.29974,5.30084,5.18597,5.23629,5.22122,5.27099,5.30417,5.07548,5.14942,5.24511,5.27612,5.23998,5.18294,5.25989,5.16222,5.32728,4.9947,5.31836,5.03414,5.43473,5.46659,5.40828,5.19922,5.19097,5.45393,5.33504,5.39022,5.03256,5.09329,5.19322,5.43112,5.41714,5.21589,5.27039,5.20524,5.37358,5.2108,5.19087,5.42044,5.31367,5.48598,5.25437,5.41028,5.59525,5.07459,5.39957,5.08536,5.43309,5.22989,5.40016,5.37154,5.29388,5.44089,5.23152,5.16691,5.42152,5.15657,5.18971,5.45623,5.22682,5.11601,5.32867,5.12305,5.33873,5.1595,5.04191,5.633,5.47264,5.19711,5.21852,5.37907,5.23178,5.23318,5.10989,5.17001,5.10215,5.06301,5.0226,5.1545,5.37877,5.29875,5.16783,5.08446,5.19558,5.28146,5.28453,5.34486,5.08173,5.32689,5.02612,5.3579
5.26611,5.37747,5.51031,5.4013,5.38929,5.19744,5.22212,5.35806,5.29978,5.34497,5.46429,5.36481,5.3431,5.36645,5.30017,5.40952,5.15374,5.28213,5.4083,5.33475,5.3236,5.42759,5.37646,5.25957,5.40797,5.15382,5.34256,5.19351,5.65474,5.44006,5.53814,5.2736,5.26572,5.42957,5.34913,5.46335,5.07616,5.2208,5.37781,5.42223,5.48319,5.29507,5.21351,5.23317,5.40895,5.27044,5.2358,5.41523,5.22,5.53648,5.21423,5.49793,5.65927,5.05184,5.49157,5.15217,5.48615,5.28706,5.49012,5.45207,5.36286,5.38584,5.27237,5.26233,5.49405,5.32203,5.27172,5.41944,5.31595,5.1752,5.30692,5.19214,5.31803,5.1379,5.13513,5.55798,5.49279,5.28422,5.20228,5.41915,5.26265,5.37328,5.27309,5.26629,5.0568,5.19533,5.10678,5.32283,5.48922,5.35324,5.25636,5.14366,5.3972,5.42288,5.27682,5.34692,5.25079,5.41396,5.11601,5.4325
5.38464,5.52744,5.71769,5.58006,5.5174,5.24507,5.3018,5.44351,5.40688,5.46717,5.55333,5.5334,5.42033,5.50301,5.40567,5.40399,5.22901,5.30454,5.55028,5.40971,5.46075,5.50351,5.31888,5.33792,5.46753,5.22683,5.43559,5.23083,5.74083,5.58757,5.46342,5.41598,5.30954,5.4037,5.31345,5.49838,5.24307,5.38301,5.43493,5.40439,5.37769,5.35223,5.2393,5.45713,5.453,5.24363,5.41645,5.48782,5.31803,5.67961,5.31775,5.57722,5.75194,5.1721,5.5968,5.30548,5.59344,5.46674,5.38117,5.49368,5.42371,5.58163,5.37371,5.44097,5.41452,5.45417,5.31059,5.43342,5.3466,5.32387,5.54734,5.25773,5.32933,5.18189,5.14596,5.6648,5.54941,5.44763,5.14152,5.54449,5.28261,5.50433,5.25395,5.32928,5.10327,5.23623,5.25848,5.32456,5.60761,5.40659,5.2565,5.19097,5.49382,5.44662,5.3382,5.28348,5.30133,5.40197,5.34966,5.32446
5.38079,5.47357,5.74516,5.57401,5.64639,5.35292,5.33554,5.58565,5.44396,5.50696,5.49524,5.56483,5.6209,5.49646,5.44625,5.51642,5.32227,5.42912,5.481,5.52262,5.55798,5.54298,5.37985,5.52676,5.56373,5.29184,5.57614,5.4398,5.89666,5.60616,5.45614,5.47197,5.49813,5.50636,5.25193,5.61769,5.34609,5.50257,5.36169,5.50628,5.39287,5.47077,5.3497,5.53817,5.43586,5.30505,5.54802,5.55441,5.36453,5.67777,5.40156,5.6734,5.80112,5.23979,5.70106,5.31336,5.65933,5.574,5.48898,5.56108,5.58893,5.68378,5.39096,5.42477,5.54237,5.56182,5.51639,5.46747,5.36187,5.39271,5.56733,5.36024,5.32412,5.28034,5.28397,5.66168,5.4302,5.51328,5.18505,5.6285,5.30354,5.44259,5.35147,5.32595,5.21236,5.19937,5.3356,5.28438,5.571,5.39813,5.28171,5.38772,5.46252,5.44757,5.54003,5.26239,5.31458,5.4204,5.33359,5.36763
5.49148,5.44076,5.71179,5.60101,5.72128,5.40691,5.3385,5.72899,5.6089,5.54547,5.48457,5.69697,5.6213,5.53887,5.48137,5.50183,5.40082,5.39266,5.6204,5.55387,5.63159,5.62404,5.56668,5.58946,5.54174,5.32041,5.66608,5.45644,5.87928,5.58353,5.48223,5.45099,5.53861,5.52829,5.38254,5.72,5.4213,5.5695,5.38996,5.53154,5.44295,5.46701,5.48827,5.5602,5.4923,5.4633,5.45083,5.69693,5.36689,5.70678,5.3521,5.61738,5.8302,5.34533,5.75366,5.32199,5.71127,5.56006,5.5947,5.62588,5.7494,5.75619,5.53564,5.56331,5.58351,5.55798,5.58485,5.55367,5.42047,5.52654,5.62554,5.36798,5.37925,5.49271,5.41851,5.71255,5.45613,5.49149,5.25364,5.63054,5.39619,5.41604,5.45444,5.41236,5.2967,5.26851,5.45822,5.39108,5.57091,5.3901,5.24489,5.38374,5.51805,5.47841,5.53704,5.27115,5.32858,5.48985,5.46184,5.4336
5.37838,5.55872,5.67963,5.54676,5.7834,5.46246,5.3082,5.66747,5.67621,5.46338,5.66051,5.67705,5.70934,5.60851,5.56088,5.30752,5.37337,5.3429,5.56843,5.5913,5.72061,5.7136,5.56256,5.60627,5.57819,5.32169,5.60008,5.5346,5.82754,5.60869,5.50646,5.49247,5.54753,5.59328,5.36703,5.7717,5.31571,5.60603,5.44582,5.68734,5.48296,5.5524,5.49298,5.75995,5.5943,5.64425,5.54039,5.68014,5.49157,5.65401,5.27017,5.70399,5.85577,5.412,5.71793,5.36331,5.78072,5.65693,5.70718,5.63878,5.67257,5.79578,5.6296,5.63089,5.603,5.69414,5.51799,5.64205,5.45375,5.54174,5.61499,5.43243,5.31832,5.55038,5.54633,5.75156,5.54856,5.54024,5.31355,5.85617,5.52617,5.46421,5.46895,5.45634,5.40147,5.35292,5.47441,5.54741,5.58905,5.39734,5.29607,5.506,5.64366,5.40302,5.6036,5.31929,5.50053,5.68073,5.44653,5.54603
5.46347,5.56141,5.75427,5.55113,5.77495,5.53499,5.31402,5.65451,5.72245,5.52306,5.72085,5.65589,5.76458,5.56784,5.46769,5.41264,5.45586,5.40573,5.66498,5.63687,5.73265,5.78808,5.61481,5.63275,5.50575,5.33123,5.71837,5.57157,5.73497,5.59901,5.61082,5.60158,5.4946,5.68629,5.5015,5.76277,5.32915,5.66474,5.572,5.7795,5.5805,5.58333,5.4538,5.69616,5.60114,5.72187,5.56964,5.61879,5.53398,5.57065,5.36332,5.64006,5.80519,5.41494,5.67048,5.4114,5.7624,5.67057,5.55859,5.70244,5.76949,5.82719,5.69029,5.60914,5.552,5.80899,5.56895,5.59492,5.57861,5.52629,5.60624,5.49516,5.42967,5.72316,5.54243,5.77756,5.51049,5.6558,5.39987,5.84163,5.46204,5.50116,5.56012,5.45542,5.4221,5.57512,5.49385,5.57451,5.55361,5.56172,5.34912,5.48364,5.60698,5.33677,5.60779,5.41939,5.53172,5.71305,5.59416,5.63591
5.59086,5.66077,5.82208,5.5366,5.7768,5.64061,5.3085,5.71833,5.77615,5.49596,5.67205,5.61046,5.67227,5.52326,5.55824,5.39714,5.5282,5.64393,5.55199,5.65397,5.71339,5.78238,5.50056,5.77627,5.5352,5.35253,5.78099,5.45588,5.75143,5.49999,5.69102,5.6547,5.6186,5.75989,5.68973,5.70694,5.40694,5.66485,5.62833,5.73185,5.5105,5.72219,5.56071,5.66061,5.63027,5.63855,5.56445,5.66607,5.44399,5.50867,5.34299,5.55073,5.73804,5.49365,5.77296,5.64559,5.70812,5.61958,5.62092,5.68457,5.79418,5.81537,5.66354,5.75814,5.47944,5.79951,5.56291,5.68343,5.67913,5.50073,5.5839,5.45183,5.50577,5.64638,5.44852,5.68637,5.54502,5.63404,5.35796,5.90818,5.47846,5.59424,5.5378,5.39555,5.46433,5.57857,5.58072,5.67644,5.70002,5.53743,5.47178,5.41211,5.62373,5.35398,5.70635,5.54782,5.49323,5.69562,5.7557,5.69777
5.62701,5.72129,5.79722,5.48397,5.85134,5.72907,5.47864,5.77789,5.81035,5.65594,5.68041,5.76523,5.70843,5.55375,5.64701,5.4861,5.57504,5.84505,5.63118,5.64145,5.65895,5.79719,5.50628,5.63824,5.51159,5.3897,5.70821,5.41568,5.67675,5.36359,5.74604,5.62891,5.64697,5.78873,5.52272,5.75589,5.6212,5.65475,5.62526,5.74577,5.52059,5.67339,5.68777,5.57469,5.60527,5.68146,5.63748,5.74632,5.48606,5.6006,5.40645,5.60575,5.82559,5.61121,5.69493,5.80568,5.62221,5.62234,5.61388,5.67094,5.84897,5.82575,5.76285,5.64462,5.47624,5.77505,5.54881,5.63287,5.62653,5.47149,5.70166,5.61703,5.55321,5.69748,5.48811,5.70607,5.58868,5.64091,5.46282,5.72695,5.52039,5.60021,5.52249,5.50466,5.44893,5.57675,5.70594,5.77181,5.6956,5.61574,5.53684,5.45365,5.70154,5.53072,5.70099,5.56066,5.47518,5.70886,5.86278,5.68489
5.74435,5.82093,5.74149,5.50905,5.85492,5.77295,5.55495,5.80991,5.80912,5.62164,5.65608,5.81027,5.6087,5.51891,5.69835,5.45098,5.71184,5.75622,5.86046,5.57897,5.54974,5.67208,5.57998,5.55035,5.55884,5.37357,5.61943,5.41521,5.52561,5.49817,5.78332,5.78193,5.49497,5.7837,5.6448,5.72316,5.54493,5.64178,5.57335,5.71919,5.4633,5.61114,5.73927,5.57439,5.63263,5.61841,5.66208,5.80412,5.53733,5.49245,5.43629,5.46535,5.75378,5.60518,5.75315,5.69661,5.68354,5.68221,5.5851,5.72153,5.7449,5.8631,5.65025,5.68025,5.54842,5.79989,5.54756,5.70257,5.63931,5.56695,5.65322,5.64283,5.6131,5.75358,5.5148,5.68566,5.63153,5.7369,5.47078,5.79142,5.51404,5.57076,5.59626,5.56996,5.42404,5.60841,5.71849,5.73649,5.78253,5.6011,5.40971,5.50985,5.79302,5.54392,5.72729,5.65486,5.53573,5.70993,5.80812,5.60735
5.66882,5.80754,5.73802,5.5225,5.81006,5.81843,5.5964,5.72331,5.73787,5.66305,5.547,5.75089,5.54245,5.4161,5.80247,5.45465,5.61189,5.74631,5.86186,5.64427,5.54094,5.65556,5.54459,5.59647,5.49589,5.55375,5.78967,5.52716,5.51716,5.49693,5.59077,5.75359,5.49991,5.78881,5.67624,5.69526,5.61285,5.57936,5.57393,5.55935,5.41932,5.60767,5.77248,5.58008,5.53186,5.59219,5.69797,5.63287,5.51929,5.45494,5.53283,5.50499,5.69679,5.63472,5.69597,5.65156,5.81121,5.73328,5.48011,5.74591,5.88094,5.93636,5.61965,5.64918,5.62178,5.70437,5.51813,5.62906,5.57492,5.68669,5.543,5.52457,5.63898,5.80863,5.54767,5.59818,5.66331,5.84591,5.4423,5.65268,5.54524,5.57114,5.57737,5.63205,5.37895,5.61759,5.60062,5.76467,5.70822,5.56933,5.3823,5.53325,5.89063,5.56879,5.74343,5.589,5.56549,5.68715,5.72557,5.47993
5.62431,5.81952,5.87975,5.55702,5.90674,5.6976,5.62979,5.75354,5.64038,5.60015,5.5671,5.72854,5.47703,5.53202,5.87112,5.46934,5.65219,5.71199,5.82693,5.67768,5.53302,5.6597,5.64735,5.58895,5.61199,5.56523,5.71381,5.58077,5.46771,5.49127,5.56377,5.85986,5.41125,5.7349,5.63809,5.75508,5.61625,5.58527,5.68241,5.53694,5.3754,5.72076,5.76197,5.4872,5.53188,5.57147,5.7605,5.66094,5.52311,5.50241,5.43737,5.66995,5.72676,5.6944,5.68172,5.70406,5.72725,5.73238,5.59325,5.71097,5.83576,5.90049,5.72343,5.65335,5.57319,5.79279,5.55283,5.67943,5.50251,5.65083,5.4888,5.51765,5.63468,5.82157,5.57182,5.59067,5.66353,5.88906,5.49095,5.68828,5.50068,5.54228,5.68108,5.66345,5.43504,5.68031,5.53524,5.58264,5.72549,5.61333,5.31133,5.48839,5.89606,5.74671,5.75672,5.60506,5.53272,5.65968,5.82959,5.39969
5.55028,5.70389,5.89643,5.49762,5.80249,5.84473,5.57077,5.73904,5.59774,5.60826,5.60781,5.77459,5.42628,5.445,5.93391,5.56673,5.72143,5.77844,5.75926,5.61838,5.59424,5.65276,5.67137,5.5616,5.50946,5.56808,5.65995,5.53596,5.43619,5.59142,5.59503,5.69046,5.35447,5.69894,5.58292,5.59982,5.67711,5.58541,5.69983,5.41302,5.4204,5.66347,5.76624,5.48327,5.56095,5.49502,5.85744,5.67334,5.6006,5.42639,5.55136,5.66508,5.65707,5.60451,5.66481,5.71408,5.63941,5.64321,5.59179,5.71449,5.82365,5.716,5.62991,5.6592,5.51348,5.65394,5.5529,5.63119,5.53361,5.70405,5.45992,5.60413,5.59936,5.71808,5.49602,5.62926,5.68576,5.87988,5.54848,5.72283,5.4023,5.68946,5.68728,5.68659,5.39708,5.63298,5.49714,5.66911,5.72985,5.59461,5.29998,5.50777,5.70284,5.75381,5.86895,5.5611,5.51675,5.6543,5.92112,5.33128
5.59129,5.69887,5.82081,5.45949,5.60813,5.84703,5.66209,5.80943,5.538,5.65826,5.55136,5.83158,5.4167,5.37672,6.02652,5.52097,5.69763,5.87131,5.61672,5.63192,5.62235,5.57672,5.5769,5.59754,5.50715,5.532,5.70322,5.45142,5.37046,5.5312,5.46886,5.65336,5.43454,5.65384,5.50485,5.56067,5.70171,5.55091,5.70532,5.43921,5.44714,5.70838,5.7876,5.45604,5.49911,5.52138,5.7553,5.62297,5.53785,5.4194,5.67329,5.51449,5.58403,5.48748,5.55988,5.6077,5.54012,5.6241,5.5297,5.62941,5.71613,5.63114,5.52793,5.64379,5.48514,5.65036,5.53558,5.6423,5.51969,5.70186,5.49562,5.4972,5.58047,5.78405,5.4911,5.6002,5.7495,5.77549,5.48134,5.73003,5.45848,5.58882,5.77878,5.82121,5.38755,5.72906,5.5899,5.66808,5.76011,5.56663,5.23101,5.47017,5.62109,5.72546,5.84639,5.51095,5.48596,5.65713,5.86916,5.33873
5.59723,5.68737,5.74618,5.46898,5.57519,5.76183,5.66897,5.88496,5.59406,5.66035,5.46093,5.78944,5.37701,5.37958,6.00736,5.57647,5.59849,5.73836,5.59368,5.67994,5.63828,5.60884,5.54029,5.45062,5.48611,5.45672,5.5688,5.46617,5.28805,5.48848,5.47355,5.61016,5.53099,5.62663,5.36491,5.60545,5.60417,5.50481,5.50263,5.42686,5.30569,5.65086,5.59106,5.53594,5.51083,5.44071,5.79594,5.61421,5.52464,5.41736,5.66279,5.47181,5.62167,5.38988,5.61897,5.5341,5.51753,5.74813,5.58763,5.58219,5.6811,5.64758,5.56616,5.59441,5.50805,5.67642,5.49317,5.63081,5.49544,5.63524,5.48739,5.63744,5.53294,5.62342,5.52127,5.57687,5.54538,5.72844,5.42683,5.78106,5.54396,5.51776,5.76815,5.85601,5.4752,5.59351,5.57728,5.73019,5.69632,5.58303,5.18515,5.33978,5.65339,5.63648,5.82993,5.53697,5.52755,5.49441,5.77499,5.43314
5.62615,5.69895,5.61084,5.3722,5.53855,5.62308,5.73511,5.75195,5.59366,5.62487,5.5053,5.72865,5.43373,5.42234,5.86152,5.42693,5.52135,5.73489,5.60269,5.75271,5.44077,5.57897,5.42275,5.49261,5.51844,5.46517,5.46525,5.36349,5.33938,5.56312,5.6428,5.45013,5.56384,5.65906,5.4379,5.49973,5.73384,5.38575,5.47919,5.42564,5.30474,5.74885,5.61195,5.5734,5.40708,5.4214,5.69869,5.62723,5.48043,5.39538,5.64039,5.49179,5.65102,5.39861,5.59117,5.50616,5.3509,5.56342,5.54499,5.58992,5.65982,5.64946,5.43392,5.49375,5.58271,5.6035,5.43727,5.48694,5.58728,5.63529,5.45241,5.72339,5.62473,5.5463,5.455,5.5464,5.48963,5.63761,5.42046,5.70201,5.46746,5.5661,5.70232,5.72054,5.42992,5.70469,5.63604,5.68178,5.68735,5.57904,5.26435,5.43783,5.59134,5.6259,5.68124,5.46574,5.50247,5.44609,5.66376,5.32185
5.77663,5.5344,5.57474,5.32616,5.42968,5.54922,5.62626,5.66831,5.59355,5.66597,5.53021,5.58383,5.36395,5.25908,5.81614,5.40521,5.57049,5.54034,5.43713,5.88067,5.45639,5.66913,5.38914,5.36124,5.51002,5.53447,5.49461,5.3343,5.21226,5.5357,5.60495,5.32068,5.54914,5.65977,5.3198,5.5214,5.61688,5.3448,5.50653,5.31835,5.17288,5.66042,5.56442,5.49499,5.4542,5.31691,5.61141,5.66213,5.508,5.40113,5.58163,5.5248,5.62525,5.39285,5.59578,5.52506,5.31762,5.4118,5.63355,5.55015,5.64972,5.63256,5.39625,5.48017,5.43938,5.53301,5.53865,5.50024,5.50309,5.60881,5.45327,5.723,5.54244,5.62792,5.42491,5.36941,5.47178,5.72568,5.34541,5.52717,5.43359,5.54609,5.77443,5.63248,5.47783,5.66561,5.53183,5.771,5.51142,5.56737,5.15339,5.41844,5.55125,5.67814,5.61984,5.37186,5.63298,5.61121,5.59806,5.44344
5.59357,5.61409,5.60345,5.17126,5.39273,5.51302,5.55826,5.66886,5.59768,5.63966,5.54888,5.51867,5.33481,5.29957,5.7294,5.38894,5.58464,5.46764,5.4919,5.6942,5.38491,5.51105,5.3425,5.42104,5.50547,5.61386,5.61363,5.28915,5.33335,5.4606,5.45864,5.42854,5.42377,5.69814,5.22876,5.49222,5.53851,5.33446,5.57007,5.4081,5.11039,5.59332,5.58034,5.38142,5.42349,5.3481,5.4716,5.61539,5.48912,5.3848,5.50469,5.49166,5.45638,5.40856,5.68911,5.53466,5.28264,5.39886,5.55695,5.53171,5.54652,5.50424,5.28157,5.46296,5.39829,5.40978,5.52471,5.47039,5.47175,5.661,5.4358,5.6912,5.61617,5.6326,5.3851,5.3416,5.53582,5.71096,5.48224,5.46887,5.4354,5.55793,5.81453,5.57386,5.54215,5.58196,5.58238,5.67983,5.45219,5.60069,5.14216,5.34915,5.39309,5.68367,5.63928,5.36753,5.64569,5.69054,5.64629,5.30037
5.57546,5.69914,5.53273,5.20568,5.40859,5.65446,5.5052,5.58892,5.5488,5.55628,5.44463,5.40486,5.24403,5.32135,5.60832,5.37776,5.46151,5.48547,5.40821,5.71663,5.30746,5.50172,5.51718,5.3653,5.50593,5.66355,5.60916,5.3613,5.26454,5.37454,5.3152,5.36443,5.43438,5.69077,5.16441,5.51871,5.49148,5.27198,5.63033,5.30109,5.21922,5.65706,5.58472,5.24944,5.37328,5.41676,5.53473,5.46163,5.48433,5.21942,5.3203,5.44299,5.36699,5.36014,5.51213,5.49409,5.25415,5.28119,5.66233,5.38483,5.48861,5.50985,5.20148,5.5054,5.40307,5.32523,5.57571,5.31739,5.39082,5.58773,5.42293,5.67306,5.58918,5.60753,5.35581,5.27823,5.41946,5.66333,5.56533,5.38761,5.37573,5.50399,5.74115,5.50181,5.63456,5.62907,5.62377,5.66499,5.30247,5.58517,5.1241,5.33956,5.44321,5.63648,5.56664,5.49266,5.59983,5.59405,5.69021,5.20966
5.53317,5.70154,5.54751,5.15246,5.41748,5.66047,5.53692,5.45878,5.56591,5.48286,5.3323,5.36234,5.2759,5.29109,5.5952,5.42696,5.38888,5.42554,5.4118,5.58223,5.19879,5.34598,5.41295,5.36279,5.7025,5.64539,5.55807,5.3398,5.23632,5.379,5.33795,5.29441,5.35774,5.62221,5.21392,5.55444,5.46743,5.33791,5.51111,5.34961,5.18587,5.58313,5.61201,5.28308,5.32899,5.42198,5.56115,5.29579,5.52647,5.28897,5.3978,5.3433,5.32687,5.40981,5.5642,5.47773,5.23061,5.4085,5.60543,5.40521,5.40029,5.51404,5.21753,5.42029,5.29933,5.19659,5.53976,5.34915,5.27551,5.49636,5.50737,5.49279,5.65274,5.57702,5.30335,5.18541,5.43903,5.64236,5.54856,5.36354,5.39114,5.55523,5.50714,5.53712,5.61719,5.6308,5.60473,5.55007,5.28076,5.59426,5.13863,5.3616,5.32013,5.40473,5.46865,5.396,5.51705,5.46626,5.44546,5.20216
5.4487,5.43331,5.44608,4.99668,5.3457,5.51005,5.57641,5.35205,5.55189,5.44294,5.30964,5.2194,5.23248,5.249,5.51094,5.42574,5.33183,5.52032,5.39153,5.5401,5.21335,5.27967,5.29417,5.33921,5.68698,5.59422,5.52474,5.3407,5.28522,5.37591,5.48572,5.17004,5.30966,5.64323,5.22397,5.5687,5.45511,5.2739,5.45549,5.30121,5.11591,5.496,5.58845,5.22621,5.38662,5.29893,5.50394,5.26707,5.47582,5.27206,5.4409,5.26952,5.31208,5.3255,5.52695,5.35391,5.17254,5.37609,5.603,5.42232,5.37041,5.43736,5.24265,5.35408,5.20655,5.25038,5.52616,5.32359,5.27817,5.57037,5.39382,5.4587,5.61371,5.38841,5.20959,5.22737,5.42785,5.62544,5.49569,5.44357,5.38148,5.53888,5.46665,5.47088,5.48094,5.51549,5.55034,5.55377,5.3366,5.54676,5.11968,5.36823,5.31822,5.60861,5.37741,5.31654,5.41205,5.4321,5.46983,5.19838
5.39378,5.31349,5.33715,5.0622,5.35437,5.35043,5.55582,5.33449,5.39236,5.44616,5.27647,5.30308,5.1905,5.22175,5.51363,5.48634,5.26757,5.46069,5.34287,5.49089,5.15008,5.24598,5.31043,5.37617,5.563,5.51875,5.47864,5.31029,5.29284,5.31289,5.36289,5.17229,5.2575,5.67008,5.16416,5.54039,5.44199,5.28075,5.36853,5.34604,5.2178,5.55332,5.61803,5.2739,5.35011,5.22712,5.4726,5.24059,5.39692,5.13542,5.41171,5.35738,5.31941,5.22771,5.45511,5.3331,5.14878,5.32231,5.37678,5.48309,5.3372,5.51542,5.27508,5.32388,5.08874,5.29048,5.45986,5.30941,5.11322,5.54882,5.41095,5.43687,5.51372,5.30631,5.20806,5.26845,5.41985,5.52069,5.3491,5.33679,5.29967,5.52688,5.4427,5.37586,5.36225,5.45963,5.44338,5.51428,5.39661,5.51957,5.2491,5.23939,5.25918,5.46173,5.31719,5.40319,5.46396,5.46743,5.4657,5.2568
5.23171,5.23352,5.29509,5.12262,5.27263,5.4076,5.62214,5.30402,5.32065,5.39605,5.29697,5.19565,5.24905,5.26049,5.49094,5.60522,5.26378,5.22467,5.324,5.55109,5.12221,5.24202,5.31184,5.37202,5.49815,5.62714,5.4071,5.13547,5.25363,5.26279,5.22169,5.17599,5.25807,5.55849,5.12745,5.50031,5.52873,5.24016,5.31561,5.25833,5.23128,5.46969,5.63312,5.36288,5.41636,5.14067,5.44317,5.17006,5.28747,5.17252,5.55779,5.35952,5.32993,5.20374,5.43631,5.22231,5.09074,5.338,5.26391,5.46453,5.37099,5.46736,5.23626,5.33091,5.119,5.23885,5.40381,5.2011,5.20592,5.55098,5.45532,5.39161,5.48924,5.17467,5.30243,5.33395,5.46304,5.45122,5.35889,5.24832,5.13857,5.45274,5.41271,5.35223,5.30682,5.43439,5.47668,5.41584,5.35794,5.23181,5.21957,5.33021,5.25235,5.37866,5.25514,5.2378,5.44852,5.47267,5.41665,5.20137
5.19801,5.17429,5.33922,5.15128,5.16014,5.39597,5.48969,5.25968,5.30718,5.30194,5.34623,5.11462,5.29051,5.25758,5.34339,5.49819,5.24858,5.25869,5.29992,5.52345,5.22523,5.20145,5.34026,5.39743,5.4594,5.5047,5.30582,5.13509,5.2406,5.17164,5.2072,5.17329,5.35431,5.46946,5.09572,5.48884,5.39031,5.27659,5.36019,5.24585,5.34402,5.39595,5.64092,5.23771,5.25465,5.12503,5.41256,5.09769,5.31769,5.20583,5.48847,5.24819,5.23462,5.36981,5.37906,5.27826,4.99268,5.26966,5.32826,5.37073,5.44505,5.49541,5.27219,5.24758,5.10492,5.12633,5.45041,5.14663,5.20282,5.59992,5.44749,5.39499,5.40901,5.12016,5.37941,5.38061,5.37301,5.39445,5.38011,5.24111,5.14198,5.34322,5.38244,5.3694,5.26341,5.33559,5.53933,5.30861,5.4616,5.43861,5.2342,5.30824,5.16191,5.33756,5.16353,5.1124,5.45581,5.365,5.42884,5.25621
5.23985,5.01721,5.34188,5.15912,5.12678,5.37451,5.43918,5.20154,5.27662,5.32692,5.36018,5.16212,5.35153,5.22163,5.27332,5.36831,5.20528,5.25592,5.23919,5.38698,5.29236,5.06189,5.32457,5.30795,5.52152,5.37464,5.23293,5.12271,5.2261,5.20494,5.29924,5.06878,5.29681,5.36856,5.12673,5.53637,5.35786,5.2811,5.43496,5.27761,5.04197,5.32403,5.56817,5.18517,5.22386,5.13447,5.37014,5.06139,5.36674,5.1388,5.36052,5.30929,5.10279,5.34536,5.40034,5.25321,5.09207,5.22859,5.26515,5.37284,5.2644,5.53747,5.22689,5.18331,5.19051,5.11661,5.41126,5.17272,5.16915,5.46292,5.30065,5.41177,5.37695,5.0017,5.4359,5.35462,5.36271,5.21171,5.37919,5.17773,5.06817,5.23015,5.33449,5.17344,5.2823,5.28899,5.54199,5.32924,5.25851,5.42772,5.29053,5.24803,5.1384,5.29595,5.10747,5.15564,5.27467,5.28832,5.35428,5.17682
5.21091,5.03835,5.37223,5.22199,5.07807,5.32123,5.36885,5.13556,5.22329,5.33194,5.26859,5.23676,5.30421,5.22651,5.25233,5.37928,5.20311,5.28243,5.19542,5.34171,5.20448,5.17491,5.36531,5.2065,5.57134,5.41297,5.29901,5.12755,5.12254,5.21704,5.27856,5.14342,5.34553,5.38656,5.16492,5.46752,5.27904,5.27791,5.42124,5.2095,5.06798,5.31374,5.53337,5.11248,5.09268,5.08113,5.26606,5.09716,5.26612,5.17144,5.33503,5.23866,5.19456,5.21112,5.34661,5.20313,5.09216,5.22984,5.1939,5.34131,5.19334,5.49782,5.21295,5.22623,5.10082,5.02909,5.2756,5.11905,5.20436,5.3887,5.38303,5.31138,5.34696,5.03876,5.35151,5.30429,5.40356,5.13095,5.42013,5.09157,5.00721,5.23385,5.35966,5.22253,5.2356,5.1954,5.56987,5.3659,5.23428,5.45744,5.21803,5.19372,5.192,5.20209,5.01469,5.21969,5.42483,5.27747,5.19659,5.11618
5.32679,5.0978,5.36268,5.11073,5.08768,5.31246,5.36843,5.13872,5.26808,5.44336,5.29242,5.33145,5.27001,5.16757,5.1763,5.32669,5.12226,5.29423,5.06305,5.36027,5.14772,5.23498,5.44212,5.15068,5.55896,5.33769,5.28924,5.12196,5.09229,5.27136,5.35133,5.126,5.31853,5.50261,5.1382,5.45714,5.20907,5.31872,5.30188,5.28444,5.05941,5.29154,5.47266,5.2116,5.25586,5.09487,5.35863,5.06542,5.20691,5.29145,5.29035,5.32248,5.18183,5.16676,5.41623,5.19757,5.13946,5.18047,5.16724,5.23945,5.18897,5.47618,5.08098,5.17668,5.1708,5.08747,5.22646,5.12233,5.18352,5.35959,5.30514,5.22464,5.35889,5.038,5.40636,5.275,5.35261,5.01249,5.36524,5.00608,5.05233,5.19503,5.32087,5.31983,5.1912,5.17167,5.35263,5.40082,5.18154,5.31994,5.2235,5.18942,5.16268,5.29936,5.15587,5.15904,5.4916,5.27615,5.14963,5.11547
5.27634,5.21976,5.21888,5.04584,5.11223,5.20487,5.37597,5.16669,5.21828,5.43551,5.33047,5.2358,5.20642,5.23023,4.96724,5.17193,5.12464,5.1872,5.15101,5.4049,5.23223,5.2025,5.36108,5.13849,5.58823,5.15837,5.25585,5.13361,5.11787,5.31402,5.34425,5.14327,5.22114,5.37676,5.05758,5.48112,5.22726,5.28658,5.26562,5.29927,5.15622,5.14399,5.45342,5.22317,5.18903,5.05207,5.35754,5.02943,5.05721,5.25559,5.41823,5.43234,5.15083,5.23927,5.40261,5.11599,5.1331,5.18181,5.1187,5.19971,5.16313,5.4579,5.10581,5.09039,5.17574,4.99525,5.19786,5.16072,5.27581,5.28109,5.24644,5.22088,5.26155,5.00743,5.43502,5.38266,5.32402,5.0502,5.3306,4.99638,5.21099,5.14591,5.35953,5.41974,5.15036,5.24496,5.37908,5.41102,5.12151,5.38616,5.12353,5.08668,5.17876,5.4113,5.06569,5.20709,5.48001,5.27288,5.10624,5.2005
5.24154,5.06618,5.07539,5.10627,5.13925,5.20835,5.38405,4.99485,5.18329,5.27199,5.34343,5.13781,5.18519,5.31032,5.05538,5.20524,5.09902,5.11256,5.12742,5.23917,5.16052,5.1561,5.39576,5.10158,5.54545,5.10113,5.27737,5.0746,5.18944,5.29967,5.24256,5.22126,5.28948,5.35633,4.98197,5.44324,5.19858,5.2337,5.22425,5.22909,5.1457,5.14297,5.30957,5.15954,5.17258,5.17698,5.31723,5.04765,4.91076,5.32722,5.42414,5.35626,4.99637,5.33839,5.36419,4.96882,5.23605,5.19435,5.16381,5.15271,5.11955,5.34716,5.10772,4.89881,5.23071,4.9422,5.1571,5.20774,5.15147,5.27119,5.19691,5.18822,5.20591,5.21827,5.30395,5.27964,5.38145,5.05451,5.23448,5.00571,5.23243,5.06415,5.31834,5.26169,5.21029,5.13027,5.24125,5.39647,5.16123,5.34311,5.15024,5.08944,5.14963,5.33767,5.15187,5.21055,5.33382,5.2903,5.20449,5.20963
5.13572,4.96954,5.12404,5.26217,5.13551,5.10676,5.21668,4.89353,5.3121,5.16369,5.29228,5.11632,5.26205,5.30578,4.94977,5.24509,5.14095,5.05159,5.07212,5.18571,5.21213,4.98638,5.56185,5.16769,5.48107,5.10508,5.25224,5.1285,5.27483,5.4083,5.271,5.17253,5.27705,5.27883,4.9796,5.38838,5.1445,5.25485,5.20341,5.26236,5.09983,5.08036,5.27463,5.14418,5.25928,5.25183,5.42384,5.10177,5.03773,5.35026,5.31045,5.38231,5.00731,5.26488,5.35291,5.10903,5.29224,5.2566,5.15465,5.11067,5.02019,5.28047,5.16366,4.87088,5.24199,4.95764,5.01652,5.28874,5.13495,5.23642,5.21151,5.33598,5.19317,5.24159,5.29534,5.37241,5.3598,5.05025,5.29788,4.87246,5.26482,5.10034,5.25504,5.24293,5.29963,5.15732,5.22309,5.33199,5.20653,5.28912,5.26365,5.03475,5.06838,5.37977,5.07057,5.14401,5.20865,5.40673,5.15394,5.24188
5.0076,4.96298,5.09982,5.21396,5.15665,5.08984,5.21412,4.89695,5.35013,5.1439,5.33586,5.05751,5.35156,5.24815,4.9022,5.27943,5.12135,4.93649,4.98726,5.19964,5.29713,5.00543,5.39601,5.18531,5.44022,5.10312,5.38589,5.17811,5.26531,5.41786,5.10098,5.16265,5.10665,5.25979,4.97615,5.363,5.23273,5.24736,5.25648,5.23586,5.054,5.00134,5.29509,5.14845,5.20083,5.16492,5.30543,5.1752,5.06195,5.44396,5.24118,5.32789,5.03176,5.27716,5.20243,5.24554,5.38403,5.25477,5.17899,5.10924,5.01102,5.22702,5.04008,4.85031,5.20443,5.01137,5.11359,5.2313,5.1675,5.22022,5.26175,5.27076,5.11262,5.206,5.20512,5.36253,5.40288,5.07842,5.27551,4.91165,5.26371,5.03262,5.19135,5.20616,5.36063,5.03735,5.26685,5.31996,5.24857,5.12469,5.26205,5.12035,5.06168,5.3909,5.01567,5.23646,5.20864,5.42116,5.32235,5.14233
5.04429,5.02313,5.17025,5.1847,5.1727,5.0152,5.29679,5.06159,5.3891,5.1418,5.36036,5.01132,5.39267,5.25906,4.94782,5.24453,5.11538,5.06653,4.95726,5.17621,5.36413,4.95149,5.35627,5.28999,5.44424,5.2036,5.32485,5.23322,5.17804,5.45076,5.07886,5.18977,5.09867,5.17577,5.06576,5.36665,5.18875,5.17191,5.26035,5.17984,5.11012,5.03491,5.38885,5.20746,5.19302,5.12812,5.15743,5.15557,5.12362,5.4413,5.25161,5.31491,5.03957,5.26616,5.17603,5.24455,5.49433,5.20939,5.1812,5.14699,4.97604,5.3327,5.0564,4.86738,5.13342,5.04874,5.20339,5.15265,5.19381,5.20206,5.23095,5.28616,5.14574,5.13136,5.15767,5.39506,5.34915,5.19585,5.23909,4.81028,5.15033,5.19303,5.24718,5.19055,5.2714,5.11173,5.28905,5.27329,5.22401,5.17663,5.33423,5.12482,5.25997,5.29966,4.88037,5.19116,5.3127,5.26762,5.14862,5.03193
5.02056,4.98104,5.22209,5.1351,5.26506,5.04495,5.28626,5.20361,5.35944,5.20562,5.29526,5.19172,5.3728,5.27556,5.00459,5.29958,5.1499,5.04272,4.99971,5.17954,5.31912,4.90599,5.35317,5.37537,5.44182,5.20236,5.36637,5.2229,5.05074,5.57534,5.03321,5.17895,5.1026,5.14783,5.0794,5.26352,5.19301,5.16996,5.19765,5.18921,5.11696,5.11154,5.32544,5.25241,5.05146,5.14296,5.08494,5.05442,5.0621,5.41441,5.31604,5.21808,5.13999,5.38577,5.18244,5.1215,5.28797,5.23891,5.32303,5.08766,4.93367,5.3751,5.16157,4.84135,5.21896,4.99489,5.1666,5.08213,5.18274,5.18939,5.24922,5.31959,5.11282,5.05017,5.15958,5.33346,5.27255,5.2645,5.15615,4.92086,5.21224,5.17432,5.2151,5.23724,5.27587,5.09051,5.27372,5.25623,5.19985,5.11565,5.36911,5.03339,5.30921,5.24802,5.01943,5.14022,5.30124,5.28957,5.19862,5.0684
5.03665,5.04847,5.25815,5.22632,5.36539,5.07731,5.34339,5.1921,5.38795,5.19293,5.321,5.17896,5.37246,5.23249,5.00546,5.31712,5.10973,5.12936,5.0543,5.14746,5.18505,5.05721,5.32574,5.33517,5.35729,5.19313,5.37742,5.20936,5.11333,5.61876,5.13018,5.17083,5.04296,5.00457,4.98124,5.25902,5.24497,5.17368,5.05798,5.04817,5.07532,5.12225,5.29216,5.35389,5.16213,5.0359,5.13075,5.10078,5.05626,5.33349,5.23119,5.29537,5.02839,5.45533,5.24637,5.26979,5.33126,5.07287,5.31707,5.10834,4.97867,5.34659,5.2318,4.96539,5.10513,5.0091,5.10957,5.06024,5.25961,5.12005,5.34606,5.27864,5.08043,5.02504,5.05658,5.26768,5.30516,5.26163,5.22339,4.92438,5.23364,5.14241,5.29398,5.27324,5.24795,5.05774,5.07432,5.19488,5.20144,5.17774,5.30992,5.04519,5.26157,5.11328,5.14074,5.13475,5.31836,5.35191,5.17847,5.06922
5.03612,5.03718,5.20672,5.38036,5.3747,5.16895,5.29033,5.23461,5.31116,5.36873,5.13597,5.09968,5.38398,5.29553,4.95234,5.29417,5.06848,5.22074,5.00465,5.11037,5.00696,5.04729,5.30658,5.29663,5.27467,5.19452,5.28875,5.24857,5.19318,5.48968,5.14209,5.30635,5.0294,5.03513,5.06231,5.20279,5.19984,5.24239,4.99642,5.09462,5.10221,5.04721,5.16555,5.32329,5.26084,5.02898,5.15285,5.1253,5.02235,5.28585,5.21101,5.27915,5.11231,5.41767,5.27534,5.23172,5.29733,5.13533,5.24289,5.1919,5.03134,5.32106,5.18927,4.98184,5.01475,5.01546,5.15031,5.12583,5.26133,5.12323,5.42099,5.31495,5.06934,5.02642,5.17401,5.29321,5.17504,5.29714,5.14181,4.85923,5.05121,5.19172,5.209,5.23824,5.27437,4.95961,5.11824,5.17788,5.16711,5.13066,5.31134,5.23372,5.18652,5.0454,5.1958,5.17938,5.36701,5.31082,5.0998,5.09427
5.1134,4.99849,5.28465,5.34202,5.38881,5.07161,5.2165,5.21946,5.32199,5.37016,4.96866,5.11785,5.40718,5.28156,5.03963,5.21027,5.21388,5.23889,4.91006,5.11774,4.97974,4.96956,5.21093,5.3042,5.348,5.19132,5.28363,5.13143,5.01744,5.37579,5.10839,5.2446,5.08867,5.09498,5.05326,5.2424,5.22028,5.27969,4.9461,5.04276,5.03723,5.00613,5.09642,5.24219,5.24639,5.14417,5.24399,5.15278,5.13522,5.23741,5.18606,5.22123,5.1347,5.35153,5.26936,5.32639,5.29576,5.04278,5.17934,5.09567,5.09156,5.34948,5.19641,5.08146,5.1063,5.01901,5.12176,5.21134,5.23379,5.0876,5.37664,5.28832,4.97622,5.01526,5.1597,5.20732,5.1839,5.27568,5.23418,4.8581,4.92619,5.17726,5.09797,5.3015,5.23968,4.93421,5.08907,5.21241,5.21455,4.98024,5.46146,5.22186,4.99612,5.04724,5.13099,5.24216,5.26091,5.40072,5.04128,5.06175
5.05963,5.13404,5.23884,5.45991,5.20802,4.98768,5.21815,5.17315,5.22057,5.28098,4.99055,5.05641,5.3737,5.26916,4.96858,5.23639,5.15936,5.31458,5.07972,5.03607,5.0492,4.91354,5.24673,5.36656,5.3499,5.25384,5.17046,5.08918,5.1178,5.31117,5.15591,5.26169,5.09919,5.09884,5.08209,5.19835,5.18331,5.28893,5.01175,5.18641,5.01224,5.08584,5.02162,5.19835,5.20901,5.07059,5.20325,5.17087,5.13455,5.24612,5.13881,5.33318,5.18857,5.31424,5.18244,5.3481,5.29781,5.11533,5.22022,5.08924,5.10701,5.20675,5.10819,5.11701,5.10456,5.01731,5.17536,5.10482,5.17905,5.11223,5.21228,5.2617,5.08676,5.00368,5.07134,5.31475,5.20182,5.22576,5.29708,4.90779,5.06103,5.24493,5.03023,5.12096,5.19452,4.96498,5.08987,5.21416,5.18724,4.96533,5.39889,5.13727,5.0592,5.15098,4.95154,5.23377,5.28837,5.41039,5.09355,5.1399
4.95822,5.1823,5.25806,5.34619,5.07563,5.04114,5.27864,5.23277,5.17267,5.28035,4.97686,5.10251,5.27491,5.20568,5.13391,5.32311,5.17263,5.17842,5.08557,4.97387,4.95593,4.91714,5.23584,5.25221,5.28081,5.16602,5.14449,5.10764,5.09879,5.25209,5.2066,5.26535,5.11258,5.07224,5.16079,5.19563,5.16621,5.21706,4.99028,5.22225,4.96161,5.15177,5.09398,5.12611,5.14756,5.042,5.21142,5.1084,5.11874,5.19834,5.10761,5.36407,5.23484,5.24031,5.18704,5.2385,5.33164,5.13039,5.24342,5.10893,5.20791,5.20771,5.12212,5.078,5.06275,5.10423,5.12134,5.02501,5.11501,5.19478,5.33554,5.30779,5.11478,4.90257,5.05511,5.26498,5.18908,5.29877,5.2876,4.97052,5.12859,5.12729,5.06029,5.13705,5.2829,5.08069,5.17395,5.1636,5.34134,5.01728,5.36601,5.0955,5.04866,5.20911,4.97086,5.28841,5.30412,5.25268,5.18187,5.18946
5.02675,5.09045,5.26952,5.20253,5.07383,5.15581,5.32438,5.30619,5.06704,5.27803,5.03344,5.18813,5.18319,5.20191,5.08949,5.23623,5.09244,5.29077,5.02686,4.97266,4.9901,5.00035,5.37634,5.34443,5.27621,5.18003,5.16657,5.08597,5.23417,5.18347,5.09862,5.3659,5.1492,5.07721,5.09316,5.0773,5.21347,5.26461,4.97617,5.21955,4.85633,5.05927,5.23158,5.01499,5.22129,5.07419,5.30565,5.22374,5.09169,5.1668,5.31625,5.303,5.28548,5.33201,5.07783,5.20835,5.35268,5.11026,5.24132,5.02402,5.15987,5.21044,5.14525,5.17043,5.15464,5.17237,5.10175,5.09575,5.27946,5.2558,5.32962,5.1947,5.13009,4.96852,5.09321,5.30562,5.22897,5.34682,5.31368,5.05832,5.03733,5.16626,5.31835,5.17774,5.26924,5.13642,5.14988,5.18546,5.26691,5.04585,5.2998,5.11714,5.14751,5.27383,5.04427,5.1809,5.38287,5.24931,5.20585,5.20168
4.96568,5.12829,5.24974,5.30624,5.0272,5.17062,5.26279,5.29827,5.2982,5.16538,4.93526,5.24461,5.16055,5.22256,5.09667,5.30716,5.0423,5.29548,5.03694,4.97549,5.01058,4.99695,5.39294,5.3627,5.19775,5.08703,5.14586,5.01736,5.02489,5.19118,5.12818,5.31368,5.14534,5.14985,5.10074,5.16756,5.22656,5.32572,5.08855,5.16599,4.79436,5.08463,5.20592,5.05341,5.19789,5.07266,5.29822,5.28875,5.14862,5.03221,5.28474,5.30641,5.2171,5.19618,4.94936,5.18663,5.34697,5.09009,5.2867,5.14021,5.06448,5.16743,5.10212,5.22518,5.14746,5.23497,5.11424,5.13758,5.32981,5.35684,5.34094,5.22832,5.15587,4.95529,4.99856,5.33297,5.2854,5.2467,5.33244,4.92085,5.20195,5.23516,5.29584,5.24261,5.32616,5.15233,5.12883,5.23344,5.22168,5.1356,5.23368,5.15934,5.18999,5.29101,5.08397,5.18485,5.37743,5.26853,5.21989,5.154
4.98264,5.2222,5.21213,5.30619,4.99816,5.22274,5.15024,5.4382,5.41078,5.14025,4.92287,5.26658,5.14967,5.23267,5.13626,5.2747,5.01165,5.24275,5.02285,4.86356,5.15412,5.02582,5.29454,5.39895,5.20918,5.1734,5.05248,4.91882,5.21052,5.26177,5.21615,5.44247,5.23379,5.18194,5.14813,5.10465,5.32088,5.22583,5.06831,5.11484,4.83086,5.17028,5.15786,5.11925,5.21015,5.2513,5.40163,5.3686,5.22507,5.06985,5.29994,5.26437,5.37764,5.16305,4.96865,5.17531,5.21073,5.10406,5.38381,5.16465,5.03659,5.23122,5.04478,5.29283,5.17664,5.37428,5.16435,5.1045,5.31125,5.21449,5.35877,5.24969,5.24668,5.12762,5.02077,5.24626,5.26667,5.17864,5.29547,4.93991,5.16145,5.1974,5.34398,5.31999,5.2514,5.09346,5.15145,5.28093,5.20647,4.99566,5.13904,5.17375,5.3252,5.27566,5.06004,5.1269,5.25576,5.40905,5.18026,5.09882
4.97964,5.2577,5.05145,5.30869,5.027,5.27358,5.19999,5.5065,5.22512,5.25394,5.04468,5.207,5.18094,5.23056,5.08641,5.30856,5.0687,5.35141,5.04523,5.04005,5.16997,5.12829,5.21191,5.35354,5.21123,5.17107,5.04944,4.91452,5.16572,5.14422,5.2067,5.4964,5.04991,5.20266,5.14347,5.10536,5.32283,5.16205,5.1251,5.16797,4.81647,5.24944,5.15879,5.2655,5.27784,5.16648,5.3947,5.29993,5.16845,5.1962,5.25126,5.31815,5.39853,5.23388,5.06531,5.22121,5.14505,5.09958,5.50742,5.11175,5.1026,5.20252,5.07372,5.2515,5.20663,5.27946,5.32569,5.23057,5.23898,5.28461,5.35047,5.20036,5.32308,5.15017,4.96608,5.18222,5.22565,5.10769,5.30933,4.94617,5.13907,5.20164,5.37353,5.29445,5.26867,5.09096,5.26968,5.28023,5.25592,5.04588,5.09222,5.1648,5.35156,5.17018,5.11034,5.18718,5.30208,5.38056,5.23889,5.18717
5.10294,5.32788,5.12212,5.34314,4.95591,5.16511,5.25565,5.47439,5.11791,5.30245,5.11071,5.19517,5.15618,5.23391,5.152,5.46004,5.05187,5.27684,5.09408,5.04272,5.05069,5.08426,5.24531,5.37913,5.19342,5.16957,5.07441,4.80806,5.17216,5.15318,5.24079,5.51649,5.09087,5.23,5.24722,5.10447,5.43373,5.17468,5.19043,5.16727,4.86643,5.15965,5.13163,5.2939,5.20471,5.19217,5.33795,5.37486,5.08923,5.18403,5.25405,5.28418,5.37106,5.21242,5.11159,5.28964,5.13181,5.12847,5.59603,5.0072,5.2128,5.22963,5.08757,5.18761,5.2365,5.24249,5.29481,5.19129,5.23102,5.10167,5.43515,5.11416,5.36858,5.18951,5.00863,5.15585,5.24899,5.10614,5.29199,5.06368,5.17939,5.21065,5.45355,5.32571,5.27638,5.04979,5.23275,5.25702,5.20597,5.05069,5.08376,5.13815,5.42896,5.17525,5.06107,5.20829,5.37106,5.37251,5.29887,5.111
5.095,5.32367,5.25303,5.25365,5.04793,5.21223,5.19344,5.35506,5.28222,5.34641,5.02455,5.18454,5.12155,5.16111,5.17491,5.44784,5.0726,5.33335,5.27713,5.19098,5.01089,5.21932,5.20171,5.38976,5.24298,5.13193,5.03248,4.8245,5.19052,5.16341,5.23389,5.49492,5.12882,5.23408,5.23764,4.98875,5.35576,5.19044,5.32568,5.17639,4.93838,5.15129,5.10434,5.28479,5.23865,5.14157,5.24903,5.3888,5.08276,5.21918,5.22714,5.3782,5.27918,5.1546,5.05309,5.23493,5.18363,5.17616,5.60389,5.0711,5.12474,5.21231,5.16513,5.24973,5.31899,5.29225,5.33884,5.21386,5.21701,5.15408,5.44367,4.97575,5.33239,5.0519,4.93367,5.15666,5.23206,5.1252,5.29717,5.1373,5.24994,5.22294,5.34415,5.2247,5.29329,5.01752,5.1557,5.33371,5.20745,5.01458,5.02642,5.26596,5.30066,5.30699,5.22405,5.16078,5.35881,5.33972,5.34694,5.07716
5.11865,5.43568,5.27984,5.30766,5.00222,5.16976,5.25861,5.37556,5.28342,5.34923,4.98072,5.13723,5.15005,5.24677,5.29529,5.41745,5.10512,5.24925,5.24368,5.10173,5.09492,5.17935,5.30661,5.35344,5.28118,5.12019,4.95697,4.98309,5.17341,5.15994,5.35763,5.4271,5.18075,5.12028,5.37558,5.10485,5.31218,5.29111,5.45655,5.27581,4.91854,5.07807,5.17827,5.12258,5.25041,5.22086,5.14045,5.46763,5.07808,5.2634,5.20223,5.38046,5.27341,5.1273,5.09809,5.26668,5.18246,5.21841,5.53339,5.02669,5.21213,5.2025,5.18626,5.29206,5.24354,5.32597,5.14682,5.29034,5.21949,5.14242,5.37317,4.97296,5.24088,5.11914,4.98232,5.22335,5.22414,5.20145,5.33982,5.13612,5.2514,5.2516,5.29069,5.24397,5.29065,5.09875,5.12636,5.30378,5.13997,5.08377,4.97562,5.23894,5.288,5.24798,5.27752,5.17706,5.29932,5.14905,5.3703,5.11868
5.10163,5.45602,5.2967,5.23139,5.02589,5.21558,5.12585,5.38732,5.33212,5.35015,4.99063,5.03682,5.0918,5.35899,5.30143,5.47606,4.97639,5.20386,5.31155,5.11942,5.05591,5.20261,5.21854,5.27251,5.28474,5.1752,5.00427,5.05416,5.01472,5.15959,5.37277,5.42616,5.11943,5.11591,5.32224,5.16798,5.20259,5.40015,5.38396,5.34469,4.90022,5.05096,5.15798,5.09691,5.24048,5.18997,5.23896,5.41816,5.07384,5.22938,5.27508,5.3389,5.22567,5.10014,5.16531,5.22141,5.22992,5.11954,5.49192,5.05446,5.29196,5.31716,5.24631,5.39121,5.23963,5.23204,5.21426,5.40792,5.3383,5.16881,5.18772,4.91438,5.20238,5.13231,5.14978,5.2447,5.20676,5.18984,5.16481,5.13428,5.30308,5.2129,5.32483,5.09212,5.33099,4.96304,5.08052,5.40461,5.08777,5.1794,4.99326,5.18827,5.26399,5.2768,5.31779,5.21226,5.26357,5.13041,5.31348,5.18914
5.11152,5.43421,5.25666,5.13549,5.08413,5.16357,5.20166,5.44702,5.31095,5.40403,5.08863,4.91518,5.07984,5.36457,5.33348,5.3521,5.06303,5.19357,5.27479,5.14046,5.19107,5.2579,5.24509,5.24884,5.27757,5.11679,5.0116,5.06026,5.07376,5.08791,5.41341,5.45886,5.19244,5.25214,5.32315,5.0437,5.13558,5.33295,5.4647,5.34108,5.03103,5.06076,5.09105,4.93734,5.20279,5.22566,5.23819,5.50058,5.08415,5.18894,5.31563,5.3857,5.17103,5.0489,5.16716,5.31403,5.13381,5.12556,5.41483,5.07808,5.13992,5.33639,5.14561,5.34922,5.10467,5.1526,5.26244,5.38371,5.38705,5.14484,5.1291,5.04147,5.24503,5.16451,5.1928,5.30137,5.14132,5.3039,5.14966,5.20868,5.24277,5.1648,5.35668,5.13051,5.29144,5.00102,5.06148,5.31427,5.08813,5.18646,5.02263,5.14282,5.12806,5.35797,5.24998,5.21506,5.22997,5.11782,5.32562,5.25804
5.19544,5.40531,5.2464,5.16072,5.10067,5.21051,5.24269,5.52623,5.3228,5.45717,5.10061,5.03572,5.03559,5.28095,5.31747,5.33555,5.07021,5.17518,5.35067,5.12635,5.2609,5.26185,5.12783,5.21377,5.2631,5.04432,5.02367,5.2292,5.13775,5.20601,5.33051,5.40608,5.19872,5.26351,5.35845,5.08274,5.08668,5.27121,5.44667,5.27246,5.08193,5.03132,5.16693,4.98961,5.0704,5.24563,5.28764,5.36879,5.07419,5.25526,5.26173,5.27966,5.13465,5.0877,5.24702,5.24999,5.17725,5.14009,5.37409,5.09027,5.03496,5.46634,5.1873,5.37338,5.10266,5.14939,5.26744,5.29971,5.35268,5.14005,5.08,5.21967,5.22166,5.11472,5.202,5.31916,5.21985,5.30347,5.15187,5.25086,5.26547,5.09169,5.31525,5.28173,5.3342,4.97609,5.09391,5.24046,5.02547,5.09071,5.08555,5.06667,5.19688,5.27282,5.25184,5.1686,5.20188,5.11704,5.24836,5.23976
5.18029,5.38298,5.24354,5.12344,5.14983,5.26126,5.10871,5.3535,5.32328,5.36025,5.16215,5.02288,5.15311,5.27426,5.34512,5.27752,5.09289,5.23255,5.38413,5.13325,5.26233,5.34668,5.23053,5.23453,5.28738,5.13322,5.05208,5.25131,5.17718,5.20113,5.31805,5.1289,5.12197,5.26552,5.39392,5.19209,5.08589,5.28274,5.38708,5.27191,5.07895,5.18186,5.34541,5.01218,5.13003,5.08776,5.22366,5.29204,5.09528,5.18689,5.26904,5.22106,5.08247,5.08595,5.16527,5.1963,5.19081,5.10851,5.34363,5.13724,5.12269,5.48907,5.17249,5.30099,5.09551,5.13072,5.13477,5.31161,5.32761,5.12915,5.03344,5.26191,5.26173,5.09865,5.22098,5.27959,5.15471,5.21376,5.12008,5.28531,5.28423,5.09341,5.30898,5.25189,5.14657,4.96321,5.04028,5.17259,5.04474,5.14476,5.15002,5.09754,5.18382,5.31106,5.25257,5.26226,5.26855,5.12457,5.19658,5.15407
5.22005,5.31584,5.12365,5.11802,5.07434,5.27924,5.0833,5.40299,5.38121,5.33577,5.18123,4.99495,5.14469,5.11002,5.32827,5.23621,5.24577,5.28012,5.33086,5.12407,5.17587,5.47978,5.267,5.29195,5.20751,5.14888,5.17871,5.27208,5.24704,5.22911,5.34832,5.18911,5.18427,5.14288,5.37062,5.29844,5.12751,5.24219,5.30991,5.30201,5.14481,5.06379,5.3974,5.03401,5.25203,5.07763,5.18169,5.24274,5.12535,5.14967,5.35525,5.18021,5.17798,5.0758,5.23028,5.13238,5.22052,5.16975,5.28378,5.19127,5.13406,5.45436,5.28478,5.25901,5.19682,5.16218,5.23769,5.24516,5.32867,5.10405,5.01829,5.27942,5.21806,5.15707,5.19103,5.22485,5.12366,5.26884,5.0785,5.19778,5.30462,5.11592,5.33868,5.2598,5.20347,5.15903,5.09258,5.17611,5.06724,5.21652,5.25036,5.14126,5.20637,5.32683,5.21958,5.24959,5.2912,5.18657,5.16311,5.30893
5.26606,5.32607,5.12625,5.0832,5.11779,5.20906,5.12916,5.409,5.47125,5.36358,5.27446,5.03739,5.09626,5.11404,5.33166,5.32174,5.20564,5.17647,5.23276,5.28836,5.17189,5.369,5.33968,5.34413,5.22594,5.09933,5.16647,5.31888,5.34242,5.22274,5.37647,5.25954,5.15399,5.14095,5.40528,5.29112,5.10177,5.20128,5.36249,5.27981,5.1959,5.07316,5.37519,5.07496,5.3967,5.16205,5.20796,5.22314,5.12487,5.13476,5.30422,5.11333,5.22763,4.99038,5.18502,5.23355,5.12792,5.25251,5.30956,5.0607,5.19209,5.43008,5.34465,5.23581,5.21435,5.25541,5.24714,5.15729,5.37018,5.14981,5.08028,5.25348,5.17197,5.15152,5.13509,5.17177,4.98097,5.2461,4.99966,5.1514,5.39158,5.17727,5.46932,5.24925,5.31252,5.17634,5.10691,5.23431,5.10842,5.37158,5.18305,5.19117,5.23538,5.3196,5.18873,5.17351,5.32678,5.17543,5.27284,5.3896
5.25317,5.16351,5.17502,5.16143,5.29902,5.14967,5.20197,5.50912,5.41397,5.36183,5.37141,5.08568,5.12657,5.17027,5.26699,5.30233,5.15139,5.2276,5.2409,5.29048,5.17829,5.42504,5.18882,5.30737,5.21372,5.15817,5.32273,5.28173,5.34869,5.21224,5.38337,5.16782,5.18991,5.21539,5.39848,5.21696,5.04171,5.34013,5.29374,5.24006,5.2104,5.03007,5.34707,5.04319,5.26463,5.19369,5.18754,5.17859,5.18404,5.08543,5.39113,5.04266,5.14942,5.07307,5.26906,5.22097,5.15267,5.28411,5.31402,5.13577,5.18288,5.39768,5.20998,5.26487,5.16113,5.2549,5.23419,5.16275,5.26357,5.21905,4.99944,5.18755,5.07461,5.12034,5.18791,5.20299,4.95512,5.17506,5.06332,5.09139,5.3081,5.10989,5.34438,5.21664,5.30609,5.18766,5.05255,5.2896,5.13862,5.35974,5.04384,5.16077,5.32516,5.33123,5.2096,5.17799,5.37104,5.15564,5.26687,5.25791
5.26528,5.13884,5.25305,5.13235,5.40692,5.24384,5.23042,5.4938,5.47731,5.25389,5.12792,4.99732,5.19046,5.13483,5.33599,5.39785,5.1456,5.15837,5.28946,5.31187,5.09955,5.47503,5.27423,5.36192,5.30436,5.08001,5.34999,5.17291,5.24136,5.26857,5.33548,5.25543,5.23736,5.16521,5.35844,5.12758,5.01264,5.30848,5.32851,5.19771,5.14808,5.11114,5.26603,5.1323,5.28803,5.20866,5.30681,5.23795,5.15661,5.0859,5.37812,5.02078,5.05392,5.06319,5.19652,5.2017,5.09954,5.26857,5.30775,5.13234,5.2334,5.2948,5.21951,5.30651,5.14283,5.24551,5.14369,5.12233,5.37076,5.13849,5.03137,5.21644,5.15925,5.09154,5.16249,5.16099,5.01149,5.29399,5.27938,5.04753,5.26369,5.15135,5.24046,5.19243,5.24926,5.25288,5.13045,5.21798,5.28661,5.31714,4.98775,5.25326,5.38631,5.32192,5.18977,5.18899,5.25192,5.03281,5.28743,5.41148
5.26957,5.28623,5.3505,5.02717,5.27433,5.27599,5.34532,5.475,5.42379,5.18158,5.10079,5.06386,5.30129,5.14756,5.30935,5.3475,5.16756,5.06624,5.1472,5.2517,5.08696,5.37513,5.36284,5.33837,5.31729,5.05623,5.31312,5.15196,5.20451,5.38794,5.24027,5.0522,5.27177,5.18535,5.3292,5.22886,4.97091,5.44973,5.3023,5.09982,5.17985,5.05719,5.199,5.13952,5.25794,5.22454,5.33064,5.21072,5.2847,5.13913,5.4308,5.0662,4.96338,4.99939,5.16933,5.21261,5.08263,5.227,5.29264,5.08259,5.22113,5.40293,5.17844,5.22742,5.01479,5.34623,5.13602,5.211,5.34179,5.0774,5.03198,5.29487,5.20873,5.11443,5.1475,5.27168,5.0321,5.28237,5.30275,5.04035,5.21523,5.16413,5.09376,5.23044,5.18822,5.09078,5.14896,5.19084,5.47173,5.24981,5.00212,5.15235,5.32633,5.20014,5.24349,5.1491,5.41071,5.05995,5.36162,5.42295
5.22078,5.29488,5.32818,5.0409,5.31649,5.26292,5.4116,5.33159,5.33702,5.0935,5.17447,5.01407,5.163,5.22643,5.27071,5.28027,5.05808,5.14671,5.21238,5.29471,5.07856,5.36813,5.40586,5.22299,5.24207,5.1037,5.31781,5.11519,5.27284,5.28885,5.21577,5.00435,5.30944,5.15079,5.31024,5.21816,5.07348,5.39409,5.3259,5.06985,5.31516,5.13954,5.25709,5.09466,5.1967,5.17492,5.39461,5.19876,5.32546,5.08644,5.41009,5.05624,5.0373,5.07615,5.1766,5.27627,5.07743,5.19388,5.33385,5.19955,5.18699,5.36797,5.18896,5.27498,5.1292,5.46326,5.21453,5.18296,5.27632,5.04141,5.0614,5.27798,5.14479,5.24712,5.09265,5.19728,4.90349,5.21948,5.28965,5.15923,5.2272,5.24269,5.048,5.20725,5.11158,5.1259,5.23748,5.16731,5.42984,5.14842,4.97159,5.23697,5.28136,5.1728,5.31632,5.22126,5.28891,5.16897,5.29571,5.40838
5.2843,5.29205,5.25279,5.08742,5.34761,5.24464,5.44017,5.34861,5.29627,5.11533,5.31025,4.99567,5.19896,5.20122,5.26759,5.26894,5.15483,5.14342,5.28335,5.45153,5.07512,5.30847,5.42764,5.16927,5.17188,5.11689,5.40637,5.08415,5.13675,5.30311,5.17093,5.06974,5.29456,5.24937,5.29392,5.22936,5.15835,5.27933,5.22625,5.12111,5.33554,5.21709,5.17022,5.05667,5.2733,5.29938,5.32597,5.17799,5.30628,5.1212,5.28834,5.12351,5.07762,5.10644,5.24994,5.16655,5.0968,5.22286,5.44977,5.12317,5.25182,5.24961,5.19622,5.19321,5.09513,5.42708,5.18732,5.18276,5.2182,5.02461,5.17997,5.3394,5.165,5.18816,5.12277,5.17172,4.98809,5.2083,5.25184,5.12287,5.38517,5.1918,5.09319,5.30093,5.17821,5.1528,5.26128,5.19009,5.4916,5.14852,4.99278,5.2378,5.24098,5.07178,5.36985,5.29168,5.27547,5.1596,5.42643,5.35934
5.34634,5.32566,5.17683,5.1296,5.29013,5.31851,5.47273,5.41987,5.23453,5.12292,5.32968,5.12151,5.12668,5.17218,5.1874,5.25151,5.15199,5.12747,5.17723,5.2464,5.06962,5.29342,5.47313,5.16692,5.18593,5.1599,5.24521,5.08508,5.17501,5.25978,5.1782,5.11116,5.26921,5.25567,5.34173,5.25689,5.15313,5.16929,5.30822,5.13941,5.30543,5.18613,5.18317,5.0063,5.26287,5.22956,5.43599,5.13624,5.3259,5.0763,5.187,5.14624,5.0242,5.09791,5.26934,5.21101,5.12832,5.3326,5.46125,5.13212,5.38179,5.21942,5.22731,5.28911,5.22445,5.41616,5.2684,5.29658,5.20249,4.98863,5.15556,5.28294,5.11562,5.15559,5.10603,5.13855,4.89375,5.1297,5.2931,5.18477,5.33224,5.29448,5.05183,5.27456,5.15253,5.18698,5.25311,5.22749,5.47043,5.03154,5.07948,5.21398,5.27104,5.19034,5.40848,5.36292,5.28185,5.19442,5.39431,5.30138
5.35746,5.30543,5.21925,5.10556,5.25704,5.21543,5.3862,5.46681,5.23207,5.27039,5.23011,4.99735,5.06365,5.17737,5.19144,5.2086,5.19342,5.17864,5.22054,5.19182,5.04242,5.33195,5.3355,5.18793,5.25476,5.06822,5.24373,5.05575,5.10282,5.35097,5.20555,5.17869,5.21658,5.15517,5.42189,5.32451,5.08484,5.08599,5.32893,5.06521,5.38585,5.20994,5.03411,5.02084,5.23467,5.20714,5.37149,5.15641,5.15082,5.08523,5.22988,5.07003,5.09645,5.00509,5.29595,5.13382,5.12416,5.27205,5.41624,5.11142,5.31726,5.33695,5.31313,5.22581,5.10539,5.43945,5.2746,5.28394,5.23212,4.98464,5.23626,5.29013,5.12127,5.21189,5.05124,5.13924,5.00731,5.10039,5.25132,5.23141,5.23176,5.16849,5.06805,5.29352,5.2555,5.10229,5.24683,5.13605,5.38197,5.08566,5.03843,5.26102,5.23141,5.17877,5.432,5.29591,5.14939,5.23844,5.37324,5.38223
5.36493,5.24889,5.29329,4.9867,5.30857,5.17887,5.47776,5.58362,5.31708,5.22174,5.29218,5.124,5.08372,5.22464,5.07269,5.27915,5.17584,5.23427,5.25105,5.25096,5.07796,5.23899,5.26606,5.16272,5.25414,5.07225,5.0631,5.0189,5.20898,5.24583,5.13531,4.9989,5.25593,5.14743,5.36585,5.22282,5.12885,5.18167,5.20901,4.98266,5.39747,5.15868,5.0286,5.05772,5.2653,5.20476,5.28584,5.10558,5.35105,5.1712,5.2594,5.06583,5.05193,5.10468,5.36851,5.16986,5.00544,5.3693,5.35844,5.10238,5.39006,5.37479,5.32885,5.24715,5.18379,5.41284,5.33169,5.24272,5.25868,5.09148,5.23932,5.35567,5.10294,5.22542,5.09299,5.22436,4.8868,5.14757,5.21593,5.24127,5.23937,5.18876,5.09273,5.29326,5.08467,5.01039,5.26659,5.23082,5.31148,5.0588,5.02634,5.18006,5.15356,5.19026,5.37382,5.33752,5.07144,5.24804,5.28784,5.2481
5.35362,5.28475,5.34551,5.08184,5.24037,5.13525,5.39081,5.56633,5.42679,5.24711,5.24157,5.12117,5.10924,5.14073,5.03019,5.2512,5.11436,5.34078,5.16726,5.24857,5.03236,5.25408,5.19676,5.03141,5.24721,5.16843,5.13097,5.08608,5.15585,5.18369,5.11992,4.92856,5.33348,5.1189,5.38451,5.30144,5.14925,5.14621,5.11655,4.9579,5.33713,5.12079,5.03488,5.07482,5.15903,5.21287,5.39071,5.06643,5.35204,5.16941,5.23009,5.03407,5.13591,5.19449,5.31065,5.29004,5.03049,5.43206,5.26408,5.06357,5.29025,5.37446,5.35858,5.22388,5.12835,5.38072,5.25338,5.27011,5.17743,5.01188,5.07418,5.22255,5.1603,5.23875,5.19905,5.20817,4.7717,5.13663,5.17177,5.2351,5.19997,5.17268,5.1308,5.3541,5.10985,5.09157,5.29668,5.31908,5.30379,4.99852,5.18168,5.13264,5.09481,5.18165,5.34189,5.29567,5.09827,5.15546,5.36597,5.17015
5.33366,5.21446,5.32274,5.09816,5.26605,5.02914,5.32993,5.44454,5.34787,5.23605,5.41003,5.19124,5.11202,5.1918,5.12947,5.18707,5.07214,5.33032,5.08687,5.21558,4.99366,5.25549,5.24363,5.10619,5.19158,5.20237,5.15156,5.07302,5.10197,5.19111,5.14054,5.01191,5.21672,5.19156,5.32058,5.29317,5.22063,5.19974,5.08238,4.94854,5.27922,5.15126,5.1691,5.07786,5.13637,5.27225,5.37233,5.08545,5.45228,5.1936,5.16684,5.00564,5.14949,5.28566,5.4012,5.36476,4.99781,5.44457,5.24694,5.1603,5.30094,5.47149,5.34947,5.24116,5.08337,5.24,5.13662,5.2185,5.19635,5.06368,5.02364,5.29998,5.16248,5.3023,5.18826,5.21409,4.82421,5.07778,5.19144,5.30655,5.18329,5.23572,5.20511,5.3587,4.99548,5.00799,5.33396,5.3359,5.36194,5.08745,5.17487,5.11127,5.00148,5.20324,5.39172,5.20975,5.12706,5.22582,5.47282,5.15739
5.27313,5.31371,5.37672,5.06992,5.24304,5.05994,5.17656,5.42326,5.39334,5.20732,5.27595,5.20083,5.16004,5.12843,5.13447,5.29062,5.10712,5.39667,5.05293,5.32127,5.19437,5.28059,5.36184,5.11578,5.05667,5.36912,5.14803,5.0117,5.0597,5.2822,5.25731,5.02941,5.26459,5.15957,5.31743,5.21796,5.32387,5.21384,5.13574,5.0603,5.203,5.07332,5.19554,5.13736,5.05825,5.21645,5.2805,5.09835,5.33266,5.22121,5.22161,5.03316,5.20097,5.29709,5.43059,5.24105,5.10009,5.39911,5.22447,5.11578,5.20833,5.33632,5.31572,5.18513,5.02209,5.25638,5.07222,5.24369,5.10951,5.02147,5.02249,5.30127,5.0823,5.30195,5.15533,5.14523,4.85295,5.08595,5.16614,5.37488,5.17504,5.28901,5.11585,5.32333,5.09273,5.17007,5.30757,5.26143,5.33695,5.11507,5.17839,5.16986,4.97083,5.26488,5.37905,5.11725,4.98136,5.23557,5.40762,5.1331
5.28702,5.28452,5.37589,5.03502,5.37191,5.03841,5.13315,5.37656,5.41382,5.29255,5.24426,5.16407,5.08038,5.14115,5.21471,5.30576,5.13483,5.34773,5.09191,5.19794,5.16656,5.0663,5.20943,5.07784,5.15781,5.42204,5.12599,5.06939,5.00321,5.35738,5.12849,5.09014,5.16942,5.17372,5.29819,5.18713,5.31867,5.14294,5.0199,5.05403,5.15456,5.03814,5.15045,5.18477,5.09888,5.17643,5.29585,5.22045,5.36752,5.29343,5.05313,5.04935,5.18401,5.30568,5.30711,5.34692,5.10348,5.28242,5.31765,5.07958,5.24644,5.34034,5.31056,5.18923,5.12594,5.19227,5.18474,5.18666,5.20021,4.99315,5.099,5.358,5.05857,5.31675,5.08932,5.11788,4.87863,5.03851,5.26919,5.27631,5.08771,5.24063,5.05361,5.29915,5.17115,5.31722,5.34476,5.28474,5.30199,5.14743,5.23749,5.14846,5.05186,5.23085,5.37865,5.16431,5.0669,5.14938,5.35226,5.08281
5.32951,5.20251,5.2949,5.01312,5.33316,4.98225,5.16803,5.4535,5.41616,5.38582,5.23639,5.16205,5.12048,5.08086,5.2148,5.29233,5.19659,5.33118,5.0831,5.12349,5.25562,5.11731,5.21133,5.01146,5.07699,5.33608,5.105,5.03638,5.08195,5.25726,5.10871,5.19788,5.14296,5.08873,5.23766,5.32537,5.14955,5.20467,5.08454,5.14649,5.22342,5.03382,5.0536,5.24711,5.04005,5.11475,5.24912,5.28306,5.31419,5.23573,5.01853,5.07221,5.24512,5.23808,5.39266,5.42266,5.0192,5.25704,5.17767,5.1191,5.26105,5.29179,5.23638,5.21408,5.16718,5.1125,5.13671,5.18589,5.21426,4.99051,5.22738,5.3146,5.12979,5.23085,5.17041,5.07455,4.95249,4.96173,5.29517,5.22433,5.1473,5.26029,5.1051,5.3207,5.1764,5.23702,5.39697,5.3811,5.29636,5.04783,5.18829,5.20578,5.04603,5.24071,5.33942,5.22328,5.07315,5.14607,5.28304,5.13765
5.14725,5.19729,5.23014,5.03061,5.34032,4.99838,5.09911,5.4657,5.37145,5.34624,5.10848,5.19712,5.25258,5.0457,5.18466,5.24529,5.22519,5.43685,5.15398,5.14472,5.21133,5.11912,5.19378,4.94334,5.18831,5.25961,5.15876,5.08105,5.09467,5.19824,5.11992,5.29659,5.23845,5.06287,5.15359,5.37754,5.16098,5.24909,5.18259,5.10183,5.19833,4.99088,5.21146,5.29568,5.17426,5.08331,5.30655,5.20028,5.31925,5.18564,5.17878,5.10052,5.2346,5.19795,5.46011,5.39833,5.05102,5.31385,5.18573,5.32328,5.29746,5.15818,5.27217,5.19559,5.14089,5.19323,5.12587,5.29501,5.19113,5.12496,5.2509,5.4329,5.04692,5.15744,5.05787,5.11662,5.12283,5.02365,5.2848,5.13,5.2063,5.3067,5.1146,5.31098,5.18257,5.21109,5.27792,5.28413,5.19502,4.99481,5.1866,5.24951,5.08585,5.14987,5.32922,5.17194,5.24423,5.14046,5.18837,5.13574
5.08976,5.28254,5.09408,5.10048,5.23089,5.07988,5.14016,5.46516,5.36112,5.35941,5.17702,5.27423,5.16844,5.10575,5.12395,5.22246,5.26605,5.34352,5.19218,5.25262,5.26815,5.15101,5.15668,4.95418,5.20921,5.34416,5.16919,5.02087,5.08763,5.19038,5.09722,5.26618,5.22534,5.12458,5.04734,5.33451,5.17128,5.25483,5.19328,5.08256,5.13537,5.09529,5.20339,5.3406,5.25289,5.13834,5.36632,5.21866,5.24189,5.20629,5.31282,5.06373,5.23353,5.09604,5.44274,5.45802,5.09242,5.37571,5.16497,5.24639,5.20154,5.08418,5.19486,5.04903,5.06839,5.13391,5.13968,5.24852,5.03089,5.2106,5.30703,5.38666,5.11312,5.17709,5.036,5.24678,5.1863,4.96226,5.26048,5.21898,5.05434,5.21232,5.12046,5.20661,5.16533,5.13542,5.16735,5.34885,5.33005,5.0829,5.12829,5.25749,4.93452,5.18213,5.20549,5.12153,5.20096,5.07075,5.13742,4.96537
5.15701,5.23947,5.21964,5.12618,5.22183,5.25181,5.13922,5.42163,5.35398,5.3925,5.17336,5.21121,5.23889,5.04158,5.05576,5.17325,5.24512,5.33081,5.22667,5.26219,5.20883,5.03231,5.23996,4.94976,5.16979,5.49557,5.21339,5.06568,5.19447,5.19134,5.08491,5.19186,5.13527,5.07723,4.97614,5.38722,5.16394,5.18316,5.14713,5.12138,5.16559,5.14362,5.24989,5.36312,5.21253,5.15069,5.35824,5.20237,5.12608,5.20654,5.3746,5.16686,5.23747,5.25366,5.36653,5.45083,5.06442,5.30389,5.1744,5.22523,5.12774,4.9799,5.14946,5.01101,5.05816,5.24488,5.16076,5.26333,5.04471,5.23939,5.31543,5.37978,5.08837,5.16758,5.02728,5.25527,5.2001,4.98556,5.18144,5.22147,5.09252,5.29326,5.0939,5.13673,5.17944,5.04446,5.11237,5.37482,5.26304,5.10315,5.11913,5.21856,4.8398,5.17152,5.14722,5.07561,5.31515,5.04952,5.23857,4.95003
5.14852,5.16014,5.15043,5.2398,5.19345,5.24426,5.13431,5.26645,5.32102,5.32281,5.30669,5.24059,5.25131,5.05364,5.09817,5.16123,5.1467,5.30147,5.21346,5.2742,5.16067,5.04988,5.27718,4.98766,5.24287,5.57063,5.23222,4.97363,5.15048,5.14724,5.03106,5.16196,5.17931,5.06586,5.05443,5.33577,5.18616,5.22784,5.07718,5.15248,5.1555,5.11806,5.22388,5.27737,5.30372,5.12986,5.30273,5.16416,5.10335,5.22958,5.2534,5.20001,5.20745,5.22526,5.3455,5.36392,5.05464,5.32006,5.18676,5.19001,5.12539,5.08296,5.16429,5.01644,5.01587,5.26882,5.12198,5.14617,5.03394,5.17705,5.30577,5.38211,5.1295,5.14525,4.96979,5.2867,5.14232,5.11931,5.08498,5.15956,5.08582,5.36916,5.10494,5.08704,5.1149,5.04516,5.22829,5.40649,5.21733,5.13921,5.08507,5.02757,4.89129,5.2263,5.22304,5.09894,5.15215,5.19345,5.20819,4.99084
5.20093,4.99265,5.19403,5.15338,5.18318,5.35097,5.22258,5.25038,5.36943,5.29271,5.37553,5.19811,5.27986,5.17929,5.0326,5.19276,5.16446,5.25349,5.18108,5.16311,5.02621,5.02505,5.19872,5.15732,5.25508,5.51782,5.17,5.04532,5.14286,5.15445,5.12528,5.17262,5.05754,5.16797,5.03198,5.28399,5.11362,5.14497,5.07484,5.18618,5.25145,5.13649,5.17751,5.26901,5.18284,5.15488,5.17012,5.21453,5.05372,5.30539,5.21786,5.18132,5.20095,5.11741,5.24831,5.2653,5.14307,5.20596,5.17166,5.1827,5.10852,5.05292,5.15728,5.00983,5.05958,5.2592,5.17012,5.05277,4.96361,5.11461,5.30352,5.40976,5.23648,5.0819,5.00011,5.30624,5.23874,5.1341,5.05986,5.13042,5.08522,5.33695,5.13253,5.04194,5.21015,5.03274,5.2843,5.40413,5.17956,5.07711,5.09763,5.05849,4.94996,5.28586,5.17089,5.15507,5.14516,5.13123,5.19648,5.10133
5.18185,5.0694,5.06524,5.21372,5.22752,5.23417,5.21723,5.2309,5.36454,5.19867,5.3908,5.36345,5.25122,5.19481,5.06071,5.26907,5.17061,5.19086,5.08395,5.13355,5.09673,4.91028,5.21774,5.11084,5.26243,5.44587,5.12243,5.05104,5.17363,5.24811,5.04395,5.22849,5.0678,5.12643,4.96405,5.19032,5.15451,5.06816,5.2486,5.165,5.2802,4.97324,5.01431,5.22269,5.17739,5.1392,5.16963,5.21284,4.97298,5.25968,5.02163,5.21036,5.12568,5.11854,5.23383,5.28827,5.191,5.21401,5.09,5.33562,5.12766,5.0196,5.14664,5.02636,4.99748,5.18319,5.09107,4.96791,5.03219,5.03388,5.27937,5.27872,5.24442,5.15881,5.04974,5.32654,5.24513,5.11354,5.09511,5.12981,5.13524,5.26384,5.06199,5.10871,5.21678,4.87857,5.26265,5.47122,5.06827,5.19235,5.197,4.93931,4.87409,5.25336,5.14274,5.18086,5.1509,5.08606,5.19099,5.05043
5.06636,5.13686,5.18191,5.18814,5.31889,5.20002,5.17004,5.31638,5.35508,5.16673,5.34467,5.30785,5.16978,5.1296,5.09815,5.20508,5.01741,5.16287,5.04802,5.20047,5.12444,4.89331,5.10992,5.10172,5.16117,5.36166,5.07526,5.01684,5.20852,5.22322,5.17958,5.25906,4.9461,5.18247,5.06813,5.32404,5.10859,5.05976,5.28834,5.20536,5.30843,5.03382,5.06696,5.25807,5.1281,5.12845,5.22334,5.30248,4.99665,5.20132,4.98087,5.2333,5.22619,5.25889,5.26765,5.28297,5.2481,5.18306,5.2116,5.33271,5.13556,5.07206,5.15091,5.09036,5.00748,5.20292,5.14532,4.90004,5.03027,5.11324,5.21862,5.20915,5.24095,5.17456,5.00112,5.26876,5.26546,5.15718,5.06849,5.17252,5.14825,5.25843,5.01251,5.06514,5.22506,4.86201,5.07696,5.56085,4.97972,5.1835,5.17756,4.96998,4.78641,5.31863,5.12869,5.13187,5.16319,5.14044,5.05293,5.07375
4.99941,5.19188,5.16028,5.19399,5.26663,5.29452,5.15081,5.22628,5.38782,5.08021,5.51775,5.30857,5.15854,5.14735,5.09495,5.08711,4.96467,5.07304,5.04947,5.13104,5.14154,4.96325,5.07466,5.21681,5.19844,5.37173,5.1339,5.0489,5.18623,5.28595,5.12437,5.10286,4.86809,5.25088,4.99926,5.30544,5.08457,4.98306,5.271,5.18288,5.20892,4.96479,5.05028,5.34305,5.13261,5.01365,5.23935,5.26589,5.01093,5.23602,5.04619,5.21807,5.16145,5.2088,5.13289,5.22065,5.25272,5.15001,5.19631,5.25075,5.15728,5.0303,5.05361,5.15068,5.06515,5.13009,5.10098,4.91153,5.04969,5.03149,5.16908,5.14475,5.17272,5.14697,4.97388,5.21969,5.20869,5.16619,5.02694,5.22376,5.08502,5.20011,5.01775,5.05004,5.12248,4.84653,5.04124,5.58971,5.02687,5.07591,5.23445,4.9189,4.87924,5.21238,5.11432,5.09084,5.20611,5.15418,5.01466,5.19891
4.93142,5.08462,5.20666,5.25535,5.1866,5.31989,5.10446,5.34462,5.34646,4.95482,5.30774,5.33812,5.16922,5.23984,5.10471,5.09629,5.08711,4.99377,5.01213,5.21258,5.13857,5.06458,5.00926,5.12985,5.20334,5.28029,5.18765,5.13131,5.13724,5.29173,5.03968,5.10783,4.93155,5.25553,5.03486,5.19476,5.0836,5.0204,5.0724,5.15667,5.10477,5.07353,5.07937,5.28512,5.09429,5.15101,5.24281,5.21458,5.07854,5.22643,5.03202,5.34807,5.11022,5.17975,5.12348,5.2809,5.20375,5.09308,5.19403,5.23766,5.17048,5.0074,5.08873,5.17321,5.07946,5.12649,5.10003,4.9436,5.00897,5.00644,5.2033,5.19997,5.15756,5.09069,5.02141,5.25943,5.21816,5.13741,4.99814,5.15188,5.02328,5.10848,5.00839,5.01708,5.05858,4.93865,5.07814,5.59252,4.93044,5.0627,5.18281,4.87514,4.95336,5.18388,5.08451,5.17749,5.24673,5.17223,5.00334,5.19268
5.06515,5.07276,5.16145,5.19675,5.17952,5.35033,5.00418,5.35911,5.2687,4.96144,5.34291,5.30775,5.13761,5.26499,5.09463,5.11328,5.08758,5.02724,5.09086,5.26911,5.1619,5.13556,5.11372,5.11507,5.37644,5.13303,5.12551,5.02386,5.14703,5.29712,4.99804,5.14637,4.99421,5.20791,5.02044,5.1974,5.04752,4.88058,5.01565,5.21147,5.11484,5.11916,5.10168,5.19527,5.14721,5.12875,5.23376,5.19726,5.04787,5.2999,5.03166,5.29897,5.19116,5.17469,5.22668,5.22784,5.16433,5.21089,5.17934,5.16823,5.14621,5.16653,5.0978,5.08239,5.11841,5.10946,5.1036,5.02297,4.93928,5.07504,5.1825,5.11004,5.18763,5.09099,5.05625,5.23059,5.27157,5.10679,4.93335,5.1468,5.10652,5.14334,4.9964,4.97163,5.11936,4.93334,5.05505,5.57821,5.01378,5.02997,5.02331,4.98499,5.07979,5.17555,5.0976,5.09914,5.20863,5.19332,5.02724,5.12242
5.16956,5.14244,5.16132,5.10575,5.20923,5.27397,4.99483,5.28673,5.24287,4.98225,5.15303,5.37835,5.14088,5.28438,4.98845,5.10953,5.13402,5.06979,5.01623,5.33218,5.07968,5.08221,5.15962,5.13052,5.37986,5.01866,5.15109,5.01773,5.09437,5.29456,5.091,5.16726,4.97577,5.28057,4.99601,5.18682,5.02724,4.88598,4.94612,5.2305,5.14752,5.14674,5.12366,5.25652,5.19281,5.0221,5.18391,5.12286,5.07178,5.24127,5.09707,5.33522,5.15411,5.2285,5.14899,5.24946,5.20584,5.2253,5.16725,5.06944,5.20599,5.13715,5.20465,5.04446,5.04465,5.08847,5.22715,5.06352,4.85449,5.16624,5.08142,5.19121,5.23099,5.07393,5.05584,5.30354,5.32299,5.12915,4.9719,5.11338,5.00462,5.06083,4.9372,4.97893,5.14122,4.9456,5.15014,5.56877,4.96703,5.02441,5.07864,4.94598,5.00857,5.10823,4.95147,5.0616,5.26211,5.1477,5.1156,5.15499
5.17058,5.16568,5.21483,5.08081,5.29025,5.18917,5.05093,5.32686,5.26752,4.8594,5.16781,5.29398,5.18104,5.21931,5.02342,5.10932,5.19453,5.0782,5.03909,5.2856,5.0182,5.17003,5.06378,5.08855,5.29661,4.98314,5.11718,4.95991,5.0511,5.30214,5.12355,5.13789,4.89516,5.18832,5.01801,5.16663,5.05434,4.94043,4.95556,5.11419,5.18215,5.10251,5.15604,5.38234,5.10059,4.93108,5.12648,5.13367,4.8993,5.34525,5.03833,5.31564,5.08284,5.22045,5.15643,5.23071,5.06596,5.2134,5.25458,5.10739,5.15635,5.06407,5.16529,4.99629,5.00651,5.15996,5.19903,5.15106,4.90201,5.16743,5.09368,5.15667,5.16727,5.11212,5.01228,5.29203,5.38483,5.19361,4.96136,5.0578,5.10351,5.15172,4.95844,5.05681,5.15104,4.97802,5.17835,5.44182,4.85824,5.14866,5.1643,4.93427,5.0786,5.15595,4.9364,5.10409,5.18085,5.09725,5.10931,5.0135
5.09661,5.16484,5.25038,5.03619,5.39167,5.17741,5.08361,5.20666,5.17503,4.86145,5.20989,5.19368,5.25386,5.23106,5.17632,5.14323,5.17017,5.06708,4.95416,5.34889,5.03572,5.05917,5.10012,5.14683,5.2023,5.00749,5.10891,4.95394,5.11333,5.28256,5.04089,5.14015,5.03107,5.2115,5.01857,5.21194,5.1234,4.91408,4.91971,5.04056,5.07555,5.15085,5.17777,5.413,5.10209,4.99034,5.11119,5.04337,4.85023,5.23402,4.93957,5.28554,5.11052,5.22848,5.09243,5.20285,5.11862,5.19268,5.32541,5.10111,5.22829,5.02876,5.04053,5.02819,5.01057,5.07948,5.18525,5.10509,4.8993,5.08494,5.18602,5.0958,5.12154,5.16462,5.00262,5.23338,5.40059,5.17146,4.98772,5.15058,5.15758,5.10108,4.98476,5.17965,5.12001,4.93568,5.18832,5.35281,4.80919,5.20824,5.02446,4.97234,5.01667,5.16819,4.90367,5.17827,5.0936,5.08415,5.08475,5.09982
5.09237,5.22955,5.30916,4.96974,5.29066,5.18389,5.08075,5.18953,5.21848,5.01099,5.34716,5.23921,5.21126,5.21214,5.20918,5.18055,5.18056,5.00881,4.94277,5.28752,4.99174,5.14905,5.04712,5.09107,5.12938,4.98148,5.12952,4.91834,5.08649,5.36261,5.08606,5.0637,4.99643,5.1756,5.01863,5.14137,4.96305,5.14618,5.0192,4.95493,5.13045,5.16816,5.20368,5.37728,5.04523,5.0637,5.04841,5.0068,4.91561,5.12321,4.90511,5.24406,5.09613,5.15668,5.12063,5.17895,5.10885,5.03608,5.23144,5.13134,5.25507,5.10108,4.99689,4.95895,5.03558,5.08955,5.08499,5.12019,4.81832,5.10269,5.18858,5.09527,5.09732,5.06153,5.03595,5.15051,5.33549,5.1247,5.00776,5.11935,5.01191,5.14701,5.01414,5.13072,5.09704,4.88336,5.16272,5.27134,4.89659,5.12086,5.07071,5.0974,5.0757,5.17697,4.94084,5.27447,5.18108,5.08564,5.05863,5.05333
5.02716,5.21455,5.26142,5.02345,5.26953,5.16491,5.13551,5.09433,5.19868,4.99353,5.39703,5.27538,5.21805,5.22049,5.25974,5.25251,5.18984,4.94026,4.9509,5.27512,5.06211,5.11247,5.04814,5.18177,5.18913,4.92896,5.21489,4.93953,5.08074,5.27404,5.08605,5.14653,5.02557,5.2286,5.04998,5.11186,4.9834,5.06265,4.989,4.9886,5.03338,5.02557,5.28758,5.30546,5.00515,5.12093,5.00145,4.96343,4.91014,5.08499,4.93812,5.23462,5.08623,5.1732,5.2314,5.18779,5.10491,4.90721,5.25032,5.08048,5.22221,5.15099,5.06636,4.99532,5.05848,4.95384,5.09113,5.2095,4.88868,5.12733,5.17568,5.10666,4.98866,4.99251,4.97754,5.16479,5.30398,5.1966,5.1272,5.1256,5.02074,5.14653,5.09444,5.10646,5.05455,4.92627,5.13174,5.3287,4.86916,5.13923,5.03453,4.97496,5.02941,5.17575,5.00839,5.08026,5.27787,5.09737,5.04248,5.05318
4.98901,5.29709,5.26424,5.01477,5.11733,5.21529,5.07163,5.07495,5.26721,5.07349,5.23898,5.26364,5.12708,5.25895,5.22967,5.28917,5.22678,4.94776,5.06023,5.24927,4.89873,5.07304,5.0341,5.13409,5.29572,4.90063,5.20534,5.011,5.06133,5.25052,5.04011,5.08947,4.9377,5.17093,5.01175,5.01711,4.94389,5.01949,4.99699,4.95511,4.93668,4.94699,5.27951,5.30092,4.93465,5.09329,4.93967,4.91014,4.91006,5.09243,4.94678,5.19912,5.15083,5.16499,5.23881,5.19573,5.17541,4.89351,5.15612,5.07912,5.1296,5.21597,5.10508,5.01798,5.10974,4.97464,5.06694,5.17649,5.00469,5.03235,5.16421,5.04433,5.02589,4.90938,5.08669,5.12912,5.23863,5.16731,5.05465,5.14113,4.96351,5.09147,5.09444,5.0757,5.09533,4.98818,5.12538,5.23875,4.98499,5.13975,5.06863,4.86657,5.0582,5.1519,5.11647,5.10455,5.15819,5.08243,5.10995,5.04962
4.9125,5.21736,5.15688,5.03796,5.13794,5.15127,5.10193,5.02855,5.16161,4.96358,5.30722,5.23744,5.18581,5.14406,5.2071,5.24543,5.14602,4.95242,4.97522,5.26047,4.93688,5.11827,5.09849,5.14258,5.27819,4.90817,5.11121,5.03766,5.11279,5.29115,5.03665,5.09949,5.04345,5.11841,5.01547,5.09741,4.92369,4.9294,4.95528,5.08969,4.92762,4.94247,5.25888,5.18647,4.9451,5.11985,4.98777,5.00819,4.8107,5.15757,5.14748,5.22749,5.13497,5.12341,5.28467,5.17429,5.14388,4.92939,5.21083,5.11687,5.15273,5.13817,5.14646,4.91041,5.09024,4.91689,4.9632,5.21154,4.97572,5.17431,5.22499,5.1049,5.03656,4.94989,5.13903,5.08476,5.24535,5.13966,5.01925,5.15871,4.92986,4.9954,5.07532,5.04657,4.9687,5.04988,5.06166,5.20915,5.00519,5.1667,4.99842,4.92691,5.04176,5.10771,5.09389,5.04148,5.08851,5.11797,5.08169,5.00117
4.88353,5.13291,5.24387,5.08511,5.1502,5.11894,4.9968,5.09426,5.13913,5.01756,5.22413,5.22341,5.01987,5.02286,5.09896,5.13837,5.18,4.901,4.96578,5.36947,4.89125,5.12134,5.07223,5.1072,5.28486,4.94302,5.01885,4.96076,5.01446,5.27833,5.0002,5.15713,5.04447,5.1075,5.10936,5.14506,4.84363,4.99006,4.96182,5.05011,4.99494,5.08825,5.35813,5.06011,5.02662,5.10198,5.06706,4.92077,4.80113,5.07545,5.19397,5.14681,5.13023,4.90622,5.17512,5.15305,5.13542,5.06261,5.16752,5.19132,5.09393,5.11815,5.16537,4.9346,5.06312,4.88502,4.918,5.34702,5.02411,5.13237,5.20271,5.18988,5.02527,5.01638,5.11178,5.04231,5.28143,5.21353,5.04468,5.1884,5.00963,4.9715,5.04736,5.0759,4.96299,5.07497,5.01745,5.11172,4.94349,5.15084,4.98886,5.01777,4.98964,5.23231,5.03623,5.00204,5.13722,5.10563,5.13458,4.98076
4.96525,5.1447,5.19944,5.07265,5.08652,5.12341,5.12407,5.08384,5.09578,5.00795,5.19069,5.21311,4.90809,5.09418,5.10159,5.08197,5.20342,4.92102,4.95016,5.20607,4.93985,5.08039,5.09756,4.9963,5.23636,5.00422,5.01095,4.86862,5.04179,5.20493,5.01736,5.07526,4.97577,5.1354,5.05935,5.18193,4.84917,5.0893,4.99725,5.06826,4.99884,5.15028,5.36176,4.97609,5.03457,5.15568,5.00996,4.96126,4.84433,5.07856,5.1124,5.12171,5.14364,4.92825,5.22867,5.07078,5.1001,5.1068,5.12563,5.10735,5.03639,5.11701,5.12327,5.06211,5.06057,4.92628,4.96231,5.15732,5.06761,5.1512,5.24248,5.19878,5.02311,4.95508,5.07643,5.07695,5.30051,5.27205,5.08191,5.13323,4.98918,4.96268,5.09203,5.05812,5.05307,5.00939,5.06946,5.15491,4.85799,5.12095,5.05007,4.92436,5.13678,5.25676,4.87131,4.91375,5.19332,5.06028,5.0536,4.88229
4.94573,5.10411,5.17166,5.0641,5.01973,5.03824,5.08977,5.09429,5.06359,5.00045,5.06473,5.14314,4.91094,5.11633,5.06417,5.23078,5.29078,4.89508,4.99248,5.26526,4.91793,5.10196,5.16703,4.92168,5.2275,5.06742,5.03565,4.851,5.03954,5.25607,5.11498,4.9336,4.97734,5.06096,5.14111,5.10153,4.90922,5.05322,5.10357,5.06067,5.07421,5.16195,5.32971,4.95125,5.18631,5.15879,4.95024,4.98873,4.82576,5.05624,4.98547,5.02988,5.14301,4.84167,5.18305,5.02882,5.12739,5.04368,5.13776,5.17284,5.05718,5.17408,5.07987,5.09516,5.05424,4.97107,4.94514,5.17069,4.92739,5.16898,5.28734,5.2281,5.07409,4.94513,5.11806,5.02438,5.2856,5.32834,5.16698,5.07583,5.08402,4.91457,5.04055,5.20538,5.05096,4.89892,4.95179,5.18672,4.87257,5.08175,4.94809,5.0948,5.18986,5.18076,4.85986,4.90979,5.17466,5.06784,5.09517,4.8796
4.97077,5.24986,5.11501,5.10157,5.13909,4.95093,5.06821,5.14465,4.97435,5.05524,5.00149,5.04123,4.9081,5.18225,5.14295,5.24903,5.23321,4.92675,5.00204,5.17899,4.95252,5.01152,5.16707,4.94379,5.07137,5.00818,4.94009,4.86525,5.02173,5.2304,5.14489,4.98653,4.95613,5.12296,4.99083,5.18366,4.83431,5.10764,5.19441,5.09555,5.04725,5.17855,5.23514,5.13498,5.0342,5.10777,4.9622,4.99703,4.92262,5.04221,4.94235,5.04913,5.14532,4.91325,5.02915,5.14167,5.0313,5.05194,5.19388,5.02277,5.14257,5.1391,5.1148,5.09574,5.01245,4.96818,4.90952,5.07728,4.94721,5.16048,5.2893,5.154,5.05158,4.98155,5.1703,5.03506,5.28037,5.31538,5.07226,5.16787,5.09675,4.96654,5.0356,5.18667,5.02466,4.90849,4.88273,5.15809,4.83711,5.07099,4.89197,5.01126,5.23795,5.18171,4.77305,4.92603,5.13686,5.03591,5.11795,4.91722
4.92795,5.27521,5.25549,5.11684,5.05152,4.99446,5.05337,5.06267,4.83679,5.14629,4.98578,4.97798,4.92595,5.05696,5.05155,5.27512,5.2184,4.98215,4.96914,5.15642,4.9249,5.00339,5.17465,5.02803,5.08715,4.87771,5.01309,4.92786,5.00895,5.26917,5.15138,5.06197,4.88541,5.17605,4.93335,5.14359,4.82109,5.08625,5.27341,5.12048,4.97548,5.18738,5.19077,5.08906,5.02382,5.08552,5.0258,5.06244,4.95563,5.10527,4.88533,4.9201,5.11136,4.9354,5.15815,5.13783,4.99514,4.96526,5.18835,5.0374,5.18008,5.10865,5.0525,4.94706,5.10472,5.00945,5.01461,5.03553,4.91356,5.04875,5.21432,5.18997,4.98592,4.98704,5.02126,5.06617,5.27059,5.23679,5.1161,5.17584,5.195,4.8865,5.01571,5.11782,5.05886,4.90388,4.82642,5.13107,4.90038,5.25769,4.80196,5.08534,5.23402,5.14733,4.93384,4.98994,5.11662,5.05691,5.18822,4.99814
4.92857,5.24937,5.24446,5.10364,5.04674,5.00297,5.03983,5.08763,4.68053,5.21691,4.97018,4.98058,4.84702,5.16801,5.04563,5.24958,5.33222,4.98271,4.98639,5.08835,4.88555,4.99683,5.13312,5.06776,5.04387,4.96962,4.96126,4.97568,5.09781,5.12429,5.09107,5.04212,4.89735,5.08797,5.00968,5.15026,4.96091,5.08788,5.26956,5.16214,4.9361,5.09573,5.15701,5.08427,5.03732,5.04213,4.99795,5.10253,5.00708,5.02845,4.9841,4.918,5.188,4.89888,5.07108,5.06768,4.94719,5.04131,5.3195,4.99576,5.12541,5.1715,5.17776,4.97261,5.14393,5.01814,5.02486,4.96887,4.94668,5.01942,5.15029,5.14082,4.9755,4.94311,4.96226,4.98228,5.33779,5.27873,5.19007,5.14779,5.2228,4.89604,4.97838,5.13741,5.06898,4.91142,4.84744,5.07149,4.99399,5.25952,4.70584,5.12821,5.10829,5.06584,4.96994,5.03346,5.07548,5.05397,5.24436,5.06749
4.95853,5.11732,5.1793,5.1191,5.01676,5.02952,4.98607,5.05744,4.68682,5.201,4.96048,4.94293,4.79574,5.14694,4.98925,5.10394,5.33278,4.93982,5.08741,5.10396,4.97003,4.91698,5.07244,5.07262,5.02588,4.86426,5.08349,4.945,5.09605,5.15024,5.21778,5.08007,5.0087,4.98531,4.97643,5.19721,4.97594,5.01571,5.21251,5.18857,4.85725,5.10074,5.10069,5.12206,5.00015,5.0608,5.01092,5.11202,4.85158,5.07402,5.03593,4.95334,5.20717,4.86665,5.0845,4.98573,4.95698,4.95346,5.34293,5.17076,5.09179,5.15074,5.13503,4.94265,5.27687,5.08507,5.02799,4.99104,4.9729,5.09073,5.13653,5.12283,5.02917,4.99653,4.96641,5.06783,5.278,5.18724,5.06668,5.1708,5.15333,4.85904,4.97049,5.1175,5.1069,4.90764,4.8361,5.05557,5.02436,5.22241,4.7577,5.15677,5.16059,5.18025,4.90497,5.02951,5.12937,5.01023,5.28792,5.05171
4.92934,5.1768,5.04565,5.18519,5.0198,5.03912,5.02086,5.09261,4.83535,5.17691,4.94398,4.99822,4.83813,5.14195,5.01,5.00708,5.23424,4.97983,5.05424,5.09811,4.90477,4.95505,4.97799,5.03703,5.06349,4.85777,4.95458,4.9603,5.06193,5.16237,5.22783,5.07755,5.06703,4.92319,4.95833,5.19082,4.90909,5.08591,5.11897,5.20131,4.81673,5.03325,4.99197,5.15555,5.02455,5.05496,5.05485,5.08778,4.88634,5.10527,5.03529,4.98642,5.21065,4.87546,5.1242,4.95598,5.01302,4.97344,5.33605,5.09913,5.09562,5.0439,5.14803,5.10656,5.20834,5.12125,5.10192,4.99543,5.0281,5.1979,5.0847,5.13076,5.10805,5.0746,5.01648,5.05887,5.25207,5.16771,5.03326,5.1534,5.116,4.92009,4.9656,5.06113,5.16254,4.96478,4.92392,5.04631,5.00275,5.08157,4.78201,5.08605,5.08775,5.1082,4.90783,4.92486,5.18618,5.07574,5.2374,5.11346
4.82278,5.24322,4.99957,5.1578,5.03218,5.11286,4.95237,4.99923,4.89506,5.13856,5.0754,4.96465,4.93996,5.10456,5.03194,4.98081,5.07377,5.04103,5.04011,5.12964,4.9548,4.94678,4.93763,4.98076,4.98293,4.77299,4.93025,4.97492,5.01091,5.14271,5.16345,5.11784,5.02385,4.87803,4.9636,5.2081,4.97668,5.08228,5.10107,5.12752,4.70037,5.09693,5.00393,5.09226,4.99262,5.01399,5.03455,5.05031,4.86379,5.09998,4.95456,5.0573,5.19796,4.89588,5.04047,4.98398,5.03718,4.92181,5.24115,5.03776,5.12193,4.96615,5.05982,5.13455,5.19695,5.13405,5.04303,5.10611,5.04372,5.20315,5.06816,5.22787,5.12744,5.06717,5.10957,5.15833,5.24255,5.19026,5.04785,5.09736,4.95008,5.0042,5.00308,5.10871,5.15919,4.94035,5.01178,5.07819,5.08062,5.07574,4.82712,5.09633,4.93913,5.01899,4.85441,5.00155,5.18153,5.12835,5.11583,5.01585
4.80102,5.2448,4.98808,5.2046,5.01451,5.1295,5.09641,5.0482,4.91643,5.15288,5.10209,4.89855,4.88737,5.03684,5.03331,4.94594,4.93001,5.00607,4.9762,5.0663,5.04054,5.0127,4.92108,4.9332,5.04536,4.84736,5.00438,4.96149,5.08362,5.04318,5.15143,5.06655,5.07135,4.95751,4.92183,5.22824,5.09014,5.01675,5.11714,5.16269,4.74657,5.05131,5.01394,4.99363,5.0312,5.03625,5.08375,5.08453,4.93112,5.15322,4.85814,5.03453,5.17104,4.99674,5.02446,4.97387,5.12642,5.00551,5.20799,4.99804,5.09179,4.95363,5.029,5.01166,5.11229,5.15792,5.10132,5.06743,5.01173,5.1811,5.03515,5.17506,5.14526,5.10987,5.06017,5.11867,5.2084,5.25284,5.08336,5.19392,4.92518,5.11124,4.95573,5.00729,5.00538,4.81261,5.03113,5.08141,5.10863,5.04483,4.79812,5.06946,4.87793,5.01049,4.83809,5.06138,5.20057,5.11659,5.07818,5.03537
4.81084,5.12625,4.96784,5.23934,4.99434,5.03599,5.16052,5.07059,4.95303,5.15764,4.98674,4.85517,4.98854,5.04718,4.90486,4.90699,4.84288,5.02732,5.00486,5.00729,5.06707,4.9796,4.95647,5.05405,5.12867,4.8363,5.04303,4.93999,5.07745,5.1011,5.12899,5.02156,4.98885,4.78071,4.91549,5.18118,5.01539,5.03136,5.08683,5.01846,4.67651,4.97826,5.08834,5.00268,5.02693,4.97955,5.16195,5.05043,4.93341,5.08718,4.89881,5.05857,5.02518,4.9711,5.07045,4.95428,5.09041,5.02137,5.23168,4.90761,5.08554,5.01678,4.95694,4.93925,5.05138,5.17664,5.02422,5.01729,5.01195,5.05526,4.99572,5.15716,5.10363,5.02429,5.12301,5.08593,5.18155,5.08969,5.11299,5.13923,4.94464,5.1283,5.02882,5.0447,5.07212,4.89079,4.96615,5.14004,5.18283,5.074,4.85027,5.01292,4.92142,4.96902,4.74377,5.01311,5.11421,5.04572,5.02703,5.09145
4.82751,5.15358,4.95573,5.30685,4.92968,5.00319,5.15617,5.12356,4.94321,5.13708,5.03673,4.87663,4.98193,5.01268,4.99014,4.95392,4.84314,4.91738,4.96526,4.97079,5.15789,4.92485,5.05815,5.00038,5.05742,4.90319,5.0515,4.90241,5.08557,5.11236,5.15448,5.04595,4.98053,4.74478,4.86378,5.1702,4.98135,5.13125,5.08265,4.96702,4.68756,4.91379,5.11876,5.03494,5.03721,4.835,5.21688,5.07716,5.05066,5.15474,4.90298,4.94112,5.07698,5.09653,5.02567,4.88328,5.07568,5.02576,5.12212,4.99814,5.08137,4.98683,5.09502,5.01037,5.05578,5.14088,5.03281,5.04752,5.04474,5.0019,4.98238,5.16221,5.11901,5.03405,5.15013,5.14429,5.10989,5.06398,5.12757,5.13606,5.033,5.00837,5.19627,5.12205,4.98021,4.94303,4.93123,5.15983,5.21703,5.02505,4.90328,5.00114,5.00578,4.9753,4.89671,5.12527,5.09046,5.02069,5.17763,5.15192
4.86468,5.10608,4.93988,5.30111,4.91423,5.01818,5.20236,5.11649,5.06259,5.29443,5.006,4.84099,4.95427,5.05061,5.02286,5.07,4.8929,5.00822,4.96389,4.97083,5.13823,4.85719,5.07663,4.96701,5.12678,4.82324,5.09352,4.91482,5.01028,5.23304,5.2116,5.15885,5.03519,4.88153,4.84917,5.11988,5.06147,5.08776,5.13253,4.98258,4.75044,4.8463,5.07183,5.08033,4.96656,4.94249,5.17666,5.05334,5.00947,5.12403,4.9426,4.85258,5.05614,5.12413,5.037,4.90453,5.15927,4.97417,5.10012,5.01046,5.07605,4.96569,5.10413,5.10008,5.09386,5.07246,5.04566,5.02487,5.02112,5.0049,4.95175,5.081,5.10339,4.9667,5.17599,5.11156,5.20063,5.10932,5.12457,5.04845,5.01595,4.89018,5.18398,5.20457,4.99986,5.02927,5.0504,5.02043,5.15984,4.9656,4.89024,4.98703,4.94465,4.99786,5.04198,5.12083,5.10857,4.98082,5.21967,5.15205
4.88183,5.12337,4.98811,5.18498,4.88086,5.08776,5.12096,5.15441,5.05881,5.28402,4.98401,4.92506,4.92465,4.90038,5.05628,5.19091,4.8628,4.84085,4.97108,5.01869,5.0565,4.76697,5.07416,5.03061,5.09389,4.94221,5.15538,4.96114,5.00612,5.10424,5.25889,5.12064,5.06019,4.89291,4.8581,5.13837,5.05897,5.02393,5.04854,5.04906,4.73763,5.00194,5.13908,5.02239,5.0306,4.94394,5.15909,5.11696,5.01999,5.11439,4.94098,4.84533,5.0517,5.0484,4.94125,4.81479,5.14136,5.00005,5.04049,4.96281,5.10077,5.06142,5.06913,5.05939,5.06795,5.07511,5.05054,5.09283,4.90312,5.021,4.95107,5.117,5.06391,5.00675,5.31373,5.147,5.12732,5.21038,5.02087,5.0124,5.10281,4.82989,5.19392,5.14684,5.04702,4.98594,5.02775,5.00024,5.0686,4.93557,4.95788,4.95631,4.85097,5.10621,5.06112,5.04816,5.09705,5.04789,5.26726,5.11168
4.98182,5.17487,4.90206,5.12386,4.90035,5.12217,5.11983,5.07829,5.0618,5.24955,4.98415,4.90373,4.99238,4.91907,5.17711,5.11518,4.99552,4.82995,5.00033,5.11245,5.05658,4.70536,5.00241,4.91291,5.18363,4.92209,5.16043,4.97024,5.06618,5.00019,5.06797,5.12002,5.07677,4.98953,4.83599,5.07263,5.09706,5.05126,5.14145,5.06305,4.74833,5.05443,5.07544,5.08266,5.04999,4.81875,5.21112,5.05775,4.98238,5.04485,5.05427,4.95002,5.11259,5.09132,4.93939,4.84004,5.11617,5.03816,4.94968,4.9512,5.08171,4.96509,5.05322,4.99561,5.0279,5.00114,5.19095,5.16275,4.95735,5.04175,4.92456,5.13024,5.09873,4.99675,5.18937,4.97228,5.08737,5.13646,5.05534,5.04628,4.97589,4.85539,5.15371,5.13699,5.12051,4.87671,5.09506,5.01456,5.08068,4.80572,4.82872,4.95456,4.77077,5.038,5.07807,5.09246,5.06753,5.04519,5.2372,5.10876
4.96809,5.24581,4.95603,5.08652,4.92246,5.14133,5.14867,5.2008,5.1076,5.18301,4.91477,4.89415,4.95296,4.86406,5.12707,5.28644,4.98927,4.87462,4.98096,5.04631,4.95641,4.82061,5.092,4.85937,5.16491,4.98496,5.28353,4.94973,5.10826,4.84377,5.06408,4.97253,4.92141,4.98364,5.00277,5.0556,5.14805,5.00579,5.1652,5.06421,4.85109,4.99114,5.13542,5.1837,5.06009,4.75942,5.18795,5.13325,4.98464,5.06005,5.0769,4.96911,5.17449,5.06421,4.94737,4.85699,5.11749,5.03011,5.01123,4.94446,5.06787,4.97505,5.042,5.02976,5.01864,5.03576,5.12821,5.12462,4.95563,5.07149,4.9571,5.15633,5.13866,5.03697,5.24505,5.08215,5.11808,5.14884,4.93408,5.10989,5.02377,4.90413,5.06088,5.02735,5.13546,4.82182,5.09049,5.06084,5.07444,4.85421,4.94848,4.95263,4.77421,5.07902,5.05515,5.06796,5.11215,5.12366,5.28707,5.14759
4.97269,5.17969,4.90427,5.1704,4.77754,5.05103,5.11997,5.28999,5.1018,5.22301,4.82252,4.793,5.01454,4.87283,5.07251,5.24093,5.02396,4.91434,4.97734,5.17508,5.01456,4.92984,5.06739,4.99784,5.17439,4.98844,5.18387,4.96965,5.22708,4.86178,5.09483,4.90773,4.86988,4.94865,4.94408,5.14421,5.08027,5.03141,5.12186,5.04824,4.85923,4.98548,5.01734,5.10835,5.13929,4.80585,5.20957,5.15496,4.98152,5.08799,5.11663,4.91089,5.13517,5.05515,4.92579,4.87862,5.00287,5.02433,5.03556,4.95524,4.97377,4.96284,5.0355,5.07172,5.01812,5.0518,5.06562,5.11252,5.02056,5.06967,4.93736,5.14854,5.10024,5.0418,5.18273,5.08766,5.08194,5.01982,4.89309,5.00935,5.056,4.94697,5.10895,5.08914,5.11037,4.92516,5.0321,5.04876,5.03896,4.78258,4.90803,5.0611,4.71583,5.08703,4.9371,5.02469,5.09607,5.12345,5.32556,5.17413
4.93315,5.22346,4.9481,5.17337,4.77103,4.98277,5.11177,5.29678,5.05896,5.3036,4.82134,4.84007,5.00005,4.94894,4.96594,5.2166,5.01335,5.08203,5.04538,5.15938,4.98867,4.86434,5.06957,4.99068,5.1972,4.98284,5.09507,4.87127,5.13591,4.9364,5.12164,4.8903,4.89297,5.05084,4.97438,5.17474,5.16901,5.05257,5.09962,4.92419,4.85861,4.99358,5.00268,5.08128,5.16458,4.88141,5.22451,5.01107,4.95859,5.13504,5.16145,4.9699,5.15982,5.09107,5.07585,4.82715,5.01364,4.97564,5.1233,4.90354,4.89579,5.11015,5.04971,5.02989,5.05059,4.95466,5.14517,5.13991,5.02159,5.04472,4.97551,5.0528,5.16711,5.07554,5.19136,5.06698,4.91938,5.06019,4.92904,4.92625,5.03311,4.97681,5.04788,5.05524,5.04005,5.01147,4.96361,5.03539,5.01862,4.80651,4.97263,5.05888,4.63782,5.04807,4.9489,5.00658,5.08224,5.02297,5.30532,5.08777
4.96597,5.20422,4.92591,5.09519,4.71096,4.93297,5.11906,5.24565,5.18217,5.32282,4.93261,4.78722,5.08911,5.04983,4.96707,5.18069,5.03125,5.02857,5.04696,5.12977,5.01621,5.03317,5.00994,5.06045,5.28006,5.02403,5.03213,4.92949,5.2011,4.96219,5.1101,4.94075,5.00823,4.92786,4.92758,5.18538,5.13897,5.1388,5.15717,4.9816,4.92558,4.86544,5.00127,5.0873,5.04674,4.89244,5.23409,4.97697,4.93509,5.17279,5.15555,4.889,5.16963,5.05555,5.05377,4.95831,5.04959,4.92277,5.16096,4.88541,4.75254,5.17839,5.11245,4.97735,5.04658,4.95625,5.11033,5.19421,5.10846,4.91979,4.9586,5.16485,5.2056,5.14422,5.19351,5.03056,4.93753,5.05195,4.97891,4.87103,5.14289,5.07614,5.06509,4.96175,4.98484,5.21102,4.92276,4.96893,5.04982,4.81419,4.92319,5.15402,4.60911,5.04709,5.00614,4.91396,5.04519,5.03951,5.43547,5.07556
5.04221,5.09363,4.93882,5.0404,4.78746,4.94104,5.13366,5.17419,5.18281,5.24903,4.93697,4.74275,5.13242,5.07318,4.93841,5.15011,5.11274,5.07026,5.07535,5.22365,5.08256,5.03158,4.95311,5.02536,5.20616,5.05727,4.9252,4.99697,5.14705,4.90497,5.01208,4.92996,5.10395,4.95897,4.91188,5.16984,5.12375,4.99398,5.07691,4.96075,4.98818,4.82992,5.05535,5.03791,5.00598,4.9185,5.25677,5.01149,5.05978,5.14456,5.19153,4.87179,5.17682,5.06774,5.0795,4.99692,5.11985,4.87581,5.18274,5.00837,4.8063,5.18075,5.0948,4.98415,5.14673,4.95319,5.16047,5.1359,5.12177,4.83452,4.81196,5.17416,5.15421,5.14634,5.10635,5.03807,4.97388,5.18533,5.08585,4.85867,5.14101,4.94036,5.05506,4.89633,4.93779,5.21429,5.04443,5.02087,5.12268,4.73822,4.93183,5.19102,4.69882,4.92654,5.1277,4.93016,5.07524,5.07713,5.37641,5.05434
5.06268,5.08112,4.91725,4.99986,4.86972,4.90927,5.19345,5.12352,5.28222,5.27418,4.91766,4.71728,5.14479,5.13483,4.96673,5.17348,5.11454,5.06139,4.92405,5.1254,5.03435,5.15901,4.83189,5.00805,5.21853,5.04697,5.03395,4.88519,5.07467,4.96332,4.94134,4.92651,5.07983,4.87921,4.88156,5.1836,5.14689,4.96,5.13406,5.00576,5.03887,4.83186,4.98814,5.05078,4.94582,4.84343,5.26498,5.05261,4.95475,5.19662,5.22435,4.86783,5.23606,5.0063,5.00875,5.09103,5.05344,4.93423,5.2327,4.87969,4.74013,5.08174,5.17519,4.99456,5.12633,4.90034,5.21643,5.01403,5.06255,4.89497,4.82943,5.23209,5.13356,5.18433,5.08051,5.12583,5.01777,5.05031,4.95243,4.90769,5.10854,4.98481,5.05432,4.84839,4.94625,5.24192,5.11383,5.02195,5.14746,4.83094,4.83392,5.10958,4.76417,4.99384,4.97803,4.84018,5.14178,5.08851,5.26537,4.99749
5.057,5.09642,4.98417,4.93844,4.88563,4.80487,5.16424,5.11581,5.30256,5.19779,4.91436,4.78151,5.09773,5.18893,4.94602,5.00967,5.07445,5.10135,4.90715,4.98937,5.01345,5.08184,4.84666,5.08819,5.10698,5.03017,4.98205,4.92954,5.07227,4.89345,5.04233,4.81042,5.0791,4.89076,4.95451,5.08523,5.02585,5.01087,4.94559,4.9769,4.89911,4.804,5.00023,4.97123,5.0408,4.86615,5.15252,5.09185,4.95702,5.2217,5.11237,4.86909,5.20198,5.01918,5.03214,5.1541,5.10451,4.93412,5.27019,4.98738,4.7338,5.15238,5.12541,5.02382,5.04999,4.96329,5.19668,4.9632,5.10589,4.95143,4.70445,5.13329,5.14958,5.1765,4.89744,5.00294,4.92949,5.08733,4.91187,4.93566,5.04029,5.04235,5.15942,4.89724,5.01898,5.17685,5.06849,5.00206,5.08508,4.81914,4.86786,5.1298,4.84562,5.05414,5.00098,4.92542,5.18955,4.99944,5.25047,4.96594
5.02335,5.13268,4.9959,4.88178,4.88743,4.78952,5.07922,5.09717,5.31634,5.26389,5.02806,4.7608,5.0713,5.10725,5.0083,5.04458,5.09547,5.05521,4.81923,5.01789,5.03087,5.11505,4.94914,4.94804,5.1299,5.06609,4.9395,4.86401,5.08994,5.05767,5.00565,4.7535,5.01138,4.98908,4.92697,5.11472,5.0192,5.03583,5.01644,4.85218,5.08915,4.86405,4.80336,5.02883,5.01606,4.93361,5.12282,5.18383,4.93151,5.30766,5.03183,4.91,5.11448,4.8857,5.10346,5.24915,5.09744,4.93038,5.30763,4.97693,4.7161,5.07959,5.17426,4.98306,5.03787,4.96647,5.12139,5.01702,5.01115,4.9795,4.63749,4.99806,5.20745,5.12127,4.94773,5.0561,4.96308,5.03363,4.86752,4.94518,4.95188,5.0509,5.15197,4.92563,4.95203,5.10083,4.91816,5.00734,5.05085,4.8363,4.81667,5.12476,4.79654,5.17748,4.88453,4.94713,5.12519,4.95391,5.21542,5.04981
5.00005,5.07643,4.94342,4.94803,4.96439,4.79288,5.00784,5.25531,5.20907,5.10545,4.99104,4.84727,5.13029,5.06299,4.98089,5.08397,5.09349,5.14951,4.91855,5.00961,4.96297,5.07751,4.94898,5.03418,5.10681,5.09796,4.97508,4.82291,5.07348,5.05445,5.08324,4.74261,4.80694,4.94801,4.96812,5.09561,5.00874,5.02845,5.02831,4.92306,5.08281,4.86375,4.90794,4.98479,5.00514,4.95861,5.16402,5.12642,5.01107,5.26764,5.00347,4.89561,5.13546,4.79618,5.1329,5.13976,5.12203,4.87958,5.28718,4.98907,4.74138,5.11634,5.14998,4.94229,4.95182,5.0355,5.13134,4.98386,4.90442,5.04141,4.71342,4.98145,5.15519,5.02402,4.93338,5.0097,4.981,4.94352,5.02457,4.93309,4.95084,5.13929,5.12283,4.97915,5.07458,5.09831,4.95031,5.06335,4.92801,4.85733,4.90571,5.07207,4.87705,5.16259,4.93826,4.99935,5.10995,5.01396,5.20622,4.97219
4.97047,5.01788,4.97447,4.92465,4.95712,4.847,4.96613,5.24788,5.16253,5.0529,5.12096,4.83917,5.17501,5.05377,4.99857,5.1258,5.14784,5.20235,4.94956,5.02916,5.03106,5.09299,4.98091,5.06343,5.0227,5.12081,4.92036,4.81391,5.09708,5.06424,5.00037,4.82345,4.74888,4.95959,5.00976,5.0806,4.90441,4.9927,4.97345,4.81702,5.03069,4.86659,5.07077,4.91957,4.93329,4.98186,5.11915,5.19122,4.97485,5.23224,5.00905,4.91317,5.26462,4.87717,5.07153,5.11973,5.05354,4.88301,5.34955,5.006,4.70325,5.10634,5.31468,4.96273,4.95704,4.97454,5.14867,4.90747,4.94532,4.95316,4.80368,4.97193,5.13624,5.0118,4.94587,4.9483,4.95211,4.86495,5.03325,4.94969,4.94662,5.05375,5.10196,4.98814,5.13269,5.0694,4.94704,5.08148,5.02318,4.87078,4.93575,5.10973,4.85481,5.19232,4.93035,4.99814,5.05575,4.90762,5.08387,5.02725
4.94461,4.9122,5.04655,4.92776,4.95138,4.85492,4.95836,5.22257,5.18029,4.94301,5.09678,4.86917,5.16913,4.96787,4.97947,5.08802,5.12974,5.15704,5.01344,4.99469,4.95668,5.22454,4.96677,5.01329,5.01384,5.11223,4.9685,4.91736,4.972,5.00523,4.87846,4.86909,4.82843,4.96676,5.02374,5.00212,4.87893,5.02745,5.02001,4.91613,5.07222,4.79995,5.0786,5.03384,5.02422,4.92165,5.14563,5.21702,5.1298,5.1977,5.06679,4.8741,5.16658,4.95295,5.15009,5.04172,5.08693,5.00765,5.3073,4.9214,4.7751,4.96335,5.31191,5.0176,4.98504,4.98181,5.12561,4.8968,5.01798,4.98666,4.83812,5.00225,5.1795,5.06116,5.06932,4.92875,5.01627,4.93579,4.99137,5.02442,4.87567,5.03913,4.96093,4.96558,5.05038,5.18958,4.94781,5.18848,5.1203,4.94091,5.00591,5.11376,4.85527,5.07773,4.92281,5.00284,5.05263,4.99123,5.08876,4.99526
5.01866,4.95978,5.07093,4.96102,4.91993,4.88927,4.96322,5.20552,5.18081,4.98994,5.18378,4.79709,5.07288,5.0307,4.94165,5.06466,5.00779,5.09985,5.03668,4.99332,4.88694,5.24727,4.95579,4.96481,5.09619,5.08977,4.93254,5.00668,4.98773,4.98343,4.82377,4.95819,4.94633,5.06551,5.09637,5.1187,4.85597,5.03195,4.97892,4.92679,5.12219,4.83554,5.06363,4.95506,5.07646,4.93929,5.12956,5.10634,5.16845,5.256,4.96657,4.88941,5.1572,4.95607,5.10836,5.07782,5.03976,5.13247,5.2721,4.93009,4.80128,5.01901,5.28578,5.02655,5.02728,4.97687,5.11174,4.85191,5.08886,4.94366,4.75915,5.01397,5.12686,5.0121,5.10376,4.93427,5.06858,4.9118,4.90484,5.01313,4.97077,5.06829,5.00023,4.94631,4.97946,5.18501,4.92254,5.26136,5.04264,5.0579,5.05235,5.15236,4.87426,5.07747,4.86562,5.04523,5.01345,5.12294,5.03609,4.89984
5.21774,4.9701,5.09123,4.87293,4.90699,4.86543,4.88478,5.22368,5.27977,4.97297,5.09862,4.84842,4.96432,4.99715,4.88835,5.04371,4.98501,4.97206,5.04443,5.04036,4.91489,5.2312,4.95578,4.80476,5.04788,5.06754,4.9527,5.00552,5.01412,5.05444,4.9029,4.88464,4.91824,5.06771,5.0685,5.07213,4.87612,5.05468,5.03409,4.87519,5.22966,4.91221,5.04868,5.03498,5.03648,4.98947,4.98519,5.04613,5.05556,5.22852,4.86965,4.91039,5.1545,4.90044,5.15253,5.0049,5.02274,5.15775,5.22916,4.91339,4.72753,4.98163,5.21988,5.0378,5.01808,4.96344,5.01009,4.89718,5.03414,4.9775,4.74808,5.02089,5.12174,5.02077,4.85861,4.91334,4.93717,4.96558,4.89473,4.95887,4.90275,5.14198,5.03308,4.89682,4.92349,5.07866,4.93338,5.18624,4.96187,5.06743,5.06508,5.03388,4.88569,5.0687,4.93653,5.0866,5.05388,5.04246,5.0503,4.90296
5.29806,4.97653,5.14956,4.84324,4.84004,4.8073,4.8058,5.17455,5.19597,5.03246,5.09833,4.85118,5.05753,4.93533,4.99543,5.06579,5.05478,5.08042,4.95493,4.96298,4.845,5.19967,4.79568,4.8866,5.03094,5.04886,4.9116,5.0026,4.96968,5.03895,4.94248,4.82587,4.79747,5.03883,5.02786,5.08063,4.95502,5.1292,5.00196,4.94999,5.24621,4.98073,5.10695,5.03107,5.00755,5.04359,4.94761,5.02091,4.95865,5.24713,4.86465,4.9226,5.12689,4.84273,5.14234,5.00151,4.94984,5.15176,5.20398,4.93499,4.69391,5.04553,5.14736,5.05232,4.97528,4.98161,4.97242,4.85092,4.99376,4.85304,4.63589,5.08005,5.06993,5.00114,4.85059,4.88755,4.89812,4.88595,4.99557,4.94294,4.93819,5.08134,4.95166,4.9464,4.83589,5.08696,4.96341,4.95453,4.89725,5.01925,5.06569,5.19496,4.89058,4.97639,4.88561,5.07059,4.96564,5.15529,5.04588,4.88111
5.17358,4.92649,5.13742,4.91446,4.8942,4.8552,4.78977,5.03098,5.12478,4.96681,5.00594,4.83728,5.02786,4.84329,4.91699,5.07293,5.10339,5.11291,4.98224,4.94776,4.88542,5.21448,4.85631,4.82966,5.0655,5.10594,4.85682,5.06193,4.97084,5.06641,4.89324,4.76794,4.82569,5.05786,5.03699,5.15008,4.92042,5.07691,4.94316,4.93479,5.21317,4.94939,5.07681,5.08279,4.945,5.11545,4.96367,4.93555,4.99766,5.08235,4.8923,4.88349,5.11416,4.92556,5.17418,5.00816,4.99753,5.1272,5.19733,4.82564,4.68495,4.9648,5.04428,5.03643,5.00537,5.03707,5.00287,4.87198,5.04761,4.86447,4.6939,5.23345,5.0114,5.07052,4.86242,4.91093,5.00119,4.8489,5.04197,4.88844,4.94173,5.14527,4.97887,4.94064,4.77801,5.11417,4.95591,4.97672,4.87247,4.96332,4.99653,5.09401,4.95343,4.95533,4.91971,5.11041,4.92128,5.04771,5.00009,4.93284
5.08048,4.87643,5.10321,4.88167,4.93945,4.91927,4.86075,4.98491,5.11392,4.97454,4.9953,4.90382,5.07573,4.79569,4.93837,5.10436,5.12388,5.08555,5.05281,4.85905,4.92915,5.11152,4.98882,4.96617,5.07325,5.12384,4.9019,4.97675,4.96264,5.12401,4.94541,4.77678,4.76017,5.01023,5.05039,5.10852,4.94318,5.08546,4.95745,4.90019,5.06033,4.93433,5.04767,4.99859,4.91814,5.10986,5.01283,4.95076,5.06154,5.02022,4.89645,4.86644,5.04892,4.89523,5.21487,5.09629,4.9703,5.15895,5.1468,4.9628,4.77184,4.98394,4.9319,4.94696,4.95968,5.00982,5.02791,4.86652,5.07773,4.79531,4.79188,5.20624,5.01506,5.09306,5.00997,4.92724,5.00293,4.787,5.04978,4.86847,4.84628,5.0421,4.9834,4.85502,4.78553,5.12476,4.96018,5.047,4.85902,5.03466,4.97993,5.15853,4.94334,4.91029,4.97949,5.16232,4.85761,5.03671,4.99387,4.9223
5.02114,4.91124,5.00683,4.89404,5.02214,4.88827,4.81098,4.89144,5.15802,4.92838,4.96758,4.86469,5.11022,4.84306,4.91116,5.07267,5.12756,5.03716,5.07178,4.98066,4.85812,5.12484,4.9048,4.96462,5.04028,5.11227,4.88145,4.99185,4.94083,5.03736,4.92604,4.75373,4.8387,5.02148,5.10627,5.11121,4.94217,4.92305,5.03692,4.91141,5.13745,4.88818,5.05468,5.05437,4.9478,5.11653,4.93208,4.95125,5.11134,4.968,4.94024,4.86676,5.04645,4.91678,5.12197,5.04355,4.93615,5.05977,5.14925,4.84,4.76519,4.96546,4.9924,4.91343,4.95721,5.06551,5.05077,4.89374,5.03693,4.86961,4.84789,5.16906,5.08392,5.00117,5.03976,4.9028,5.00338,4.81139,5.01648,4.84824,4.90706,5.07548,4.97187,4.79472,4.75311,5.15068,4.87834,5.05568,4.926,5.00086,4.93265,5.10241,4.94909,4.98317,5.00669,5.06876,4.92082,4.9626,5.04859,4.93806
5.0722,4.95385,4.9289,4.83734,5.08195,4.8583,4.91985,4.86491,5.06296,4.87787,5.02454,4.95721,5.0909,4.94644,4.83538,5.02948,4.93125,5.08879,5.00306,4.89869,4.85948,5.1198,4.91778,5.0206,5.17095,5.12628,4.88415,4.93612,4.837,5.09858,4.89445,4.80996,4.92988,4.99827,5.11968,5.14423,4.94638,4.97895,4.97852,4.84246,5.24458,4.942,4.99138,5.14045,4.90914,5.11065,4.8498,4.91924,4.96329,4.91892,5.03093,4.95262,4.94362,4.8309,5.13848,5.07906,4.97419,5.12739,5.2112,4.82783,4.75319,4.90999,5.00236,4.85976,4.89134,5.01845,5.02397,4.79817,5.01491,4.75371,4.92213,5.06799,4.97732,4.98438,5.0212,4.86528,5.03266,4.76712,5.0068,4.96347,4.9266,5.06298,4.97029,4.79331,4.66466,5.11147,4.86343,5.05607,4.83758,5.04986,4.99251,5.03316,5.05225,5.02128,4.90258,5.10998,4.93887,4.94809,4.98539,4.88366
5.11617,4.98579,4.9677,4.78757,5.11532,4.81947,4.8951,4.88957,5.02262,4.90754,5.00611,4.98623,5.04646,4.88126,4.89313,5.06979,4.98361,5.16648,5.00803,4.98532,4.82943,5.18647,4.90788,5.02241,5.08345,4.94543,4.88865,4.93777,4.87873,5.09567,4.90776,4.87683,4.99995,5.04337,5.24388,5.16174,4.96513,4.83115,5.01594,4.85192,5.31358,4.95447,5.01515,5.11393,4.95264,5.08941,4.82181,4.90177,4.93896,4.97385,4.90781,5.02477,5.04694,4.8527,5.09619,5.11336,4.9114,5.19946,5.13105,4.80872,4.71437,4.94952,4.94051,4.8492,4.87505,4.983,5.04373,4.86494,4.94807,4.71701,4.89603,5.00631,5.03524,4.93373,4.95544,4.97633,5.00164,4.82042,5.04054,5.04834,4.94724,5.08279,4.95666,4.80426,4.69971,5.09215,4.84713,5.02484,4.90941,5.10215,4.99135,4.98832,5.03312,5.07311,5.02767,5.02495,4.93536,4.91174,5.00463,4.87898
5.15312,5.03615,4.96062,4.80207,5.11901,4.83471,4.81229,4.84341,5.08191,4.86062,5.11938,5.01333,4.89348,4.92327,4.8486,5.11354,4.94648,5.04203,5.12424,4.9641,4.79754,5.1308,4.84586,4.93484,4.97001,4.99932,4.97421,4.95414,4.87521,5.03947,4.87395,4.80456,5.03209,5.01005,5.19087,5.07827,4.99801,4.92643,4.88212,4.89584,5.24929,5.02591,5.02265,5.07205,5.01408,5.10963,4.85683,4.90337,4.92077,4.97557,4.78474,4.88415,5.13004,4.87438,5.18543,5.17173,5.01726,5.20797,5.20322,4.76513,4.69395,4.97218,5.00923,4.88224,4.95366,4.94838,5.06911,4.88968,4.92726,4.7564,4.85831,4.91256,4.98061,4.89316,4.91837,4.97235,5.01031,4.77736,5.02738,5.0061,5.05117,5.07559,5.04142,4.89899,4.67638,5.03247,4.91461,4.92586,4.82002,5.02724,4.92407,4.95383,5.04568,5.03643,4.98834,5.09274,4.91584,4.93386,5.00612,4.98111
5.13429,4.97371,4.95211,4.78069,5.008,4.83499,4.80013,4.81058,5.06127,4.86664,5.08727,4.91345,4.87466,4.86933,4.87174,5.1346,4.89096,5.03586,5.24006,4.92753,4.79968,5.10828,4.88788,4.92228,5.02837,4.9592,4.99806,4.9568,4.8711,4.97755,4.86414,4.92215,5.01074,5.01455,5.04159,5.16149,4.96071,4.89263,4.80821,4.93606,5.16504,5.05355,4.90438,4.97128,5.08843,5.07461,4.80093,4.85743,4.95916,4.99419,4.7972,4.85408,5.1163,4.7681,5.15998,5.04919,5.01217,5.11516,5.21561,4.87713,4.83,5.00014,4.90632,4.93819,5.04218,5.00149,5.03374,4.90952,4.86451,4.7683,4.90995,4.9351,4.94627,4.93353,4.9279,5.09609,5.04625,4.84132,5.06781,4.98381,5.02973,5.07181,5.03047,4.90189,4.77491,5.14269,4.90251,4.8137,4.84983,4.97889,4.89097,4.84524,5.03151,5.06989,5.09971,5.05417,4.8982,4.98127,4.92924,4.91191
5.16643,4.943,5.00045,4.86742,5.0183,4.85995,4.78007,4.81046,5.10352,4.82679,5.01384,4.91827,4.83861,4.83737,4.84342,5.12408,4.89636,5.05139,5.16208,4.99473,4.88426,4.96554,4.89373,5.02578,5.11119,5.00902,5.06874,4.98669,5.00427,4.94503,4.87017,4.79971,5.06615,4.97646,5.08094,5.02108,4.91305,4.93169,4.82843,4.91106,5.15441,5.09319,4.8545,5.06989,5.09458,5.04826,4.81825,4.83936,4.93992,4.91065,4.81052,4.84738,5.07893,4.8122,5.12147,5.0061,5.00063,4.94378,5.16397,4.80749,4.81884,5.06477,4.95111,4.93233,4.98887,4.96771,4.90987,5.01967,4.96559,4.70286,4.99389,4.9288,4.88552,5.01259,4.84769,5.01987,5.04851,4.87014,5.088,4.98376,5.01195,4.97446,5.08093,4.95166,4.74599,5.17827,4.90073,4.90967,4.93191,4.97801,4.93642,4.7679,5.00323,5.06781,5.07622,5.04291,4.915,4.88191,4.89808,4.9757
5.06653,5.041,5.03677,4.9059,5.00598,4.87662,4.78424,4.86851,5.1398,4.81395,5.01754,4.94997,4.94009,4.86495,4.88936,5.14748,4.88571,4.9937,5.16755,4.91535,4.83116,4.93629,4.93729,5.03348,5.10237,4.9101,5.02561,4.94914,4.91402,4.92624,4.93165,4.88938,4.99637,4.99195,5.01442,4.97535,4.85314,4.90782,4.874,4.85679,5.14055,5.12841,4.79097,5.03582,5.1871,5.05255,4.83811,4.78321,4.99274,4.99789,4.92208,4.87451,5.00013,4.77531,5.02558,5.02232,5.04701,4.91555,5.10904,4.78652,4.82575,5.04676,4.92017,4.98039,4.907,4.9124,4.96298,4.92482,4.88539,4.79227,5.01386,5.0239,4.86422,5.03306,4.88844,5.01951,5.09146,4.8711,5.04569,5.06938,5.00659,5.01841,5.06713,4.96427,4.90401,5.10257,4.85154,4.8585,4.9483,5.00426,4.91213,4.67731,4.96815,4.96713,5.07222,5.09436,4.94013,4.90628,4.90212,4.93216
4.99189,5.09637,4.93634,4.89959,4.97148,4.92616,4.80203,4.90245,5.10715,4.79234,4.97699,4.94571,4.84001,4.94093,4.87566,5.13976,4.93349,4.9852,5.04505,4.79379,4.93319,5.06258,4.92627,5.02059,5.15218,4.90828,5.04628,4.87768,4.86671,4.93295,4.85485,4.87024,4.89401,4.96292,5.06149,5.03254,4.88206,4.85431,4.86022,4.90592,5.16198,5.12782,4.82984,5.05939,5.1146,5.00319,4.86487,4.80934,5.04207,4.93318,4.84117,4.84913,5.01866,4.79103,5.03172,4.82399,5.08017,4.84192,5.11925,4.91292,4.80942,4.94199,4.84296,4.87903,4.92292,4.95979,4.89253,4.8129,4.8938,4.73044,4.9826,5.06392,4.86375,5.05964,4.90377,4.94705,5.16194,4.81011,5.07364,5.10956,4.96345,4.99353,5.05021,4.95517,4.86839,4.97416,4.92958,4.90668,4.88501,5.10321,4.8758,4.77877,4.9823,5.08922,4.99991,5.0506,4.95506,4.90997,4.87048,4.88017
4.98043,5.15729,4.9714,4.86205,4.98368,4.91515,4.7694,4.83203,5.11122,4.83217,5.01371,4.93097,4.93646,5.01152,4.92232,5.14137,4.99174,4.98359,5.01014,4.91253,4.8338,5.10015,4.90095,4.87472,5.02153,4.90908,5.0009,4.92132,4.81963,4.84237,4.91119,4.97084,4.90737,5.00363,5.06445,5.05055,4.85182,4.78319,4.91866,4.89816,5.14683,5.01403,4.8393,5.0185,5.09541,4.92487,4.9148,4.86638,5.02252,4.89776,4.74749,4.91855,4.99263,4.74415,4.94928,4.91144,5.06906,4.94238,5.11316,4.83674,4.83069,4.92904,4.84129,4.84702,4.95717,5.0377,4.87178,4.86123,4.86134,4.72722,4.88823,4.86361,4.97503,4.97634,4.95791,4.92478,5.05933,4.86078,4.99682,5.07832,4.95456,4.91489,5.19629,5.01427,4.80546,4.98345,4.85035,4.82787,4.8233,5.08953,4.87805,4.83171,4.98814,5.12956,4.97293,4.98243,4.94676,4.94093,4.81513,4.87139
4.86807,5.11194,4.97048,4.79789,4.96127,4.97926,4.76741,4.86765,5.13861,4.92858,5.02195,4.92379,4.90056,4.98236,4.97013,5.17349,4.87312,4.95888,5.06919,4.86153,4.80237,5.02244,4.95901,4.89764,4.97597,4.9601,5.09742,4.9467,4.82106,4.87187,4.96692,5.04404,4.87295,5.0492,4.96918,5.12454,4.86306,4.77395,4.93595,4.82441,5.02311,5.03723,4.87555,5.09159,4.99955,4.85637,4.97717,4.77506,5.14978,4.88708,4.70671,4.93338,4.95333,4.8584,4.95774,4.84335,5.13528,4.92971,5.15185,4.85068,4.90511,5.00776,4.89004,4.83958,4.95866,4.9173,4.79178,4.77999,4.90936,4.77871,4.97393,4.89674,4.95624,4.93063,4.95471,4.91115,5.0162,4.8852,4.95109,5.06023,4.97052,4.85534,5.11129,4.98119,4.8029,4.94615,4.93338,4.81477,4.85183,4.9571,4.86927,4.8114,5.01073,5.08394,5.07187,4.93784,4.89395,4.92564,4.86819,4.85852
4.82515,5.10095,4.91202,4.87265,4.95952,4.86604,4.77494,4.81311,5.0622,4.87595,5.00569,4.96998,4.82562,4.91144,4.99911,5.18645,4.94829,4.85428,5.07594,4.85484,4.70069,5.10983,4.94121,4.91911,4.83888,4.92504,5.11447,4.98582,4.74382,4.87761,4.96624,5.05529,4.88466,4.92897,5.06502,5.06202,4.84918,4.8015,4.92434,4.92207,4.98476,5.01859,4.80919,4.98257,4.94922,4.83565,5.04416,4.81636,5.14156,4.85574,4.708,4.88375,4.9021,4.89112,4.87202,4.8466,5.04662,4.92469,5.09464,4.8073,4.91083,5.05505,4.98048,4.89114,4.94315,4.91299,4.75911,4.85321,4.88362,4.8826,4.89985,4.95724,5.03107,4.99704,4.91917,4.91024,5.05336,4.83768,4.93055,5.04134,4.88338,4.89112,5.0139,4.96472,4.83393,4.90072,5.00422,4.88036,4.90039,5.05791,4.94447,4.67547,5.03584,4.97397,5.12104,5.04489,5.02561,4.92397,4.84553,4.85834
4.90209,5.117,4.80462,4.81205,4.9724,4.89765,4.77654,4.93382,4.9903,4.91204,4.94861,4.93944,4.79471,4.92065,5.01537,5.10429,4.95509,4.88113,5.08544,4.86689,4.76018,5.05739,4.8697,4.99071,4.94431,4.86934,5.19207,4.98043,4.69682,4.96184,5.03391,5.02272,4.93194,4.96655,4.98397,4.94964,4.82669,4.90748,4.87036,4.92812,4.954,4.97773,4.79842,5.10852,4.90435,4.93421,5.0171,4.75279,5.15695,4.82167,4.76439,4.84055,4.89645,4.93026,4.94059,4.96523,4.96147,4.88834,5.06601,4.89755,4.90458,5.00652,4.93892,4.91346,4.92354,4.92052,4.78038,4.85376,4.79945,4.90684,4.93073,5.01051,5.07318,4.9827,4.8914,4.96645,4.98071,4.95019,4.95465,5.01888,4.89515,4.89405,4.95992,4.99408,4.83972,4.78996,4.97044,4.91411,4.96605,5.05125,4.91269,4.67428,4.97077,4.9964,5.17315,5.15741,5.05436,4.90493,4.71195,4.80087
4.88029,4.99249,4.78882,4.75255,4.94329,4.94105,4.84395,4.85589,4.95167,4.89928,4.94224,4.83735,4.74988,4.87706,5.05606,5.16168,4.95532,4.85286,5.04502,4.94256,4.82403,5.11248,4.93431,4.97755,4.92082,4.83436,5.06594,4.89891,4.77166,4.90731,5.06799,4.96388,4.79894,4.86276,4.91894,4.96184,4.81061,4.90936,4.87281,4.97815,4.92081,4.85201,4.80712,5.05664,4.90198,4.8728,5.10062,4.8622,5.15775,4.85349,4.8406,4.76085,4.91321,4.98212,5.02241,4.94671,4.92222,4.83506,5.10808,4.94439,4.87785,5.01898,5.02598,4.92971,4.92087,4.95699,4.70911,4.86221,4.82379,5.02389,4.98508,4.98078,5.02733,4.91193,4.95774,5.02882,4.9992,4.8824,4.90509,5.00473,4.93617,4.84709,4.94182,5.03068,4.79392,4.89093,4.90778,4.89024,4.92237,4.99823,4.93688,4.71434,4.91377,4.96895,5.14136,5.2705,5.05016,4.84838,4.77723,4.68613
1.05754,1.02811,0.971234,1.03539,0.996158,0.988156,0.968344,1.08762,0.984837,1.0007,1.01434,1.01315,0.981007,1.02207,1.03279,1.06213,1.04299,1.0514,1.04,1.06905,1.02447,1.09291,1.05923,0.98853,0.982966,0.997052,1.10823,0.997335,1.01948,0.989241,1.07231,1.01217,1.0113,1.04662,1.05373,1.04574,1.02664,1.00888,1.00018,0.998725,1.01896,1.03819,1.06089,1.08653,1.05024,1.06516,1.03813,1.01104,1.10671,1.03796,1.03812,1.01355,1.03976,1.00242,1.06921,1.03324,1.01618,1.01779,1.06099,0.995723,1.02674,1.05786,1.09919,1.07129,1.06098,1.01146,0.988474,1.13068,0.955329,1.01236,1.0547,1.03434,1.02193,1.05973,1.04493,1.061,1.07674,1.0119,1.04115,1.00042,1.00187,0.98845,0.993983,1.02496,0.955851,1.0049,1.05244,1.00061,0.997112,1.04536,1.02464,1.05873,1.03015,1.05963,1.03051,1.11585,1.03768,1.01137,0.965449,1.01524
0.458926,0.426754,0.453135,0.440007,0.434541,0.439977,0.431979,0.472491,0.422341,0.43715,0.438941,0.473921,0.414356,0.467895,0.447161,0.429354,0.440313,0.45777,0.432297,0.472713,0.442749,0.479016,0.443874,0.410304,0.452565,0.424923,0.474377,0.429113,0.453986,0.451742,0.487736,0.47553,0.458033,0.471285,0.456329,0.448013,0.458525,0.430974,0.447849,0.463556,0.458382,0.469967,0.451888,0.442054,0.477564,0.4433,0.457858,0.447328,0.490647,0.476308,0.447225,0.448403,0.466221,0.444175,0.480892,0.497224,0.432843,0.451244,0.473227,0.40436,0.482624,0.45859,0.506378,0.449271,0.486819,0.413721,0.439237,0.484903,0.458223,0.459742,0.452851,0.423904,0.445848,0.466288,0.466418,0.446628,0.450905,0.43455,0.455855,0.444139,0.437729,0.41357,0.457129,0.467954,0.451693,0.424754,0.440086,0.449593,0.451046,0.462763,0.438156,0.479931,0.470025,0.486996,0.442376,0.488288,0.452358,0.461126,0.438511,0.444296
0.218688,0.203018,0.215432,0.20542,0.215534,0.196961,0.20529,0.218684,0.206617,0.210626,0.198669,0.237285,0.19612,0.215292,0.235008,0.226644,0.205219,0.21432,0.197471,0.242723,0.188788,0.206941,0.217408,0.195412,0.198753,0.204905,0.232188,0.203085,0.21165,0.223564,0.236981,0.214341,0.232908,0.218757,0.186034,0.213031,0.213289,0.225539,0.236132,0.218153,0.208499,0.22826,0.195666,0.223523,0.222082,0.217963,0.209401,0.22056,0.223102,0.233628,0.217252,0.242167,0.223625,0.211494,0.232977,0.229732,0.19749,0.188418,0.208726,0.198239,0.226907,0.213351,0.248028,0.221888,0.216806,0.207236,0.21068,0.223778,0.202933,0.22133,0.213182,0.212673,0.212284,0.247818,0.234377,0.209145,0.230816,0.214598,0.210606,0.21619,0.222807,0.219428,0.212068,0.21547,0.220809,0.207019,0.211002,0.210002,0.225043,0.22553,0.188147,0.234496,0.227327,0.24103,0.234637,0.246086,0.211601,0.196878,0.19279,0.21083
0.0867561,0.0760497,0.100929,0.0906682,0.0974086,0.0710963,0.0775994,0.08497,0.0942615,0.087581,0.0894965,0.0972831,0.0754651,0.0920673,0.088909,0.0823738,0.0888324,0.0863784,0.0830169,0.0842002,0.0766818,0.0848711,0.0944229,0.090124,0.0772065,0.0890309,0.0789508,0.081227,0.0806091,0.0974539,0.0948942,0.0941272,0.0972584,0.0801113,0.0880612,0.0822117,0.0992874,0.0949342,0.0873187,0.0961665,0.08551,0.0936477,0.0831044,0.0901303,0.0989631,0.0871732,0.0696293,0.0950303,0.0950261,0.102529,0.097891,0.0957762,0.100537,0.095409,0.0885701,0.0795949,0.0839991,0.0816176,0.0887101,0.0769749,0.105265,0.0796771,0.104485,0.0967059,0.087462,0.0840807,0.0927961,0.103308,0.103387,0.09988,0.0884049,0.0915999,0.097956,0.10358,0.0919657,0.0847154,0.101488,0.0829905,0.0905327,0.0982611,0.0962338,0.0993625,0.0824742,0.0848191,0.0944535,0.0721209,0.0972479,0.0888756,0.0919899,0.0901792,0.08594,0.091985,0.0823341,0.0920923,0.102542,0.0932959,0.0889168,0.0762823,0.0693731,0.0977415
0.0375861,0.0352774,0.0420286,0.0364992,0.0437901,0.038512,0.0369552,0.0401578,0.0518846,0.031441,0.0358878,0.0384935,0.0350272,0.0524471,0.0321689,0.0323511,0.046941,0.0435085,0.0387638,0.0446233,0.0382555,0.033162,0.0357716,0.0366627,0.0376121,0.027869,0.0385046,0.0426491,0.0410879,0.0577918,0.0499181,0.0474025,0.0472197,0.0430546,0.0452233,0.034032,0.0412017,0.0350551,0.0409618,0.0348806,0.041343,0.0453732,0.047097,0.042757,0.0515396,0.0403948,0.0360703,0.0474208,0.0473917,0.0498696,0.0418687,0.0438404,0.056718,0.0428239,0.0384982,0.0383793,0.0454176,0.0454991,0.0403088,0.0340118,0.052498,0.0401813,0.0446644,0.0451993,0.0387737,0.0349366,0.0471496,0.0410215,0.0396738,0.0454454,0.0401533,0.0391471,0.039289,0.0451636,0.0453986,0.0427004,0.0396008,0.0296407,0.0412172,0.0437821,0.0506236,0.0456104,0.0393883,0.0331533,0.0497326,0.0306972,0.0494128,0.0386172,0.0314408,0.0436674,0.0419771,0.0393229,0.0358367,0.0358718,0.0480942,0.0491651,0.0434522,0.0419735,0.0359202,0.051362
0.0296312,0.0299056,0.0366681,0.0251372,0.039337,0.0349537,0.0465231,0.0391955,0.0430172,0.0348608,0.0314559,0.0366591,0.0366998,0.0462087,0.0355773,0.035727,0.0329529,0.0390574,0.0360351,0.0418618,0.0321069,0.0235077,0.0261235,0.033099,0.0349058,0.0338774,0.0471715,0.0390598,0.033142,0.0541963,0.0314586,0.0455007,0.047141,0.048178,0.0442439,0.0295956,0.0340957,0.0288464,0.0260847,0.0304536,0.0271939,0.0391492,0.0495562,0.0400362,0.0383737,0.0245169,0.0368651,0.0297658,0.0411595,0.0383961,0.0348047,0.0323899,0.0339361,0.0383609,0.033164,0.039157,0.035714,0.0331742,0.0401982,0.0269619,0.0357854,0.0383325,0.0367117,0.0355326,0.0316442,0.0313575,0.0487643,0.0305022,0.0342926,0.0392287,0.0356751,0.0372979,0.0504958,0.0433133,0.0374268,0.034772,0.0324761,0.0269633,0.0410965,0.0393367,0.0392007,0.0524893,0.0358373,0.0269692,0.0461363,0.0174998,0.0369699,0.0420437,0.0400791,0.0322266,0.0349025,0.0366243,0.0418582,0.0296793,0.0436647,0.0376434,0.0433392,0.0410086,0.0419944,0.0408277
0.0313139,0.0403636,0.039172,0.0302695,0.047083,0.0365841,0.0577944,0.0347599,0.035878,0.0374105,0.0296343,0.0487444,0.0427097,0.045254,0.0372227,0.0347714,0.0363074,0.0346404,0.0403626,0.0487266,0.0328922,0.0347412,0.0347249,0.037376,0.0418089,0.0406969,0.0435582,0.0519719,0.0287164,0.0601617,0.0392112,0.0479742,0.0418191,0.0314465,0.0458886,0.0303833,0.0383924,0.0383596,0.0286091,0.0286414,0.0332238,0.03905,0.0442474,0.0468595,0.0426317,0.0323093,0.0376305,0.0323203,0.0428123,0.0365468,0.0442393,0.0314301,0.0407823,0.0461034,0.0470052,0.0416735,0.0547341,0.0330757,0.0523131,0.0390452,0.0418097,0.0443405,0.0313797,0.0484111,0.0263153,0.0364723,0.0581941,0.033906,0.0333427,0.0408831,0.0416359,0.0320274,0.0460265,0.0415006,0.0295121,0.0329381,0.0437434,0.0407841,0.0479788,0.0514049,0.0478186,0.0540706,0.0488009,0.0330039,0.0486128,0.0174583,0.0377514,0.0489036,0.0538648,0.0451977,0.0365453,0.0443687,0.0478236,0.0392013,0.051426,0.045361,0.05099,0.060931,0.0357523,0.0502761
0.0390425,0.0498396,0.0459906,0.0422636,0.0661134,0.0469557,0.0759772,0.0381415,0.0532198,0.0425488,0.0365259,0.0555464,0.0547917,0.0572554,0.0431604,0.044239,0.0457007,0.0371689,0.0551572,0.0573041,0.0492151,0.0467929,0.0355141,0.0529119,0.0555787,0.0543891,0.0555874,0.0700008,0.0451832,0.0678585,0.0547293,0.0634998,0.0460593,0.0470752,0.0483726,0.0519904,0.0409215,0.046093,0.0389489,0.0441257,0.0479813,0.0545294,0.0553614,0.0589117,0.0529578,0.0383125,0.0419002,0.0374633,0.0471027,0.0442981,0.0510045,0.051374,0.0484765,0.0433693,0.0521164,0.0484848,0.0641031,0.0382309,0.0539248,0.0484895,0.0555753,0.0502953,0.0443039,0.0595289,0.0411051,0.045061,0.0675477,0.0451103,0.0490583,0.0520269,0.0588256,0.0414329,0.0649396,0.06642,0.0467775,0.0501513,0.0549873,0.0476215,0.0547845,0.0642629,0.0572425,0.0652804,0.0668914,0.0554598,0.061466,0.0339698,0.0464175,0.061865,0.0606838,0.0546211,0.0494671,0.0390496,0.0589454,0.0669111,0.0660496,0.0504541,0.0525626,0.0773355,0.0417696,0.0570905
0.0458684,0.0654176,0.0545724,0.0567888,0.0807691,0.0728585,0.0984423,0.0398003,0.0713882,0.0554492,0.043376,0.079653,0.0538068,0.0623328,0.056005,0.0519116,0.0748458,0.0551753,0.0576459,0.0761845,0.0533457,0.045803,0.0483998,0.0657343,0.0667198,0.0731812,0.0572063,0.103482,0.051158,0.0798694,0.0649846,0.0754966,0.0468076,0.0574158,0.0413725,0.0656985,0.0547208,0.0703229,0.0552072,0.0630397,0.0600538,0.0725338,0.070824,0.077823,0.0632286,0.0443035,0.0618526,0.0469337,0.0687112,0.0536917,0.0612116,0.067786,0.0578374,0.0640327,0.0624404,0.0699851,0.0821117,0.0589265,0.0720424,0.0492292,0.0667354,0.0640604,0.0623836,0.0654377,0.0531998,0.0544681,0.0906712,0.0579615,0.0611583,0.0545143,0.066463,0.0628871,0.0829818,0.0713727,0.0673849,0.0689953,0.076645,0.0673831,0.071109,0.0701864,0.0795648,0.0807537,0.0693055,0.0760805,0.0664739,0.0503988,0.0620895,0.0825965,0.0682942,0.0648475,0.0649193,0.0545365,0.0795332,0.0849456,0.0805739,0.0694366,0.0653488,0.086713,0.0555575,0.0595325
0.0595587,0.0905017,0.0691288,0.0746288,0.109111,0.101186,0.118136,0.0500406,0.0851093,0.0578979,0.0640249,0.0958566,0.0597304,0.0777088,0.0722295,0.0604339,0.0841014,0.0765717,0.0671018,0.099346,0.0764086,0.0741667,0.0568985,0.0802277,0.0776974,0.0832954,0.0665336,0.117823,0.0579389,0.0943821,0.0803615,0.0934863,0.0734919,0.0842007,0.0498706,0.0690238,0.0650003,0.0840147,0.0834193,0.0731825,0.0659642,0.093921,0.0827087,0.0794137,0.0743051,0.0641331,0.0747443,0.0632966,0.070307,0.0622052,0.0636669,0.0789204,0.0706714,0.0682329,0.0657519,0.0801883,0.0990952,0.0648694,0.0779322,0.060361,0.0812734,0.0751509,0.0717807,0.0945383,0.073107,0.0543544,0.0982234,0.0612523,0.0861911,0.0560857,0.080073,0.0824622,0.0879856,0.0789266,0.0826937,0.0774954,0.089475,0.0792707,0.096049,0.0898504,0.0991661,0.10651,0.0906908,0.0940036,0.0886449,0.0667239,0.085488,0.0997087,0.0802139,0.0836488,0.083776,0.0733726,0.0922907,0.0942426,0.10806,0.0875201,0.0815577,0.104613,0.0580609,0.0757302
0.0671164,0.111986,0.0827736,0.0959611,0.125246,0.124306,0.144659,0.0559294,0.105617,0.0853802,0.0751107,0.125762,0.0733929,0.0991379,0.0840415,0.0732538,0.102803,0.0927277,0.0859905,0.117164,0.0907053,0.079069,0.0679798,0.102446,0.0946953,0.0916787,0.0938522,0.145826,0.0724825,0.12959,0.0973299,0.0949487,0.100077,0.110782,0.0677658,0.0783389,0.0639552,0.0984949,0.0892145,0.0755735,0.084886,0.112571,0.0979525,0.0920866,0.0974424,0.0898768,0.102278,0.0839572,0.0857373,0.079281,0.0806659,0.0916963,0.0739232,0.0844544,0.084482,0.100649,0.106567,0.0932087,0.10281,0.0807782,0.0913785,0.0956056,0.0819736,0.0952022,0.0877406,0.0688563,0.122871,0.0929648,0.11026,0.0765888,0.0979348,0.0873871,0.119588,0.103603,0.100515,0.0962224,0.103087,0.0919173,0.114817,0.107705,0.120357,0.116657,0.115436,0.111023,0.109075,0.079591,0.102669,0.120208,0.0981008,0.0954765,0.100858,0.0981844,0.115327,0.109538,0.119891,0.109799,0.0881902,0.129346,0.0648598,0.091911
0.0832825,0.150645,0.11698,0.111086,0.155099,0.14291,0.171149,0.0729601,0.116623,0.0971608,0.0792072,0.136645,0.0852515,0.114485,0.108682,0.0911311,0.121303,0.101936,0.103007,0.145189,0.118717,0.0960294,0.0892581,0.115949,0.106515,0.110275,0.119434,0.176976,0.0911938,0.172409,0.102272,0.109373,0.122236,0.127766,0.0950286,0.0867519,0.0931806,0.116379,0.100136,0.095966,0.119263,0.13114,0.124246,0.107269,0.106724,0.106062,0.133148,0.098426,0.101912,0.105787,0.0812869,0.120775,0.0780152,0.100573,0.095433,0.137242,0.136368,0.104101,0.135225,0.104572,0.0972327,0.100513,0.100656,0.131795,0.0840336,0.0850362,0.145738,0.121877,0.142893,0.0798235,0.108854,0.110246,0.144205,0.126449,0.118249,0.122575,0.145163,0.0985146,0.125746,0.130732,0.142241,0.124947,0.141756,0.139175,0.128607,0.0940653,0.121509,0.152726,0.13995,0.11923,0.129857,0.120268,0.12704,0.125634,0.147035,0.148409,0.117944,0.163463,0.0870998,0.106998
0.102771,0.167532,0.132088,0.130465,0.202055,0.170889,0.211934,0.0890236,0.146449,0.10892,0.0867549,0.171409,0.125299,0.127986,0.116109,0.0900113,0.156804,0.129886,0.12609,0.172282,0.138129,0.124086,0.106963,0.141357,0.137912,0.132158,0.143149,0.204544,0.102185,0.200397,0.102886,0.12544,0.1623,0.16619,0.113599,0.0959882,0.101545,0.150516,0.102422,0.118863,0.124983,0.158093,0.153816,0.128366,0.135675,0.127312,0.148392,0.106796,0.127539,0.132146,0.117684,0.154058,0.0992148,0.110635,0.118404,0.159155,0.163527,0.132198,0.164132,0.131695,0.117583,0.110509,0.105558,0.184508,0.110512,0.0977484,0.170968,0.150626,0.176161,0.102804,0.129169,0.108259,0.173037,0.160311,0.149614,0.136001,0.175785,0.128146,0.149458,0.145026,0.162382,0.168479,0.166171,0.161851,0.153938,0.10932,0.129823,0.18941,0.182504,0.136917,0.141541,0.144844,0.146372,0.157922,0.162105,0.174772,0.148276,0.21524,0.117878,0.133206
0.152259,0.197278,0.171176,0.158342,0.242056,0.210586,0.266408,0.110151,0.169371,0.126588,0.112302,0.187346,0.158313,0.155946,0.12436,0.111161,0.169964,0.157668,0.134446,0.216371,0.170236,0.170748,0.127216,0.168483,0.170064,0.149817,0.187319,0.245025,0.110531,0.222119,0.124066,0.17061,0.198821,0.200196,0.127834,0.109448,0.119299,0.18014,0.12257,0.157105,0.160853,0.197848,0.184884,0.159642,0.154239,0.14414,0.166842,0.116862,0.146171,0.151456,0.147253,0.175146,0.127256,0.145474,0.139537,0.198015,0.174206,0.148994,0.183414,0.150249,0.140446,0.135023,0.137874,0.223171,0.142958,0.124917,0.196931,0.173389,0.193004,0.128996,0.145993,0.143744,0.181218,0.211684,0.166246,0.190254,0.200361,0.147407,0.168828,0.178172,0.174862,0.220408,0.194903,0.191378,0.174942,0.126303,0.153691,0.241349,0.209464,0.15886,0.16179,0.165937,0.184434,0.177322,0.199406,0.224246,0.178657,0.246472,0.139937,0.165198
0.186074,0.21215,0.208287,0.185045,0.316759,0.274878,0.312101,0.133705,0.196514,0.151789,0.141851,0.223677,0.194616,0.19571,0.157872,0.138202,0.213596,0.203119,0.186495,0.237185,0.201192,0.202779,0.150706,0.200574,0.229285,0.18693,0.230472,0.30041,0.147746,0.276236,0.157923,0.212901,0.233208,0.245875,0.15302,0.127989,0.154077,0.215672,0.174123,0.175512,0.195659,0.24233,0.23123,0.199252,0.189786,0.172911,0.211863,0.148336,0.168149,0.169875,0.155393,0.205443,0.154056,0.164791,0.176731,0.230073,0.209431,0.178648,0.2214,0.206133,0.171808,0.167086,0.158844,0.237039,0.183026,0.134831,0.238958,0.193292,0.235335,0.173824,0.181348,0.171415,0.239647,0.258729,0.214399,0.215435,0.228984,0.187075,0.198426,0.238502,0.213575,0.263487,0.22108,0.246436,0.217005,0.144878,0.193773,0.287767,0.254941,0.188265,0.194705,0.200454,0.21631,0.219544,0.239997,0.2717,0.24025,0.302891,0.159398,0.196944
0.223931,0.254405,0.25288,0.238649,0.379341,0.299674,0.382107,0.158775,0.221743,0.188053,0.173839,0.26567,0.231647,0.23449,0.209184,0.172782,0.251133,0.24153,0.222051,0.298756,0.25671,0.237174,0.197998,0.225591,0.273854,0.233245,0.302904,0.34692,0.179804,0.341378,0.18736,0.266019,0.274475,0.276862,0.193517,0.174373,0.184388,0.236429,0.216162,0.223472,0.247334,0.301264,0.266974,0.259096,0.219782,0.23047,0.244614,0.186432,0.186526,0.205164,0.206787,0.263059,0.208047,0.204377,0.222412,0.274751,0.279479,0.233621,0.259957,0.261611,0.231937,0.226254,0.182346,0.274662,0.210802,0.143137,0.29519,0.230231,0.27759,0.197222,0.217506,0.20821,0.284176,0.300305,0.253665,0.280126,0.265306,0.212992,0.231171,0.268732,0.245264,0.324168,0.307386,0.291664,0.264793,0.178632,0.231094,0.33666,0.305459,0.204887,0.229416,0.251808,0.279462,0.253057,0.311957,0.340156,0.257289,0.381124,0.181446,0.24804
0.261531,0.313437,0.347087,0.26001,0.434564,0.366677,0.424036,0.195554,0.285214,0.232677,0.242287,0.322849,0.283862,0.278265,0.250036,0.202097,0.293567,0.288978,0.271174,0.358155,0.318375,0.271251,0.238971,0.2767,0.31386,0.287899,0.354766,0.418523,0.226177,0.399925,0.238753,0.32308,0.343502,0.347003,0.264134,0.206154,0.220679,0.306654,0.259723,0.291501,0.279928,0.37924,0.319821,0.328619,0.276851,0.27487,0.322476,0.238022,0.241476,0.236675,0.264584,0.334135,0.235549,0.239525,0.254079,0.342762,0.373897,0.291007,0.328323,0.310227,0.267898,0.291728,0.223235,0.308545,0.278502,0.166637,0.342741,0.271219,0.316058,0.276215,0.254233,0.238994,0.354941,0.368851,0.283749,0.331801,0.297853,0.255685,0.283383,0.364382,0.323989,0.39639,0.36198,0.381222,0.349692,0.206361,0.280081,0.405635,0.346951,0.240896,0.296142,0.285952,0.346713,0.312949,0.38933,0.404065,0.332877,0.445637,0.213542,0.288776
0.263555,0.380587,0.408854,0.316656,0.526906,0.446138,0.517438,0.244218,0.330514,0.26774,0.297649,0.389102,0.345222,0.367784,0.315107,0.243115,0.353687,0.336399,0.302045,0.413216,0.384097,0.328007,0.301021,0.350444,0.4043,0.370996,0.431133,0.516041,0.298713,0.473435,0.296615,0.39351,0.434458,0.408125,0.315154,0.252158,0.283072,0.374529,0.286905,0.321451,0.331935,0.450188,0.406003,0.410719,0.356659,0.335437,0.373312,0.30204,0.291175,0.295906,0.341602,0.418271,0.260406,0.25764,0.300316,0.438277,0.444692,0.356361,0.382807,0.369447,0.336775,0.34418,0.289539,0.372205,0.333191,0.217854,0.427055,0.33984,0.383684,0.322908,0.289821,0.292331,0.41027,0.421329,0.371807,0.407143,0.362745,0.313517,0.332014,0.433438,0.38724,0.496956,0.43704,0.454149,0.432535,0.277178,0.36738,0.50484,0.44335,0.298025,0.356479,0.353865,0.443798,0.383607,0.465444,0.482808,0.42597,0.544495,0.235348,0.328554
0.312125,0.467067,0.482504,0.368107,0.639194,0.562419,0.601274,0.300877,0.403538,0.3137,0.383806,0.477725,0.446614,0.439043,0.38415,0.267899,0.416523,0.397086,0.358417,0.502559,0.457791,0.40634,0.374503,0.421652,0.479556,0.454388,0.467858,0.661496,0.325101,0.603297,0.354931,0.464498,0.527108,0.465696,0.3834,0.324974,0.334703,0.448981,0.334079,0.397197,0.382934,0.5631,0.495954,0.480591,0.410945,0.450546,0.451218,0.379877,0.347261,0.347445,0.434044,0.525088,0.333676,0.333685,0.378217,0.548482,0.52553,0.416156,0.468299,0.461979,0.402059,0.42513,0.370589,0.478835,0.398725,0.253799,0.489057,0.389643,0.478689,0.422432,0.365896,0.334375,0.51746,0.512838,0.436692,0.46836,0.454561,0.381908,0.402144,0.570136,0.48028,0.576788,0.531219,0.556823,0.491274,0.332237,0.42083,0.605999,0.552537,0.387109,0.425272,0.425589,0.49168,0.444561,0.57055,0.573061,0.487977,0.662693,0.306172,0.412813
0.36176,0.565115,0.61719,0.448419,0.773647,0.676324,0.770945,0.402667,0.49575,0.391195,0.472016,0.578649,0.511289,0.525689,0.45875,0.351043,0.501322,0.473361,0.382862,0.611456,0.536873,0.518806,0.477008,0.499747,0.631449,0.54304,0.572868,0.804548,0.399399,0.691443,0.450075,0.557169,0.642221,0.566153,0.497379,0.42278,0.398352,0.5525,0.42026,0.480979,0.440335,0.663293,0.632486,0.580838,0.527954,0.557687,0.592682,0.475353,0.398055,0.459484,0.520187,0.6855,0.405107,0.364964,0.46067,0.682522,0.66559,0.52013,0.58277,0.541418,0.459958,0.551979,0.461548,0.613806,0.484939,0.330782,0.603588,0.500496,0.584517,0.493559,0.439895,0.429037,0.637265,0.600696,0.545667,0.582426,0.548463,0.492246,0.467751,0.679444,0.548626,0.722717,0.668896,0.663771,0.588032,0.421681,0.515797,0.77617,0.661249,0.479691,0.508134,0.504251,0.582902,0.568278,0.689487,0.686553,0.574771,0.771388,0.382567,0.506363
0.465073,0.698077,0.72214,0.553706,0.931158,0.794818,0.942567,0.49901,0.588852,0.475982,0.57696,0.667244,0.617913,0.60507,0.559099,0.434578,0.5949,0.538526,0.479907,0.741643,0.666105,0.665828,0.602435,0.612027,0.758614,0.651157,0.688688,0.910078,0.465132,0.865815,0.538304,0.632373,0.792762,0.640636,0.60249,0.504024,0.503349,0.685965,0.482805,0.565228,0.570578,0.782082,0.798848,0.700784,0.644282,0.693917,0.721413,0.583902,0.445474,0.528185,0.615047,0.824869,0.483456,0.434816,0.558081,0.846341,0.76763,0.628226,0.684649,0.668189,0.574974,0.664742,0.586244,0.718503,0.572047,0.428494,0.69125,0.614943,0.708398,0.58256,0.536011,0.514429,0.760255,0.706501,0.687654,0.668546,0.664328,0.589817,0.596713,0.815707,0.673533,0.865126,0.80043,0.797289,0.72482,0.532117,0.604309,0.909727,0.811725,0.574988,0.606731,0.610063,0.726925,0.670513,0.809659,0.818193,0.695008,0.943959,0.466049,0.592849
0.541787,0.867203,0.914314,0.66076,1.12065,0.975692,1.10769,0.59475,0.726445,0.597476,0.721567,0.829977,0.736201,0.728135,0.67576,0.527284,0.69408,0.691562,0.556221,0.908443,0.81703,0.793724,0.703907,0.749378,0.908893,0.769044,0.833487,1.14888,0.59692,0.996496,0.683421,0.780245,0.980499,0.824433,0.72359,0.648366,0.616707,0.835737,0.576891,0.722173,0.734909,0.945431,0.977476,0.83325,0.821929,0.844116,0.88558,0.667559,0.537299,0.692169,0.743684,1.03313,0.585245,0.535221,0.6706,1.00153,0.943136,0.73766,0.809696,0.814369,0.703551,0.811898,0.706832,0.887092,0.696667,0.525503,0.851288,0.73268,0.892503,0.720086,0.668658,0.645775,0.91928,0.924015,0.798495,0.831827,0.81979,0.756007,0.709023,0.91767,0.82697,1.03358,0.964172,1.00892,0.84964,0.635935,0.702291,1.09663,0.948427,0.694503,0.763873,0.741578,0.892865,0.766705,0.970841,1.02567,0.862271,1.12757,0.569039,0.743736
0.67411,1.09641,1.10706,0.793182,1.38205,1.17358,1.35331,0.728356,0.878159,0.725918,0.871728,0.980318,0.897935,0.864079,0.760751,0.656805,0.884096,0.807781,0.658271,1.06693,0.9862,0.948599,0.873377,0.926321,1.09614,0.90214,0.996089,1.30607,0.717414,1.22199,0.807403,0.927596,1.18837,0.998647,0.853611,0.737125,0.731791,1.04992,0.668061,0.841709,0.851608,1.18502,1.14099,0.956092,1.00399,1.0086,1.07381,0.829203,0.649001,0.828441,0.911968,1.23562,0.73073,0.65529,0.798607,1.19972,1.103,0.868712,1.02952,0.968159,0.851157,0.97033,0.815494,1.04402,0.831554,0.636969,1.00987,0.901495,1.0923,0.913741,0.785515,0.805512,1.07966,1.0482,0.991956,0.996434,0.9876,0.898369,0.868143,1.10416,0.993223,1.24252,1.12949,1.21123,1.05838,0.751728,0.842334,1.29931,1.15879,0.841236,0.920761,0.903232,1.06068,0.928541,1.15002,1.19794,1.0211,1.33088,0.69866,0.904171
0.816364,1.33415,1.34702,0.996032,1.67681,1.39983,1.63998,0.886259,1.08233,0.857272,1.04427,1.22841,1.1314,1.05673,0.944682,0.808578,1.09338,0.996512,0.862837,1.37371,1.20593,1.11258,1.04359,1.16166,1.31764,1.06411,1.19646,1.5824,0.879726,1.50348,0.996922,1.11417,1.39513,1.20207,1.04012,0.925455,0.916362,1.24857,0.876223,1.00748,1.05901,1.39584,1.31804,1.15258,1.25643,1.26557,1.32242,1.06622,0.781139,1.00243,1.12486,1.52579,0.920284,0.785364,0.943885,1.47676,1.39608,1.10191,1.26099,1.18667,1.02757,1.24635,0.989415,1.28497,1.03646,0.74815,1.21179,1.10358,1.33053,1.14428,0.974307,0.973414,1.35295,1.28636,1.20293,1.22625,1.1765,1.03486,1.04898,1.37085,1.14724,1.47076,1.47691,1.46242,1.17063,0.913915,1.08909,1.6522,1.40105,1.00833,1.06289,1.08143,1.25156,1.13471,1.36568,1.42465,1.18806,1.55303,0.844341,1.12929
1.00084,1.53325,1.64328,1.20195,2.01543,1.64379,1.88961,1.117,1.27087,1.05154,1.26944,1.49403,1.30069,1.32724,1.1485,0.976662,1.35153,1.19325,1.10245,1.69107,1.46914,1.42347,1.25685,1.38989,1.625,1.27342,1.4687,1.87763,1.09364,1.9098,1.20406,1.32194,1.69841,1.46588,1.28301,1.15437,1.11572,1.53466,1.11024,1.21031,1.31187,1.60654,1.63868,1.34775,1.50055,1.57516,1.63716,1.30211,1.01045,1.22029,1.4104,1.79146,1.08192,1.0129,1.11728,1.81886,1.68468,1.29538,1.52305,1.39203,1.24083,1.51463,1.15523,1.5487,1.26878,0.932618,1.484,1.34234,1.58428,1.37799,1.18539,1.17201,1.62432,1.5785,1.35674,1.49561,1.37742,1.20073,1.27993,1.67113,1.37683,1.78296,1.79778,1.77271,1.42589,1.12821,1.33493,1.98237,1.72719,1.24828,1.23759,1.32728,1.55709,1.40672,1.67715,1.75659,1.46294,1.85851,1.03801,1.36069
1.15869,1.82719,1.8989,1.42974,2.38728,1.93733,2.22808,1.33871,1.565,1.25139,1.47632,1.75701,1.5236,1.59993,1.39839,1.13711,1.54815,1.43683,1.32229,2.01898,1.77591,1.67385,1.489,1.56627,1.93714,1.51079,1.72229,2.25315,1.25349,2.18966,1.40221,1.57679,1.94344,1.67415,1.52637,1.34846,1.39934,1.87214,1.32556,1.43583,1.6351,1.8874,1.89807,1.59987,1.74536,1.79313,1.9497,1.50155,1.21643,1.43444,1.68454,2.15326,1.28985,1.26582,1.34385,2.09669,1.93322,1.57038,1.7154,1.61904,1.44965,1.74838,1.414,1.79122,1.56807,1.13051,1.74573,1.55498,1.87106,1.63195,1.36813,1.37497,1.9139,1.89738,1.60754,1.80735,1.67826,1.45594,1.54386,1.95697,1.59038,2.11052,2.10586,2.03102,1.6529,1.36584,1.63418,2.30636,2.00694,1.50529,1.49611,1.59613,1.81293,1.68855,1.96808,2.00035,1.76542,2.14889,1.17564,1.58838
1.38668,2.17721,2.22314,1.70097,2.78681,2.27192,2.70485,1.59173,1.86893,1.5187,1.78743,2.04195,1.80043,1.88975,1.66169,1.3737,1.83242,1.74597,1.62566,2.37845,2.10851,1.96064,1.72724,1.91391,2.29253,1.77541,2.12747,2.62434,1.52571,2.54589,1.69015,1.87444,2.26869,1.9788,1.86293,1.62929,1.67865,2.16554,1.61234,1.74177,1.94946,2.19938,2.34207,1.90576,2.0829,2.16174,2.34149,1.81721,1.50216,1.80206,2.03168,2.60535,1.53273,1.53298,1.66172,2.50625,2.26358,1.9282,2.09631,1.96966,1.73701,2.06873,1.68301,2.14432,1.90312,1.29281,2.0903,1.85879,2.28222,1.98294,1.60987,1.61914,2.18823,2.23863,1.87877,2.16756,2.05388,1.70285,1.88822,2.39521,1.89431,2.58622,2.45397,2.39749,1.9023,1.63925,1.87912,2.74812,2.34,1.82367,1.85469,1.87424,2.15443,2.06448,2.30323,2.40456,2.05218,2.49279,1.41759,1.84569
1.625,2.60033,2.69466,2.0774,3.32715,2.68136,3.19152,1.936,2.25012,1.84951,2.13042,2.46964,2.12403,2.23818,1.93761,1.66884,2.13863,2.05508,1.87752,2.77006,2.45302,2.35489,2.13247,2.25014,2.6111,2.09593,2.49783,3.1175,1.82367,2.96125,2.04533,2.22929,2.71871,2.3526,2.23077,1.99621,2.01911,2.52875,1.87361,2.06554,2.28536,2.55302,2.70005,2.30649,2.51264,2.60207,2.71889,2.1521,1.80463,2.11644,2.37253,2.97368,1.89272,1.82923,2.02581,2.93831,2.59772,2.25288,2.48518,2.31983,2.01613,2.42091,1.95716,2.52092,2.21656,1.58397,2.50019,2.12976,2.70326,2.28148,1.9203,1.90231,2.55232,2.60333,2.24768,2.49953,2.41362,2.07786,2.21047,2.83313,2.27937,2.99385,2.85806,2.81159,2.32579,1.95999,2.20926,3.23347,2.73329,2.15917,2.17467,2.24057,2.471,2.44365,2.62847,2.8057,2.43421,2.98875,1.67799,2.22681
1.9221,2.9874,3.12028,2.46638,3.79885,3.17378,3.67417,2.28757,2.69131,2.21797,2.52117,2.91236,2.47099,2.65622,2.3515,2.04088,2.59336,2.5338,2.24449,3.23336,2.90848,2.77921,2.5141,2.71646,3.11088,2.50049,2.87956,3.56808,2.20512,3.38637,2.39437,2.71059,3.18176,2.78185,2.65161,2.37269,2.37011,2.89557,2.24849,2.48213,2.67309,3.01277,3.19436,2.64747,2.94227,3.05918,3.21072,2.55178,2.17048,2.41788,2.74883,3.49822,2.29011,2.18531,2.34982,3.44405,3.07217,2.65666,2.94088,2.73022,2.44692,2.8825,2.34024,2.91104,2.61036,1.86686,2.95837,2.53615,3.07685,2.69623,2.25265,2.27762,3.04327,3.01196,2.67049,2.92901,2.82001,2.455,2.60633,3.28833,2.68098,3.54838,3.34682,3.27348,2.76435,2.27378,2.62318,3.77323,3.26973,2.52926,2.53618,2.63201,2.88064,2.86896,3.08917,3.2528,2.76618,3.46432,2.0302,2.67782
2.29127,3.50688,3.60786,2.84587,4.29901,3.68475,4.1598,2.72773,3.13806,2.56256,2.89742,3.38518,2.92524,3.09934,2.73491,2.3368,2.95778,2.92632,2.69193,3.72776,3.29364,3.31068,2.93493,3.15775,3.57727,2.91094,3.31404,4.06672,2.58341,3.86636,2.76777,3.14571,3.59235,3.24595,3.15254,2.80095,2.74771,3.39625,2.67243,3.00192,3.10128,3.51274,3.70082,3.14692,3.45224,3.43891,3.65081,2.98137,2.52574,2.88105,3.20819,3.99713,2.61083,2.54712,2.8083,3.8898,3.51688,3.07386,3.46307,3.14299,2.82281,3.3483,2.79041,3.33172,3.02509,2.22664,3.40588,2.91846,3.47615,3.18938,2.61994,2.66989,3.48182,3.51799,3.12472,3.35492,3.33783,2.86156,2.98311,3.83239,3.1422,3.95347,3.84647,3.73568,3.29311,2.73235,3.01628,4.27858,3.8297,2.9129,2.98468,3.0997,3.30823,3.23372,3.57916,3.70691,3.16255,3.9664,2.40429,3.10379
2.62397,4.01674,4.13178,3.34966,4.93027,4.17052,4.58722,3.25716,3.60592,3.00036,3.37931,3.86767,3.44298,3.5631,3.25983,2.7506,3.53611,3.4256,3.151,4.32271,3.79297,3.82311,3.40851,3.69933,4.18927,3.32383,3.81664,4.58515,3.08817,4.38412,3.25313,3.63689,4.09165,3.76274,3.56968,3.23246,3.21608,3.94383,3.15379,3.48257,3.51705,4.00072,4.25076,3.56444,4.00537,3.89635,4.14008,3.40195,3.00004,3.47945,3.7031,4.48506,3.09513,3.01102,3.29419,4.40382,4.07109,3.59217,3.98787,3.61441,3.31506,3.88765,3.2275,3.83623,3.5873,2.60319,3.99977,3.40944,4.01713,3.71132,3.00676,3.14888,3.90137,4.02665,3.54872,3.83885,3.79987,3.27968,3.50071,4.35707,3.59516,4.44783,4.42656,4.18882,3.7974,3.17043,3.52397,4.85276,4.32653,3.36688,3.4258,3.57754,3.76595,3.75483,4.03333,4.225,3.66265,4.46672,2.88949,3.60235
3.02096,4.60483,4.76706,3.83221,5.39309,4.74737,5.10641,3.79223,4.23877,3.4838,3.90159,4.44483,3.92271,4.07473,3.73707,3.20484,3.99883,3.95349,3.62824,4.87391,4.35557,4.35746,3.86105,4.2624,4.7408,3.76055,4.29091,5.06021,3.61043,4.93816,3.79819,4.16968,4.65819,4.2968,4.0819,3.76244,3.64989,4.52437,3.66449,3.99384,4.07413,4.46311,4.86443,4.10096,4.50825,4.46056,4.60544,3.92557,3.517,4.00576,4.20094,5.01373,3.48171,3.54876,3.84493,4.91894,4.50426,4.11287,4.55074,4.06241,3.83985,4.4534,3.68126,4.33213,4.06459,3.08317,4.5224,3.88412,4.62045,4.22663,3.49741,3.66608,4.40511,4.59145,4.18732,4.27045,4.28568,3.87052,4.09776,4.95158,4.1865,4.99247,4.92683,4.73007,4.29478,3.69406,4.08318,5.40995,4.86682,3.85751,4.05469,4.13471,4.40086,4.3418,4.62572,4.70041,4.24033,4.92506,3.32114,4.15815
3.43927,5.14481,5.32571,4.35365,5.81952,5.3009,5.72891,4.36964,4.77331,3.97635,4.41198,4.95046,4.51657,4.55678,4.26459,3.66575,4.4909,4.52211,4.11862,5.38846,4.89018,4.79694,4.36014,4.79664,5.21485,4.26341,4.86523,5.48655,4.21031,5.52514,4.3343,4.65975,5.1556,4.76417,4.64307,4.31075,4.20072,5.03959,4.18946,4.44609,4.54363,4.98773,5.35887,4.69306,5.10436,4.94262,5.24228,4.38473,4.07444,4.65917,4.71131,5.55036,3.96069,4.00876,4.3644,5.40957,4.9055,4.70706,5.04674,4.61833,4.28056,5.01485,4.15224,4.91313,4.71251,3.46926,4.95847,4.44419,5.1883,4.74702,3.92059,4.1332,4.91474,5.11053,4.67841,4.82911,4.84185,4.28399,4.62964,5.49989,4.77666,5.58052,5.35835,5.22831,4.7482,4.26995,4.62578,5.85593,5.38532,4.35604,4.48033,4.76508,4.95648,4.85223,5.12236,5.14114,4.79265,5.46363,3.82836,4.71556
3.97903,5.67588,5.90094,4.88831,6.27994,5.74311,6.22998,4.91511,5.32191,4.5243,5.02485,5.56089,4.98033,5.08852,4.89754,4.18126,5.00024,5.03647,4.596,5.89343,5.35509,5.36317,4.92087,5.32912,5.7901,4.81852,5.36209,5.96615,4.73954,5.98657,4.87852,5.1175,5.71903,5.37393,5.12635,4.85599,4.76046,5.56989,4.78684,4.98845,5.09634,5.48332,5.87087,5.1753,5.65543,5.4251,5.81007,4.95819,4.67421,5.19639,5.24086,6.07638,4.45163,4.55912,4.96591,5.96369,5.39548,5.16183,5.63211,5.1778,4.90791,5.58862,4.7962,5.52725,5.29108,4.11009,5.48155,5.07176,5.74403,5.24593,4.45037,4.7864,5.43128,5.64069,5.20875,5.27112,5.40405,4.76679,5.16644,6.01182,5.23045,6.13645,5.96994,5.87561,5.27614,4.90331,5.29369,6.3248,5.83482,4.96887,4.99457,5.25799,5.50201,5.43523,5.70856,5.73414,5.3974,5.98521,4.34594,5.31526
4.44811,6.18781,6.34366,5.38415,6.67672,6.19212,6.73563,5.50901,5.94324,4.99789,5.64761,6.06603,5.55565,5.56057,5.49462,4.60494,5.52786,5.64386,5.12661,6.27395,5.99269,5.79018,5.49357,5.86526,6.26377,5.36401,5.85007,6.49375,5.36192,6.46162,5.31641,5.58774,6.1582,5.87899,5.65426,5.39504,5.33913,6.05483,5.35567,5.55906,5.65932,6.06093,6.36235,5.65347,6.20219,5.99395,6.30553,5.57495,5.17824,5.72449,5.70712,6.50847,4.91019,5.11914,5.50064,6.44385,5.88889,5.56726,6.26795,5.63076,5.42863,5.96607,5.33075,6.02223,5.86113,4.60071,6.03357,5.52276,6.11701,5.69515,5.0377,5.32355,5.9247,6.14436,5.83632,5.81666,5.88019,5.30277,5.65115,6.55161,5.78414,6.57767,6.42702,6.2956,5.78462,5.35468,5.81021,6.77745,6.35133,5.47547,5.42148,5.79059,6.0462,5.83788,6.20084,6.2171,5.89327,6.45851,4.84678,5.79006
4.98124,6.59878,6.86163,5.92942,7.04812,6.75104,7.09204,6.05518,6.44239,5.49675,6.21728,6.55968,6.00567,6.04566,6.11105,5.26465,6.05402,6.23729,5.63007,6.6697,6.34234,6.25762,6.01534,6.28748,6.65612,5.89351,6.31754,6.81067,5.88058,6.89063,5.86046,5.9653,6.62285,6.3586,6.11481,5.93866,5.88561,6.4921,6.03553,6.15136,6.14034,6.56245,6.76273,6.07041,6.7251,6.51599,6.71827,6.0727,5.64689,6.16344,6.22026,6.94231,5.49669,5.79908,5.98022,6.84626,6.30785,6.0186,6.75464,6.13255,5.90899,6.47088,5.85876,6.48936,6.37754,5.14306,6.54934,6.13363,6.58285,6.11915,5.59937,5.79787,6.37505,6.63485,6.39149,6.29784,6.32463,5.78818,6.08644,6.88508,6.12749,7.02821,6.80916,6.66656,6.33587,5.86924,6.25719,7.24619,6.76424,5.88822,5.91488,6.1634,6.47563,6.34057,6.59257,6.69638,6.3788,6.80883,5.4556,6.39666
5.48065,7.05298,7.25404,6.41675,7.3763,7.2054,7.41233,6.61957,6.94692,6.04045,6.73717,7.03751,6.46636,6.52837,6.67177,5.8351,6.67467,6.67085,6.15133,7.10893,6.70904,6.7671,6.51355,6.67076,6.91845,6.39191,6.72632,7.21602,6.38452,7.18824,6.32836,6.53288,7.04572,6.81241,6.54323,6.46907,6.38678,6.91775,6.48977,6.60653,6.71833,7.03277,7.09386,6.45934,7.16172,6.93228,7.11325,6.57565,6.21985,6.65444,6.77868,7.3356,6.00287,6.29885,6.5654,7.15713,6.79345,6.55369,7.31368,6.60779,6.31165,6.8438,6.39139,7.01891,6.67598,5.7868,6.97982,6.57244,7.01933,6.68542,6.06352,6.27929,6.86032,6.99846,6.84708,6.83533,6.6741,6.29532,6.57971,7.17629,6.59891,7.2951,7.03238,7.06853,6.7431,6.33255,6.70224,7.60645,7.11724,6.30854,6.35062,6.57597,6.85396,6.79899,7.0201,7.11479,6.8307,7.15998,5.99591,6.85776
5.87087,7.43349,7.6193,6.80827,7.54195,7.41713,7.65529,7.08804,7.2996,6.44293,7.03009,7.34884,6.85771,6.93976,6.95035,6.26623,6.97219,6.9936,6.57813,7.41656,7.11153,7.08451,6.92105,7.03732,7.21369,6.78597,7.04108,7.4407,6.93452,7.40827,6.77525,6.86512,7.33541,7.27293,6.95432,6.96319,6.73625,7.18127,6.83665,6.99344,7.0887,7.19027,7.41419,6.88676,7.45713,7.19479,7.44595,6.91343,6.52218,7.10543,7.06017,7.57017,6.4664,6.62574,6.90117,7.35296,7.12295,7.02264,7.66358,7.08135,6.64496,7.18199,6.80279,7.3238,7.03931,6.21484,7.37569,6.9823,7.26346,7.17646,6.51955,6.86311,7.27173,7.24126,7.14165,7.17046,7.05825,6.57609,6.95879,7.32923,7.02861,7.57852,7.35395,7.35032,7.01661,6.74098,7.04901,7.85909,7.38502,6.73305,6.76015,6.87725,7.20729,7.18272,7.36863,7.32692,7.13868,7.49715,6.42729,7.1902
6.42725,7.81608,7.89293,7.18537,7.66162,7.56711,7.9445,7.44987,7.61767,6.86081,7.39508,7.60653,7.07824,7.36221,7.25465,6.73818,7.21433,7.43711,6.94789,7.81118,7.29726,7.45236,7.24102,7.39154,7.63353,7.1574,7.42675,7.63065,7.34626,7.52489,7.21163,7.21074,7.48771,7.65103,7.31604,7.36642,7.02952,7.41813,7.18252,7.3971,7.29442,7.42341,7.63128,7.28472,7.69584,7.29794,7.73021,7.28607,7.02862,7.4052,7.41193,7.72176,6.87481,7.16805,7.21872,7.55306,7.45383,7.40216,7.88818,7.40643,7.04914,7.53702,7.09783,7.55771,7.363,6.73715,7.49222,7.2545,7.5911,7.49872,7.01269,7.24706,7.61364,7.45383,7.3981,7.51465,7.26759,7.00377,7.22105,7.49791,7.20545,7.76048,7.60131,7.57348,7.31831,7.17386,7.3712,7.83754,7.55045,7.20148,7.12744,7.36747,7.51449,7.47703,7.64768,7.5378,7.48766,7.73518,6.89084,7.49043
6.82256,8.0927,8.00094,7.47469,7.65183,7.71167,7.96391,7.83434,7.86255,7.23236,7.70631,7.66366,7.31352,7.48611,7.40563,7.19366,7.50618,7.79008,7.2203,7.98939,7.48554,7.73078,7.58597,7.59697,7.82293,7.39888,7.65489,7.61342,7.55941,7.64228,7.53599,7.43722,7.66475,7.83634,7.6629,7.62579,7.35653,7.56643,7.6005,7.64366,7.58413,7.58077,7.83333,7.6613,7.78591,7.55856,7.84563,7.52844,7.39152,7.6725,7.54961,7.88728,7.25157,7.52344,7.50148,7.62894,7.66355,7.67858,8.00164,7.58434,7.32114,7.69367,7.40144,7.64173,7.66298,7.13608,7.68474,7.64445,7.8053,7.65785,7.3908,7.52949,7.82983,7.60437,7.54157,7.66554,7.4897,7.22325,7.49503,7.75019,7.52219,7.79513,7.73501,7.72552,7.45569,7.54665,7.51012,7.83469,7.80548,7.48405,7.30703,7.4501,7.67643,7.69416,7.75035,7.69634,7.59751,7.81181,7.14619,7.60946
7.16807,8.073,8.00409,7.57251,7.73477,7.74883,7.99183,8.0947,7.97438,7.65991,7.93679,7.74707,7.51047,7.69866,7.65852,7.52205,7.79499,7.9198,7.51377,8.06426,7.59727,7.87308,7.7414,7.66159,7.85027,7.71194,7.72641,7.6827,7.79766,7.7119,7.74306,7.53136,7.82986,7.89021,7.73699,7.96909,7.68717,7.65568,7.78966,7.87938,7.86693,7.78092,7.94838,7.79915,7.81999,7.62763,7.90381,7.69767,7.57524,7.88848,7.75269,7.91622,7.59867,7.86218,7.75196,7.63342,7.69736,7.7468,8.13536,7.85089,7.61101,7.74762,7.68443,7.69022,7.88094,7.47494,7.82598,7.77124,8.04562,7.81624,7.57974,7.78743,8.0134,7.58137,7.71533,7.82689,7.64119,7.55388,7.69218,7.83946,7.60197,7.87266,7.91454,7.81718,7.59493,7.77034,7.70899,7.91109,7.84653,7.57104,7.56103,7.5778,7.77898,7.84347,7.89102,7.66491,7.85905,7.8096,7.47837,7.86113
7.38735,7.99486,7.89277,7.79372,7.6428,7.77396,7.89336,8.10856,8.04668,7.72655,7.97782,7.67582,7.63541,7.85117,7.77353,7.67105,7.89888,8.02533,7.62939,8.08718,7.76788,7.95302,7.8472,7.76363,7.91813,7.82622,7.68113,7.6516,7.96943,7.82359,7.80725,7.68169,7.85781,8.04699,7.86393,7.97843,7.85763,7.63605,7.82046,7.96262,7.94583,7.81299,7.96325,7.83903,8.02546,7.72586,7.93292,7.74881,7.71933,8.0357,7.79768,7.83203,7.77008,7.91667,7.77301,7.6655,7.7177,7.80033,8.16273,7.83824,7.77554,7.78756,7.78667,7.79621,7.90616,7.61281,7.7175,7.87556,8.12474,7.93786,7.73858,7.84356,7.89672,7.72054,7.82551,7.86203,7.63573,7.71032,7.93876,7.7818,7.81082,7.80242,7.79991,7.76382,7.63983,7.94408,7.76986,7.84621,7.81346,7.72863,7.75562,7.53586,7.88841,7.96126,7.95129,7.71218,7.95381,7.72946,7.61256,7.76041
7.56639,7.8758,7.83035,7.75824,7.44904,7.77648,7.65368,7.99011,7.97976,7.92813,8.03509,7.71909,7.8153,7.8301,7.97208,7.88375,7.90251,7.98579,7.76432,7.96229,7.92585,7.99622,7.89023,7.74782,7.77967,7.81973,7.64299,7.59938,8.10832,7.85341,7.83516,7.7766,7.73341,7.94636,7.88822,8.03693,7.97097,7.6775,7.93848,7.98411,7.89516,7.67856,7.78619,7.84481,7.77435,7.64977,7.83539,7.77752,7.75483,8.04101,7.88018,7.71022,7.82363,7.94337,7.83466,7.63375,7.55732,7.83368,8.11228,7.87802,7.81286,7.78509,7.74939,7.8203,7.85415,7.72871,7.7338,7.89725,7.9767,7.88338,7.67608,7.98362,7.89223,7.80924,7.78349,7.82558,7.69836,7.7928,7.95927,7.74871,7.75784,7.74163,7.769,7.76134,7.7205,7.98515,7.86912,7.69083,7.74284,7.7323,7.75012,7.60502,7.87208,7.87136,7.83044,7.65974,7.91471,7.67545,7.86112,7.82498
7.782,7.70811,7.65141,7.71368,7.33151,7.76082,7.44543,7.93074,7.93694,8.01969,7.93497,7.67986,7.71041,7.69825,8.02871,7.87169,7.87982,8.00333,7.84191,7.80682,7.77295,7.96766,7.86615,7.64829,7.65234,7.78645,7.62958,7.46112,8.13454,7.57971,7.71618,7.81248,7.66213,7.89009,7.82932,7.90399,7.99118,7.66428,7.94538,7.92865,7.73269,7.60049,7.70971,7.88281,7.63236,7.59036,7.86458,7.74908,7.91514,8.08389,7.96967,7.59029,7.86181,8.00583,7.93431,7.45139,7.3853,7.79761,8.00019,7.73286,7.74271,7.79119,7.709,7.7202,7.88829,7.81225,7.75161,7.88069,7.75742,7.78525,7.63938,7.91445,7.85663,7.7501,7.76824,7.83737,7.68436,7.84668,7.99203,7.63868,7.71018,7.6765,7.66832,7.72883,7.66949,8.0071,7.79211,7.52118,7.51597,7.88811,7.72802,7.523,7.70567,7.98521,7.64121,7.56592,7.80955,7.56325,7.84921,7.82014
7.89242,7.63101,7.39493,7.67584,7.186,7.45318,7.31844,7.76678,7.74995,7.99971,7.84171,7.55332,7.59156,7.51707,7.92404,7.82214,7.58899,7.83381,7.82522,7.56263,7.64944,7.8277,7.82563,7.54056,7.5287,7.73264,7.48975,7.3498,8.08142,7.44374,7.71115,7.69531,7.48991,7.75126,7.73954,7.84083,7.91095,7.47123,8.03274,7.86031,7.67084,7.5693,7.59729,7.76457,7.56243,7.41534,7.5451,7.75692,7.86138,8.02643,7.83516,7.33241,7.82372,7.99396,7.94036,7.37084,7.38587,7.72403,7.78841,7.6768,7.68189,7.66448,7.68834,7.64892,7.87952,7.83243,7.52023,7.68021,7.67426,7.57163,7.59229,7.89255,7.72213,7.63789,7.76134,7.86816,7.55605,7.55108,7.82191,7.38403,7.51157,7.50873,7.66507,7.69578,7.63118,7.97195,7.772,7.32216,7.32834,7.83839,7.6363,7.41687,7.55079,7.84595,7.50028,7.44289,7.62662,7.4075,7.90886,7.75979
7.81814,7.50291,7.29588,7.63094,6.918,7.22992,7.12935,7.62296,7.54334,7.86356,7.60294,7.42904,7.50969,7.31932,7.69249,7.73861,7.54046,7.67986,7.61255,7.36896,7.4975,7.69103,7.72933,7.42205,7.3881,7.56849,7.39801,7.06834,7.87973,7.2298,7.64942,7.53487,7.20034,7.62901,7.55015,7.68243,7.67494,7.31721,7.89347,7.69461,7.51942,7.40993,7.32568,7.69462,7.40057,7.23902,7.34283,7.64448,7.82328,7.81016,7.65188,7.20617,7.7724,7.97517,7.73416,7.183,7.22178,7.55616,7.70135,7.52467,7.53568,7.46388,7.6027,7.48666,7.70361,8.01614,7.37662,7.5905,7.52298,7.42205,7.51585,7.69492,7.48765,7.46057,7.59384,7.6796,7.38109,7.44211,7.55915,7.08963,7.398,7.3436,7.40037,7.4587,7.45296,7.84309,7.64125,7.1288,7.07569,7.74295,7.56596,7.29422,7.4199,7.7135,7.29157,7.28209,7.40738,7.23444,7.84894,7.60228
7.82866,7.282,7.06906,7.54265,6.67556,7.01634,6.90537,7.47941,7.38074,7.75429,7.47232,7.25246,7.33163,7.07274,7.53748,7.60243,7.29609,7.50372,7.38716,7.16279,7.32981,7.44488,7.57076,7.25745,7.15647,7.40992,7.2231,6.82904,7.75002,7.04815,7.50895,7.36895,7.05062,7.49281,7.37765,7.56437,7.59123,7.00523,7.63122,7.56732,7.43387,7.22184,7.12132,7.49036,7.24425,7.05566,7.04814,7.40946,7.65491,7.58498,7.41608,6.95171,7.6229,7.83606,7.61588,6.96464,7.1608,7.30575,7.48277,7.26823,7.40512,7.294,7.41574,7.28415,7.49394,7.89263,7.21804,7.33421,7.30106,7.32627,7.56716,7.52313,7.27303,7.21469,7.38282,7.56796,7.24645,7.40287,7.42818,7.01674,7.13617,7.13206,7.06327,7.20479,7.28318,7.66041,7.4771,6.88656,6.95347,7.59219,7.43608,7.22494,7.20531,7.48784,6.90918,7.07534,7.19973,7.03624,7.62962,7.42608
7.58031,6.98519,6.8537,7.24197,6.47226,6.79957,6.54755,7.25153,7.20987,7.67018,7.32474,6.98938,7.06267,6.87169,7.269,7.49297,7.07062,7.28397,7.19898,6.92587,7.17206,7.22434,7.38886,7.15545,6.81474,7.13276,6.88203,6.65315,7.56321,6.79693,7.25308,7.17424,6.80649,7.16533,7.20146,7.46582,7.42383,6.8326,7.38479,7.35813,7.3195,6.95264,6.89165,7.18185,6.99267,6.72401,6.80126,7.23344,7.33732,7.41509,7.10572,6.7693,7.42146,7.65637,7.38746,6.65101,6.98228,7.03074,7.17488,7.04028,7.24505,7.07867,7.27754,7.00553,7.38088,7.71569,6.92105,7.19849,7.0718,7.11583,7.40738,7.30512,6.94558,6.92097,7.24911,7.26459,6.99436,7.22874,7.17254,6.78054,6.90571,6.9275,6.72311,6.97396,7.16017,7.46154,7.28199,6.59874,6.74434,7.37248,7.21046,6.96221,7.02832,7.13321,6.67524,6.82523,7.05788,6.86043,7.51112,7.18636
7.41341,6.75324,6.74149,6.97707,6.1929,6.50295,6.25743,7.1129,6.9331,7.51443,6.98918,6.72929,6.86447,6.66661,7.10624,7.26983,6.83434,6.99507,6.99035,6.7673,6.90438,7.03713,7.06203,6.92697,6.55247,6.96405,6.63538,6.38629,7.37169,6.5247,7.07874,6.8685,6.66931,6.78346,6.99725,7.16843,7.18189,6.5496,7.1701,7.13397,6.96251,6.75545,6.65203,6.86425,6.75305,6.49147,6.53841,7.03201,7.20418,7.16589,6.8772,6.41512,7.24556,7.48744,7.19452,6.46295,6.8648,6.85452,6.93051,6.87214,6.79018,6.75906,7.06885,6.8076,7.15024,7.61269,6.7622,7.00067,6.75645,6.90555,7.09589,7.007,6.7299,6.65061,6.82096,7.01515,6.72008,6.99065,6.85694,6.55331,6.67675,6.52969,6.45791,6.78472,6.88597,7.28729,6.96117,6.38474,6.44211,6.9841,7.05688,6.7215,6.7286,6.79796,6.52899,6.59016,6.83794,6.60255,7.24673,6.89647
7.27846,6.49927,6.58868,6.7363,6.07141,6.20869,5.9668,6.9989,6.61725,7.23363,6.80491,6.47327,6.65686,6.44011,6.85344,6.97798,6.57452,6.8053,6.82321,6.51551,6.62781,6.85614,6.82628,6.7369,6.36888,6.63871,6.41002,6.15497,7.08609,6.32548,6.88485,6.62411,6.43956,6.624,6.78855,6.79049,6.98206,6.31829,6.93291,6.97178,6.75553,6.50893,6.45761,6.70229,6.52222,6.39463,6.27548,6.82557,6.96207,6.85024,6.57321,6.17768,7.03936,7.16413,7.0002,6.26428,6.61588,6.71151,6.61663,6.61058,6.55168,6.49406,6.82767,6.52484,6.94474,7.35338,6.51308,6.79477,6.62211,6.59034,6.82271,6.82856,6.61221,6.34452,6.6305,6.69044,6.49961,6.74997,6.57407,6.3046,6.45492,6.22007,6.24514,6.42663,6.68014,7.17275,6.62302,6.08329,6.26013,6.82559,6.88938,6.48013,6.57891,6.53057,6.34209,6.44999,6.62912,6.29484,7.01747,6.60713
6.95737,6.26653,6.34963,6.54611,5.88967,5.94053,5.74567,6.78257,6.39228,7.02158,6.53088,6.24693,6.38014,6.28378,6.63123,6.82455,6.28139,6.5481,6.64201,6.20492,6.27817,6.6187,6.61005,6.37895,6.11821,6.40297,6.13634,5.88569,6.74457,6.1537,6.67501,6.38129,6.151,6.47977,6.44523,6.59794,6.61938,6.05349,6.75415,6.59154,6.45204,6.25196,6.14599,6.44089,6.27152,6.12734,6.04199,6.55995,6.73776,6.66307,6.35093,5.95466,6.73579,6.96145,6.72783,6.05234,6.32155,6.38891,6.38732,6.4042,6.28459,6.28216,6.59887,6.23236,6.61548,7.12612,6.27376,6.61797,6.29874,6.31066,6.68283,6.62517,6.37632,6.10557,6.3697,6.39028,6.28966,6.57192,6.35136,6.00795,6.19624,5.95697,6.0579,6.26132,6.44039,6.86921,6.32656,5.91286,6.1301,6.44845,6.53242,6.26156,6.25146,6.2302,6.10964,6.23884,6.34508,6.13754,6.79997,6.36197
6.78203,6.00042,5.96393,6.33339,5.70639,5.80196,5.50386,6.62325,6.20388,6.76661,6.32943,5.96308,6.15181,6.01487,6.37368,6.56063,6.06683,6.35973,6.47973,5.96995,6.04615,6.34898,6.42361,6.14936,5.89906,6.25983,5.94276,5.63355,6.38974,6.03586,6.46412,6.11015,5.87097,6.28034,6.30837,6.39929,6.42978,5.91701,6.43113,6.31922,6.191,6.04666,5.83114,6.14075,6.01127,5.86631,5.76475,6.2837,6.50644,6.44579,6.10057,5.72474,6.48614,6.60279,6.39987,5.79451,6.11207,6.09933,6.11036,6.15919,6.10336,6.10608,6.31035,5.98601,6.35783,6.89062,5.96066,6.37022,5.95604,6.01229,6.51755,6.26479,6.07691,6.03903,6.12562,6.12648,6.10549,6.35406,6.07189,5.8556,6.11684,5.7116,5.84209,6.04042,6.09793,6.60908,6.1787,5.72221,5.86802,6.28938,6.28605,6.04267,6.05806,6.0092,5.91841,5.96544,6.14969,5.88415,6.47674,6.04922
6.46678,5.75034,5.7532,6.04413,5.39569,5.46105,5.36393,6.23521,5.85033,6.45098,6.13848,5.71178,5.83377,5.81404,6.11451,6.36412,5.76675,6.05166,6.2105,5.76123,5.80162,6.06115,6.24917,5.84279,5.7016,5.99929,5.59999,5.47914,6.11781,5.87085,6.08367,5.86801,5.53777,6.03089,6.06893,6.05029,6.21281,5.73704,6.18175,6.06512,5.94116,5.73753,5.6953,5.83748,5.8076,5.62714,5.60534,6.08095,6.20204,6.08302,5.78631,5.46561,6.27065,6.35394,6.20975,5.47935,5.91628,5.92443,5.93221,5.93991,5.84444,5.90666,6.11132,5.65258,6.10535,6.64088,5.83688,6.14073,5.67103,5.7918,6.3743,6.05952,5.81867,5.73705,5.89987,5.83477,5.87695,6.20921,5.92285,5.51242,5.85621,5.49387,5.5698,5.70691,5.88272,6.31792,6.0221,5.45104,5.66367,6.13453,5.94589,5.77028,5.83493,5.8307,5.7222,5.80077,5.80413,5.60843,6.32997,5.79336
6.22029,5.53387,5.46669,5.78643,5.27344,5.2659,5.24621,5.98436,5.73786,6.16586,5.96073,5.59266,5.69576,5.60289,5.78397,6.16385,5.59441,5.82999,5.88917,5.42298,5.61933,5.87364,5.97168,5.67606,5.61052,5.73931,5.49577,5.28281,5.9204,5.63657,5.89775,5.7999,5.31341,5.68887,5.82894,5.81943,5.93873,5.60535,5.85095,5.82078,5.76648,5.60173,5.41719,5.61726,5.54636,5.53888,5.44768,5.82814,5.90561,5.85665,5.54486,5.29276,5.95091,6.03069,5.96265,5.25133,5.78672,5.61226,5.65317,5.69718,5.68643,5.70137,5.85727,5.44708,5.85783,6.41053,5.65789,5.95254,5.46039,5.4742,6.10657,5.94758,5.68325,5.5001,5.63497,5.5951,5.6485,5.92493,5.7417,5.44665,5.60434,5.30106,5.4732,5.48659,5.74599,6.10886,5.85018,5.14383,5.4867,6.00451,5.73125,5.55982,5.64518,5.56901,5.55266,5.62531,5.51375,5.40384,6.02662,5.5348
6.03802,5.27002,5.27243,5.5523,5.10078,5.11362,5.00094,5.64384,5.45603,5.92689,5.67393,5.37218,5.52223,5.39914,5.50344,5.87744,5.48117,5.64523,5.6602,5.24974,5.4087,5.63135,5.75218,5.40062,5.3698,5.5675,5.41589,5.1841,5.69012,5.40964,5.63009,5.5141,5.24131,5.44611,5.7301,5.58251,5.64828,5.40759,5.61985,5.52753,5.54129,5.44309,5.20421,5.45534,5.26508,5.39214,5.35057,5.53868,5.71379,5.63897,5.39597,5.07438,5.76583,5.87372,5.81103,5.05576,5.58503,5.54421,5.40936,5.55737,5.49973,5.43963,5.62627,5.19849,5.50011,6.14098,5.38776,5.71448,5.34102,5.31212,5.92094,5.64597,5.39247,5.31823,5.44165,5.36098,5.48793,5.63361,5.50845,5.28463,5.47361,5.11282,5.25111,5.28569,5.50361,5.94185,5.67407,5.00851,5.25754,5.6662,5.53243,5.47008,5.42611,5.38276,5.36862,5.31424,5.30713,5.26693,5.85301,5.37514
5.80872,5.1567,5.10755,5.34236,4.93714,4.99926,4.91982,5.45642,5.28606,5.69006,5.51428,5.08697,5.27087,5.27211,5.30905,5.72006,5.32878,5.36968,5.44555,5.01221,5.18775,5.34277,5.4451,5.16815,5.19154,5.45798,5.25783,4.97836,5.44134,5.19444,5.36928,5.26197,5.0697,5.18671,5.4622,5.33321,5.41778,5.25506,5.43087,5.33725,5.38964,5.28935,4.93047,5.17446,5.13273,5.27764,5.11227,5.39397,5.5417,5.49161,5.20455,4.87917,5.56497,5.60105,5.56104,4.95525,5.28295,5.30144,5.29774,5.33628,5.32747,5.28559,5.43823,5.0465,5.3778,5.79511,5.30115,5.44388,5.20268,5.11095,5.73307,5.47038,5.22845,5.12525,5.21503,5.16512,5.27168,5.4434,5.18952,5.15959,5.2753,4.95532,4.98772,5.09377,5.24317,5.64454,5.48856,4.89046,5.09341,5.52933,5.38298,5.18216,5.1549,5.16622,5.29716,5.1358,5.17045,5.11633,5.58436,5.16589
5.66719,4.9431,4.9912,5.12507,4.73714,4.8494,4.81686,5.21095,5.12031,5.48305,5.32813,4.91487,5.08222,5.09445,5.17849,5.49698,5.11344,5.29576,5.25157,4.83366,5.04719,5.23121,5.28076,5.0659,5.01554,5.20338,5.0635,4.8513,5.29285,5.09303,5.24722,5.15013,4.87729,5.07472,5.1967,5.04473,5.2191,5.03362,5.2183,5.22708,5.25108,5.13258,4.81439,5.08426,4.9878,5.02938,4.93979,5.18384,5.38739,5.33696,5.10636,4.82811,5.36095,5.34875,5.28818,4.73194,5.1424,5.17106,5.1607,5.08302,5.14613,5.07653,5.28279,4.93346,5.18198,5.61502,5.13784,5.31138,4.96632,5.06586,5.43051,5.29272,5.14119,4.94475,4.96657,4.96098,5.11388,5.19263,4.96526,4.9816,5.0537,4.73565,4.83326,4.92875,4.99065,5.52021,5.21889,4.84374,4.97575,5.30284,5.17645,4.99846,4.99292,4.97369,5.13982,4.84802,4.95747,4.92584,5.36207,5.00726
5.32916,4.85951,4.87316,4.9604,4.73461,4.6285,4.76124,5.07465,4.8329,5.20819,4.99712,4.70505,4.84952,4.87072,4.9727,5.33397,4.8752,5.02966,4.99127,4.67179,4.90676,5.05649,5.16151,4.93922,4.88566,5.13839,4.76726,4.68058,5.0888,4.91144,5.13329,5.06335,4.64559,4.96603,5.05843,4.78399,5.07019,4.74241,4.99369,4.95361,5.10694,4.92333,4.69013,4.89159,4.73483,4.98943,4.85539,5.03452,5.15174,5.15693,4.92194,4.73063,5.11225,5.20564,5.08602,4.65136,5.05712,5.04224,4.91559,4.94334,4.89233,4.84058,5.13024,4.82193,5.02348,5.40582,5.04788,5.15761,4.67716,4.8899,5.17784,5.09955,4.98293,4.82733,4.80325,4.74055,5.00922,4.98602,4.84196,4.83362,4.91692,4.58899,4.64361,4.71439,4.84968,5.34651,5.0249,4.73065,4.82516,5.11403,4.94652,4.75365,4.8615,4.85579,4.96153,4.68491,4.73395,4.90204,5.13278,4.84019
5.10065,4.78154,4.71953,4.83682,4.6804,4.47746,4.70652,4.92885,4.675,5.04026,4.8533,4.58823,4.6871,4.72403,4.8098,5.16017,4.73891,4.95093,4.88065,4.52331,4.76132,4.88099,4.96051,4.85829,4.74392,4.9629,4.68919,4.68183,4.87675,4.76795,5.00721,4.87186,4.51504,4.82813,4.89801,4.72782,4.84731,4.58141,4.8076,4.79677,4.98985,4.81333,4.5339,4.85386,4.60372,4.87418,4.76209,4.8406,4.98774,5.03049,4.78923,4.62956,4.97272,5.02899,4.94448,4.49045,4.87391,4.93065,4.87463,4.79078,4.73367,4.69422,4.94632,4.68013,4.78867,5.25915,4.85709,5.03008,4.62774,4.77962,5.03373,4.93154,4.84994,4.77194,4.68166,4.57739,4.85878,4.77985,4.74322,4.74945,4.79354,4.52012,4.56225,4.51226,4.76369,5.08659,4.85354,4.48446,4.64665,4.91454,4.76352,4.63652,4.77825,4.79797,4.80994,4.55149,4.57695,4.69986,4.9688,4.75855
4.92697,4.57388,4.51777,4.71386,4.55795,4.43606,4.65664,4.79804,4.54538,4.83401,4.67532,4.53949,4.62662,4.5866,4.61949,5.03742,4.57256,4.76405,4.73598,4.41379,4.6322,4.64456,4.7876,4.71902,4.58704,4.76806,4.53953,4.52773,4.81942,4.69525,4.7933,4.79438,4.50505,4.55834,4.71173,4.63975,4.70755,4.41813,4.79791,4.64416,4.83773,4.60235,4.53299,4.82019,4.56524,4.7184,4.58049,4.7177,4.92257,4.94808,4.57697,4.61335,4.86195,4.7765,4.765,4.37875,4.71324,4.78989,4.72136,4.7348,4.66472,4.51907,4.84443,4.47466,4.74879,5.05975,4.73588,4.86082,4.55861,4.609,4.86828,4.81319,4.64021,4.69473,4.52579,4.46338,4.67261,4.66242,4.60066,4.65518,4.71328,4.45503,4.55153,4.50875,4.59637,4.7949,4.77922,4.33799,4.53549,4.75189,4.64923,4.49328,4.65845,4.67851,4.67572,4.42363,4.50138,4.59377,4.76876,4.56005
4.82571,4.44439,4.5436,4.5245,4.40561,4.41837,4.55497,4.75629,4.40143,4.75584,4.65953,4.43359,4.55531,4.42823,4.56652,4.86499,4.50939,4.64212,4.56512,4.28848,4.4831,4.53821,4.69143,4.68619,4.56135,4.6001,4.49,4.45938,4.68983,4.4701,4.60346,4.68028,4.40042,4.53815,4.60121,4.51863,4.58057,4.29156,4.70236,4.60525,4.76286,4.45268,4.40316,4.70969,4.49415,4.61486,4.57057,4.60725,4.71027,4.74014,4.47706,4.51976,4.74613,4.76099,4.78807,4.33562,4.60387,4.55467,4.69315,4.59101,4.59821,4.42826,4.62817,4.35801,4.63483,4.8736,4.69182,4.73281,4.43396,4.49604,4.83744,4.70634,4.52486,4.54264,4.40287,4.30406,4.57481,4.57549,4.44758,4.5372,4.54708,4.4019,4.43667,4.37794,4.66331,4.75543,4.59744,4.1934,4.49884,4.62186,4.54472,4.41257,4.50603,4.56655,4.61035,4.37651,4.42299,4.4281,4.61232,4.55771
4.75972,4.42402,4.47261,4.44515,4.31927,4.3694,4.4246,4.60431,4.34366,4.61305,4.51443,4.39768,4.4273,4.36036,4.54818,4.83063,4.50789,4.57741,4.41671,4.20507,4.43008,4.47462,4.65028,4.58245,4.53279,4.44789,4.40514,4.41322,4.51338,4.40562,4.52838,4.53533,4.30319,4.39218,4.63092,4.40386,4.4117,4.36374,4.60137,4.43989,4.54455,4.33454,4.29103,4.61124,4.4095,4.47665,4.43489,4.53397,4.57915,4.68149,4.4532,4.45916,4.65748,4.6369,4.62787,4.29194,4.58027,4.46736,4.54205,4.51653,4.46634,4.33496,4.49703,4.27518,4.58892,4.72959,4.53678,4.66949,4.36367,4.42959,4.69171,4.66167,4.56173,4.42007,4.30811,4.23124,4.50807,4.51505,4.32952,4.44769,4.55556,4.31835,4.34899,4.27783,4.5074,4.74022,4.51874,4.13065,4.44438,4.54865,4.45379,4.28287,4.48526,4.37075,4.5465,4.36662,4.35918,4.28057,4.58602,4.40214
4.59066,4.27862,4.46195,4.40129,4.3321,4.26178,4.44037,4.51033,4.26787,4.54691,4.39638,4.2543,4.32657,4.28082,4.4389,4.68993,4.45581,4.59846,4.24786,4.15233,4.34381,4.43311,4.41641,4.44915,4.42686,4.39386,4.2853,4.34703,4.45749,4.30122,4.49419,4.35482,4.31416,4.34959,4.44264,4.43669,4.30783,4.33035,4.4885,4.42268,4.3948,4.2188,4.25304,4.46389,4.28859,4.42311,4.41762,4.57144,4.51704,4.58774,4.47451,4.3539,4.64679,4.51184,4.45572,4.20182,4.52568,4.44621,4.49314,4.36272,4.43365,4.33185,4.31659,4.22833,4.45144,4.61182,4.44567,4.45397,4.34122,4.41197,4.49367,4.60133,4.3988,4.27864,4.34262,4.23815,4.42382,4.43464,4.17946,4.33547,4.49899,4.325,4.28715,4.28153,4.51312,4.56065,4.37887,4.06836,4.36804,4.33729,4.37545,4.21112,4.4105,4.38549,4.42136,4.32757,4.35714,4.20724,4.46494,4.31273
4.47947,4.252,4.33927,4.30468,4.29765,4.34053,4.39507,4.48855,4.29044,4.46173,4.39973,4.23475,4.27965,4.23919,4.32522,4.60953,4.30249,4.4982,4.14275,4.0639,4.24267,4.38386,4.30528,4.29917,4.39504,4.40322,4.25254,4.37873,4.38293,4.33388,4.42613,4.35202,4.316,4.33558,4.39453,4.36717,4.19809,4.26328,4.35132,4.36714,4.25144,4.19553,4.26802,4.42058,4.30886,4.37527,4.45693,4.45492,4.40317,4.43515,4.38856,4.29995,4.53949,4.49139,4.45295,4.12812,4.43674,4.40939,4.49292,4.32538,4.37132,4.31221,4.31292,4.05323,4.47626,4.45256,4.38209,4.36107,4.30027,4.37966,4.35,4.55089,4.37666,4.17025,4.37797,4.23497,4.36134,4.43127,4.19016,4.30929,4.40735,4.28629,4.25974,4.23101,4.33747,4.33164,4.27492,4.13842,4.36611,4.38701,4.34048,4.24367,4.31978,4.24974,4.28154,4.32314,4.25921,4.23555,4.44351,4.21309
4.40459,4.20486,4.3135,4.30031,4.26465,4.31558,4.37065,4.40532,4.18993,4.3721,4.36459,4.15225,4.24712,4.19198,4.36155,4.50139,4.25404,4.4592,4.14832,4.11976,4.23986,4.25485,4.23215,4.13981,4.25229,4.25945,4.26101,4.3336,4.27204,4.30302,4.50296,4.3588,4.26825,4.23388,4.22711,4.33287,4.1158,4.23645,4.27533,4.28965,4.20081,4.16936,4.25743,4.42037,4.22386,4.41952,4.38491,4.41437,4.25584,4.40405,4.26758,4.2468,4.57592,4.3683,4.39555,4.04816,4.36574,4.30245,4.37106,4.2909,4.24563,4.25029,4.29457,4.01973,4.39072,4.31754,4.22983,4.25535,4.19509,4.41113,4.27907,4.47665,4.26777,4.08772,4.32918,4.17143,4.31427,4.44828,4.19913,4.33091,4.30567,4.14601,4.22357,4.177,4.30463,4.31083,4.27542,4.16515,4.35583,4.26701,4.32362,4.24641,4.27717,4.2136,4.2812,4.26734,4.21345,4.17766,4.35209,4.24933
4.34881,4.21433,4.34231,4.20871,4.22042,4.32431,4.27913,4.35195,4.0851,4.28029,4.35082,4.1104,4.23348,4.16591,4.30967,4.39397,4.26233,4.33843,4.09314,4.10487,4.19064,4.22686,4.26194,4.18099,4.30753,4.2016,4.29501,4.33135,4.23178,4.32911,4.47305,4.28307,4.23585,4.20312,4.14342,4.27392,4.11724,4.17748,4.24777,4.2941,4.17195,4.07595,4.20725,4.51419,4.26391,4.39385,4.3751,4.25763,4.21975,4.32271,4.22983,4.23818,4.53197,4.37616,4.3316,4.17369,4.29067,4.13244,4.29706,4.33394,4.19861,4.23799,4.28439,3.95724,4.3591,4.27119,4.22916,4.1385,4.14051,4.29717,4.25391,4.36815,4.19223,3.95514,4.32647,4.19487,4.2826,4.48417,4.16997,4.26811,4.24953,4.19567,4.10782,4.15088,4.37031,4.31136,4.26918,4.18211,4.36985,4.21708,4.31759,4.20136,4.11906,4.22417,4.2614,4.17966,4.23241,4.21686,4.20446,4.17223
4.28061,4.25018,4.24415,4.18635,4.11797,4.31975,4.18102,4.31992,4.02731,4.24781,4.28778,4.05917,4.11715,4.17009,4.26174,4.34642,4.193,4.27117,4.06038,4.11014,4.17696,4.23051,4.24781,4.176,4.33703,4.19275,4.12568,4.34655,4.18317,4.21316,4.38387,4.18361,4.2297,4.0873,4.12075,4.21584,4.07229,4.18415,4.21192,4.25652,4.18018,4.15132,4.15406,4.42849,4.18494,4.37318,4.30845,4.23772,4.11115,4.35219,4.24769,4.31528,4.46099,4.25143,4.34616,4.09439,4.25559,4.08305,4.25937,4.29067,4.19981,4.23909,4.19016,4.0029,4.41247,4.21014,4.19469,4.15236,4.1272,4.28817,4.22218,4.2805,4.22022,4.01486,4.30459,4.15468,4.21013,4.3843,4.14033,4.32521,4.23032,4.16216,4.10294,4.15584,4.27324,4.29821,4.22795,4.18632,4.3469,4.18062,4.32168,4.19192,4.09184,4.20842,4.23935,4.13119,4.2092,4.09551,4.13811,4.20382
4.22078,4.25222,4.14825,4.17621,4.15892,4.30975,4.19256,4.31424,4.04483,4.24493,4.30107,4.07586,4.04096,4.15873,4.32661,4.31324,4.15285,4.28765,4.08346,4.11115,4.18048,4.29682,4.22948,4.18957,4.32954,4.18437,4.03406,4.34199,4.20375,4.17631,4.26941,4.18389,4.20083,4.12957,4.14572,4.24658,4.15412,4.23128,4.30833,4.21012,4.19505,4.16058,4.08364,4.43491,4.19007,4.36434,4.26611,4.21447,4.05812,4.35274,4.2098,4.30289,4.44429,4.2297,4.39559,4.1888,4.26186,4.11256,4.21063,4.23471,4.18842,4.27448,4.1444,4.10545,4.41131,4.07357,4.14811,4.08411,4.12365,4.32402,4.17308,4.2642,4.12927,4.05207,4.33576,4.13611,4.15041,4.38656,4.11404,4.2778,4.20657,4.16885,4.22401,4.14839,4.23976,4.28837,4.13571,4.20042,4.34195,4.26942,4.23861,4.1706,4.1288,4.19785,4.2013,4.1088,4.21822,4.22101,4.10043,4.20139
4.12342,4.31156,4.13052,4.21026,4.33917,4.35346,4.2438,4.23902,4.11251,4.29113,4.22997,4.02792,4.07249,4.18536,4.29905,4.31937,4.08286,4.36662,4.169,4.20097,4.23458,4.2853,4.23345,4.21099,4.37665,4.15069,4.07523,4.33914,4.22392,4.17991,4.27909,4.20278,4.18121,4.17503,4.17863,4.19269,4.08571,4.20082,4.36837,4.18145,4.17354,4.1873,4.0554,4.44896,4.18934,4.20054,4.30392,4.17202,4.0839,4.35231,4.2359,4.38678,4.38294,4.14702,4.36845,4.14425,4.1485,4.16027,4.21217,4.21872,4.17995,4.30082,4.05861,4.10992,4.40137,4.07105,4.06836,4.06836,4.17789,4.33398,4.30068,4.25318,4.12134,4.07539,4.33423,4.14467,4.04089,4.30437,4.06611,4.24839,4.26287,4.09695,4.12313,4.11104,4.32164,4.33876,4.00953,4.23053,4.31371,4.24242,4.21665,4.11875,4.11229,4.12828,4.17033,4.08474,4.24896,4.2031,4.05569,4.24378
4.10975,4.23289,4.15371,4.26106,4.42785,4.30447,4.3475,4.23576,4.151,4.29399,4.3119,4.0338,4.04967,4.20889,4.35185,4.23766,4.04342,4.43378,4.22559,4.20146,4.24402,4.23356,4.21097,4.13208,4.44005,4.14979,4.15658,4.27784,4.19026,4.19976,4.2313,4.20064,4.10955,4.30836,4.21933,4.17976,4.08729,4.18578,4.30474,4.1906,4.1876,4.21545,4.08523,4.41529,4.23794,4.18817,4.25401,4.16604,4.02963,4.26284,4.23345,4.37741,4.28402,4.14631,4.26459,4.26053,4.17282,4.17098,4.25685,4.22277,4.23328,4.35138,4.05145,4.09406,4.35327,4.04403,4.05327,4.00839,4.26123,4.33903,4.24715,4.2711,4.18224,4.13032,4.34838,4.16791,4.15048,4.21997,4.09481,4.28303,4.29899,4.17394,4.17101,4.20205,4.17496,4.32652,3.98426,4.21354,4.3725,4.20424,4.23098,4.1419,4.1113,4.1511,4.19425,4.1335,4.22921,4.12792,4.13564,4.22173
4.12787,4.31997,4.25097,4.26879,4.41781,4.35587,4.25134,4.28897,4.23338,4.2939,4.38621,4.03895,4.10869,4.28769,4.27615,4.15771,4.07508,4.48589,4.1549,4.29028,4.25093,4.28219,4.25427,4.16909,4.42505,4.14896,4.2488,4.24762,4.05771,4.24329,4.29066,4.27472,4.17977,4.22983,4.21304,4.19785,4.18049,4.15381,4.26289,4.2053,4.20592,4.22369,4.09696,4.3525,4.3567,4.12005,4.25901,4.13657,4.03423,4.33815,4.22761,4.39628,4.29765,4.20629,4.2078,4.37205,4.13783,4.13699,4.25768,4.17923,4.29385,4.3702,4.10741,4.11558,4.26709,3.99374,4.0587,4.05104,4.28104,4.25018,4.21325,4.23063,4.14949,4.27655,4.39954,4.17382,4.10111,4.204,4.14427,4.26993,4.31328,4.27179,4.14118,4.26966,4.16766,4.36825,3.95523,4.32886,4.29099,4.23619,4.22769,4.16199,4.14008,4.15167,4.22607,4.15256,4.23841,4.1524,4.10117,4.23518
4.14587,4.36191,4.29373,4.21147,4.39321,4.33278,4.22774,4.2353,4.21065,4.26996,4.41784,4.00819,4.14135,4.23406,4.32725,4.20667,4.14143,4.53152,4.11881,4.31495,4.30231,4.27647,4.24085,4.19204,4.42036,4.13498,4.23971,4.30775,4.10098,4.26104,4.34381,4.31607,4.16729,4.28676,4.2869,4.1954,4.26468,4.15781,4.19652,4.2513,4.27499,4.25187,4.28278,4.24934,4.30521,4.10363,4.27388,4.21678,3.89306,4.40076,4.29677,4.41796,4.29628,4.26672,4.21614,4.43725,4.01649,4.17818,4.26377,4.12309,4.32766,4.30961,4.19978,4.04144,4.2163,3.92589,4.12538,4.08901,4.35873,4.16283,4.19054,4.12746,4.2283,4.18714,4.3706,4.08487,4.11875,4.24976,4.19184,4.28409,4.30047,4.34466,4.20705,4.33045,4.211,4.4049,4.02542,4.38125,4.30865,4.22577,4.2298,4.12317,4.25728,4.16277,4.30279,4.19636,4.26728,4.15851,4.14049,4.24551
4.20181,4.45022,4.27773,4.25024,4.40863,4.37972,4.33125,4.2323,4.21902,4.24345,4.39046,4.09897,4.19891,4.26242,4.34989,4.2345,4.21382,4.51347,4.0691,4.36991,4.34013,4.27407,4.21352,4.30268,4.26769,4.1769,4.27752,4.34573,4.15019,4.24563,4.27914,4.29111,4.19938,4.37431,4.26068,4.23021,4.25478,4.18878,4.27055,4.30642,4.2749,4.21555,4.37893,4.24087,4.30665,4.21339,4.35158,4.19228,3.98429,4.46213,4.29119,4.35979,4.3204,4.24542,4.20111,4.31922,3.98918,4.1599,4.29439,4.08261,4.38806,4.31444,4.06799,4.08691,4.17086,3.93816,4.24579,4.10666,4.34422,4.26873,4.22465,4.16432,4.17086,4.2599,4.37452,4.21997,4.16882,4.25437,4.23831,4.31222,4.30175,4.34689,4.28941,4.25606,4.19666,4.34186,4.05543,4.43498,4.34442,4.17237,4.13024,4.21671,4.28897,4.22425,4.38916,4.17896,4.36359,4.2724,4.18407,4.27698
4.17397,4.45956,4.35291,4.30794,4.45924,4.39417,4.35461,4.23059,4.25216,4.32978,4.45018,4.14426,4.26756,4.24826,4.34973,4.25563,4.23356,4.44331,4.22068,4.40285,4.31155,4.43069,4.27693,4.34053,4.29547,4.26414,4.21046,4.38718,4.17748,4.17183,4.31074,4.22128,4.29957,4.39792,4.33041,4.28805,4.27382,4.13904,4.24538,4.30447,4.24901,4.31307,4.36414,4.25445,4.3527,4.21496,4.43933,4.19444,4.06625,4.42897,4.39355,4.31308,4.36782,4.31633,4.25683,4.41686,3.99569,4.25073,4.43602,4.17933,4.3692,4.35465,4.10304,4.17376,4.22401,3.96863,4.22672,4.18959,4.41584,4.27628,4.32481,4.17278,4.10069,4.35742,4.41926,4.2306,4.20869,4.22339,4.35964,4.33442,4.34531,4.37083,4.34165,4.25141,4.30247,4.3266,4.08476,4.54988,4.42939,4.18449,4.20935,4.29212,4.35783,4.24736,4.39426,4.20282,4.44066,4.27284,4.19463,4.32123
4.20257,4.50926,4.42234,4.33121,4.37177,4.45272,4.36233,4.23942,4.46959,4.32309,4.43772,4.21781,4.35205,4.29324,4.37306,4.24633,4.30329,4.41644,4.2036,4.48096,4.3237,4.42218,4.35555,4.3373,4.34255,4.30014,4.23674,4.2613,4.2075,4.22026,4.2976,4.25839,4.35903,4.2853,4.36021,4.40331,4.3403,4.20026,4.25244,4.41848,4.36846,4.40687,4.37089,4.3578,4.40046,4.31129,4.43062,4.20834,4.11315,4.44321,4.43708,4.21428,4.26855,4.29928,4.32942,4.41431,4.16481,4.40813,4.44156,4.12412,4.33911,4.34315,4.16981,4.13545,4.2797,3.99299,4.26561,4.18441,4.48207,4.299,4.31436,4.17122,4.10061,4.3838,4.3986,4.34583,4.14269,4.16908,4.41254,4.34605,4.32653,4.43938,4.4266,4.30958,4.28394,4.39908,4.1946,4.57004,4.33676,4.27229,4.30181,4.25616,4.36551,4.23675,4.40999,4.25208,4.58356,4.32151,4.23289,4.37181
4.24539,4.48423,4.48725,4.30789,4.36771,4.42278,4.44009,4.23592,4.50551,4.28468,4.46109,4.28798,4.41461,4.36043,4.35219,4.28971,4.29082,4.41855,4.29032,4.56416,4.42683,4.44661,4.39788,4.39198,4.40735,4.29489,4.27487,4.2355,4.22326,4.25664,4.28034,4.36914,4.36621,4.33925,4.46128,4.54696,4.41487,4.2196,4.25075,4.43494,4.47215,4.39906,4.34203,4.37427,4.381,4.27961,4.4259,4.26742,4.19088,4.41148,4.40869,4.31483,4.29335,4.3363,4.36859,4.45236,4.14525,4.41075,4.46867,4.18997,4.30669,4.40581,4.18525,4.21913,4.38543,4.02945,4.36869,4.25601,4.49617,4.3354,4.39877,4.29594,4.14439,4.39248,4.51182,4.34414,4.26419,4.28385,4.42856,4.29635,4.39595,4.4674,4.51261,4.34315,4.32891,4.4517,4.27632,4.58231,4.29029,4.25455,4.28443,4.29038,4.42694,4.26624,4.43032,4.32625,4.55412,4.38571,4.24646,4.4076
4.36962,4.48998,4.53269,4.40331,4.39655,4.31312,4.4644,4.35643,4.63718,4.2899,4.41832,4.33802,4.40463,4.45036,4.33432,4.24448,4.28939,4.53673,4.34399,4.57834,4.51704,4.5021,4.39603,4.37477,4.45509,4.325,4.3501,4.24299,4.22078,4.28088,4.33645,4.39342,4.43525,4.39273,4.56557,4.52613,4.49958,4.20609,4.35487,4.48104,4.54485,4.43736,4.38302,4.36168,4.36688,4.37406,4.51272,4.29403,4.28021,4.4245,4.50609,4.43025,4.31673,4.31036,4.43807,4.44485,4.14241,4.41919,4.43711,4.0775,4.27294,4.49543,4.24096,4.211,4.49287,4.03229,4.33771,4.30831,4.50654,4.33416,4.39049,4.34693,4.28089,4.48866,4.43425,4.37598,4.3522,4.31267,4.35714,4.32132,4.50764,4.46716,4.4576,4.33292,4.31579,4.55906,4.32534,4.62036,4.2501,4.2395,4.32125,4.41361,4.44051,4.39132,4.45555,4.355,4.55474,4.37688,4.30669,4.45286
4.38869,4.55084,4.61255,4.49297,4.50042,4.45683,4.51055,4.34064,4.63746,4.2842,4.52241,4.4018,4.38192,4.41322,4.36691,4.3882,4.30525,4.53227,4.42533,4.61469,4.55925,4.56667,4.52598,4.3913,4.52585,4.38301,4.43259,4.28348,4.29601,4.34256,4.33848,4.53618,4.42101,4.41116,4.53737,4.60783,4.50466,4.26595,4.33099,4.50043,4.56322,4.49508,4.40934,4.37954,4.37019,4.34818,4.50645,4.35809,4.37957,4.44621,4.48949,4.4996,4.3663,4.37356,4.494,4.55006,4.25129,4.53194,4.51337,4.12733,4.40599,4.5214,4.22082,4.24412,4.44374,4.15402,4.44236,4.35496,4.51811,4.49092,4.45602,4.41987,4.36934,4.50051,4.56118,4.38302,4.35612,4.32015,4.48383,4.38111,4.50011,4.56325,4.53091,4.39521,4.29299,4.65061,4.27234,4.62483,4.29242,4.33038,4.36885,4.39767,4.54276,4.42408,4.5717,4.37447,4.50072,4.49071,4.33917,4.52948
4.48919,4.50228,4.58518,4.54598,4.54432,4.40544,4.46914,4.428,4.60264,4.32722,4.5051,4.50076,4.44047,4.36251,4.38354,4.46216,4.388,4.54221,4.49573,4.63835,4.48445,4.67547,4.58918,4.43733,4.60268,4.35298,4.54329,4.27168,4.32795,4.42051,4.44181,4.55055,4.46504,4.52859,4.54696,4.64217,4.61656,4.35247,4.37673,4.47713,4.60785,4.49931,4.41775,4.38997,4.38651,4.46038,4.47714,4.42934,4.41005,4.52833,4.44274,4.49618,4.38227,4.31536,4.49079,4.61009,4.25003,4.54947,4.57143,4.17614,4.42187,4.60455,4.21465,4.33824,4.48206,4.13932,4.46617,4.51587,4.52734,4.48626,4.52547,4.45652,4.47196,4.49346,4.57288,4.44596,4.42213,4.30115,4.5831,4.5076,4.48616,4.61764,4.6607,4.46113,4.29772,4.55726,4.34642,4.66104,4.38182,4.38715,4.44148,4.4315,4.59601,4.4599,4.49968,4.41479,4.5584,4.43693,4.45299,4.60978
4.439,4.56657,4.57944,4.52773,4.61928,4.45348,4.5032,4.38993,4.65757,4.46282,4.50114,4.54963,4.49534,4.43191,4.31249,4.53676,4.38063,4.51381,4.54315,4.65774,4.49771,4.57848,4.58745,4.53714,4.65128,4.37216,4.55346,4.28694,4.29104,4.51416,4.50931,4.57145,4.52812,4.55129,4.64728,4.69864,4.74589,4.34607,4.4946,4.467,4.65674,4.53762,4.52231,4.41613,4.45828,4.50553,4.48443,4.45413,4.45423,4.55896,4.56024,4.49609,4.46801,4.35186,4.47625,4.62051,4.48758,4.59058,4.63587,4.21372,4.41498,4.60297,4.23102,4.38853,4.49401,4.14819,4.45226,4.43975,4.58454,4.58148,4.48192,4.40786,4.56516,4.53274,4.58497,4.459,4.54218,4.31217,4.67103,4.56746,4.50412,4.63221,4.73746,4.52813,4.31061,4.57246,4.33095,4.73158,4.44877,4.3921,4.42017,4.46901,4.62764,4.47923,4.447,4.44642,4.54043,4.46029,4.49808,4.66493
4.46678,4.62111,4.59405,4.60341,4.6081,4.48341,4.52585,4.37721,4.74461,4.47879,4.54506,4.62635,4.43409,4.50439,4.39762,4.51945,4.51757,4.55165,4.57401,4.71567,4.53489,4.56382,4.51863,4.50678,4.62898,4.3091,4.5129,4.35513,4.27561,4.5212,4.53155,4.72349,4.64008,4.59695,4.65364,4.73987,4.76399,4.42794,4.51454,4.55254,4.65165,4.59149,4.55918,4.50653,4.53865,4.62383,4.55543,4.44623,4.50905,4.57762,4.6571,4.52579,4.49029,4.4019,4.48546,4.61201,4.56077,4.54768,4.59932,4.29749,4.51907,4.54269,4.31374,4.48431,4.54499,4.29089,4.47338,4.47793,4.65447,4.59109,4.55718,4.42055,4.55681,4.62658,4.62045,4.51104,4.60693,4.39195,4.65457,4.60201,4.53114,4.71629,4.71997,4.56555,4.40435,4.54313,4.46117,4.80396,4.47213,4.34285,4.442,4.50654,4.54277,4.54409,4.50036,4.46869,4.61207,4.39205,4.49487,4.66523
4.40281,4.59832,4.60839,4.61668,4.70292,4.47759,4.53133,4.48069,4.80785,4.58174,4.5154,4.80341,4.47678,4.65751,4.48883,4.5096,4.49769,4.5199,4.70794,4.80653,4.61957,4.5907,4.52128,4.49305,4.66325,4.39829,4.49092,4.34019,4.41544,4.55909,4.40268,4.75281,4.64631,4.5971,4.64163,4.70017,4.72855,4.48841,4.51785,4.61849,4.5941,4.70119,4.6282,4.48362,4.55122,4.59618,4.57581,4.50615,4.53107,4.68785,4.76083,4.47684,4.54029,4.45812,4.57281,4.63862,4.58601,4.59729,4.67879,4.38663,4.56256,4.63537,4.31292,4.55385,4.52417,4.42846,4.47741,4.5383,4.61013,4.50141,4.63396,4.35788,4.55327,4.65008,4.59026,4.50752,4.66941,4.40389,4.64261,4.67478,4.53038,4.68057,4.66259,4.73072,4.48571,4.66147,4.53234,4.84659,4.57683,4.42197,4.53453,4.54167,4.53604,4.532,4.6004,4.5725,4.55956,4.41738,4.49201,4.60471
4.55732,4.68418,4.59203,4.62792,4.62106,4.51362,4.49934,4.52249,4.76841,4.58054,4.57637,4.82561,4.50064,4.74743,4.52985,4.52833,4.58875,4.61715,4.63691,4.87056,4.66826,4.62291,4.59427,4.58221,4.64554,4.41244,4.50507,4.38095,4.50333,4.64427,4.35504,4.7642,4.62778,4.62409,4.66346,4.62005,4.70381,4.59141,4.60144,4.69397,4.61098,4.68463,4.66381,4.60153,4.60736,4.5956,4.60642,4.52236,4.52444,4.74088,4.77514,4.58135,4.58723,4.44775,4.61553,4.6396,4.57281,4.6912,4.6587,4.44896,4.61861,4.66526,4.35953,4.58984,4.53334,4.43658,4.44939,4.55948,4.62988,4.53939,4.67625,4.4466,4.56555,4.77931,4.64646,4.54809,4.67159,4.43308,4.66937,4.64036,4.50674,4.67611,4.7134,4.70093,4.59318,4.67367,4.56496,4.81766,4.54661,4.44969,4.51446,4.59748,4.57679,4.56056,4.67312,4.67483,4.54375,4.4684,4.50118,4.58821
4.52662,4.67089,4.65915,4.69074,4.65891,4.53704,4.58014,4.63251,4.85072,4.59994,4.58695,4.74762,4.56749,4.7117,4.59099,4.47922,4.60558,4.68488,4.69416,4.85737,4.64781,4.73368,4.62276,4.67032,4.6543,4.54453,4.59803,4.43828,4.57029,4.7462,4.35452,4.78386,4.62548,4.84618,4.70256,4.64205,4.76287,4.60081,4.61779,4.70342,4.62604,4.75732,4.72354,4.60425,4.62796,4.61,4.67847,4.52907,4.55313,4.80546,4.78234,4.59223,4.66619,4.5105,4.61065,4.74483,4.61822,4.73298,4.70399,4.47259,4.55013,4.65995,4.41503,4.66412,4.63487,4.41649,4.51281,4.71157,4.62011,4.4969,4.7212,4.44842,4.63864,4.72393,4.69739,4.56183,4.71904,4.42898,4.68093,4.6329,4.44962,4.599,4.8096,4.76699,4.56603,4.68356,4.51756,4.8889,4.55406,4.48838,4.60441,4.65804,4.63626,4.51482,4.64253,4.73322,4.55096,4.58304,4.53964,4.66493
4.5864,4.76488,4.67228,4.68069,4.716,4.64912,4.55144,4.53284,4.81656,4.56426,4.54795,4.81348,4.60263,4.63287,4.62198,4.58112,4.55422,4.71188,4.73888,4.84575,4.59003,4.76383,4.6041,4.69148,4.58246,4.52152,4.60614,4.46622,4.52672,4.76735,4.49942,4.74545,4.66422,4.857,4.7482,4.75692,4.70394,4.63565,4.64545,4.71331,4.67854,4.80325,4.74606,4.58259,4.74484,4.679,4.55834,4.48232,4.54738,4.67235,4.68153,4.65743,4.70433,4.52343,4.59561,4.71176,4.57093,4.89736,4.72096,4.49067,4.56645,4.56368,4.49577,4.70604,4.66539,4.48514,4.58786,4.75936,4.59449,4.54989,4.69405,4.54539,4.65164,4.79291,4.65219,4.63087,4.74742,4.50291,4.74516,4.73421,4.48507,4.6,4.76232,4.72876,4.55986,4.72064,4.56852,4.90637,4.62939,4.54601,4.59989,4.7829,4.71099,4.51511,4.59145,4.71787,4.64546,4.56683,4.55638,4.60742
4.63672,4.82105,4.72835,4.76423,4.75615,4.6681,4.5891,4.65643,4.7875,4.60635,4.59334,4.84533,4.66211,4.6101,4.59404,4.64687,4.63048,4.69295,4.71419,4.86247,4.63223,4.73332,4.67186,4.738,4.59567,4.59678,4.67571,4.59794,4.51183,4.68086,4.53558,4.75876,4.75226,4.88427,4.73713,4.80847,4.65069,4.66339,4.70093,4.75211,4.69006,4.79142,4.83037,4.65962,4.764,4.7049,4.63518,4.48821,4.53101,4.63169,4.70453,4.66628,4.68483,4.56998,4.70751,4.68118,4.57105,4.90677,4.72706,4.53534,4.56569,4.51966,4.55358,4.67482,4.66027,4.55956,4.61388,4.74114,4.6767,4.62188,4.65208,4.45044,4.70703,4.8132,4.62222,4.57908,4.68337,4.5468,4.81613,4.65905,4.60304,4.65715,4.7499,4.73936,4.50928,4.7099,4.63981,4.92763,4.60407,4.59439,4.70209,4.77694,4.6331,4.592,4.66812,4.8235,4.65776,4.69529,4.69559,4.62394
4.70532,4.87216,4.8018,4.71842,4.68543,4.69065,4.67552,4.65646,4.7971,4.73788,4.68121,4.84621,4.74496,4.55864,4.57053,4.59382,4.72845,4.74325,4.75784,4.83123,4.66578,4.74949,4.74579,4.79997,4.67239,4.61262,4.64931,4.61996,4.50709,4.65483,4.56879,4.67494,4.66313,4.87964,4.75334,4.76156,4.60286,4.71872,4.73916,4.75284,4.77798,4.6888,4.72837,4.64777,4.73403,4.643,4.76296,4.51623,4.55956,4.66162,4.78065,4.65807,4.63741,4.6432,4.69049,4.66991,4.57966,4.81847,4.71255,4.61886,4.63317,4.63442,4.59426,4.74158,4.69203,4.63236,4.54643,4.75308,4.66001,4.59855,4.55705,4.45124,4.76139,4.80163,4.68401,4.60176,4.73563,4.57633,4.70965,4.73512,4.6233,4.69353,4.81386,4.7356,4.53943,4.77801,4.63729,4.86504,4.65916,4.5699,4.72217,4.78483,4.63444,4.60475,4.71891,4.78393,4.67252,4.7793,4.70387,4.58719
4.72072,4.79359,4.78295,4.72707,4.70403,4.81856,4.73483,4.66403,4.69743,4.71867,4.71687,4.82695,4.7253,4.6093,4.52396,4.63435,4.74904,4.77786,4.75909,4.79591,4.72929,4.70363,4.77802,4.80402,4.66599,4.57965,4.63561,4.59137,4.54746,4.60498,4.5573,4.65717,4.62424,4.85179,4.69888,4.81154,4.62528,4.73031,4.75367,4.70534,4.8843,4.73449,4.79389,4.66032,4.72237,4.64975,4.83144,4.64926,4.71805,4.68686,4.71741,4.64122,4.5756,4.64771,4.66171,4.60817,4.59132,4.81386,4.72644,4.60411,4.69041,4.63947,4.60417,4.71742,4.74971,4.56865,4.53599,4.78334,4.69974,4.61231,4.52234,4.52262,4.77993,4.79045,4.596,4.54627,4.6832,4.53048,4.55651,4.72502,4.65673,4.79656,4.87548,4.78318,4.59269,4.88967,4.73186,4.89892,4.63031,4.62112,4.72778,4.73784,4.64924,4.61331,4.72569,4.7823,4.6868,4.76789,4.73073,4.62946
4.84046,4.73973,4.75646,4.73715,4.62887,4.82171,4.75391,4.64144,4.72103,4.76468,4.69182,4.89289,4.69771,4.68241,4.49097,4.81973,4.84321,4.87139,4.86358,4.75286,4.80682,4.71757,4.6736,4.81865,4.72331,4.44665,4.63023,4.63444,4.6038,4.60343,4.60171,4.61249,4.64445,4.78949,4.73492,4.81575,4.73207,4.64651,4.83503,4.74695,4.84144,4.68551,4.71301,4.75683,4.79616,4.72794,4.85676,4.70029,4.80237,4.74266,4.69444,4.69781,4.60514,4.6444,4.68629,4.69823,4.68211,4.7717,4.79405,4.67136,4.58913,4.73275,4.65469,4.73521,4.75411,4.61705,4.50831,4.84744,4.70949,4.62158,4.55606,4.55156,4.74713,4.77867,4.57977,4.61912,4.73135,4.53195,4.52389,4.77436,4.57625,4.75636,4.88256,4.77457,4.62978,4.76235,4.77766,4.87245,4.58655,4.66137,4.76407,4.79771,4.73518,4.62978,4.77678,4.74752,4.69348,4.83436,4.71249,4.67302
4.76746,4.78854,4.68631,4.77874,4.618,4.7974,4.73482,4.61363,4.8379,4.80467,4.77605,4.80876,4.796,4.60838,4.5064,4.79226,4.9142,4.93839,4.87943,4.77677,4.7256,4.78693,4.6696,4.78927,4.70385,4.51261,4.68008,4.70175,4.56655,4.65191,4.53664,4.58082,4.53609,4.73345,4.75061,4.79467,4.77302,4.7042,4.86895,4.757,4.82504,4.67641,4.70221,4.77044,4.87456,4.72679,4.8716,4.73762,4.66748,4.80662,4.78329,4.67551,4.55582,4.70158,4.63839,4.68491,4.6777,4.80198,4.83743,4.71445,4.57766,4.83654,4.59393,4.78725,4.78138,4.67494,4.56115,4.92408,4.76921,4.65995,4.65757,4.6626,4.71696,4.70943,4.6195,4.66012,4.67655,4.51026,4.53585,4.74372,4.61361,4.69889,4.8006,4.66167,4.6326,4.81349,4.7557,4.76827,4.61292,4.72662,4.82154,4.78489,4.71101,4.64058,4.76177,4.84797,4.7309,4.80926,4.76934,4.68799
4.76524,4.68202,4.72348,4.81428,4.69972,4.82032,4.75353,4.66601,4.80353,4.79902,4.7907,4.82009,4.74926,4.65255,4.56293,4.77591,4.89958,4.88716,4.90771,4.78089,4.73142,4.8034,4.64879,4.85471,4.69304,4.5562,4.60177,4.71211,4.66373,4.65153,4.5311,4.56328,4.60811,4.68322,4.76605,4.7806,4.75685,4.72182,4.78119,4.82271,4.76038,4.66932,4.71574,4.73245,4.87965,4.71669,4.9454,4.74715,4.67105,4.70535,4.76973,4.67468,4.60791,4.77829,4.67721,4.71227,4.73557,4.90712,4.86439,4.7178,4.57277,4.77328,4.63448,4.87006,4.76194,4.79533,4.63494,4.9089,4.75155,4.64725,4.63918,4.71832,4.74966,4.65216,4.6183,4.65052,4.58092,4.49512,4.52535,4.77246,4.59935,4.69898,4.82749,4.73642,4.55528,4.69394,4.74309,4.77281,4.55595,4.6529,4.86582,4.69199,4.83391,4.67673,4.85213,4.86065,4.74968,4.75973,4.686,4.78344
4.77032,4.73762,4.80725,4.87796,4.65439,4.85651,4.72608,4.74888,4.77423,4.76694,4.74725,4.74984,4.80083,4.64074,4.64117,4.76603,4.80207,4.88593,4.87377,4.79183,4.57875,4.83788,4.69021,4.88125,4.70831,4.67676,4.66248,4.69754,4.67853,4.71634,4.56407,4.61111,4.64016,4.6269,4.81484,4.7781,4.72388,4.64912,4.68749,4.79077,4.79233,4.71221,4.73472,4.69495,4.8719,4.76292,4.98203,4.67154,4.59319,4.69552,4.64427,4.61321,4.58829,4.81594,4.65176,4.6976,4.75922,4.88577,4.90949,4.77787,4.53813,4.64218,4.55629,4.85898,4.79507,4.8726,4.66617,4.93927,4.73939,4.71009,4.58668,4.7404,4.67401,4.57875,4.57384,4.65616,4.6132,4.51183,4.61271,4.78174,4.6406,4.67142,4.72548,4.7617,4.52311,4.74422,4.77943,4.73419,4.56175,4.66096,4.89911,4.66955,4.79837,4.73656,4.85388,4.79774,4.77144,4.86229,4.66252,4.70433
4.76373,4.77062,4.86009,4.85412,4.67264,4.92177,4.70011,4.77564,4.84667,4.7856,4.71433,4.70806,4.78238,4.64012,4.60112,4.76571,4.72855,4.79712,4.83315,4.81705,4.60413,4.80512,4.67701,4.85447,4.78125,4.62512,4.63406,4.68137,4.74208,4.70405,4.59622,4.5864,4.71472,4.55728,4.78377,4.7497,4.71673,4.60254,4.65492,4.73947,4.82797,4.56612,4.7318,4.68102,4.82876,4.725,4.92097,4.7137,4.68936,4.69432,4.6893,4.57748,4.62177,4.91526,4.65859,4.59755,4.68109,4.84605,4.89482,4.82811,4.62302,4.68653,4.59143,4.92412,4.78951,4.84177,4.72533,4.95759,4.69694,4.80395,4.52547,4.6945,4.69558,4.49616,4.54201,4.6107,4.61039,4.5745,4.58737,4.75106,4.62611,4.63764,4.76245,4.76981,4.51992,4.74498,4.71734,4.75724,4.58946,4.7137,4.93043,4.64496,4.77103,4.68077,4.83517,4.76974,4.74409,4.80987,4.66449,4.8279
4.712,4.75243,4.85111,4.84171,4.63202,4.92864,4.7505,4.77319,4.77943,4.8026,4.79146,4.65005,4.7987,4.54016,4.65485,4.77381,4.70663,4.76291,4.77085,4.88211,4.68268,4.80306,4.61986,4.86211,4.85394,4.65782,4.65169,4.65248,4.5914,4.76548,4.62685,4.56904,4.66477,4.53327,4.79857,4.70597,4.78453,4.61711,4.70161,4.81009,4.78566,4.55697,4.69559,4.60741,4.86749,4.73862,4.80498,4.72388,4.71959,4.71623,4.69172,4.52439,4.65858,4.98518,4.6569,4.55273,4.7211,4.75556,4.94516,4.9282,4.56954,4.60831,4.58239,4.86601,4.73959,4.95227,4.73827,4.91864,4.59251,4.86022,4.58675,4.61963,4.64672,4.46996,4.61357,4.67114,4.67415,4.58333,4.61215,4.6622,4.56747,4.6693,4.78261,4.6755,4.52074,4.66746,4.7038,4.78199,4.6454,4.6926,4.84994,4.62876,4.74244,4.72189,4.81042,4.80266,4.75825,4.76875,4.65328,4.8044
4.72459,4.764,4.87026,4.75063,4.62147,4.86672,4.78925,4.82491,4.74608,4.79161,4.80661,4.55526,4.74641,4.55096,4.70231,4.82482,4.76251,4.82134,4.83083,4.85192,4.6235,4.78818,4.68222,4.85048,4.81817,4.67026,4.67689,4.71816,4.70449,4.72151,4.53472,4.58763,4.69895,4.49843,4.717,4.78561,4.71211,4.55657,4.70452,4.77206,4.80974,4.57371,4.6947,4.66513,4.8013,4.6655,4.80312,4.70975,4.73807,4.73108,4.6116,4.59352,4.64372,5.03942,4.7057,4.56485,4.69484,4.70572,4.99442,4.82505,4.55999,4.63928,4.69374,4.7824,4.76992,4.92301,4.72443,4.9129,4.60899,4.89394,4.61829,4.63344,4.65309,4.44331,4.5769,4.74081,4.73029,4.62283,4.66976,4.68759,4.54205,4.60562,4.74424,4.65555,4.52295,4.65092,4.62448,4.70621,4.67666,4.64003,4.87805,4.60406,4.59866,4.7786,4.67895,4.77707,4.62817,4.70683,4.64115,4.77874
4.77239,4.74027,4.86,4.71335,4.59137,4.91912,4.79661,4.81425,4.74386,4.84198,4.83133,4.53265,4.71981,4.56008,4.73807,4.79697,4.74415,4.81053,4.82294,4.78963,4.67286,4.67992,4.71316,4.89383,4.77127,4.62547,4.67542,4.65445,4.6361,4.67806,4.55239,4.60411,4.75896,4.48998,4.79147,4.78565,4.75583,4.6029,4.74387,4.89132,4.75765,4.50322,4.6244,4.75992,4.83123,4.63644,4.80537,4.73314,4.7313,4.73568,4.60433,4.49276,4.66953,5.02533,4.70095,4.52938,4.73141,4.61578,4.91217,4.78248,4.51262,4.70733,4.74819,4.75314,4.72996,4.92001,4.72765,4.86685,4.59317,4.85117,4.62622,4.61897,4.64278,4.45399,4.60469,4.68671,4.66808,4.59576,4.61207,4.65615,4.5915,4.67365,4.67799,4.69148,4.53798,4.70298,4.72959,4.73013,4.71188,4.65639,4.88082,4.54686,4.64249,4.71947,4.67136,4.76241,4.69028,4.73179,4.5616,4.75966
4.72696,4.6824,4.8621,4.69529,4.68642,4.81416,4.79457,4.84296,4.69839,4.78309,4.75388,4.50077,4.61561,4.52312,4.80414,4.79448,4.69133,4.88469,4.78128,4.75334,4.65912,4.76841,4.66774,4.77693,4.75666,4.72355,4.70931,4.64138,4.64033,4.70923,4.59508,4.5613,4.81025,4.57056,4.74006,4.80958,4.71999,4.54067,4.7609,4.78088,4.7288,4.57074,4.62671,4.79556,4.84856,4.59151,4.845,4.77271,4.67884,4.75405,4.5781,4.53809,4.63989,5.03773,4.62394,4.60925,4.66833,4.61475,4.84019,4.68217,4.51868,4.66627,4.79495,4.71705,4.70965,4.9611,4.66626,4.88517,4.54308,4.84199,4.53408,4.6679,4.65257,4.53966,4.53377,4.7092,4.65203,4.62297,4.67718,4.58142,4.62571,4.68068,4.60722,4.69519,4.52327,4.6346,4.69801,4.77809,4.71396,4.63798,4.74741,4.63066,4.6562,4.70257,4.65046,4.84471,4.61479,4.80801,4.55055,4.75923
4.71705,4.64216,4.81309,4.68441,4.70453,4.70853,4.75203,4.80974,4.68531,4.76301,4.70902,4.38738,4.59234,4.54848,4.86007,4.85133,4.71195,4.90529,4.75251,4.72884,4.5975,4.75762,4.60505,4.72155,4.70779,4.68861,4.61107,4.61223,4.69158,4.73036,4.68478,4.67233,4.77633,4.58855,4.70563,4.72274,4.7348,4.48427,4.78596,4.77467,4.66795,4.59184,4.6236,4.72992,4.85294,4.56847,4.8635,4.76797,4.69831,4.81487,4.54975,4.58596,4.6476,4.95813,4.62918,4.51551,4.58579,4.61455,4.86225,4.71535,4.57,4.63412,4.74645,4.78657,4.74673,4.93959,4.63658,4.80753,4.56996,4.85996,4.58029,4.7526,4.66235,4.48387,4.54338,4.73435,4.62612,4.61184,4.61274,4.64601,4.54498,4.71638,4.66762,4.72569,4.50259,4.66948,4.71047,4.7867,4.75881,4.57767,4.67776,4.65932,4.69681,4.67828,4.74178,4.89361,4.64894,4.77357,4.52747,4.66299
4.59588,4.6542,4.74473,4.68953,4.64872,4.69585,4.64281,4.7977,4.60544,4.86137,4.64734,4.38621,4.55332,4.52476,4.8723,4.79117,4.52437,4.88311,4.75119,4.79998,4.58274,4.71388,4.66218,4.59835,4.66786,4.65672,4.59136,4.57453,4.6168,4.75597,4.62403,4.65074,4.70992,4.64557,4.66152,4.76177,4.70148,4.4453,4.77708,4.72285,4.74027,4.54835,4.67324,4.71407,4.80194,4.57112,4.81023,4.75662,4.67157,4.70874,4.51769,4.541,4.63004,4.95579,4.65194,4.49956,4.54282,4.65136,4.83146,4.76003,4.58666,4.58258,4.74955,4.73746,4.64412,4.97063,4.67162,4.80331,4.65606,4.91601,4.57983,4.74003,4.6634,4.3623,4.59219,4.71921,4.57741,4.57189,4.64613,4.65754,4.50457,4.7109,4.6314,4.70497,4.61987,4.70834,4.64052,4.76731,4.66413,4.59142,4.61929,4.60426,4.65528,4.60639,4.76603,4.79564,4.60919,4.74175,4.59314,4.73941
4.63087,4.71161,4.80461,4.68899,4.61998,4.69855,4.60036,4.78664,4.55778,4.80111,4.613,4.40606,4.54043,4.55479,4.91568,4.70243,4.50028,4.8339,4.71461,4.69279,4.58469,4.68519,4.58468,4.55691,4.60424,4.64773,4.60113,4.58067,4.59327,4.74532,4.60745,4.74179,4.71139,4.65089,4.62919,4.73837,4.7656,4.50519,4.78059,4.75214,4.64844,4.51329,4.69764,4.79412,4.81566,4.51006,4.76263,4.74548,4.70864,4.71745,4.60212,4.55697,4.55864,4.9784,4.65884,4.42711,4.54507,4.62839,4.84171,4.67736,4.54015,4.5983,4.68879,4.73775,4.54511,4.91479,4.676,4.74274,4.76628,4.85563,4.64616,4.78369,4.5826,4.44366,4.61234,4.61806,4.56128,4.61473,4.62451,4.7122,4.53183,4.59263,4.55128,4.71202,4.61092,4.65841,4.63441,4.6271,4.66174,4.5992,4.6249,4.5086,4.62228,4.65968,4.69836,4.73585,4.59009,4.69451,4.54393,4.76011
4.67807,4.77097,4.73073,4.64535,4.64336,4.65442,4.64914,4.77134,4.56961,4.77111,4.66227,4.42505,4.64466,4.61028,4.9599,4.6461,4.44246,4.78108,4.75727,4.70045,4.63894,4.71367,4.55575,4.5705,4.62297,4.66131,4.60462,4.59142,4.60389,4.69558,4.58009,4.67214,4.74297,4.57594,4.70612,4.73227,4.69879,4.51805,4.75979,4.74089,4.69273,4.55806,4.63115,4.71174,4.73355,4.52718,4.73445,4.72989,4.65868,4.73681,4.59891,4.48841,4.58203,4.8552,4.59878,4.40149,4.59631,4.62101,4.76572,4.70659,4.43571,4.61207,4.65564,4.74826,4.53836,5.04687,4.78428,4.79095,4.75236,4.76907,4.72905,4.77224,4.60207,4.4734,4.63326,4.64916,4.59235,4.61705,4.6364,4.63484,4.55576,4.53684,4.54971,4.7671,4.6521,4.59157,4.61981,4.6404,4.68327,4.52861,4.59872,4.47811,4.65026,4.6103,4.56857,4.64895,4.48104,4.71382,4.62404,4.67818
4.65982,4.71537,4.71989,4.57542,4.60014,4.68798,4.59712,4.73715,4.57737,4.69527,4.59381,4.43499,4.68035,4.59318,4.87835,4.5965,4.44114,4.65012,4.69975,4.62905,4.66687,4.64146,4.6154,4.54366,4.6008,4.6249,4.62873,4.59278,4.61495,4.62345,4.61076,4.71094,4.68502,4.50647,4.63485,4.73354,4.66715,4.51133,4.72184,4.69125,4.58692,4.57469,4.62823,4.67932,4.69346,4.47285,4.73674,4.79687,4.66089,4.67691,4.68096,4.49638,4.60985,4.77978,4.5878,4.49697,4.63049,4.61993,4.68688,4.69642,4.52088,4.57602,4.64901,4.68566,4.62012,4.92805,4.76896,4.81205,4.67482,4.76299,4.69265,4.68854,4.57012,4.59391,4.67217,4.65518,4.62279,4.6394,4.62336,4.65764,4.52569,4.56062,4.54374,4.7692,4.6751,4.5653,4.63377,4.61652,4.6549,4.54239,4.5978,4.52175,4.61635,4.68738,4.51244,4.64111,4.55922,4.63657,4.57605,4.64981
4.5677,4.60545,4.63241,4.60194,4.55476,4.64446,4.64321,4.74885,4.56227,4.703,4.50784,4.42744,4.67884,4.63949,4.84407,4.62973,4.44155,4.59852,4.67479,4.67684,4.68676,4.67694,4.60994,4.51387,4.5355,4.60331,4.5663,4.58843,4.64327,4.61777,4.54259,4.74785,4.63243,4.56355,4.64404,4.7724,4.58417,4.43689,4.65567,4.58394,4.60819,4.5321,4.66281,4.60215,4.64484,4.60506,4.73993,4.72542,4.57594,4.70908,4.54948,4.5453,4.63333,4.71839,4.48185,4.57014,4.63604,4.542,4.76115,4.70762,4.59267,4.48983,4.50668,4.62668,4.58404,4.90549,4.7204,4.83829,4.65899,4.82783,4.71631,4.7506,4.52892,4.57397,4.66879,4.66568,4.63585,4.61945,4.58339,4.63436,4.47655,4.5518,4.47573,4.66971,4.64974,4.54514,4.51966,4.62425,4.70039,4.53993,4.62119,4.52778,4.70247,4.61951,4.47382,4.67125,4.52993,4.66844,4.56768,4.56175
4.574,4.63693,4.55033,4.55646,4.55616,4.58033,4.65945,4.66025,4.52984,4.69763,4.63803,4.39465,4.56812,4.65776,4.72586,4.62863,4.42531,4.59778,4.59649,4.62946,4.66237,4.6635,4.62353,4.55586,4.58026,4.58416,4.58458,4.60637,4.67262,4.57873,4.57735,4.79402,4.63153,4.51989,4.59099,4.78771,4.59734,4.49281,4.58721,4.57073,4.61513,4.58685,4.5949,4.59942,4.59096,4.64778,4.67643,4.71584,4.57801,4.7049,4.58885,4.59336,4.57911,4.69049,4.50116,4.60362,4.62445,4.48633,4.7594,4.63659,4.50893,4.51622,4.54946,4.6829,4.59287,4.84004,4.58922,4.79223,4.66528,4.7847,4.73076,4.75326,4.52714,4.5497,4.74714,4.69594,4.66959,4.61909,4.67,4.71345,4.52647,4.54113,4.46867,4.70725,4.69656,4.51063,4.51733,4.57758,4.58223,4.48618,4.60582,4.50574,4.64376,4.61284,4.53149,4.6829,4.53585,4.52005,4.53748,4.63583
4.64842,4.6157,4.55827,4.55299,4.54473,4.56388,4.7127,4.62779,4.47445,4.66531,4.64151,4.37592,4.52328,4.75456,4.67591,4.58942,4.38013,4.62389,4.64773,4.64639,4.59091,4.66283,4.58691,4.57357,4.53268,4.65562,4.61466,4.57591,4.68042,4.58507,4.58478,4.79919,4.68331,4.4534,4.69771,4.72277,4.52176,4.53676,4.49557,4.5263,4.60436,4.57988,4.58199,4.56184,4.60356,4.4996,4.64138,4.65294,4.59316,4.63459,4.5985,4.60503,4.61512,4.78334,4.43868,4.63476,4.66772,4.4876,4.78649,4.66304,4.4778,4.50913,4.53332,4.68518,4.59323,4.86061,4.53523,4.73554,4.69885,4.72767,4.68699,4.76528,4.52343,4.54511,4.6514,4.6259,4.70924,4.56578,4.71877,4.69426,4.56107,4.46365,4.49619,4.7184,4.69139,4.53355,4.51841,4.59394,4.51598,4.47384,4.60524,4.42757,4.73041,4.61825,4.51304,4.64763,4.49319,4.55809,4.47904,4.60866
4.74026,4.65504,4.56199,4.49871,4.53189,4.61715,4.68651,4.62559,4.46756,4.55417,4.64411,4.41269,4.52085,4.63994,4.71057,4.55829,4.46614,4.60324,4.58115,4.60758,4.56963,4.68039,4.55299,4.51953,4.55123,4.58616,4.61599,4.59244,4.67107,4.61723,4.61367,4.59653,4.73173,4.46694,4.73699,4.65252,4.50268,4.56006,4.46524,4.56647,4.48622,4.66025,4.6085,4.50943,4.54987,4.48089,4.58957,4.63826,4.58576,4.66261,4.68484,4.58188,4.64721,4.71517,4.44121,4.56749,4.59996,4.46794,4.73583,4.63316,4.43924,4.5233,4.58284,4.65189,4.55156,4.74195,4.57113,4.69613,4.66708,4.78454,4.66484,4.78692,4.48424,4.54757,4.67764,4.66317,4.61815,4.60975,4.62071,4.76627,4.52365,4.47323,4.42724,4.62534,4.6183,4.50062,4.44124,4.5624,4.45502,4.59864,4.56784,4.52466,4.67585,4.5287,4.44452,4.5047,4.54489,4.52096,4.51464,4.61677
4.58728,4.62541,4.50882,4.49322,4.52352,4.62521,4.68468,4.60833,4.45291,4.52249,4.68303,4.40482,4.4881,4.52716,4.69504,4.5562,4.50679,4.61477,4.57454,4.54527,4.56431,4.53601,4.6023,4.52116,4.52937,4.6175,4.58486,4.55035,4.67169,4.51427,4.62333,4.54511,4.7426,4.40798,4.6601,4.6555,4.49102,4.61473,4.46052,4.5444,4.53087,4.67091,4.62754,4.54439,4.46884,4.49793,4.53792,4.64578,4.54854,4.63011,4.70414,4.54989,4.57976,4.70126,4.40815,4.53118,4.53956,4.47081,4.76311,4.63234,4.53068,4.57205,4.57401,4.68022,4.53896,4.70566,4.52848,4.74333,4.58344,4.78038,4.60503,4.66272,4.45714,4.52875,4.73826,4.64712,4.57838,4.51384,4.63265,4.69446,4.53633,4.43472,4.42618,4.59418,4.55939,4.56879,4.46093,4.50548,4.41379,4.67382,4.57871,4.59014,4.65033,4.42223,4.51733,4.47466,4.49142,4.54608,4.49437,4.69207
4.63804,4.53078,4.51076,4.45433,4.51235,4.54841,4.6061,4.5635,4.445,4.51805,4.6642,4.37429,4.42375,4.56481,4.69221,4.56047,4.48306,4.51848,4.54558,4.61554,4.59965,4.48893,4.5884,4.44142,4.52085,4.61788,4.52879,4.56218,4.74383,4.53108,4.5955,4.62056,4.75642,4.41561,4.63322,4.57472,4.51919,4.58197,4.43489,4.52684,4.54993,4.54287,4.59113,4.52217,4.52339,4.42626,4.57064,4.6539,4.47144,4.61351,4.73994,4.44173,4.59311,4.69476,4.36423,4.45619,4.45931,4.56403,4.73307,4.52809,4.49276,4.47731,4.60654,4.66378,4.59868,4.62758,4.57718,4.73419,4.54361,4.74526,4.49471,4.659,4.44788,4.60287,4.75757,4.63667,4.54474,4.53937,4.60386,4.78661,4.51749,4.40052,4.34133,4.60607,4.52214,4.51331,4.4396,4.54374,4.46776,4.67963,4.55035,4.60379,4.74683,4.4346,4.53828,4.56634,4.60934,4.45507,4.51271,4.6548
4.54924,4.5345,4.40259,4.44263,4.53306,4.49576,4.65139,4.61417,4.48908,4.48761,4.56939,4.3919,4.4368,4.56544,4.64877,4.5302,4.53432,4.50819,4.56057,4.54408,4.62205,4.42057,4.58939,4.35948,4.58436,4.60445,4.54089,4.50732,4.67388,4.4318,4.61756,4.70867,4.78748,4.36555,4.63161,4.60523,4.63831,4.5502,4.39099,4.40909,4.58701,4.51045,4.5173,4.5639,4.54181,4.52465,4.52464,4.68075,4.41242,4.55433,4.72985,4.54251,4.57485,4.66815,4.45834,4.49138,4.41267,4.48358,4.68489,4.54352,4.46873,4.54355,4.59869,4.68899,4.59642,4.58198,4.56272,4.66962,4.55524,4.64562,4.53426,4.62044,4.43549,4.53053,4.71762,4.60129,4.52559,4.49354,4.53425,4.6946,4.48726,4.45822,4.27912,4.60956,4.57446,4.55311,4.47368,4.55155,4.50713,4.57911,4.55941,4.55297,4.69664,4.42686,4.48505,4.57904,4.64631,4.50701,4.51418,4.58041
4.58395,4.55915,4.44516,4.50441,4.45306,4.42179,4.62291,4.65622,4.54062,4.54067,4.51934,4.46497,4.4238,4.69096,4.65139,4.45112,4.5465,4.46977,4.42183,4.63695,4.66698,4.41766,4.55351,4.42706,4.53447,4.65301,4.56614,4.4724,4.64143,4.4737,4.59418,4.68719,4.77912,4.37429,4.5593,4.61541,4.54822,4.45044,4.48074,4.36767,4.68204,4.49318,4.4261,4.48288,4.45298,4.56343,4.50823,4.61111,4.41163,4.56155,4.7004,4.52383,4.66097,4.59879,4.44239,4.46423,4.414,4.50736,4.71043,4.61079,4.43589,4.56359,4.56299,4.6412,4.64252,4.66673,4.51707,4.59007,4.58777,4.6508,4.51258,4.54598,4.48657,4.55308,4.51541,4.56761,4.49399,4.47939,4.49508,4.64823,4.48557,4.45214,4.37184,4.54286,4.58441,4.4696,4.56734,4.50903,4.56702,4.56917,4.60608,4.52836,4.68949,4.45733,4.53632,4.48007,4.56027,4.41488,4.43206,4.55249
4.59326,4.54853,4.47166,4.57332,4.49782,4.38254,4.5759,4.58867,4.51293,4.50587,4.48088,4.43116,4.4056,4.71207,4.53995,4.51986,4.43412,4.48992,4.45661,4.60795,4.63595,4.44801,4.53177,4.43475,4.50312,4.59336,4.48068,4.50729,4.54246,4.41885,4.57327,4.62463,4.75929,4.42585,4.50259,4.6323,4.54796,4.55774,4.50715,4.29827,4.62317,4.48553,4.38502,4.48503,4.45213,4.52679,4.54373,4.5612,4.425,4.61202,4.63876,4.47432,4.65318,4.60734,4.54073,4.47061,4.44241,4.49034,4.64105,4.55404,4.48885,4.58489,4.58112,4.59858,4.6096,4.67591,4.48588,4.54175,4.50989,4.56169,4.50571,4.53804,4.54799,4.57835,4.45888,4.57414,4.49778,4.49836,4.4753,4.55656,4.50734,4.5437,4.35385,4.60222,4.55514,4.4463,4.56419,4.58551,4.4155,4.54607,4.63667,4.58769,4.62313,4.47821,4.42715,4.47462,4.6134,4.44083,4.40052,4.5763
4.53014,4.55317,4.57271,4.4755,4.5623,4.47302,4.52967,4.61042,4.44646,4.51413,4.45383,4.44249,4.39819,4.61232,4.51583,4.48009,4.38671,4.52746,4.41084,4.64138,4.6129,4.57575,4.50669,4.42297,4.48808,4.56491,4.49767,4.52533,4.52202,4.40926,4.57241,4.50574,4.75317,4.45136,4.54864,4.58439,4.51934,4.44523,4.5898,4.28966,4.57932,4.60335,4.41117,4.48243,4.43582,4.56332,4.50139,4.51389,4.41791,4.62338,4.62556,4.42521,4.65662,4.53743,4.58316,4.41632,4.48451,4.44485,4.7341,4.50087,4.46229,4.58434,4.56934,4.52107,4.62967,4.67926,4.51511,4.49057,4.55508,4.54966,4.52703,4.62417,4.52892,4.5799,4.4314,4.61419,4.42681,4.48585,4.47107,4.49386,4.40846,4.55647,4.3858,4.61207,4.51557,4.43663,4.64573,4.56383,4.45419,4.58636,4.59864,4.54527,4.62086,4.41268,4.40476,4.45464,4.56655,4.48684,4.31385,4.52326
4.54225,4.59608,4.42323,4.51448,4.4972,4.44368,4.55116,4.55077,4.41024,4.45577,4.40769,4.46318,4.45308,4.59643,4.50935,4.57783,4.40871,4.44446,4.4559,4.59402,4.6095,4.61893,4.42117,4.40366,4.45443,4.52145,4.52292,4.51833,4.50367,4.40346,4.53012,4.55936,4.70549,4.45119,4.5268,4.63585,4.50556,4.43551,4.51855,4.32956,4.51548,4.64524,4.38327,4.41854,4.44597,4.61747,4.50605,4.50709,4.42532,4.60166,4.6353,4.40085,4.61426,4.50651,4.49715,4.45536,4.41796,4.40137,4.71313,4.451,4.4418,4.56297,4.54706,4.4573,4.64683,4.53667,4.40878,4.47145,4.58861,4.46875,4.46656,4.60736,4.58802,4.5368,4.44872,4.57173,4.45299,4.43547,4.48416,4.55112,4.4319,4.49304,4.45943,4.57506,4.51879,4.45156,4.55505,4.54036,4.49931,4.60439,4.73301,4.50186,4.60065,4.45352,4.40161,4.43576,4.60018,4.53087,4.30211,4.58002
4.57619,4.55585,4.42672,4.51913,4.52281,4.43046,4.51805,4.55092,4.36554,4.45253,4.46236,4.46766,4.43444,4.44522,4.53678,4.55265,4.31382,4.4241,4.48281,4.58494,4.57758,4.60272,4.43887,4.43079,4.51578,4.4801,4.51641,4.36814,4.48966,4.44476,4.51376,4.55163,4.64749,4.45028,4.5396,4.68616,4.50343,4.50714,4.42732,4.30448,4.55542,4.63965,4.43251,4.48225,4.45666,4.54906,4.55575,4.53815,4.49719,4.55349,4.61125,4.50531,4.6229,4.40598,4.54156,4.47913,4.40772,4.4085,4.71133,4.45025,4.51037,4.51347,4.52335,4.46137,4.60321,4.53878,4.443,4.3549,4.54873,4.37712,4.53688,4.61106,4.54368,4.50533,4.47978,4.54367,4.46142,4.41213,4.44064,4.51549,4.42802,4.53406,4.43055,4.56551,4.53282,4.52331,4.53717,4.46966,4.50337,4.56279,4.69262,4.43555,4.62187,4.47373,4.38639,4.49084,4.63866,4.5037,4.34638,4.45209
4.46607,4.49949,4.42746,4.65953,4.48174,4.50226,4.59761,4.48695,4.4721,4.42434,4.43689,4.58112,4.46541,4.52624,4.46362,4.57111,4.39829,4.35375,4.50669,4.59,4.53425,4.6387,4.4889,4.36566,4.48392,4.48704,4.52116,4.38431,4.50222,4.4886,4.53923,4.62345,4.56788,4.43304,4.52756,4.65371,4.42761,4.56203,4.43115,4.38654,4.50792,4.61399,4.42758,4.45949,4.42922,4.59761,4.60016,4.53801,4.45292,4.48659,4.58288,4.48241,4.59094,4.39045,4.53983,4.48412,4.46364,4.43263,4.69045,4.39583,4.46444,4.5533,4.55596,4.42224,4.61142,4.47796,4.43256,4.33574,4.4731,4.25719,4.56792,4.6247,4.49848,4.54317,4.44988,4.54779,4.49962,4.33924,4.45534,4.51335,4.3468,4.52565,4.48934,4.54271,4.37656,4.56554,4.46512,4.47968,4.52004,4.44889,4.71748,4.41529,4.56371,4.41566,4.37749,4.37229,4.59064,4.48616,4.3021,4.43354
4.43395,4.53722,4.52672,4.5435,4.51169,4.484,4.53153,4.48951,4.39644,4.39638,4.51841,4.62861,4.41548,4.60019,4.43408,4.4869,4.3471,4.39334,4.45823,4.60503,4.5274,4.53306,4.58967,4.5057,4.41116,4.58079,4.48125,4.43314,4.46941,4.52255,4.37038,4.63261,4.60403,4.37752,4.49297,4.55551,4.50203,4.43786,4.41472,4.42514,4.50427,4.55708,4.49428,4.52986,4.39859,4.58627,4.61884,4.55355,4.52786,4.52419,4.5929,4.50287,4.66621,4.35162,4.55816,4.50747,4.40882,4.4417,4.51463,4.47134,4.47193,4.60966,4.5495,4.40264,4.62405,4.51331,4.40715,4.31558,4.50136,4.23666,4.57637,4.64766,4.55691,4.57105,4.4344,4.50958,4.47111,4.35471,4.36032,4.49762,4.35946,4.56526,4.54776,4.52267,4.35387,4.49666,4.48665,4.52884,4.46683,4.40852,4.73196,4.437,4.56566,4.4019,4.44984,4.35495,4.55927,4.52563,4.28238,4.35723
4.38108,4.5085,4.43942,4.54719,4.54429,4.51868,4.42473,4.49637,4.35701,4.38784,4.47763,4.59392,4.366,4.61607,4.46939,4.50519,4.33419,4.42817,4.40498,4.59733,4.59697,4.60828,4.53322,4.48427,4.39765,4.57408,4.48064,4.38954,4.45611,4.47592,4.47259,4.67226,4.57713,4.40485,4.49473,4.57869,4.43865,4.44051,4.50331,4.4463,4.55185,4.55452,4.39849,4.5725,4.44579,4.5899,4.61054,4.45871,4.48647,4.61911,4.52886,4.55663,4.60723,4.38069,4.56914,4.48134,4.43152,4.4211,4.46596,4.38218,4.43208,4.58477,4.53272,4.29361,4.63244,4.47706,4.43991,4.33272,4.34519,4.27287,4.54246,4.61803,4.53483,4.5167,4.35375,4.45704,4.56732,4.41722,4.30584,4.51601,4.38132,4.57809,4.60107,4.61114,4.39616,4.46212,4.47771,4.48389,4.50088,4.47041,4.58942,4.36246,4.47726,4.50312,4.47103,4.38263,4.43616,4.51375,4.26546,4.3566
4.37707,4.53438,4.53492,4.55444,4.63206,4.53809,4.43926,4.49784,4.37169,4.36726,4.47699,4.56493,4.34876,4.62831,4.50577,4.48792,4.28892,4.44163,4.29341,4.63362,4.54197,4.56848,4.49363,4.45086,4.40382,4.5801,4.52739,4.48317,4.48164,4.33618,4.45649,4.5468,4.55715,4.39721,4.50185,4.50375,4.48501,4.43372,4.47802,4.3833,4.5893,4.53256,4.37439,4.5753,4.45214,4.64943,4.61827,4.3921,4.48414,4.61913,4.43353,4.58807,4.55007,4.43039,4.63022,4.40261,4.47649,4.51192,4.38775,4.30537,4.35936,4.59399,4.60606,4.36986,4.53235,4.56733,4.53129,4.32649,4.40539,4.31997,4.52481,4.54783,4.47874,4.42921,4.38646,4.54066,4.55069,4.3536,4.33832,4.52729,4.43911,4.60762,4.69255,4.57249,4.42001,4.4404,4.54649,4.46079,4.54186,4.39434,4.68196,4.27054,4.43409,4.43626,4.51292,4.31647,4.41858,4.48586,4.17137,4.35961
4.29185,4.46851,4.496,4.62508,4.67299,4.41713,4.45425,4.47032,4.41071,4.42067,4.43194,4.54751,4.3978,4.62923,4.52425,4.48185,4.28412,4.57164,4.33693,4.58824,4.51276,4.56136,4.38329,4.40725,4.45312,4.51488,4.58446,4.58702,4.53843,4.40662,4.44165,4.59022,4.55001,4.41038,4.41836,4.49894,4.54603,4.42465,4.5864,4.40907,4.60668,4.53771,4.34608,4.52214,4.45603,4.5482,4.57725,4.35282,4.4585,4.49626,4.3707,4.52969,4.55814,4.45691,4.67955,4.4368,4.47209,4.46181,4.43853,4.34333,4.42814,4.59634,4.56223,4.33161,4.45568,4.54366,4.49056,4.31572,4.39469,4.31492,4.47649,4.47519,4.48606,4.51119,4.37996,4.53759,4.4705,4.28675,4.36887,4.49975,4.51276,4.58074,4.7013,4.49922,4.41226,4.42736,4.59181,4.43196,4.57545,4.37004,4.63045,4.29886,4.43044,4.50658,4.49296,4.38511,4.36661,4.48026,4.31981,4.41174
4.3218,4.48087,4.39353,4.58621,4.58886,4.37345,4.43614,4.44932,4.43206,4.43942,4.48622,4.51579,4.48055,4.62167,4.54679,4.55007,4.39357,4.49853,4.3434,4.52966,4.52813,4.53711,4.40114,4.45174,4.44345,4.49647,4.57176,4.58653,4.47395,4.44332,4.37942,4.6614,4.45411,4.46668,4.35167,4.52599,4.58679,4.44699,4.66109,4.36957,4.59934,4.5307,4.33817,4.51063,4.50485,4.52627,4.56965,4.37692,4.50274,4.45363,4.30093,4.49162,4.50734,4.48534,4.6815,4.42476,4.38256,4.46093,4.42659,4.31737,4.4443,4.55252,4.51283,4.32949,4.53438,4.43678,4.49289,4.35691,4.33845,4.31711,4.45318,4.48441,4.48789,4.48427,4.46577,4.54333,4.4839,4.23163,4.32906,4.49796,4.60017,4.57513,4.69746,4.57679,4.34634,4.49268,4.4731,4.4213,4.46801,4.41346,4.6031,4.32774,4.42464,4.38367,4.51762,4.35135,4.31896,4.56298,4.40138,4.40489
4.31537,4.4602,4.38442,4.51269,4.64426,4.40251,4.44575,4.5044,4.47332,4.38355,4.45091,4.57514,4.36365,4.5644,4.49405,4.63662,4.40049,4.47192,4.3222,4.44507,4.44308,4.6728,4.42481,4.50733,4.37288,4.45515,4.5202,4.59633,4.47974,4.53436,4.4523,4.61854,4.3878,4.52187,4.39633,4.45452,4.56122,4.43463,4.67643,4.36725,4.62542,4.49772,4.44817,4.5572,4.50604,4.42943,4.49924,4.41473,4.5354,4.42475,4.33479,4.5162,4.63249,4.53178,4.70687,4.40798,4.38778,4.44751,4.39843,4.31873,4.52801,4.4803,4.41818,4.39314,4.54515,4.32524,4.52681,4.365,4.32003,4.28234,4.50966,4.43695,4.43079,4.49116,4.46949,4.54424,4.39999,4.27377,4.33855,4.46785,4.58477,4.61718,4.61196,4.50552,4.38579,4.52587,4.42868,4.37532,4.40104,4.43252,4.54131,4.33554,4.46382,4.40699,4.59698,4.3851,4.29033,4.5865,4.4394,4.42508
4.37351,4.52365,4.35884,4.47146,4.57378,4.43313,4.45382,4.44775,4.46258,4.36951,4.41346,4.60538,4.39259,4.51949,4.4068,4.61313,4.41424,4.43618,4.30301,4.42434,4.48207,4.67128,4.41677,4.48634,4.45298,4.43485,4.43535,4.51301,4.47654,4.56673,4.42611,4.57466,4.43693,4.47729,4.41825,4.43791,4.62326,4.36048,4.63389,4.34128,4.54663,4.46029,4.37601,4.53377,4.53948,4.44936,4.48835,4.47693,4.56637,4.48795,4.33522,4.49677,4.55008,4.55577,4.68941,4.45735,4.28448,4.32412,4.24475,4.34432,4.5349,4.51446,4.47169,4.30078,4.57476,4.34467,4.48864,4.37752,4.32398,4.24606,4.50235,4.46064,4.41463,4.49746,4.53772,4.45423,4.44188,4.27501,4.3666,4.41305,4.56364,4.57699,4.57487,4.50016,4.36183,4.57491,4.42686,4.39669,4.36894,4.45596,4.56411,4.43371,4.4163,4.37672,4.48304,4.39777,4.26406,4.59866,4.43974,4.39584
4.39888,4.54863,4.41261,4.53246,4.50446,4.42801,4.44184,4.5094,4.47358,4.40094,4.38896,4.5915,4.36289,4.48873,4.41625,4.54617,4.49097,4.40103,4.40322,4.53003,4.48101,4.63615,4.50035,4.52053,4.36767,4.36823,4.50756,4.47395,4.3447,4.51734,4.48504,4.51336,4.43738,4.46269,4.51046,4.41022,4.56705,4.29009,4.56402,4.38265,4.48464,4.43327,4.35751,4.61869,4.57327,4.47879,4.3824,4.42315,4.63081,4.49785,4.27819,4.53438,4.57945,4.5698,4.69804,4.43405,4.28657,4.32043,4.32533,4.2929,4.56514,4.5171,4.46934,4.38071,4.60296,4.35302,4.50929,4.36581,4.3219,4.27742,4.57254,4.51331,4.43386,4.47218,4.42443,4.42537,4.41593,4.35635,4.39729,4.44709,4.48912,4.58599,4.56097,4.45612,4.32493,4.57912,4.41837,4.55305,4.43633,4.43166,4.59697,4.44997,4.41734,4.38732,4.52183,4.35049,4.2133,4.58343,4.444,4.38487
4.41477,4.58724,4.34207,4.49732,4.52138,4.52673,4.4779,4.42578,4.52034,4.47534,4.40201,4.44583,4.37169,4.46456,4.47542,4.51374,4.48585,4.4619,4.38573,4.46891,4.45612,4.59683,4.50359,4.54121,4.37075,4.3326,4.48011,4.43553,4.36868,4.56585,4.54218,4.47714,4.47432,4.46819,4.48222,4.43851,4.49257,4.25491,4.44854,4.41349,4.55024,4.46325,4.32682,4.54924,4.55302,4.49629,4.32192,4.41183,4.55399,4.54994,4.28615,4.46958,4.56938,4.55218,4.63461,4.41575,4.23294,4.35919,4.29471,4.39434,4.54311,4.52023,4.44471,4.35446,4.51916,4.3595,4.45511,4.39284,4.34494,4.46614,4.50591,4.53702,4.52001,4.51435,4.43098,4.4792,4.44313,4.41763,4.4281,4.4491,4.45394,4.54611,4.57901,4.50149,4.3802,4.68273,4.43264,4.57004,4.47059,4.38545,4.47691,4.42931,4.35646,4.43145,4.46706,4.33054,4.36279,4.57897,4.47638,4.38894
4.45062,4.604,4.38573,4.48026,4.48922,4.47822,4.43572,4.46925,4.49411,4.37489,4.378,4.3953,4.32954,4.437,4.4148,4.46359,4.5857,4.43181,4.37812,4.40851,4.42004,4.6195,4.49414,4.49432,4.41907,4.35203,4.47393,4.39082,4.34667,4.5393,4.49726,4.52898,4.50773,4.52684,4.46832,4.48089,4.49549,4.41304,4.4695,4.49841,4.60377,4.43786,4.27085,4.60228,4.50379,4.53997,4.36275,4.3931,4.5671,4.48986,4.24601,4.54741,4.51801,4.51271,4.66083,4.39666,4.27014,4.27987,4.25497,4.49341,4.47561,4.51469,4.37362,4.31827,4.39424,4.3478,4.42812,4.40214,4.41162,4.42795,4.48488,4.50513,4.50425,4.49988,4.46985,4.6063,4.38303,4.43866,4.43718,4.39133,4.39482,4.50134,4.54497,4.40745,4.44462,4.64249,4.39425,4.65276,4.38942,4.38893,4.50723,4.41866,4.38824,4.44888,4.35894,4.30732,4.32577,4.57086,4.38522,4.46239
4.55695,4.58636,4.48497,4.5433,4.47376,4.46208,4.38046,4.46431,4.51373,4.29037,4.38731,4.35862,4.35713,4.50204,4.39891,4.44216,4.59911,4.47359,4.29177,4.36996,4.36042,4.65696,4.51823,4.47724,4.42633,4.31947,4.42588,4.34646,4.3413,4.51393,4.49991,4.5337,4.47904,4.47569,4.45686,4.4779,4.43438,4.42635,4.54039,4.42814,4.50746,4.38757,4.24173,4.54217,4.43986,4.56818,4.38439,4.40446,4.60757,4.3786,4.19002,4.5541,4.51179,4.48539,4.65453,4.46393,4.26891,4.20638,4.25021,4.45783,4.45548,4.37953,4.37374,4.30792,4.36493,4.34116,4.43236,4.4342,4.41692,4.46068,4.51697,4.51285,4.49864,4.47442,4.47549,4.60997,4.3718,4.35439,4.35883,4.3519,4.41019,4.48377,4.62984,4.45688,4.4285,4.62198,4.40899,4.65728,4.42708,4.35718,4.40096,4.44066,4.38644,4.36767,4.30661,4.30343,4.3571,4.55548,4.44172,4.45377
4.4996,4.55796,4.46458,4.52186,4.4112,4.45966,4.38355,4.38582,4.51432,4.28528,4.46458,4.3693,4.35665,4.46665,4.44784,4.49285,4.55021,4.44721,4.27787,4.37632,4.33669,4.58331,4.42486,4.50651,4.45137,4.35129,4.37264,4.32092,4.45451,4.39612,4.47494,4.49111,4.41159,4.44857,4.40485,4.38048,4.47838,4.45228,4.55018,4.47712,4.49596,4.38724,4.39991,4.59447,4.48313,4.58058,4.4332,4.38175,4.5627,4.37576,4.19247,4.56774,4.5133,4.51866,4.69591,4.4502,4.22423,4.30821,4.24441,4.50043,4.52002,4.41489,4.35916,4.37112,4.36526,4.34529,4.46881,4.47924,4.40612,4.47927,4.52288,4.45579,4.42299,4.43779,4.46881,4.58119,4.2912,4.34593,4.28021,4.35132,4.40282,4.41974,4.64011,4.55649,4.47521,4.63993,4.43768,4.5915,4.42262,4.29583,4.47577,4.3713,4.37038,4.38025,4.32563,4.3736,4.35291,4.53057,4.40579,4.50216
4.47323,4.56673,4.43821,4.47346,4.43505,4.44546,4.40016,4.43022,4.49824,4.31583,4.55977,4.3411,4.27535,4.47412,4.41461,4.50121,4.57981,4.41601,4.28954,4.4308,4.36473,4.55374,4.44299,4.58411,4.42362,4.35168,4.34577,4.3112,4.48931,4.40956,4.47967,4.51508,4.36571,4.48577,4.40428,4.34938,4.44044,4.45948,4.52396,4.45273,4.48516,4.37809,4.5586,4.61894,4.43545,4.56391,4.44201,4.36698,4.53454,4.37186,4.25087,4.57648,4.56724,4.55338,4.67382,4.47947,4.25859,4.39805,4.33148,4.41322,4.55216,4.41475,4.32473,4.33232,4.40086,4.31555,4.48838,4.52427,4.42419,4.52859,4.51823,4.43676,4.48016,4.4474,4.50728,4.49538,4.36994,4.35158,4.23589,4.31549,4.4453,4.37325,4.59627,4.54297,4.437,4.69374,4.42684,4.54596,4.46197,4.32506,4.51006,4.40153,4.3772,4.39971,4.30265,4.43844,4.32517,4.44879,4.44748,4.5214
4.47145,4.52885,4.38859,4.53187,4.46659,4.47145,4.38225,4.39598,4.44792,4.38927,4.51584,4.2974,4.2917,4.46255,4.45577,4.43092,4.5217,4.47115,4.30845,4.39883,4.38552,4.53299,4.43271,4.62428,4.52297,4.37731,4.31792,4.33009,4.46468,4.41222,4.46155,4.49261,4.37924,4.45141,4.44734,4.41028,4.45304,4.46548,4.51218,4.45649,4.42994,4.29921,4.5568,4.60918,4.42194,4.52395,4.35482,4.41666,4.50132,4.42788,4.30126,4.55524,4.56831,4.54143,4.71235,4.4354,4.27072,4.47367,4.31388,4.46552,4.51851,4.45665,4.32585,4.31687,4.39204,4.36578,4.48368,4.43288,4.39549,4.4994,4.45344,4.42482,4.50526,4.44719,4.47411,4.50615,4.34706,4.34,4.30322,4.44905,4.43041,4.31364,4.61732,4.58768,4.34994,4.63099,4.45749,4.4968,4.43381,4.32293,4.45628,4.44195,4.35151,4.49429,4.38281,4.50524,4.36129,4.39446,4.49019,4.55651
4.52848,4.53866,4.33272,4.57975,4.45583,4.45863,4.47259,4.41961,4.49279,4.38401,4.51734,4.23164,4.23927,4.40674,4.44911,4.41868,4.5329,4.51817,4.34956,4.3764,4.40689,4.55527,4.35228,4.69125,4.52943,4.34065,4.27778,4.38502,4.49056,4.38704,4.44634,4.44144,4.33704,4.45101,4.46611,4.40125,4.52876,4.54171,4.47121,4.49609,4.36844,4.35916,4.58832,4.62319,4.44553,4.55964,4.42684,4.4568,4.45905,4.44729,4.36541,4.50844,4.44956,4.54269,4.6436,4.4659,4.26987,4.50295,4.31941,4.50303,4.49257,4.50187,4.32413,4.34432,4.44992,4.32889,4.49511,4.4198,4.42528,4.57222,4.45969,4.37945,4.49606,4.46857,4.50542,4.47154,4.43202,4.42976,4.37947,4.44233,4.35251,4.29871,4.60293,4.57811,4.30573,4.54253,4.43889,4.49981,4.45986,4.2946,4.3995,4.43398,4.39033,4.5324,4.39922,4.5531,4.38777,4.43365,4.44812,4.5854
4.46876,4.45527,4.37026,4.57792,4.41519,4.42083,4.52833,4.41818,4.50661,4.34358,4.47685,4.28213,4.3201,4.32473,4.42598,4.44187,4.4549,4.49067,4.42906,4.31172,4.43273,4.49216,4.39375,4.60281,4.49674,4.35403,4.25605,4.3849,4.4912,4.38108,4.33126,4.44153,4.34051,4.46448,4.52369,4.46567,4.39838,4.50974,4.43982,4.47743,4.43252,4.33603,4.53196,4.5342,4.48342,4.50061,4.47388,4.49472,4.47074,4.42395,4.4456,4.50166,4.37026,4.53342,4.57829,4.44867,4.28251,4.48945,4.36928,4.51162,4.45891,4.47931,4.32077,4.37029,4.46427,4.33178,4.46258,4.37008,4.42854,4.63007,4.50863,4.31001,4.46268,4.42254,4.41337,4.50467,4.51274,4.40474,4.35885,4.48443,4.35753,4.33768,4.57094,4.61059,4.35671,4.51961,4.50475,4.51437,4.4476,4.3105,4.38967,4.47849,4.35188,4.56537,4.39955,4.49351,4.41519,4.47958,4.54418,4.52234
4.41427,4.44578,4.37369,4.5975,4.50947,4.42117,4.50246,4.36034,4.52717,4.29578,4.47075,4.35666,4.38459,4.40609,4.42669,4.38721,4.44984,4.54238,4.43782,4.24096,4.402,4.47422,4.4118,4.6491,4.46127,4.32871,4.21776,4.34484,4.55441,4.49386,4.38396,4.38647,4.32971,4.49408,4.47984,4.41218,4.46682,4.47883,4.41119,4.50588,4.48074,4.3331,4.49369,4.51284,4.49301,4.46887,4.42655,4.53936,4.41151,4.38774,4.4629,4.45696,4.36138,4.53273,4.53832,4.49602,4.27455,4.46553,4.36554,4.47534,4.45083,4.53043,4.37527,4.4032,4.41154,4.36144,4.39578,4.46197,4.4788,4.60847,4.49381,4.31381,4.37628,4.43932,4.37174,4.53877,4.53304,4.45466,4.40521,4.44123,4.35898,4.35371,4.5051,4.60013,4.36731,4.5047,4.50982,4.53318,4.31589,4.2871,4.32052,4.50522,4.3074,4.6048,4.41504,4.45114,4.44334,4.36231,4.5348,4.58319
4.34909,4.49038,4.42401,4.53998,4.45681,4.45077,4.38463,4.31118,4.51055,4.33684,4.47347,4.38746,4.41829,4.4607,4.36876,4.37533,4.41074,4.61943,4.35361,4.24799,4.41048,4.41589,4.41965,4.62236,4.42877,4.28937,4.23935,4.29877,4.54445,4.5082,4.45309,4.45996,4.34658,4.50978,4.44146,4.38849,4.37586,4.42523,4.3571,4.53798,4.48055,4.27468,4.47587,4.55985,4.46169,4.46224,4.47085,4.43227,4.41054,4.33848,4.46663,4.42695,4.3897,4.48994,4.54288,4.44878,4.32263,4.41917,4.40098,4.42489,4.46079,4.55669,4.44877,4.36962,4.38528,4.31441,4.39304,4.48732,4.53509,4.66423,4.45378,4.42151,4.42561,4.48048,4.39511,4.46249,4.47061,4.50385,4.49976,4.45651,4.37459,4.31539,4.48209,4.59415,4.36294,4.57389,4.44116,4.42774,4.3156,4.28424,4.30921,4.40213,4.26734,4.52926,4.36836,4.46705,4.38112,4.36085,4.52797,4.52995
4.32834,4.4873,4.38717,4.45861,4.46708,4.403,4.36852,4.33278,4.54755,4.2725,4.48493,4.2992,4.38299,4.45963,4.38642,4.39371,4.37736,4.61759,4.36794,4.3435,4.43404,4.35219,4.47762,4.53385,4.40192,4.22879,4.16745,4.34098,4.5821,4.51173,4.50768,4.44564,4.37435,4.46782,4.444,4.39264,4.45152,4.38192,4.38374,4.50734,4.43063,4.28842,4.45618,4.48555,4.46614,4.40673,4.48375,4.47472,4.42703,4.41404,4.48979,4.49781,4.39199,4.52156,4.55034,4.41401,4.3032,4.44298,4.32731,4.40089,4.48195,4.54761,4.43617,4.29288,4.35556,4.26333,4.43597,4.42737,4.5332,4.6984,4.45409,4.46167,4.40808,4.496,4.41109,4.42346,4.40376,4.46146,4.47376,4.3713,4.45084,4.35074,4.40972,4.5885,4.40359,4.51584,4.47119,4.38442,4.39315,4.26638,4.3289,4.44783,4.30559,4.53506,4.37935,4.47492,4.35726,4.33126,4.49049,4.47106
4.33849,4.50125,4.34337,4.34788,4.47908,4.38481,4.36611,4.33526,4.59462,4.26509,4.38173,4.3811,4.35624,4.46214,4.42524,4.44259,4.36046,4.57457,4.35831,4.2523,4.42353,4.34108,4.47318,4.58044,4.39942,4.24476,4.19109,4.25396,4.55161,4.48528,4.52256,4.45202,4.41558,4.48123,4.47038,4.36873,4.34942,4.40422,4.40552,4.43704,4.35452,4.2478,4.40309,4.49299,4.39287,4.45804,4.55932,4.51613,4.41639,4.36728,4.45669,4.55923,4.32749,4.45647,4.46547,4.43386,4.26342,4.44356,4.31898,4.37519,4.48077,4.49341,4.38731,4.32963,4.39987,4.26795,4.37057,4.41625,4.49269,4.6394,4.48572,4.50163,4.51174,4.52718,4.4714,4.38565,4.40599,4.35714,4.42607,4.33149,4.38003,4.36475,4.43201,4.56107,4.45061,4.44171,4.45111,4.4356,4.308,4.2812,4.34653,4.45167,4.39094,4.50945,4.45953,4.47987,4.38254,4.37522,4.49067,4.51014
4.39089,4.45246,4.36743,4.3126,4.44503,4.45425,4.30279,4.37701,4.65325,4.31305,4.42294,4.32975,4.42423,4.49386,4.48036,4.45898,4.35349,4.52172,4.42979,4.29827,4.51888,4.29975,4.52466,4.44999,4.44644,4.2091,4.19701,4.27416,4.50966,4.48747,4.47426,4.53567,4.46758,4.51408,4.42311,4.39011,4.46863,4.35146,4.4196,4.42222,4.31316,4.27214,4.43286,4.50265,4.47033,4.4397,4.55119,4.51158,4.39679,4.43708,4.4994,4.46814,4.36437,4.49159,4.51885,4.34679,4.26145,4.43783,4.3431,4.36863,4.50605,4.49469,4.41924,4.33311,4.37391,4.22319,4.4191,4.36172,4.49283,4.53976,4.41681,4.45217,4.45046,4.49509,4.416,4.36625,4.39434,4.32704,4.49727,4.41225,4.34516,4.35699,4.35695,4.60177,4.40502,4.45016,4.45847,4.39303,4.36096,4.3082,4.45353,4.49319,4.3105,4.50507,4.40166,4.51181,4.3727,4.35307,4.48355,4.48038
4.51481,4.41212,4.37958,4.31069,4.35706,4.43819,4.31429,4.41165,4.56231,4.34676,4.41842,4.33832,4.47151,4.41487,4.50534,4.35055,4.42316,4.43932,4.38424,4.30952,4.5174,4.35345,4.46376,4.44625,4.42335,4.25317,4.247,4.35449,4.45223,4.39145,4.40258,4.49114,4.45656,4.57403,4.36188,4.39866,4.42573,4.34635,4.49827,4.38394,4.18167,4.29387,4.40624,4.50261,4.4112,4.41394,4.50184,4.48315,4.49758,4.54806,4.53644,4.47362,4.37675,4.5285,4.53577,4.32451,4.28858,4.48714,4.45089,4.30623,4.46749,4.59455,4.40593,4.32107,4.34668,4.25135,4.46459,4.35261,4.55725,4.5823,4.37972,4.50623,4.32364,4.4841,4.40451,4.38651,4.38165,4.3128,4.57431,4.42489,4.38634,4.44124,4.43687,4.51562,4.40899,4.39022,4.47692,4.42302,4.26463,4.34281,4.38458,4.49288,4.30665,4.45877,4.49216,4.58092,4.3993,4.31621,4.47807,4.33448
4.51323,4.44286,4.29096,4.28777,4.35528,4.42247,4.29869,4.40864,4.48293,4.46491,4.45139,4.26792,4.4395,4.45748,4.54934,4.35316,4.45952,4.42113,4.375,4.23766,4.47272,4.303,4.48235,4.43594,4.4384,4.23083,4.2624,4.40688,4.4599,4.42819,4.38505,4.42233,4.49717,4.55993,4.36811,4.36659,4.29098,4.3784,4.53061,4.41953,4.26965,4.24516,4.40499,4.4187,4.35501,4.4115,4.46525,4.39967,4.4356,4.54332,4.47519,4.40085,4.44864,4.52249,4.47461,4.3724,4.35283,4.42223,4.40883,4.30372,4.37788,4.53488,4.4124,4.35797,4.39829,4.33042,4.4324,4.4098,4.50391,4.56438,4.45165,4.46005,4.40583,4.39794,4.39944,4.36065,4.41378,4.33342,4.58878,4.51166,4.46159,4.41318,4.37196,4.52543,4.35699,4.44218,4.50179,4.38926,4.20874,4.36111,4.4086,4.41842,4.27664,4.46972,4.50504,4.57786,4.29684,4.20127,4.49107,4.32
4.49961,4.37399,4.26517,4.33106,4.37257,4.43667,4.24606,4.48019,4.43862,4.32165,4.4129,4.26292,4.47571,4.40167,4.51259,4.37406,4.40517,4.42634,4.43246,4.19592,4.4979,4.26551,4.47506,4.46163,4.51876,4.24619,4.30114,4.42726,4.41458,4.40515,4.33596,4.37674,4.4415,4.5,4.33654,4.37418,4.37366,4.38514,4.50786,4.43511,4.30751,4.2529,4.40667,4.42294,4.31143,4.36066,4.55531,4.44816,4.46358,4.54758,4.47541,4.31171,4.47265,4.39052,4.3954,4.34602,4.41328,4.43077,4.42276,4.3618,4.41699,4.51782,4.35702,4.32515,4.41897,4.36035,4.39958,4.52692,4.44232,4.51286,4.37056,4.46144,4.41195,4.42042,4.52086,4.36526,4.39255,4.29299,4.60447,4.43667,4.3907,4.37547,4.36633,4.40818,4.37222,4.37132,4.43493,4.40986,4.26291,4.38862,4.37326,4.41279,4.31079,4.4351,4.49564,4.60078,4.38215,4.18498,4.48521,4.40203
4.47232,4.38645,4.27197,4.30702,4.3992,4.41714,4.23771,4.43894,4.40035,4.35728,4.3393,4.26288,4.46546,4.37693,4.50431,4.35918,4.4721,4.4633,4.41827,4.17903,4.45706,4.34197,4.47812,4.40105,4.48057,4.23493,4.25948,4.39001,4.42016,4.41883,4.40421,4.35197,4.46439,4.50332,4.36325,4.33994,4.43868,4.37882,4.49044,4.43725,4.32293,4.22268,4.39656,4.46265,4.39353,4.35284,4.49563,4.45823,4.43633,4.55705,4.39992,4.31186,4.50076,4.36781,4.37616,4.30086,4.40415,4.32368,4.4429,4.39888,4.42064,4.4207,4.35803,4.30652,4.41288,4.40443,4.39917,4.46395,4.43315,4.52116,4.4633,4.40112,4.45606,4.45404,4.48295,4.32032,4.41849,4.29387,4.5924,4.49499,4.39132,4.33174,4.31203,4.40144,4.35794,4.40942,4.37611,4.38669,4.3043,4.44094,4.36202,4.44086,4.32476,4.40716,4.59469,4.58469,4.34293,4.22081,4.49664,4.48777
4.49066,4.42195,4.32536,4.32779,4.39713,4.39471,4.23667,4.41906,4.39909,4.36229,4.26252,4.2745,4.48778,4.40833,4.51973,4.39995,4.40971,4.42322,4.43382,4.24559,4.41153,4.41934,4.42653,4.40897,4.48731,4.2551,4.26556,4.36765,4.4928,4.39937,4.33114,4.32148,4.42986,4.47141,4.33765,4.34054,4.40214,4.40799,4.40159,4.3649,4.39606,4.28537,4.38749,4.42035,4.42816,4.40159,4.61002,4.53381,4.39749,4.5465,4.37954,4.22046,4.43277,4.38781,4.41685,4.31973,4.40973,4.37712,4.33412,4.35214,4.46128,4.48157,4.42996,4.2282,4.36343,4.37849,4.41943,4.55653,4.4398,4.47604,4.51072,4.3981,4.36246,4.41563,4.42232,4.37645,4.4499,4.31711,4.53331,4.55738,4.33882,4.30064,4.34996,4.39749,4.27968,4.45033,4.2913,4.33283,4.29255,4.37055,4.29559,4.42669,4.3164,4.44252,4.5785,4.58811,4.33717,4.21304,4.42948,4.44639
4.54612,4.50177,4.37759,4.31983,4.43688,4.47756,4.2512,4.44107,4.42143,4.40662,4.28166,4.24098,4.4388,4.38032,4.48011,4.35258,4.42553,4.38744,4.49584,4.29168,4.51722,4.29115,4.3957,4.41516,4.51003,4.30099,4.22795,4.35757,4.46417,4.49379,4.4019,4.34419,4.44551,4.4935,4.29296,4.36808,4.42718,4.402,4.36381,4.44473,4.41247,4.30332,4.43044,4.42388,4.39888,4.38924,4.52765,4.57095,4.32907,4.54456,4.43304,4.19393,4.41769,4.38927,4.38675,4.39775,4.36953,4.36913,4.34529,4.379,4.45001,4.40405,4.43442,4.18973,4.34653,4.40896,4.40796,4.52918,4.43017,4.4485,4.47687,4.40466,4.36928,4.45778,4.39988,4.36216,4.50329,4.30264,4.54147,4.54359,4.38055,4.27518,4.35067,4.44264,4.30333,4.50034,4.27261,4.25321,4.29043,4.42185,4.30111,4.40704,4.26697,4.50058,4.52527,4.53502,4.33917,4.23833,4.41246,4.48411
4.45394,4.49074,4.4121,4.35349,4.37731,4.51658,4.2633,4.34985,4.4189,4.39927,4.31035,4.30258,4.38694,4.38653,4.48691,4.4266,4.42073,4.39957,4.4455,4.29162,4.46231,4.2859,4.31927,4.46679,4.50937,4.28332,4.21845,4.37221,4.46323,4.479,4.37437,4.33892,4.42695,4.43814,4.32543,4.37728,4.45172,4.3989,4.34624,4.50665,4.45676,4.37552,4.40972,4.41127,4.42647,4.39747,4.46327,4.50816,4.42458,4.48549,4.3845,4.17753,4.42173,4.38387,4.37967,4.41215,4.32501,4.35437,4.33761,4.34664,4.3519,4.36774,4.46243,4.16036,4.32013,4.35628,4.41084,4.57896,4.39522,4.38288,4.31421,4.38214,4.3119,4.37307,4.3783,4.32785,4.49061,4.25753,4.49777,4.59147,4.44004,4.35179,4.37258,4.39576,4.3106,4.45047,4.24212,4.25842,4.35323,4.38223,4.30427,4.34906,4.29813,4.45634,4.55118,4.53825,4.39959,4.22623,4.33191,4.48961
4.51456,4.46605,4.36096,4.41909,4.35061,4.52485,4.25164,4.33574,4.54353,4.36852,4.36189,4.30361,4.43137,4.39565,4.44941,4.40896,4.47647,4.4215,4.41666,4.28803,4.48635,4.28582,4.24439,4.45675,4.46537,4.3068,4.27334,4.38304,4.47426,4.43332,4.2994,4.44032,4.40845,4.41807,4.39232,4.33205,4.43914,4.39882,4.26161,4.43606,4.43068,4.3782,4.41734,4.37563,4.34365,4.41361,4.47045,4.41318,4.39249,4.42052,4.38429,4.21619,4.36301,4.41342,4.33588,4.43577,4.24894,4.38848,4.37795,4.33329,4.36683,4.30801,4.47227,4.21306,4.3919,4.37476,4.36881,4.50339,4.37551,4.33081,4.25287,4.42814,4.32088,4.25135,4.36008,4.31956,4.47397,4.26507,4.45445,4.51728,4.38568,4.3577,4.32119,4.40125,4.32235,4.43021,4.2537,4.29805,4.35121,4.3673,4.33404,4.29505,4.28196,4.43967,4.54571,4.60703,4.37434,4.17,4.30868,4.39855
4.45745,4.40848,4.35944,4.44443,4.35438,4.43048,4.24515,4.35965,4.52577,4.47627,4.42145,4.312,4.41943,4.32882,4.46729,4.42546,4.49113,4.42435,4.36555,4.3543,4.43427,4.32912,4.28305,4.4641,4.43182,4.22949,4.40598,4.40213,4.37042,4.35208,4.24823,4.36922,4.30931,4.50664,4.41099,4.23269,4.41272,4.31158,4.39014,4.39085,4.33828,4.34443,4.42033,4.3505,4.3815,4.39422,4.47274,4.42161,4.37792,4.47191,4.36899,4.14987,4.37953,4.49469,4.34886,4.46315,4.23821,4.39537,4.33999,4.29939,4.47365,4.33824,4.39526,4.16704,4.37256,4.36019,4.39878,4.44767,4.31649,4.32745,4.24252,4.40622,4.26969,4.24696,4.32249,4.31387,4.47967,4.23903,4.48156,4.47807,4.3727,4.33246,4.33431,4.31268,4.43187,4.40307,4.20198,4.30125,4.34647,4.42243,4.37207,4.27787,4.28294,4.51812,4.54113,4.53685,4.44854,4.24594,4.28608,4.41854
4.5135,4.32807,4.34339,4.41754,4.37362,4.44277,4.25107,4.31831,4.48884,4.40752,4.41399,4.41053,4.41365,4.36238,4.44032,4.42583,4.54608,4.48908,4.39105,4.35712,4.42041,4.38091,4.21474,4.40529,4.45379,4.29864,4.43875,4.31545,4.38958,4.35289,4.23594,4.30318,4.37227,4.55469,4.3092,4.22903,4.51283,4.32867,4.38674,4.39324,4.37335,4.42894,4.47524,4.34221,4.33211,4.41634,4.46581,4.45087,4.38652,4.47403,4.42293,4.15531,4.37407,4.48375,4.35311,4.42511,4.29128,4.45763,4.30589,4.2028,4.45147,4.36157,4.31585,4.16961,4.32614,4.37067,4.41604,4.48963,4.40203,4.34097,4.20763,4.39151,4.29183,4.28738,4.30764,4.25176,4.39524,4.25405,4.43945,4.5248,4.38525,4.38062,4.42325,4.37879,4.46134,4.45264,4.30401,4.3472,4.31932,4.36917,4.41811,4.28558,4.23266,4.43384,4.51932,4.57652,4.42024,4.25363,4.34555,4.41544
4.5158,4.3236,4.34353,4.47331,4.41755,4.44597,4.23193,4.23576,4.38911,4.4681,4.41354,4.3791,4.43624,4.45621,4.42555,4.42612,4.54599,4.45987,4.31946,4.37699,4.45072,4.4052,4.22941,4.4682,4.41331,4.34704,4.52885,4.28102,4.35724,4.35705,4.36883,4.27191,4.35925,4.47651,4.23502,4.20882,4.48053,4.3011,4.45695,4.31334,4.41931,4.41226,4.41955,4.41408,4.31049,4.38397,4.49824,4.46968,4.39432,4.44114,4.46024,4.08834,4.33338,4.52367,4.42993,4.41455,4.31828,4.38212,4.35757,4.17731,4.43214,4.37351,4.32646,4.16814,4.27147,4.32296,4.3352,4.51099,4.40459,4.29483,4.27238,4.37726,4.37766,4.2898,4.25795,4.27428,4.39256,4.27394,4.48615,4.49641,4.34712,4.36494,4.35007,4.31989,4.36889,4.39859,4.31663,4.4012,4.37566,4.29133,4.42155,4.3275,4.30131,4.35187,4.4449,4.48741,4.30217,4.23605,4.34093,4.42866
4.54941,4.31462,4.35754,4.46954,4.32834,4.39067,4.23244,4.2601,4.44094,4.52763,4.38641,4.29971,4.4158,4.42949,4.33545,4.42287,4.53232,4.45547,4.29294,4.39526,4.3617,4.42638,4.29945,4.35453,4.40996,4.3292,4.42522,4.24034,4.35801,4.4265,4.36819,4.28598,4.36749,4.50174,4.30815,4.24247,4.43479,4.30369,4.46564,4.31918,4.35999,4.44001,4.35602,4.40599,4.31747,4.32242,4.42529,4.44975,4.3264,4.41356,4.40772,4.13327,4.29693,4.57755,4.38107,4.35187,4.32092,4.35112,4.38113,4.16625,4.39094,4.44238,4.41854,4.17293,4.2402,4.33625,4.33425,4.54378,4.46514,4.31079,4.19403,4.3396,4.33019,4.30058,4.28737,4.26605,4.35471,4.28525,4.47022,4.52404,4.4031,4.33801,4.29417,4.35905,4.33073,4.39612,4.23208,4.38101,4.38804,4.29941,4.44403,4.32435,4.27017,4.34685,4.40471,4.41899,4.32758,4.26968,4.29707,4.4469
4.51127,4.35315,4.23661,4.4159,4.37856,4.35294,4.29485,4.18404,4.51148,4.45628,4.44834,4.27448,4.4047,4.44981,4.35767,4.34677,4.46425,4.42549,4.2387,4.40525,4.34758,4.38723,4.32274,4.38344,4.34398,4.33614,4.37874,4.26224,4.34009,4.41618,4.39302,4.33264,4.3129,4.36352,4.43228,4.2278,4.41367,4.23835,4.42441,4.36334,4.35223,4.39911,4.43366,4.40501,4.2458,4.329,4.45976,4.43271,4.32632,4.42478,4.38627,4.09697,4.30188,4.56803,4.34958,4.36033,4.3037,4.35008,4.39817,4.22895,4.34354,4.45329,4.40215,4.21179,4.20682,4.32694,4.25556,4.5401,4.33229,4.2727,4.16513,4.36251,4.28497,4.35435,4.29423,4.28888,4.47666,4.30789,4.53087,4.57998,4.33938,4.36058,4.27774,4.34111,4.32614,4.32696,4.30249,4.43441,4.42057,4.25692,4.41165,4.32348,4.33463,4.35438,4.3826,4.37152,4.2698,4.25847,4.30968,4.39451
4.44734,4.39423,4.35198,4.46208,4.38342,4.42243,4.3537,4.29151,4.4518,4.46182,4.40722,4.282,4.48608,4.40005,4.31607,4.4299,4.41681,4.42584,4.20823,4.41071,4.36326,4.35822,4.26784,4.39218,4.35984,4.31362,4.38522,4.27853,4.35451,4.39612,4.42558,4.30365,4.33486,4.36663,4.41366,4.3123,4.36994,4.25251,4.38941,4.36909,4.31765,4.4117,4.41646,4.40771,4.22728,4.34212,4.43921,4.40744,4.28251,4.39705,4.36685,4.09566,4.32283,4.5644,4.26375,4.46528,4.30349,4.32815,4.37721,4.27499,4.34593,4.42157,4.3965,4.17021,4.28777,4.31608,4.25896,4.58116,4.32878,4.28225,4.21815,4.36221,4.35471,4.35945,4.33652,4.28119,4.49925,4.30453,4.53635,4.59166,4.34495,4.40493,4.37863,4.29803,4.29165,4.39472,4.27106,4.41051,4.39475,4.25272,4.41771,4.18366,4.28139,4.40567,4.31905,4.44079,4.27373,4.36447,4.26998,4.3517
4.48053,4.37218,4.40616,4.39155,4.40727,4.42,4.34815,4.29111,4.4398,4.40294,4.39159,4.22952,4.53549,4.47575,4.38536,4.46537,4.3816,4.40985,4.21604,4.4274,4.38237,4.37718,4.31059,4.36504,4.36494,4.25041,4.32337,4.31162,4.33999,4.39569,4.40332,4.28386,4.2918,4.39116,4.40303,4.35006,4.33814,4.25383,4.2814,4.37483,4.29396,4.37128,4.35587,4.45285,4.2315,4.38643,4.41635,4.37093,4.28183,4.37446,4.2439,4.20903,4.29713,4.53954,4.33674,4.41769,4.38959,4.4456,4.45066,4.19883,4.34704,4.40177,4.36348,4.21843,4.30706,4.27328,4.3034,4.54376,4.31483,4.27707,4.25213,4.36969,4.37006,4.34006,4.42848,4.29219,4.44196,4.27425,4.49891,4.64529,4.24593,4.35609,4.3254,4.28813,4.35971,4.33064,4.25848,4.36412,4.42614,4.25912,4.42706,4.22178,4.27546,4.40392,4.37879,4.40497,4.27788,4.35679,4.28443,4.36755
4.49975,4.33177,4.45666,4.39673,4.40679,4.37407,4.30687,4.29344,4.44301,4.4079,4.42914,4.28887,4.55383,4.4829,4.32727,4.49357,4.38135,4.38089,4.23699,4.33412,4.37099,4.27424,4.31824,4.35283,4.28337,4.28794,4.39668,4.29993,4.34769,4.38702,4.33945,4.29328,4.29069,4.42861,4.34307,4.37733,4.35984,4.34562,4.28472,4.34259,4.32032,4.33296,4.36383,4.46423,4.24599,4.41687,4.34734,4.34793,4.2747,4.37091,4.28397,4.19051,4.2906,4.4503,4.31902,4.40074,4.2894,4.52441,4.5637,4.17161,4.33595,4.31529,4.36628,4.29826,4.3037,4.30605,4.27894,4.57847,4.27451,4.36736,4.28218,4.39471,4.36324,4.3294,4.3962,4.35128,4.4467,4.2759,4.45576,4.55815,4.32097,4.28563,4.32668,4.25106,4.36315,4.39495,4.35294,4.32248,4.41848,4.22052,4.42469,4.26092,4.27124,4.35887,4.34729,4.4058,4.25725,4.30643,4.25853,4.31802
4.52579,4.42549,4.45108,4.40598,4.38718,4.34303,4.29069,4.40798,4.34715,4.41927,4.46743,4.32602,4.45986,4.44032,4.36232,4.57262,4.36679,4.37731,4.30044,4.35108,4.38657,4.33005,4.38798,4.33168,4.30527,4.24617,4.40001,4.32885,4.37919,4.4019,4.28733,4.30567,4.22956,4.41609,4.30947,4.42653,4.36256,4.28781,4.32703,4.34193,4.31161,4.40472,4.33515,4.43165,4.25427,4.40858,4.31432,4.29672,4.27512,4.38453,4.20776,4.20936,4.3527,4.38487,4.27169,4.35654,4.27998,4.52623,4.55433,4.20674,4.35948,4.28371,4.32177,4.36752,4.29816,4.30222,4.35177,4.52316,4.34564,4.34224,4.26134,4.41833,4.34634,4.3744,4.46872,4.26549,4.41326,4.30949,4.36211,4.53598,4.31946,4.30851,4.30293,4.18503,4.30798,4.43754,4.28539,4.30242,4.37439,4.22941,4.34793,4.31648,4.23614,4.38012,4.30005,4.43004,4.2996,4.40206,4.30686,4.32287
4.48625,4.39839,4.44249,4.36187,4.41326,4.37682,4.19955,4.37812,4.39124,4.44941,4.47121,4.3294,4.46735,4.38303,4.25674,4.5499,4.45738,4.34823,4.34766,4.32024,4.33898,4.41564,4.37833,4.36305,4.31171,4.25538,4.40076,4.22553,4.36262,4.4232,4.31768,4.36747,4.20823,4.42136,4.28774,4.45481,4.37836,4.29099,4.30135,4.27487,4.31945,4.41486,4.35427,4.42952,4.26965,4.44887,4.31118,4.27301,4.24885,4.35582,4.19699,4.19724,4.3035,4.435,4.30713,4.37744,4.29715,4.56856,4.57499,4.26955,4.33641,4.27399,4.26673,4.38504,4.2957,4.28603,4.39116,4.55549,4.37089,4.31386,4.26034,4.39568,4.36377,4.32982,4.35234,4.24583,4.41147,4.21676,4.3134,4.49922,4.31744,4.32478,4.26824,4.15891,4.31647,4.42618,4.27331,4.3993,4.34899,4.24189,4.33291,4.3474,4.28332,4.38992,4.21512,4.39748,4.20621,4.43608,4.22805,4.35048
4.38935,4.4254,4.33501,4.41015,4.38979,4.40921,4.25066,4.32893,4.31,4.44123,4.3769,4.26305,4.41159,4.39459,4.22682,4.52213,4.40741,4.37994,4.31514,4.37567,4.33306,4.39119,4.44661,4.33141,4.33875,4.31572,4.34665,4.27022,4.37075,4.43852,4.35537,4.39851,4.21226,4.3793,4.31305,4.41684,4.34311,4.28598,4.39002,4.20322,4.33408,4.3384,4.32789,4.40778,4.24747,4.40184,4.30439,4.20567,4.21796,4.26661,4.16029,4.2451,4.18741,4.40545,4.40042,4.44589,4.30914,4.48709,4.48152,4.25517,4.40068,4.24462,4.29328,4.37832,4.26694,4.21787,4.28656,4.49992,4.3524,4.32371,4.27858,4.36556,4.3284,4.33962,4.3791,4.16436,4.42683,4.28375,4.39502,4.51241,4.30186,4.29884,4.37008,4.17247,4.34179,4.44368,4.32109,4.42392,4.41639,4.30025,4.32201,4.35506,4.29221,4.36081,4.27628,4.37708,4.2187,4.45645,4.27778,4.4007
4.32315,4.35037,4.39031,4.36944,4.39535,4.36093,4.22954,4.31907,4.31496,4.44596,4.35144,4.28557,4.438,4.43331,4.23892,4.46005,4.37714,4.3813,4.25746,4.25209,4.35302,4.3913,4.46292,4.34657,4.32796,4.28413,4.34331,4.25572,4.42586,4.42654,4.31768,4.347,4.2513,4.32382,4.33501,4.36895,4.31977,4.26827,4.42091,4.20068,4.3815,4.32998,4.34274,4.39446,4.17949,4.42937,4.32901,4.25368,4.22849,4.23772,4.1556,4.28471,4.23009,4.43323,4.5056,4.46206,4.3474,4.44519,4.57289,4.3104,4.37187,4.20081,4.28929,4.42671,4.38115,4.18975,4.25881,4.46808,4.36687,4.32151,4.30827,4.45265,4.38126,4.38359,4.35708,4.21703,4.41633,4.28308,4.38958,4.4431,4.20509,4.29924,4.37041,4.20241,4.41749,4.41645,4.34055,4.37482,4.40301,4.27401,4.35437,4.32524,4.36357,4.32225,4.26777,4.39998,4.24048,4.483,4.3606,4.4082
4.36148,4.39128,4.40023,4.39284,4.39941,4.39156,4.18414,4.30941,4.34962,4.48238,4.35141,4.29297,4.36907,4.46983,4.24527,4.42766,4.41065,4.4821,4.20932,4.34173,4.32265,4.37349,4.39728,4.39076,4.35404,4.29004,4.31248,4.26913,4.41122,4.38342,4.32556,4.29381,4.30891,4.35303,4.29322,4.4016,4.35121,4.25685,4.43047,4.27579,4.34605,4.39725,4.30862,4.38433,4.15428,4.31581,4.32249,4.1739,4.27748,4.15926,4.12443,4.31242,4.28809,4.40558,4.50625,4.39042,4.36947,4.48255,4.52848,4.29337,4.31933,4.22374,4.26904,4.43253,4.3534,4.186,4.24666,4.46867,4.32748,4.32538,4.27118,4.41579,4.45144,4.4295,4.30463,4.16263,4.35576,4.33792,4.34849,4.36021,4.23627,4.29537,4.35618,4.24816,4.34229,4.365,4.44479,4.31246,4.3106,4.23334,4.22801,4.34593,4.37058,4.26758,4.24647,4.34464,4.19064,4.41863,4.32077,4.37297
4.23988,4.34796,4.45774,4.36942,4.50462,4.34476,4.2589,4.33451,4.31198,4.3843,4.40975,4.27988,4.30304,4.43988,4.26475,4.39503,4.35742,4.489,4.13157,4.35166,4.29545,4.34622,4.30996,4.36804,4.37271,4.2894,4.37301,4.25507,4.41283,4.36783,4.36905,4.37772,4.40161,4.39737,4.22125,4.48042,4.34503,4.27365,4.39338,4.23843,4.35146,4.3611,4.26744,4.41974,4.19735,4.28057,4.36618,4.19631,4.27411,4.15677,4.1597,4.32535,4.34032,4.4413,4.4817,4.33201,4.38508,4.48161,4.55093,4.33814,4.23051,4.21306,4.21373,4.37407,4.33521,4.2611,4.30269,4.46353,4.31662,4.36512,4.254,4.4413,4.50416,4.48063,4.29991,4.17334,4.28273,4.35875,4.32995,4.34451,4.18581,4.30083,4.33265,4.27492,4.35228,4.39719,4.45808,4.3019,4.30288,4.19586,4.22192,4.33574,4.39056,4.16043,4.29443,4.35153,4.21759,4.354,4.37137,4.36255
4.30301,4.37277,4.46171,4.35767,4.54905,4.39807,4.30053,4.21754,4.3095,4.38959,4.3683,4.30717,4.27437,4.42908,4.25366,4.44957,4.39949,4.46191,4.12455,4.37286,4.28819,4.37459,4.25505,4.416,4.32937,4.32464,4.40015,4.22352,4.35647,4.32815,4.27941,4.33297,4.40142,4.42685,4.30523,4.48757,4.28482,4.30376,4.31364,4.32077,4.31866,4.37117,4.22996,4.37013,4.20388,4.28806,4.35581,4.26449,4.29,4.20714,4.09581,4.33123,4.37958,4.48431,4.41988,4.33974,4.29636,4.45701,4.45825,4.36136,4.24542,4.26007,4.26154,4.39862,4.31795,4.22628,4.23942,4.4397,4.28998,4.34451,4.29343,4.47329,4.43736,4.45466,4.4113,4.23647,4.24231,4.34381,4.34817,4.34674,4.25924,4.30077,4.33154,4.34711,4.36177,4.43869,4.47223,4.30677,4.40011,4.12341,4.30885,4.3098,4.46822,4.11552,4.3272,4.25662,4.15892,4.41388,4.319,4.326
4.34987,4.35112,4.39495,4.3076,4.50355,4.39107,4.36368,4.22116,4.26636,4.36092,4.33813,4.29012,4.25538,4.37371,4.21166,4.47485,4.36065,4.4263,4.22848,4.41793,4.26172,4.37085,4.27361,4.31863,4.32571,4.26572,4.4116,4.17574,4.40688,4.25479,4.30039,4.27025,4.37718,4.41849,4.34692,4.32488,4.35537,4.28452,4.3551,4.29769,4.33384,4.35254,4.22409,4.43353,4.26731,4.21199,4.45719,4.10492,4.24483,4.2727,4.12623,4.32252,4.36968,4.47219,4.43258,4.30287,4.40171,4.43164,4.53002,4.3787,4.19708,4.29318,4.26635,4.4495,4.30929,4.24088,4.19609,4.38086,4.27577,4.36446,4.19541,4.4142,4.42066,4.45906,4.363,4.21459,4.25535,4.28022,4.34456,4.39296,4.23409,4.31405,4.25209,4.35398,4.30207,4.44636,4.4312,4.28498,4.36083,4.10615,4.25872,4.2803,4.40697,4.157,4.29779,4.22613,4.2193,4.36775,4.33089,4.31723
4.2968,4.31527,4.43173,4.25382,4.49849,4.40439,4.33927,4.19391,4.31478,4.44489,4.34359,4.36879,4.17892,4.34722,4.21975,4.41259,4.3838,4.38447,4.27455,4.35947,4.25947,4.42894,4.28357,4.4095,4.34962,4.23661,4.40676,4.2216,4.32523,4.2578,4.34402,4.32066,4.3024,4.37089,4.43191,4.37209,4.36304,4.22439,4.36411,4.28831,4.38635,4.35595,4.31544,4.47804,4.30544,4.27529,4.30188,4.1654,4.1954,4.30036,4.22379,4.38487,4.26058,4.4726,4.37318,4.26253,4.42744,4.34469,4.44025,4.34111,4.19868,4.30771,4.25108,4.43737,4.28698,4.31959,4.2792,4.38034,4.33881,4.35341,4.31643,4.37956,4.33018,4.40406,4.38815,4.23365,4.28448,4.29676,4.36944,4.36992,4.25058,4.36148,4.28623,4.32662,4.3424,4.44646,4.35419,4.29872,4.39823,4.14376,4.23966,4.33369,4.41675,4.08448,4.29408,4.15773,4.20416,4.39399,4.30503,4.34571
4.35328,4.39391,4.39999,4.26744,4.46438,4.3429,4.29808,4.25782,4.27779,4.38092,4.38347,4.3109,4.19551,4.31251,4.26218,4.37946,4.31951,4.401,4.25857,4.37772,4.27766,4.4887,4.31509,4.41236,4.25764,4.20119,4.39495,4.252,4.35028,4.26509,4.34339,4.24918,4.27616,4.25849,4.37308,4.39044,4.39926,4.25627,4.27455,4.34544,4.36926,4.283,4.37054,4.49898,4.28398,4.3434,4.31028,4.1673,4.27545,4.32905,4.16137,4.38207,4.29056,4.37665,4.39221,4.31747,4.37514,4.2896,4.44159,4.46626,4.27953,4.25647,4.22101,4.42576,4.23492,4.33356,4.23365,4.32234,4.35806,4.28597,4.28353,4.31673,4.32185,4.39345,4.30082,4.20732,4.22923,4.25507,4.43495,4.37687,4.17432,4.37669,4.28604,4.32223,4.27357,4.37103,4.4341,4.35816,4.39282,4.16222,4.30352,4.37243,4.40564,4.14291,4.25882,4.16256,4.25389,4.3629,4.2637,4.33678
4.30971,4.41965,4.44156,4.23711,4.37915,4.2783,4.24635,4.31793,4.22471,4.31261,4.39642,4.27333,4.20879,4.26662,4.28775,4.40093,4.29126,4.39982,4.27147,4.36459,4.20882,4.49968,4.37888,4.40398,4.25971,4.24899,4.38182,4.29647,4.35536,4.21462,4.36451,4.18432,4.29657,4.21099,4.41014,4.3552,4.39144,4.26902,4.27361,4.28453,4.42792,4.2561,4.34274,4.43355,4.25729,4.29606,4.31503,4.15281,4.31072,4.30913,4.27545,4.39553,4.22713,4.33164,4.34004,4.25738,4.29507,4.22231,4.37804,4.44752,4.30446,4.34899,4.17965,4.38824,4.23722,4.3064,4.29429,4.25686,4.30746,4.29008,4.35759,4.3244,4.20871,4.38959,4.28489,4.18248,4.22846,4.21847,4.35736,4.34929,4.09789,4.33787,4.29772,4.23127,4.27294,4.39304,4.4243,4.39519,4.53235,4.188,4.27,4.40561,4.41062,4.12015,4.30113,4.13467,4.29707,4.31725,4.27991,4.34785
4.22287,4.45572,4.36977,4.20909,4.4484,4.25748,4.28424,4.26565,4.23918,4.28592,4.41782,4.25296,4.17228,4.42651,4.24804,4.33347,4.24723,4.35686,4.29525,4.43892,4.18581,4.51092,4.38114,4.42083,4.29051,4.30629,4.38103,4.28151,4.38234,4.18147,4.33368,4.16662,4.27592,4.19056,4.31456,4.37696,4.3689,4.16498,4.24796,4.26637,4.36704,4.26128,4.30771,4.40773,4.2398,4.24405,4.29058,4.15495,4.3187,4.27578,4.26411,4.3695,4.31831,4.27305,4.37907,4.26263,4.20356,4.26715,4.31205,4.429,4.33336,4.28887,4.19254,4.35717,4.20992,4.34455,4.29185,4.20312,4.31531,4.35491,4.35807,4.36683,4.1674,4.41657,4.34895,4.15873,4.22457,4.23168,4.26966,4.32166,4.17131,4.37724,4.29756,4.27644,4.33953,4.40475,4.40117,4.36749,4.43177,4.16682,4.22769,4.40601,4.42095,4.11412,4.29079,4.25545,4.32309,4.28011,4.29386,4.39448
4.15927,4.38967,4.38666,4.19975,4.37569,4.27329,4.31686,4.29242,4.25864,4.29295,4.43687,4.27709,4.11996,4.43354,4.22172,4.32089,4.30408,4.31845,4.29578,4.45242,4.21412,4.47135,4.38647,4.358,4.27183,4.27783,4.40505,4.32007,4.37116,4.19373,4.34921,4.18688,4.32057,4.19072,4.28209,4.35413,4.30243,4.25412,4.24472,4.29253,4.36351,4.24663,4.26445,4.3985,4.19398,4.23236,4.26403,4.08439,4.31034,4.26773,4.24814,4.2869,4.32062,4.30709,4.3938,4.29076,4.25195,4.16456,4.36252,4.35742,4.267,4.3625,4.18769,4.31663,4.21932,4.29386,4.24969,4.21297,4.29556,4.33881,4.34869,4.35522,4.14347,4.4046,4.37151,4.16441,4.13742,4.18302,4.31886,4.27929,4.13522,4.35271,4.28672,4.25369,4.29957,4.40423,4.4205,4.34458,4.38263,4.17086,4.24478,4.46643,4.30896,4.12313,4.29747,4.21257,4.26599,4.3016,4.34172,4.36033
4.18125,4.35299,4.39131,4.27601,4.35658,4.35252,4.35474,4.31356,4.25594,4.32652,4.42153,4.19131,4.13088,4.39628,4.26331,4.31772,4.22965,4.29091,4.3553,4.52702,4.23962,4.46436,4.3724,4.331,4.30042,4.25352,4.3513,4.27136,4.39396,4.18934,4.33542,4.25451,4.29619,4.18196,4.26589,4.27511,4.3385,4.25982,4.27949,4.33158,4.25412,4.23039,4.22568,4.3539,4.23234,4.25513,4.29494,4.12631,4.30935,4.25501,4.28683,4.41871,4.37443,4.33383,4.3325,4.26181,4.25913,4.13602,4.4199,4.40063,4.26411,4.37823,4.22347,4.31021,4.18628,4.31282,4.19051,4.23371,4.27888,4.3435,4.3108,4.39035,4.15884,4.3897,4.35005,4.16962,4.18313,4.23125,4.42171,4.27424,4.17774,4.2008,4.26739,4.32484,4.33382,4.42399,4.43197,4.41711,4.33549,4.17281,4.24383,4.45248,4.40307,4.12317,4.27535,4.16423,4.25722,4.31373,4.25305,4.31078
4.10111,4.40336,4.41208,4.26589,4.35894,4.28013,4.31687,4.3357,4.27812,4.31922,4.37365,4.18137,4.07545,4.41521,4.23876,4.29919,4.20067,4.30555,4.36029,4.45328,4.19782,4.46057,4.32404,4.34397,4.32556,4.25307,4.43154,4.29808,4.39171,4.10614,4.28087,4.2126,4.22921,4.19684,4.30112,4.34933,4.32335,4.30164,4.20159,4.35156,4.2318,4.18386,4.26177,4.3022,4.31955,4.35712,4.34486,4.13027,4.27964,4.19787,4.31334,4.46537,4.35701,4.31304,4.2829,4.30453,4.30781,4.12691,4.39114,4.39199,4.18354,4.37309,4.21861,4.3111,4.14807,4.23361,4.09133,4.23034,4.23184,4.3067,4.34606,4.34644,4.17808,4.36072,4.40487,4.17644,4.21881,4.21307,4.40534,4.29808,4.23826,4.26475,4.2699,4.30006,4.24648,4.36619,4.30518,4.39959,4.32164,4.19032,4.16634,4.41348,4.40821,4.06099,4.32605,4.25198,4.29582,4.27311,4.33363,4.27024
4.13234,4.40006,4.40618,4.25701,4.4243,4.26246,4.39618,4.30565,4.25619,4.39935,4.35577,4.22987,4.01549,4.38209,4.30439,4.2478,4.1691,4.28888,4.38073,4.41541,4.19106,4.4825,4.32864,4.3997,4.34508,4.12231,4.44495,4.25857,4.32281,4.10563,4.12864,4.12211,4.22315,4.21046,4.29118,4.34465,4.3091,4.31636,4.27925,4.39233,4.20037,4.16883,4.25124,4.33832,4.31736,4.31966,4.3221,4.17474,4.28836,4.23081,4.34894,4.4497,4.37081,4.36099,4.28823,4.39057,4.21952,4.17271,4.33969,4.40294,4.22921,4.4112,4.15645,4.23323,4.20743,4.2269,4.14241,4.22841,4.23682,4.33314,4.35943,4.34457,4.22422,4.35568,4.47719,4.17672,4.17775,4.26387,4.36365,4.34969,4.18881,4.27561,4.27697,4.30339,4.27656,4.32468,4.29891,4.2905,4.3601,4.14818,4.18369,4.35009,4.39202,4.1146,4.36263,4.21868,4.30025,4.3312,4.27256,4.31265
4.12868,4.39054,4.39184,4.23981,4.4477,4.24703,4.3498,4.32909,4.25626,4.39079,4.32796,4.31935,3.94962,4.34405,4.29378,4.21912,4.13952,4.31039,4.41584,4.42967,4.12975,4.46238,4.26416,4.36633,4.31701,4.14591,4.42861,4.17943,4.35065,4.11911,4.19714,4.16229,4.23598,4.20213,4.40457,4.35817,4.38323,4.30839,4.25399,4.37797,4.26208,4.19291,4.2467,4.32639,4.2992,4.32664,4.22693,4.19176,4.28589,4.22693,4.37277,4.4744,4.34491,4.27834,4.26021,4.31521,4.25276,4.22149,4.36456,4.31056,4.27138,4.40812,4.09494,4.30974,4.16329,4.22042,4.07366,4.15341,4.15163,4.25246,4.32904,4.30615,4.31229,4.30654,4.3873,4.14879,4.17776,4.258,4.3393,4.30645,4.15552,4.29366,4.29358,4.30234,4.25951,4.34939,4.29421,4.34324,4.34422,4.12423,4.14148,4.34014,4.29083,4.10875,4.35809,4.22576,4.20645,4.33865,4.33951,4.32617
4.16555,4.33031,4.24931,4.28536,4.34972,4.36057,4.46677,4.33903,4.23778,4.35838,4.38558,4.26619,4.01741,4.30734,4.34604,4.18214,4.20061,4.33749,4.42914,4.4243,4.20477,4.46842,4.31332,4.30339,4.33547,4.08859,4.3544,4.12306,4.33805,4.13597,4.11622,4.10436,4.24629,4.17583,4.35828,4.27978,4.40536,4.2883,4.17725,4.33572,4.24937,4.21578,4.16728,4.37603,4.32442,4.23242,4.26933,4.25888,4.26509,4.24748,4.34474,4.5117,4.35805,4.28445,4.2239,4.33489,4.26031,4.26743,4.35132,4.32929,4.30051,4.43558,4.14051,4.30231,4.19546,4.17122,4.0782,4.13025,4.21401,4.25375,4.36773,4.27577,4.2506,4.3459,4.38399,4.19015,4.17985,4.2321,4.31736,4.38803,4.11614,4.21625,4.27429,4.33275,4.37274,4.30596,4.30793,4.28704,4.30303,4.15634,4.1732,4.33157,4.27588,4.11283,4.37591,4.28943,4.18268,4.268,4.30748,4.21808
4.15237,4.36352,4.26596,4.28017,4.35166,4.33163,4.39808,4.29515,4.21206,4.33362,4.3059,4.31283,4.06068,4.26868,4.28785,4.21623,4.21083,4.26554,4.40987,4.37917,4.18168,4.39628,4.30751,4.36456,4.33432,4.18351,4.36194,4.12319,4.30219,4.18933,4.16395,4.11988,4.18439,4.17911,4.40715,4.30833,4.3586,4.27309,4.16546,4.3366,4.27877,4.30011,4.22838,4.3638,4.25057,4.26254,4.32825,4.19352,4.27921,4.26457,4.36455,4.48977,4.3664,4.30131,4.19765,4.31033,4.1917,4.27014,4.31963,4.25896,4.33011,4.42962,4.19721,4.30524,4.16689,4.20466,4.14747,4.11553,4.19505,4.33048,4.35583,4.23312,4.32894,4.27881,4.35794,4.25835,4.23476,4.23226,4.37622,4.43952,4.14096,4.21023,4.27501,4.26836,4.42326,4.29134,4.3017,4.26676,4.28776,4.25713,4.1701,4.34186,4.31795,4.19231,4.36625,4.34215,4.18412,4.26143,4.28983,4.14183
4.15789,4.28919,4.32933,4.35708,4.34181,4.36731,4.33252,4.34734,4.23592,4.28875,4.25229,4.28724,4.0705,4.22,4.29515,4.22802,4.13463,4.18236,4.34478,4.33613,4.2005,4.43543,4.34437,4.33976,4.26757,4.19407,4.30655,4.16929,4.18919,4.29733,4.1048,4.0708,4.23106,4.22031,4.31152,4.33879,4.38654,4.20417,4.18769,4.43022,4.28431,4.30672,4.25993,4.33421,4.28771,4.2864,4.42442,4.18928,4.37566,4.23245,4.43758,4.45226,4.35676,4.25991,4.27086,4.35812,4.16364,4.28105,4.30864,4.26918,4.30961,4.45042,4.17141,4.27344,4.17637,4.21792,4.15004,4.13111,4.17102,4.31748,4.36431,4.20559,4.21711,4.31565,4.30964,4.2558,4.26706,4.2214,4.36436,4.42257,4.22509,4.16354,4.25359,4.21896,4.32359,4.2567,4.35188,4.32103,4.26318,4.32363,4.15578,4.30603,4.31621,4.22582,4.38156,4.33324,4.2078,4.21125,4.27764,4.16992
4.14366,4.37408,4.37535,4.31077,4.28741,4.35416,4.39348,4.24952,4.22539,4.20075,4.25067,4.24494,4.10668,4.3169,4.33937,4.2269,4.10994,4.20828,4.30251,4.31798,4.21166,4.43184,4.26504,4.31429,4.25577,4.18419,4.30986,4.21995,4.18889,4.24371,4.13688,4.11075,4.26487,4.21816,4.33196,4.3193,4.41987,4.22682,4.26367,4.41405,4.26912,4.36409,4.23304,4.30385,4.32412,4.28367,4.42654,4.09388,4.3071,4.26574,4.46052,4.40728,4.32211,4.21463,4.24622,4.38828,4.13163,4.25649,4.32861,4.27246,4.29433,4.42369,4.21982,4.25189,4.17475,4.21398,4.13957,4.17783,4.17832,4.32402,4.377,4.23744,4.30871,4.27896,4.37456,4.2706,4.23995,4.20623,4.31583,4.47202,4.25516,4.19442,4.33652,4.26311,4.31331,4.24033,4.35539,4.28092,4.27764,4.34723,4.22035,4.32245,4.34083,4.25726,4.32539,4.32355,4.31537,4.19485,4.29539,4.17994
4.17449,4.33777,4.36517,4.30962,4.15842,4.32737,4.3939,4.25493,4.24018,4.23086,4.23824,4.24906,4.17131,4.2602,4.35126,4.23152,4.08724,4.18744,4.31739,4.29168,4.20972,4.35232,4.28681,4.24835,4.31386,4.19293,4.3936,4.1598,4.25437,4.28876,4.19766,4.13094,4.22246,4.26485,4.3558,4.26156,4.37663,4.30472,4.24232,4.3541,4.25363,4.31447,4.2164,4.26223,4.32041,4.32431,4.4101,4.11016,4.27483,4.24401,4.47325,4.40332,4.37826,4.25064,4.27333,4.36751,4.12124,4.19874,4.37856,4.22643,4.29677,4.32346,4.25942,4.19963,4.19948,4.20714,4.22286,4.22457,4.21159,4.3105,4.43177,4.18691,4.1858,4.27946,4.35259,4.31568,4.21675,4.18251,4.23354,4.40432,4.30283,4.24323,4.31151,4.34045,4.25426,4.25148,4.31915,4.24884,4.36666,4.22795,4.22428,4.24938,4.33526,4.32739,4.2314,4.27212,4.32144,4.14842,4.25434,4.24897
4.1936,4.40642,4.45688,4.34969,4.19319,4.2963,4.34824,4.33569,4.24018,4.21335,4.17828,4.22784,4.12658,4.23013,4.36477,4.24437,4.07712,4.11944,4.27724,4.31245,4.21939,4.30864,4.20817,4.27187,4.38777,4.21402,4.30908,4.13404,4.26725,4.23806,4.2519,4.18282,4.24055,4.22436,4.29875,4.26439,4.34198,4.24494,4.28804,4.37104,4.22308,4.2592,4.19531,4.26782,4.25482,4.3865,4.3502,4.1676,4.29559,4.24103,4.4895,4.38964,4.4167,4.24617,4.25699,4.361,4.14952,4.27505,4.39547,4.17069,4.29919,4.39375,4.25256,4.18569,4.11674,4.20466,4.24516,4.21558,4.27663,4.26853,4.34033,4.14297,4.20316,4.26761,4.23155,4.29497,4.27223,4.25407,4.14126,4.47299,4.36113,4.25844,4.27882,4.30555,4.20328,4.22376,4.35251,4.24166,4.38581,4.2663,4.20441,4.29857,4.31265,4.40943,4.24413,4.2945,4.32542,4.1674,4.27286,4.20289
4.25917,4.34217,4.35752,4.36964,4.16262,4.31621,4.30559,4.24529,4.18333,4.22891,4.20183,4.21938,4.24068,4.21596,4.37627,4.2105,4.08756,4.1766,4.32108,4.29811,4.21572,4.25566,4.25378,4.27185,4.36914,4.15442,4.38238,4.13998,4.26083,4.26337,4.291,4.19182,4.19018,4.33975,4.34071,4.21249,4.34302,4.2656,4.33558,4.35319,4.31834,4.28037,4.21246,4.29044,4.18528,4.32574,4.30162,4.15723,4.31915,4.25977,4.4615,4.35571,4.38934,4.24273,4.12622,4.31652,4.1765,4.23373,4.45969,4.14357,4.33524,4.35488,4.23072,4.22174,4.10091,4.16438,4.21772,4.1546,4.28317,4.30459,4.36424,4.2252,4.22377,4.26858,4.25254,4.30239,4.3009,4.27058,4.20288,4.50122,4.44452,4.19412,4.24202,4.31011,4.24241,4.16581,4.31863,4.26297,4.31974,4.20517,4.16315,4.20066,4.30151,4.38372,4.28775,4.23001,4.34057,4.11479,4.28736,4.25123
4.19341,4.33164,4.3815,4.31332,4.13855,4.26642,4.26297,4.28785,4.19122,4.21972,4.14424,4.23659,4.2012,4.18228,4.46021,4.17617,4.0655,4.20834,4.31764,4.31331,4.1788,4.28571,4.24427,4.3356,4.49471,4.13325,4.33965,4.13858,4.26876,4.30138,4.2476,4.15891,4.07336,4.26944,4.35404,4.22927,4.35602,4.22991,4.37743,4.32506,4.27412,4.24317,4.2388,4.34295,4.24666,4.29009,4.27096,4.18861,4.27378,4.2666,4.43016,4.32685,4.41089,4.24315,4.09344,4.23092,4.08496,4.24462,4.47992,4.16399,4.33704,4.33803,4.16496,4.24184,4.05364,4.23268,4.22404,4.0394,4.23574,4.31003,4.33708,4.24069,4.29358,4.22836,4.17636,4.20856,4.23605,4.22454,4.23541,4.39865,4.42819,4.16895,4.23461,4.25186,4.30039,4.14998,4.33982,4.26601,4.26951,4.2699,4.17545,4.28453,4.25592,4.36013,4.31204,4.19543,4.353,4.12503,4.25212,4.21128
4.15091,4.28837,4.38903,4.34752,4.18791,4.32944,4.22514,4.24405,4.17874,4.22841,4.22293,4.24816,4.25765,4.16215,4.44573,4.1591,4.09028,4.22067,4.22493,4.31648,4.24597,4.22945,4.16219,4.33732,4.46802,4.08068,4.35387,4.18211,4.28576,4.22241,4.27226,4.12836,4.16967,4.20006,4.24611,4.14231,4.32751,4.19379,4.3352,4.32722,4.25722,4.27704,4.20347,4.41894,4.29145,4.31155,4.25999,4.20285,4.25983,4.23758,4.3871,4.3179,4.34602,4.22542,4.11755,4.18239,4.07534,4.26022,4.43211,4.168,4.32168,4.3316,4.23384,4.21424,4.16088,4.16526,4.25277,4.05583,4.20138,4.33949,4.34838,4.23887,4.2781,4.24414,4.25863,4.26514,4.20103,4.14456,4.20866,4.38807,4.40051,4.20988,4.26862,4.3199,4.26799,4.10545,4.38965,4.2558,4.25351,4.25877,4.19083,4.27505,4.28302,4.36714,4.33776,4.28442,4.40375,4.18014,4.27672,4.25014
4.19198,4.25953,4.37,4.21827,4.16713,4.37585,4.18314,4.25422,4.1897,4.27362,4.26258,4.20083,4.24247,4.22088,4.48433,4.22009,4.0877,4.23141,4.23824,4.24969,4.20272,4.23452,4.16895,4.30008,4.52952,4.08219,4.34833,4.22271,4.3015,4.28156,4.23157,4.1647,4.24503,4.26159,4.24396,4.14232,4.31325,4.24069,4.39403,4.25812,4.13803,4.30121,4.19843,4.33851,4.32155,4.33437,4.25609,4.21338,4.24968,4.22272,4.34805,4.22393,4.32848,4.19706,4.15431,4.1723,4.05329,4.28504,4.35961,4.18549,4.31654,4.30987,4.26657,4.2044,4.16167,4.2257,4.26916,4.07029,4.19863,4.32564,4.36289,4.30013,4.22054,4.22754,4.24027,4.27151,4.33111,4.13522,4.19748,4.33805,4.33399,4.24807,4.27329,4.28719,4.27477,4.11819,4.41633,4.22227,4.28287,4.32324,4.25453,4.31352,4.26179,4.33596,4.26839,4.25629,4.3468,4.24815,4.30751,4.26415
4.2388,4.25023,4.32954,4.28523,4.26308,4.35412,4.16205,4.23921,4.13872,4.26526,4.23406,4.22299,4.20425,4.2067,4.46733,4.15487,4.03293,4.20104,4.21275,4.22526,4.20999,4.22002,4.15737,4.30217,4.46463,4.16589,4.29543,4.21341,4.36028,4.26412,4.23936,4.14384,4.20703,4.20185,4.2762,4.20052,4.30013,4.25492,4.40012,4.1913,4.12141,4.23336,4.25628,4.36547,4.29378,4.28926,4.30507,4.21192,4.22626,4.23404,4.34745,4.25064,4.26349,4.26161,4.22496,4.21868,4.07314,4.24938,4.3172,4.1424,4.31268,4.33335,4.35094,4.2688,4.18435,4.17466,4.30865,4.10782,4.22715,4.38344,4.34574,4.35334,4.17919,4.23653,4.21694,4.24283,4.25745,4.12415,4.29683,4.30251,4.3348,4.23706,4.22288,4.30823,4.29925,4.19551,4.33531,4.19724,4.35782,4.31913,4.24517,4.35699,4.25381,4.40575,4.29303,4.22407,4.3709,4.21095,4.23928,4.28755
4.16433,4.23944,4.28959,4.29509,4.24014,4.44693,4.09718,4.26354,4.2488,4.29234,4.07063,4.24972,4.24185,4.22105,4.3714,4.15703,3.96557,4.20721,4.2827,4.17201,4.24952,4.21364,4.15218,4.25023,4.49349,4.18541,4.25421,4.20369,4.33666,4.27567,4.17243,4.24372,4.16509,4.13995,4.26424,4.14919,4.34755,4.2829,4.33423,4.16173,4.19163,4.22239,4.24423,4.27684,4.20375,4.33068,4.31864,4.15645,4.26901,4.18094,4.32421,4.24017,4.22601,4.20141,4.24324,4.16089,4.04249,4.25692,4.29516,4.16203,4.33139,4.3082,4.23407,4.27647,4.14787,4.22596,4.26633,4.1423,4.19259,4.28373,4.32223,4.32637,4.10119,4.18895,4.14953,4.34062,4.31498,4.14877,4.32055,4.26539,4.32574,4.24809,4.20724,4.29312,4.32728,4.14742,4.30897,4.13068,4.32401,4.30549,4.27444,4.29919,4.24769,4.3527,4.26483,4.16173,4.34598,4.14046,4.34402,4.26093
4.29321,4.19353,4.28921,4.35184,4.18086,4.33462,4.14643,4.15927,4.21667,4.33362,4.08081,4.20018,4.20529,4.27468,4.3191,4.19583,3.95632,4.20927,4.25644,4.16504,4.21148,4.24611,4.18698,4.28392,4.41962,4.17377,4.15209,4.23884,4.30097,4.28271,4.18218,4.28076,4.13574,4.11879,4.24425,4.17986,4.2571,4.23718,4.27959,4.17471,4.12349,4.25448,4.3482,4.24522,4.19394,4.28778,4.29107,4.20938,4.3419,4.20112,4.34258,4.25905,4.25396,4.24147,4.30007,4.09189,4.07647,4.23436,4.26127,4.13496,4.31112,4.3984,4.25639,4.22069,4.23892,4.29661,4.24599,4.09837,4.20067,4.23108,4.35672,4.38478,4.13395,4.19887,4.21307,4.31339,4.35107,4.15937,4.20585,4.27664,4.30281,4.26484,4.18361,4.21547,4.31712,4.18437,4.30414,4.16676,4.32637,4.29,4.24103,4.2202,4.18754,4.30562,4.28133,4.24308,4.3131,4.18031,4.23448,4.33888
4.26762,4.21236,4.26596,4.39412,4.19759,4.36093,4.17325,4.13273,4.2391,4.33177,4.0688,4.23024,4.22942,4.23581,4.32129,4.18488,3.94244,4.21804,4.22587,4.15904,4.19773,4.22397,4.22585,4.22191,4.39195,4.23631,4.15817,4.22516,4.25866,4.28671,4.17494,4.28003,4.05198,4.15336,4.27996,4.09046,4.3042,4.2325,4.31813,4.21762,4.1547,4.27525,4.32783,4.26729,4.13854,4.26812,4.26009,4.28703,4.32885,4.24351,4.31067,4.24779,4.20543,4.25951,4.34185,4.02071,4.07957,4.21472,4.12252,4.2017,4.33367,4.40109,4.21769,4.22507,4.23934,4.27175,4.31498,4.11255,4.17976,4.22489,4.3134,4.41013,4.1584,4.25134,4.26546,4.28656,4.31956,4.09185,4.27587,4.20103,4.3349,4.2381,4.0519,4.1943,4.33837,4.25457,4.22061,4.21576,4.33202,4.36951,4.18417,4.27127,4.15455,4.25074,4.22631,4.21531,4.21308,4.14931,4.24695,4.38687
4.2774,4.20171,4.21078,4.33562,4.18599,4.37118,4.1748,4.13442,4.29946,4.2623,4.11534,4.22531,4.18687,4.25265,4.41445,4.13645,4.05457,4.19791,4.26086,4.10343,4.17901,4.18266,4.14822,4.23513,4.38156,4.18927,4.17138,4.27819,4.25602,4.33165,4.26216,4.29386,4.08645,4.17604,4.30096,4.01396,4.28457,4.2629,4.25045,4.15801,4.15679,4.27114,4.31905,4.25544,4.1407,4.23823,4.27484,4.28576,4.24537,4.2313,4.22953,4.24944,4.16891,4.28954,4.38833,4.08643,4.07791,4.20556,4.20514,4.18369,4.27624,4.40752,4.30015,4.19664,4.22022,4.27494,4.29071,4.10302,4.12215,4.27519,4.29037,4.43481,4.16308,4.17014,4.23988,4.35764,4.28294,4.10321,4.31421,4.16458,4.29852,4.18379,4.06243,4.17599,4.29287,4.24256,4.17874,4.16048,4.35567,4.33216,4.2076,4.1969,4.24445,4.20616,4.22224,4.24706,4.24967,4.19148,4.18379,4.36346
4.30838,4.23939,4.2038,4.33725,4.21945,4.33269,4.20926,4.16105,4.28687,4.28579,4.10023,4.16517,4.19415,4.20033,4.37678,4.14028,4.10426,4.18336,4.25204,4.0488,4.10191,4.15401,4.17826,4.18869,4.33279,4.15725,4.17223,4.21568,4.22653,4.30265,4.25067,4.25088,4.09311,4.26119,4.31123,4.1041,4.29981,4.30294,4.1806,4.15767,4.13653,4.2371,4.35782,4.25671,4.15314,4.26151,4.23565,4.29911,4.24689,4.26137,4.24356,4.17513,4.20334,4.32146,4.3325,4.03097,4.079,4.18984,4.21345,4.23198,4.29675,4.43245,4.302,4.20783,4.24503,4.3041,4.27797,4.20801,4.16235,4.32566,4.27457,4.39255,4.17725,4.15943,4.29819,4.2771,4.25763,4.05644,4.27804,4.12528,4.27902,4.19651,4.11442,4.20979,4.30508,4.30985,4.17443,4.17226,4.44092,4.23486,4.19344,4.20565,4.20924,4.32691,4.11086,4.27183,4.23792,4.24424,4.15337,4.34169
4.24993,4.22228,4.14458,4.30468,4.21118,4.27462,4.24404,4.16819,4.31938,4.28515,4.06726,4.17812,4.2462,4.20337,4.35318,4.21216,4.15082,4.22622,4.28423,4.11138,4.17658,4.16416,4.2048,4.20057,4.31616,4.10716,4.20316,4.20728,4.22113,4.32281,4.25839,4.22042,4.07466,4.24744,4.20353,4.10926,4.29034,4.36031,4.14487,4.23955,4.1486,4.16834,4.35847,4.29478,4.12551,4.23626,4.19047,4.29151,4.21325,4.1643,4.2264,4.16456,4.23804,4.3008,4.38519,3.98981,4.06233,4.16383,4.20448,4.159,4.2791,4.44531,4.32752,4.13928,4.27477,4.24851,4.25823,4.2403,4.11671,4.34152,4.25888,4.35423,4.21416,4.17048,4.27702,4.22267,4.3154,4.0793,4.21946,4.11236,4.27177,4.10283,4.11144,4.17699,4.3079,4.35478,4.13491,4.11295,4.46623,4.22033,4.23124,4.20028,4.16295,4.2086,4.10442,4.25611,4.24179,4.24099,4.14308,4.30816
4.26141,4.24752,4.17583,4.29422,4.29104,4.33235,4.21315,4.11974,4.34882,4.32945,4.08928,4.19996,4.28245,4.16605,4.29383,4.1772,4.20782,4.29718,4.25504,4.00815,4.12548,4.22575,4.12883,4.25965,4.34111,4.13485,4.13403,4.25447,4.23063,4.26259,4.25898,4.25182,4.06479,4.27097,4.26786,4.14013,4.283,4.34597,4.17596,4.28394,4.08035,4.23895,4.37877,4.25646,4.14963,4.23093,4.13437,4.19391,4.15073,4.14898,4.16849,4.24665,4.23661,4.2784,4.34612,4.00488,4.18808,4.17156,4.25504,4.10482,4.26956,4.3288,4.30731,4.06409,4.24835,4.34951,4.30784,4.19404,4.16291,4.42216,4.19257,4.31114,4.26392,4.22336,4.26363,4.24223,4.27636,4.07626,4.21707,4.06793,4.29653,4.13164,4.15176,4.1822,4.29226,4.28071,4.18298,4.08655,4.42613,4.1282,4.26904,4.17433,4.14695,4.15792,4.04051,4.24105,4.18859,4.16904,4.19133,4.28609
4.26007,4.30196,4.11014,4.23455,4.27395,4.29224,4.238,4.08329,4.29795,4.38097,4.10182,4.18225,4.26963,4.14767,4.27084,4.2237,4.19665,4.20882,4.19818,4.10499,4.27743,4.25111,4.10494,4.38602,4.33121,4.08903,4.16248,4.27919,4.2253,4.25193,4.32552,4.26486,4.08679,4.26044,4.31293,4.18889,4.31636,4.31413,4.28315,4.26263,4.04921,4.232,4.32766,4.20912,4.11427,4.26528,4.16334,4.1958,4.19253,4.23708,4.22088,4.29284,4.24503,4.26703,4.29508,4.07826,4.18756,4.10886,4.22005,4.15897,4.27351,4.3797,4.23755,4.03248,4.26099,4.21031,4.3243,4.16044,4.10578,4.42701,4.23029,4.27929,4.27319,4.17411,4.22864,4.32762,4.28319,4.13733,4.28828,4.0911,4.26991,4.10592,4.16201,4.17538,4.23881,4.32946,4.12863,4.10532,4.33559,4.16767,4.24722,4.14557,4.10214,4.22297,4.05742,4.19306,4.17306,4.1524,4.23221,4.36094
4.22075,4.31413,4.16097,4.15701,4.21863,4.26072,4.16505,4.1022,4.29737,4.46801,4.14561,4.17812,4.30579,4.11723,4.25911,4.23915,4.12248,4.15925,4.18879,4.12706,4.23845,4.24645,4.1138,4.37875,4.35242,4.10605,4.11408,4.24919,4.19624,4.2629,4.32926,4.2942,4.03265,4.25228,4.27318,4.22789,4.28379,4.2888,4.25935,4.34186,4.01,4.22929,4.36034,4.25431,4.16168,4.17788,4.18953,4.16979,4.2142,4.23225,4.22999,4.30077,4.21923,4.28072,4.25868,4.08368,4.25549,4.0801,4.23479,4.0929,4.25113,4.33637,4.26487,3.99243,4.3164,4.2594,4.35076,4.17549,4.14066,4.37638,4.20862,4.2759,4.21334,4.1606,4.26115,4.39845,4.26326,4.16619,4.30434,4.02795,4.22618,4.16979,4.12938,4.10358,4.20267,4.3031,4.14953,4.15124,4.41557,4.18857,4.25588,4.12314,4.05533,4.23861,4.05524,4.22607,4.15784,4.16501,4.23706,4.31544
4.24889,4.30305,4.16555,4.25032,4.1392,4.26803,4.14816,4.13086,4.1992,4.42791,4.08743,4.21222,4.2598,4.2158,4.31042,4.26974,4.14095,4.1978,4.24196,4.15166,4.29525,4.18419,4.17343,4.37305,4.35903,4.07599,4.08414,4.29497,4.14826,4.27926,4.34256,4.23768,4.08233,4.18222,4.30663,4.2639,4.26098,4.25309,4.24451,4.36316,3.98152,4.14867,4.28216,4.21294,4.25417,4.21282,4.23576,4.21902,4.18955,4.17198,4.2093,4.19554,4.24522,4.27564,4.28809,4.13487,4.23261,4.0705,4.1963,4.08469,4.21237,4.30987,4.23664,3.94022,4.28324,4.3187,4.31818,4.20841,4.11319,4.335,4.16556,4.31921,4.1863,4.12841,4.16417,4.39052,4.20679,4.2143,4.31716,4.04408,4.17792,4.14182,4.1451,4.14009,4.25591,4.30093,4.11312,4.08839,4.39016,4.17137,4.28545,4.12696,4.0311,4.21071,4.08869,4.24597,4.20344,4.16367,4.20847,4.36255
4.31603,4.2671,4.25165,4.21744,4.16437,4.21561,4.14407,4.19319,4.21031,4.33869,4.15707,4.19821,4.24574,4.24969,4.21362,4.33169,4.08708,4.20307,4.19151,4.13279,4.26494,4.12591,4.16457,4.31594,4.33204,4.00868,4.08743,4.269,4.17132,4.24121,4.27867,4.22522,4.06167,4.19348,4.38073,4.28416,4.2691,4.19424,4.2005,4.22873,4.06999,4.12564,4.31039,4.14572,4.20673,4.21738,4.2412,4.20658,4.11207,4.11235,4.22736,4.30268,4.30629,4.18331,4.31532,4.13959,4.2266,4.16728,4.20565,4.09068,4.23039,4.37618,4.20532,4.02074,4.21652,4.30054,4.26643,4.16159,4.1115,4.36901,4.1495,4.28349,4.22106,4.17452,4.15746,4.33934,4.18478,4.21358,4.32688,4.02823,4.15633,4.13974,4.17814,4.18892,4.2488,4.26677,4.0833,4.1411,4.37546,4.12874,4.32509,4.13074,4.0299,4.23195,4.11504,4.27911,4.25461,4.18716,4.20468,4.40358
4.28379,4.21293,4.24422,4.20653,4.17584,4.22208,4.15529,4.12432,4.17405,4.27413,4.11311,4.24582,4.19988,4.34567,4.25267,4.17169,4.12602,4.25599,4.15412,4.10382,4.24011,4.11665,4.15826,4.35067,4.31416,4.00452,4.1185,4.25453,4.13571,4.20382,4.32571,4.24657,4.10377,4.2338,4.28088,4.23004,4.26657,4.10002,4.18421,4.20487,4.08742,4.16969,4.26607,4.28609,4.15838,4.08084,4.13256,4.2329,4.13945,4.13313,4.16117,4.25933,4.30155,4.17012,4.30069,4.09509,4.18981,4.1681,4.19106,4.14953,4.17133,4.2812,4.26874,4.01628,4.21555,4.17859,4.24316,4.16012,4.14458,4.38624,4.1531,4.2191,4.27073,4.17332,4.11167,4.3191,4.22411,4.15655,4.24973,3.99197,4.14607,4.073,4.15795,4.17258,4.26082,4.27575,4.14482,4.12743,4.31042,4.13929,4.28483,4.12333,4.10468,4.16664,4.10835,4.31248,4.27643,4.20497,4.19861,4.43648
4.27337,4.1505,4.17295,4.1828,4.20034,4.26794,4.20545,4.21707,4.2299,4.255,4.09596,4.11294,4.24126,4.30251,4.15705,4.1705,4.18319,4.25651,4.12748,4.1155,4.21025,4.11001,4.1368,4.36899,4.20863,4.02721,4.12282,4.16697,4.10309,4.20677,4.31267,4.19009,4.14396,4.24114,4.33048,4.18102,4.2849,4.15195,4.18981,4.2465,4.15104,4.15974,4.22423,4.20139,4.20323,4.16587,4.17211,4.23218,4.20985,4.13514,4.15007,4.25604,4.32788,4.16976,4.29866,4.07049,4.15675,4.1879,4.23952,4.15215,4.14539,4.2509,4.21014,4.04986,4.22768,4.16434,4.22871,4.15031,4.13106,4.41228,4.10438,4.22411,4.3194,4.19459,4.10004,4.26919,4.26214,4.10013,4.28241,4.03107,4.15327,4.01172,4.2207,4.18223,4.32576,4.23928,4.0674,4.16589,4.2262,4.19309,4.272,4.08088,4.18911,4.16294,4.12361,4.27113,4.28746,4.23274,4.21232,4.36677
4.23294,4.03595,4.09584,4.19808,4.11311,4.25325,4.22919,4.1476,4.13611,4.23171,4.10661,4.12884,4.19009,4.32557,4.12232,4.19168,4.12701,4.33035,4.16001,4.09487,4.27733,4.14077,4.13351,4.32055,4.29046,4.06532,4.09288,4.10029,4.1457,4.18597,4.28187,4.17717,4.15889,4.24585,4.35003,4.19775,4.31064,4.13777,4.19914,4.27975,4.20862,4.06712,4.21147,4.19178,4.19037,4.23524,4.19309,4.2488,4.22981,4.14126,4.15078,4.15415,4.27941,4.27476,4.30075,4.04591,4.19698,4.15892,4.2521,4.16695,4.12192,4.2249,4.20318,4.00748,4.20677,4.09878,4.2009,4.21082,4.1968,4.33946,4.02682,4.21086,4.35589,4.15255,4.08209,4.26403,4.1591,4.05892,4.30143,4.04281,4.12662,3.99331,4.14138,4.22969,4.24788,4.31046,4.06549,4.13543,4.26865,4.21522,4.25331,4.10007,4.13104,4.14141,4.03814,4.22458,4.26,4.23365,4.22163,4.32745
4.29437,4.16678,4.07739,4.15327,4.09869,4.25011,4.20164,4.22599,4.16244,4.29198,4.14534,4.16141,4.20829,4.31508,4.176,4.09363,4.16809,4.33012,4.1849,4.14631,4.2953,4.14781,4.15629,4.3618,4.2514,4.10723,4.12722,4.11252,4.16997,4.13179,4.34144,4.18082,4.16852,4.24326,4.35509,4.21953,4.26589,4.04247,4.19495,4.16366,4.13594,4.01113,4.24569,4.21508,4.19846,4.11556,4.20579,4.25332,4.15732,4.18329,4.1249,4.14061,4.26819,4.2275,4.25789,4.10773,4.15062,4.11937,4.18597,4.17955,4.13135,4.14973,4.20655,4.08573,4.20731,4.16697,4.19642,4.1976,4.21931,4.34414,4.04572,4.23109,4.2258,4.07262,4.08853,4.28544,4.13141,4.05504,4.2901,4.00681,4.05795,4.00571,4.19052,4.27872,4.23485,4.28071,4.0977,4.18675,4.28597,4.22356,4.27784,4.04654,4.10868,4.19985,4.09191,4.21118,4.37562,4.1889,4.18578,4.33894
4.31968,4.14696,4.17022,4.22752,4.16594,4.28093,4.20855,4.22193,4.1669,4.26168,4.16473,4.12979,4.25708,4.33648,4.13013,4.12072,4.18134,4.32515,4.21379,4.12247,4.22456,4.20726,4.11447,4.33044,4.26966,4.10773,4.12463,4.12477,4.15472,4.12886,4.27759,4.21178,4.09484,4.24265,4.35108,4.2132,4.19289,4.03493,4.17498,4.16855,4.16853,4.12627,4.26928,4.25053,4.1689,4.07291,4.21685,4.29662,4.1196,4.18445,4.12201,4.16446,4.21168,4.20487,4.3488,4.15222,4.13595,4.09423,4.20398,4.14979,4.02651,4.15792,4.22601,4.08871,4.25709,4.1614,4.28772,4.14245,4.16529,4.31762,4.10904,4.10579,4.21855,4.10853,4.08914,4.20465,4.15051,4.04333,4.27825,4.11957,4.05238,3.95962,4.24421,4.26567,4.1998,4.24647,4.13399,4.24867,4.27064,4.2094,4.26871,4.07333,4.02227,4.22709,4.10613,4.18464,4.30329,4.16536,4.23729,4.39197
4.3529,4.14269,4.16024,4.1301,4.26973,4.26895,4.20277,4.14906,4.19824,4.18904,4.14825,4.12854,4.25814,4.28978,4.15775,4.16515,4.20522,4.30408,4.14932,4.16362,4.1872,4.23263,4.13421,4.36378,4.24692,4.12365,4.13482,4.0931,4.18834,4.07959,4.25348,4.19844,4.03376,4.22512,4.29332,4.23586,4.16707,3.99134,4.13912,4.14166,4.22545,4.1544,4.25763,4.25111,4.21296,4.04325,4.23405,4.28684,4.07846,4.26796,4.15685,4.1492,4.15103,4.17825,4.39719,4.10229,4.14386,4.05447,4.21911,4.18379,4.0133,4.13863,4.22552,4.04325,4.24829,4.13651,4.24448,4.17424,4.15684,4.28179,4.14613,4.10214,4.19408,4.19335,4.16107,4.17439,4.02737,4.11498,4.25089,4.08868,4.01977,3.95393,4.19941,4.25377,4.24492,4.25568,4.15034,4.14606,4.26445,4.31383,4.24845,4.04028,4.03192,4.24383,4.0872,4.20003,4.27931,4.18964,4.19294,4.27698
4.33955,4.14005,4.1414,4.05212,4.2231,4.2322,4.14792,4.26005,4.21249,4.20411,4.0859,4.09333,4.24703,4.27894,4.13699,4.1944,4.17226,4.29366,4.18122,4.21074,4.13324,4.19842,4.11696,4.25743,4.21939,4.09456,4.09712,4.16099,4.13615,4.08023,4.26461,4.15885,4.12618,4.13484,4.29165,4.18451,4.15629,4.04375,4.17208,4.15676,4.25449,4.1707,4.25717,4.25389,4.18623,4.05532,4.20371,4.2195,4.14704,4.28566,4.18815,4.08009,4.13951,4.1687,4.2858,4.02963,4.11521,4.09079,4.18342,4.16901,4.07581,4.16681,4.18245,4.08862,4.27215,4.1663,4.22269,4.12535,4.18612,4.31703,4.08899,4.13755,4.20287,4.23653,4.16834,4.17084,4.0771,4.06062,4.19025,4.12266,4.01974,3.99244,4.15721,4.2254,4.28661,4.21365,4.15867,4.12677,4.21708,4.29539,4.17811,4.05821,4.03462,4.21713,4.10976,4.16944,4.33028,4.16574,4.21891,4.307
4.3129,4.09046,4.11762,4.06781,4.13734,4.2679,4.15327,4.15454,4.19629,4.19592,4.12472,4.12357,4.22388,4.22338,4.14563,4.1505,4.26267,4.27596,4.13241,4.15655,4.1721,4.13939,4.16544,4.27844,4.22133,4.05656,4.15167,4.20299,4.16639,4.06994,4.19105,4.09325,4.06983,4.20597,4.25915,4.20455,4.14064,4.0545,4.13161,4.16627,4.24646,4.16306,4.31708,4.18398,4.13373,4.07368,4.20982,4.20383,4.16397,4.23148,4.14306,4.09727,4.12878,4.1976,4.24347,4.07123,4.12726,4.04455,4.16729,4.24372,4.05309,4.16008,4.23385,4.13233,4.21856,4.19429,4.24239,4.1433,4.17688,4.24262,4.0852,4.1406,4.20987,4.30204,4.2153,4.2182,4.11669,4.07386,4.16676,4.13652,3.94134,4.09113,4.1953,4.23157,4.27846,4.23089,4.11804,4.11932,4.15763,4.24973,4.15207,4.03638,4.11573,4.19296,4.04209,4.17783,4.34667,4.10434,4.13674,4.23403
4.28351,4.08692,4.17196,4.08682,4.13858,4.25133,4.14895,4.1634,4.17347,4.15782,4.15947,4.1773,4.20966,4.20808,4.13126,4.22368,4.24441,4.29281,4.16052,4.24139,4.10067,4.15981,4.15054,4.24364,4.20252,4.08237,4.10618,4.21105,4.19658,4.02801,4.28208,4.07893,4.09867,4.18658,4.31728,4.23485,4.17236,4.06508,4.15964,4.19729,4.19982,4.1676,4.3096,4.1128,4.11464,3.98513,4.19768,4.13995,4.20677,4.14492,4.09588,4.09084,4.15,4.12989,4.29004,4.07065,4.13283,4.05584,4.13141,4.15449,3.99505,4.16283,4.19968,4.11095,4.118,4.14262,4.15169,4.15069,4.1663,4.27821,4.0662,4.16333,4.18171,4.34734,4.16563,4.27151,4.10769,4.083,4.16237,4.13073,3.95249,3.99613,4.12346,4.28242,4.25159,4.20601,4.19475,4.12241,4.16052,4.22537,4.13272,3.97565,4.13669,4.19314,4.05319,4.20537,4.41725,4.15882,4.08634,4.29229
4.22899,4.0242,4.08859,4.05238,4.18562,4.1446,4.17891,4.19018,4.26116,4.14192,4.17741,4.12217,4.18228,4.13428,4.03318,4.13951,4.22183,4.31237,4.05805,4.2016,4.14338,4.16017,4.18614,4.3502,4.20416,4.07444,4.09557,4.12187,4.23692,4.05155,4.27694,4.05087,4.1331,4.20357,4.31458,4.24289,4.15488,4.15053,4.17232,4.18676,4.18342,4.1907,4.27935,4.08902,4.09831,4.00029,4.22888,4.14396,4.22153,4.17012,4.0134,4.07176,4.11904,4.13453,4.27206,4.06902,4.16736,4.10979,4.10751,4.16037,3.93259,4.14622,4.10867,4.15928,4.13918,4.16146,4.20101,4.13445,4.15167,4.21945,4.0724,4.19752,4.16542,4.37205,4.18178,4.26509,4.06162,4.04887,4.13536,4.11318,4.0207,3.99474,4.07316,4.26157,4.12395,4.20052,4.12968,4.10387,4.13142,4.18667,4.0722,4.00967,4.16977,4.14468,4.06173,4.24559,4.37201,4.19061,4.06748,4.17401
4.24242,4.03989,4.01168,4.01632,4.13727,4.13689,4.11707,4.21692,4.24127,4.07211,4.18246,4.12109,4.21436,4.08649,4.03554,4.15902,4.33229,4.30799,4.07018,4.18516,4.15659,4.117,4.15328,4.30014,4.15375,4.10149,4.14989,4.11351,4.24751,4.06263,4.27167,4.09479,4.11652,4.17486,4.31043,4.28033,4.14033,4.0989,4.1319,4.21318,4.22504,4.18905,4.26898,4.06682,4.09131,4.04705,4.21855,4.16421,4.1275,4.1957,4.11868,4.15708,4.1019,4.13115,4.26823,4.06177,4.10759,4.05752,4.11715,4.19908,3.95285,4.14683,4.14942,4.17826,4.16641,4.07611,4.129,4.19125,4.12238,4.14928,4.10908,4.15797,4.18697,4.33912,4.19814,4.26882,4.08282,4.08395,4.12748,4.15481,4.04348,4.12295,4.10549,4.23858,4.10938,4.20572,4.10922,4.02105,4.14714,4.13931,4.09711,4.05033,4.09682,4.13131,4.09531,4.23712,4.30693,4.21911,4.07553,4.08692
4.15042,4.09251,4.09571,4.01766,4.08787,4.05124,4.23957,4.20024,4.33381,4.05278,4.13847,4.08761,4.20238,4.08322,4.12732,4.17354,4.29227,4.28577,4.11937,4.19927,4.14696,4.10515,4.14014,4.38785,4.16868,4.13356,4.22374,4.0902,4.16881,4.04863,4.2053,4.08996,4.16042,4.17112,4.35147,4.26036,4.11065,4.07792,4.12846,4.28663,4.26405,4.24178,4.23276,4.13233,4.12095,4.05743,4.16618,4.22051,4.03656,4.25375,4.15942,4.12632,4.08926,4.16471,4.2439,4.1124,4.11155,4.03401,4.21685,4.17167,3.99497,4.10951,4.1487,4.19006,4.11934,4.11885,4.1217,4.1729,4.135,4.11724,4.09277,4.09177,4.18692,4.26106,4.17406,4.25333,4.09255,4.10076,4.07929,4.19801,4.0867,4.14758,4.02274,4.19932,4.09707,4.17597,4.05157,4.0137,4.15631,4.16185,4.02933,4.05053,4.11981,4.11902,4.09958,4.26377,4.29584,4.16132,4.04068,4.11271
4.15759,4.06701,4.08947,4.09272,4.09101,4.10917,4.20624,4.1295,4.27322,4.1065,4.1791,4.12869,4.16593,4.13473,4.17328,4.23549,4.27098,4.19867,4.12856,4.1525,4.1516,4.08843,4.14853,4.35287,4.17256,4.04769,4.21435,4.06887,4.14282,4.0166,4.18635,4.05722,4.13426,4.11615,4.2811,4.13879,4.13268,4.0738,4.13177,4.27422,4.25535,4.23138,4.13309,4.1146,4.05758,4.11811,4.17494,4.12218,4.07001,4.24157,4.20636,4.16365,4.11483,4.11955,4.23409,4.04658,4.09044,4.07999,4.27159,4.17881,4.04158,4.07786,4.09699,4.16434,4.13666,4.11281,4.11416,4.11444,4.17294,4.18385,4.07957,4.04842,4.14022,4.25999,4.18487,4.20944,4.08553,4.06705,4.11275,4.18127,4.12981,4.17835,4.05996,4.14191,4.1578,4.15426,4.06809,4.13861,4.20495,4.12865,4.00917,4.03486,4.15632,4.08355,4.14043,4.26911,4.28743,4.22807,4.01773,4.10065
4.14303,4.12638,4.14019,4.10709,4.08549,4.01149,4.24302,4.14467,4.261,4.06532,4.21019,4.14057,4.26416,4.2123,4.1661,4.18204,4.2531,4.23167,4.10788,4.23879,4.13728,4.07901,4.14867,4.32406,4.07104,4.00842,4.2366,4.02072,4.15023,4.0631,4.16589,4.0448,4.18102,4.11975,4.3264,4.16567,4.09975,4.10471,4.16063,4.26405,4.29304,4.28206,4.15808,4.08165,4.12535,4.13267,4.22787,4.09547,4.01445,4.26078,4.17499,4.09238,4.11766,4.18845,4.20047,3.99667,4.17,4.0452,4.32151,4.15231,4.09568,4.06621,4.07425,4.15402,4.13561,4.13667,4.19787,4.11953,4.03479,4.0926,4.0145,4.05363,4.14353,4.27302,4.15687,4.15386,4.14347,4.11706,4.13296,4.1915,4.14958,4.16557,4.091,4.1241,4.15392,4.16181,4.08773,4.14323,4.16853,4.13798,4.1103,4.05466,4.09495,4.13512,4.11328,4.28695,4.32998,4.2131,4.01434,4.14317
4.08017,4.1208,4.21831,4.10587,4.07975,4.02867,4.18376,4.13964,4.22392,4.06129,4.17058,4.0919,4.18081,4.18154,4.12571,4.1687,4.17841,4.25346,4.10271,4.206,4.12078,4.1213,4.09962,4.32627,4.12103,4.05366,4.18378,4.07134,4.11108,4.06897,4.07201,4.01626,4.21038,4.0278,4.22947,4.21236,4.07161,4.16803,4.15621,4.19076,4.17956,4.21346,4.10174,4.11279,4.12376,4.1047,4.27543,4.05606,4.02846,4.15071,4.19615,4.09388,4.0977,4.16026,4.18387,3.97538,4.14403,4.12384,4.25079,4.17762,4.03179,4.06248,4.06466,4.08974,4.14121,4.21015,4.20068,4.14788,4.06645,4.11023,4.02878,4.02917,4.18982,4.29057,4.06575,4.14479,4.0862,4.04847,4.11081,4.19547,4.1847,4.12926,4.12501,4.13896,4.18155,4.13682,4.0685,4.14578,4.16251,4.21894,4.07461,4.04731,4.15605,4.071,4.06672,4.17696,4.30856,4.207,4.10209,4.17227
4.09185,4.13147,4.18147,4.16819,4.1366,4.02821,4.19172,4.08884,4.15883,4.04287,4.20429,4.17316,4.15186,4.1811,4.06951,4.12207,4.19692,4.25822,4.04558,4.26041,4.14644,4.09946,4.07997,4.30901,4.11127,4.02255,4.14054,4.08543,4.0801,4.08521,4.10404,3.95541,4.17274,4.05376,4.16021,4.23975,4.05417,4.18006,4.13423,4.12086,4.1658,4.10719,4.04335,4.07919,4.16792,4.08906,4.24546,4.06174,3.96809,4.14481,4.1124,4.15419,4.11858,4.21718,4.28153,3.98448,4.10242,4.09079,4.16735,4.16953,4.02439,4.05772,4.06827,4.09158,4.13996,4.23337,4.20316,4.08926,4.10893,4.05949,4.05462,4.00028,4.20525,4.29698,4.07967,4.16161,4.13821,4.08988,4.11538,4.21601,4.24643,4.16528,4.2086,4.12703,4.12153,4.09378,4.11595,4.18726,4.13866,4.12877,4.09445,4.04853,4.14945,4.07992,4.12511,4.19751,4.29656,4.16773,4.11055,4.19512
4.06301,4.14689,4.21754,4.13856,4.13982,4.02015,4.18365,4.08011,4.20412,4.00389,4.21788,4.16653,4.17809,4.13371,4.09016,4.12892,4.10135,4.26941,4.04017,4.31138,4.16692,4.11323,4.1034,4.2738,4.2179,4.06116,4.13111,4.08159,4.11335,4.07459,4.05853,3.98713,4.17065,4.02307,4.1729,4.26744,4.02928,4.14993,4.04281,4.12184,4.20946,4.04856,4.06528,4.1129,4.18108,4.00552,4.26964,4.10119,4.03017,4.17619,4.11315,4.15075,4.11629,4.28493,4.22358,3.97113,4.16868,4.06726,4.16696,4.14269,4.0271,4.09584,4.10975,4.12634,4.1563,4.20518,4.23281,4.06633,4.12744,4.11648,4.06918,4.03965,4.17179,4.25458,4.12369,4.1833,4.16302,4.09804,4.1537,4.22816,4.21912,4.14158,4.18613,4.08039,4.08464,4.14202,4.16177,4.15981,4.07821,4.09498,4.09799,4.05234,4.17953,4.12181,4.15038,4.17474,4.22637,4.17003,4.08348,4.25285
4.07366,4.19592,4.20398,4.10444,4.11478,4.01788,4.16748,4.01671,4.23271,4.0039,4.12787,4.17108,4.17963,4.16134,4.10017,4.10927,4.03973,4.2272,4.11746,4.33133,4.19512,4.11815,4.16857,4.2116,4.23784,4.05634,4.2391,4.08059,4.13664,4.02534,4.00159,3.9983,4.14724,4.05561,4.12108,4.23518,4.05597,4.18557,4.06701,4.07382,4.13037,4.07552,4.08437,4.15704,4.12847,3.93861,4.27978,4.07022,4.09605,4.13423,4.11109,4.12187,4.05472,4.293,4.15597,3.98015,4.09613,4.03376,4.11028,4.12722,4.08849,4.16615,4.10955,4.13557,4.15517,4.18195,4.17885,4.14795,4.19268,4.09356,4.08347,4.05995,4.14405,4.32172,4.14034,4.18904,4.14185,4.07964,4.24965,4.21832,4.22325,4.1369,4.18893,4.02085,4.05728,4.14882,4.11403,4.08314,4.02699,4.09159,4.09811,4.02658,4.20785,4.17887,4.12613,4.22476,4.17623,4.13368,4.10812,4.23356
4.0736,4.15886,4.12978,4.10321,4.1385,4.03895,4.11924,4.04792,4.22382,3.93713,4.08567,4.21145,4.08581,4.0862,4.11805,4.20599,4.04849,4.25244,4.12998,4.34481,4.2362,4.1519,4.17522,4.25453,4.20714,4.03439,4.24497,4.11389,4.09481,4.10551,4.06662,3.96745,4.22482,4.04619,4.05055,4.27909,4.04487,4.18187,4.06002,4.06334,4.12335,4.11376,4.04643,4.11482,4.07108,3.91352,4.24306,4.11203,4.03699,4.06686,4.10995,4.08442,3.97502,4.26834,4.14945,4.00037,4.10195,4.03199,4.0598,4.18156,4.11455,4.13323,4.07612,4.11202,4.16795,4.18862,4.18189,4.11819,4.19171,4.12947,4.16784,4.07417,4.05559,4.3537,4.17552,4.22119,4.14905,4.13816,4.17706,4.31412,4.18891,4.15811,4.15481,4.0692,4.08581,4.16409,4.17769,4.09052,4.05699,4.08077,4.13979,4.12459,4.16465,4.22268,4.1702,4.23298,4.18499,4.19562,4.08279,4.27307
4.05055,4.17849,4.15535,4.14351,4.13475,3.97385,4.07881,4.02865,4.23132,3.96968,4.0628,4.27788,4.10008,4.11461,4.15865,4.1763,4.06263,4.31667,4.11557,4.29896,4.15257,4.16873,4.15383,4.19274,4.08617,4.004,4.16343,4.13126,4.07043,4.09255,4.06969,3.94846,4.18397,4.1277,4.04053,4.23771,4.06529,4.25367,4.11745,4.07924,4.16549,4.15717,4.00052,4.15098,4.08448,3.94225,4.21334,4.08781,4.03204,4.08788,4.13258,4.09055,3.96389,4.24707,4.06791,4.03127,4.10864,4.0724,4.04399,4.19479,4.12496,4.1723,4.05611,4.11476,4.18349,4.18609,4.19108,4.11015,4.13231,4.15441,4.17253,4.12664,4.0756,4.40534,4.12477,4.19002,4.11024,4.02239,4.19236,4.24417,4.22783,4.17423,4.21678,4.06941,4.09015,4.12904,4.10359,4.1502,4.01716,4.14503,4.19246,4.11775,4.16398,4.26144,4.19635,4.21386,4.18718,4.16826,4.09745,4.25255
4.02463,4.16732,4.105,4.12657,4.15496,4.01589,4.02488,4.05339,4.22653,3.90531,4.07922,4.26568,4.07852,4.10008,4.23253,4.22191,4.07344,4.30265,4.12019,4.33468,4.07938,4.11325,4.12691,4.18575,4.07921,3.98804,4.17953,4.03381,4.06238,4.00535,4.04751,4.00763,4.16161,4.0884,3.92402,4.17577,4.07947,4.22351,4.11297,4.08519,4.19401,4.14006,4.05643,4.18846,4.0087,3.94403,4.24395,4.02702,4.06305,4.09276,4.11871,4.06207,3.96633,4.21722,4.02314,3.9924,4.15121,4.0969,4.10593,4.17186,4.08429,4.14704,4.12697,4.08056,4.11384,4.19366,4.20769,4.0733,4.12039,4.15114,4.19577,4.09457,4.09507,4.31149,4.17868,4.1299,4.09653,4.06446,4.19847,4.20733,4.21868,4.13395,4.186,4.13637,4.12437,4.17421,4.12532,4.17233,3.97651,4.11977,4.1994,4.16676,4.14803,4.22552,4.15392,4.14219,4.20473,4.20475,4.17379,4.17695
4.03851,4.09655,4.14436,4.10132,4.19406,4.00323,4.03295,4.11348,4.13147,3.9535,4.09627,4.25075,4.05976,4.11504,4.26967,4.17583,4.06967,4.2973,4.07789,4.30999,4.12684,4.10759,4.19628,4.24574,4.08441,3.97368,4.17137,4.02984,4.11673,4.01392,4.11317,4.05159,4.21117,4.11441,3.9286,4.13747,4.13703,4.28623,4.14416,4.07243,4.22602,4.18855,4.07201,4.14532,4.03873,4.00286,4.19394,4.05409,4.13728,4.11875,4.11182,4.05617,3.97173,4.25338,4.07671,3.99426,4.20937,4.17691,4.10964,4.14494,4.16541,4.22593,4.13586,4.08879,4.18894,4.21975,4.18916,4.103,4.09982,4.16291,4.16924,4.05166,4.15175,4.28741,4.17472,4.1762,4.1233,4.03143,4.21357,4.21066,4.13695,4.14386,4.18917,4.10431,4.14729,4.11085,4.09617,4.17687,3.96589,4.11568,4.19254,4.17846,4.08542,4.17378,4.16385,4.10058,4.21946,4.10637,4.1612,4.19111
4.10314,4.1261,4.12493,4.09175,4.16066,3.9943,4.00583,4.12109,4.16388,3.96071,4.15048,4.2023,4.04859,4.08209,4.22624,4.22577,4.06008,4.24146,4.10672,4.28037,4.12781,4.00294,4.20968,4.32547,4.07048,3.95265,4.13642,4.01561,4.20316,4.00238,4.1222,4.08884,4.15636,4.13884,3.95314,4.10563,4.17617,4.23149,4.16968,4.10415,4.18187,4.19784,4.06559,4.05272,4.06875,3.95728,4.24047,4.07182,4.14555,4.09234,4.1374,4.08792,4.0381,4.25624,4.14184,3.97751,4.16253,4.19386,4.13097,4.13547,4.17377,4.14956,4.10738,4.11932,4.17098,4.16801,4.16024,4.169,4.13672,4.18047,4.12749,4.09692,4.07664,4.32864,4.13969,4.14805,4.20341,4.10867,4.16487,4.26455,4.1003,4.16191,4.17913,4.06502,4.22467,4.05894,4.10414,4.21187,4.03216,4.06842,4.14048,4.24322,4.1035,4.16435,4.13563,4.12657,4.17375,4.16341,4.19148,4.1812
4.03283,4.02071,4.17964,4.08199,4.17424,3.978,4.05155,4.14165,4.06091,4.02304,4.11079,4.19808,4.05844,4.10618,4.16345,4.20702,3.98672,4.10734,4.12231,4.2428,4.09582,3.98452,4.15834,4.26695,4.09659,3.99057,4.1213,4.02477,4.18118,3.96381,4.11115,4.08172,4.10987,4.09878,3.9437,4.07652,4.17808,4.24301,4.16578,4.08576,4.14505,4.12494,4.11525,4.1139,4.07334,4.07216,4.27725,4.05253,4.10914,4.14852,4.0897,4.0389,4.07265,4.19533,4.03555,3.98442,4.18394,4.20089,4.15023,4.10689,4.1561,4.13426,4.12461,4.17227,4.17097,4.10582,4.08485,4.21615,4.13895,4.19582,4.18049,4.06313,3.98174,4.27746,4.04643,4.2094,4.23911,4.0662,4.1714,4.17842,4.1079,4.1079,4.24513,4.0728,4.26002,4.06417,4.1193,4.13941,4.05695,4.07366,4.14274,4.28643,4.11326,4.15885,4.1875,4.18239,4.07814,4.12996,4.18947,4.16977
4.04228,4.06821,4.14739,4.11498,4.1668,3.99458,3.99283,4.06998,4.07795,4.10096,4.09048,4.15611,4.02692,4.07184,4.12714,4.24847,3.95144,4.11339,4.04752,4.17731,4.04097,4.04969,4.18265,4.16489,4.08045,3.98308,4.11669,4.03297,4.15199,3.92391,4.05476,4.0758,4.02743,4.05746,3.8938,4.07949,4.15856,4.18967,4.12555,4.10595,4.11599,4.13483,4.0826,4.11584,4.03555,4.02237,4.25333,4.07417,4.0693,4.07201,4.12643,4.00584,4.08633,4.12993,4.05883,3.99905,4.16753,4.12791,4.20023,4.06688,4.14566,4.16807,4.17667,4.13001,4.15683,4.0559,4.19233,4.20236,4.13254,4.14989,4.16955,4.09854,3.9904,4.24074,4.15216,4.1583,4.22296,3.99746,4.1322,4.14367,4.03667,4.12926,4.22331,4.10481,4.18743,4.04724,4.14671,4.08544,4.11372,4.07861,4.03366,4.23194,4.07418,4.12389,4.22058,4.18711,3.97703,4.11214,4.15164,4.17481
4.0825,4.0519,4.13716,4.17897,4.16653,4.01491,4.00713,4.05524,4.07927,4.08808,4.09555,4.18307,4.02369,4.00045,4.13271,4.1343,3.92758,4.1276,4.11949,4.16707,4.03541,4.02196,4.14923,4.18399,4.05712,3.96298,4.07746,3.99218,4.12671,3.91882,4.01471,4.04625,4.02921,4.02022,3.92215,4.02382,4.15051,4.10428,4.07588,4.19049,4.05119,4.13484,4.08373,4.12252,4.02382,4.01037,4.19601,4.07626,4.05675,4.08163,4.12477,4.01813,4.10588,4.06431,4.12575,3.99382,4.16303,4.11202,4.20006,4.02168,4.0884,4.08728,4.1427,4.15381,4.1239,3.95759,4.16234,4.17455,4.12585,4.09699,4.23912,4.11485,3.97819,4.19774,4.12391,4.23398,4.20437,4.02233,4.16845,4.1627,4.0606,4.15615,4.15178,4.19013,4.10507,4.0831,4.02716,4.1291,4.1173,4.04561,4.02352,4.26409,4.13707,4.12995,4.25575,4.09533,3.98524,4.07923,4.21643,4.16687
4.07275,3.98286,4.09738,4.08402,4.2201,4.08897,4.0494,4.0451,4.10335,4.09142,4.00848,4.13895,4.03807,4.05103,4.17992,4.14663,3.89143,4.08888,4.12082,4.15822,4.00322,4.05084,4.23362,4.14913,4.05044,3.95447,4.10781,3.99297,4.20605,3.97079,4.05075,4.09549,4.01812,4.02336,3.958,4.06839,4.12936,4.10742,4.1069,4.09855,4.06141,4.09432,4.04557,4.09988,4.06967,3.97409,4.23432,4.0449,4.07037,4.03716,4.18987,4.04723,4.04072,4.08747,4.08608,4.03536,4.12449,4.03809,4.2037,3.97185,4.0961,4.08195,4.13755,4.14764,4.13362,3.87384,4.17765,4.25986,4.05493,4.07733,4.14912,4.14061,4.05802,4.14576,4.06278,4.16483,4.17897,4.00607,4.17101,4.20246,4.03312,4.16596,4.14697,4.18254,4.06702,4.11509,4.00292,4.10253,4.08085,3.996,4.02851,4.24106,4.24237,4.12688,4.1474,4.07738,3.98986,4.11417,4.22573,4.20883
4.09541,3.98924,4.08417,4.10835,4.2206,4.09888,4.03615,3.95563,4.10903,4.16095,4.03326,4.14096,4.0459,4.05563,4.17668,4.19514,3.85807,4.12328,4.1589,4.17047,3.98576,4.07044,4.11291,4.13035,4.03072,3.98486,4.10817,4.03133,4.20601,4.01931,3.96247,4.06591,3.99275,3.97987,3.98217,4.11901,4.16153,4.02285,4.14328,4.07874,4.08348,4.12606,3.98425,4.09542,4.05368,3.96115,4.32713,4.0528,4.01541,4.08329,4.14213,4.0235,4.03331,4.09,4.06838,4.02985,4.09417,3.98478,4.18878,4.03537,4.11506,4.01132,4.04131,4.11804,4.1356,3.88526,4.17188,4.2097,4.01377,4.12018,4.16104,4.1004,4.06953,4.1455,4.03215,4.05302,4.17404,3.95356,4.15511,4.2044,4.00908,4.09423,4.1193,4.04972,4.04557,4.08474,3.93547,4.08317,4.11711,4.04752,3.99106,4.28595,4.2078,4.14233,4.13176,4.10849,4.00225,4.10424,4.21319,4.1555
4.17519,3.97984,4.03819,4.04728,4.20497,4.17851,3.96799,3.9405,4.11936,4.1644,4.01214,4.12052,4.05362,4.09067,4.12971,4.14573,3.87914,4.11908,4.09993,4.16097,3.94848,4.0565,4.12491,4.12406,4.08101,3.92842,4.02845,3.943,4.2012,4.0151,3.94914,4.08083,3.94978,4.02493,3.88723,4.08364,4.17841,4.07342,4.13595,4.07808,4.09353,4.1291,3.97141,4.03707,4.06676,3.96138,4.25249,4.09256,4.02532,4.03243,4.13874,4.07137,4.10475,4.08162,4.11545,4.0604,4.05815,3.98421,4.13011,4.01223,4.12838,3.98451,3.99479,4.10556,4.06378,3.88201,4.08432,4.16764,3.9987,4.1148,4.08635,4.18494,4.05092,4.16177,4.01924,4.00766,4.17214,4.00938,4.14915,4.19737,3.9781,4.0264,4.09321,4.06257,3.99457,4.12491,3.94384,4.14505,4.11263,4.0971,4.08628,4.28502,4.23734,4.0717,4.10242,4.13,3.99471,4.08221,4.14243,4.19755
4.14055,4.0236,3.9911,4.0775,4.2247,4.23179,3.98868,3.95035,4.09972,4.21027,4.00826,4.17874,4.02381,4.13803,4.09766,4.1114,3.89983,4.17434,4.10888,4.22695,4.03358,4.1107,4.09843,4.08003,4.10409,3.91548,3.99143,3.95564,4.08027,4.12368,3.98529,4.08808,4.00715,4.04557,3.88017,4.07518,4.14345,4.06049,4.06451,4.14558,4.04732,4.11973,3.99714,4.03134,4.10221,3.94962,4.22997,4.06817,3.95952,4.05934,4.0818,4.11957,4.10657,4.07317,4.13853,4.16704,4.06616,4.04417,4.12958,4.06465,4.04239,4.05629,4.00583,4.06927,4.09691,3.94308,4.16944,4.19507,4.00778,4.07834,4.1219,4.17353,4.02063,4.19348,4.02006,3.99244,4.24803,4.0087,4.16715,4.15179,3.9756,3.98979,4.05924,4.12077,4.07608,4.1094,3.94319,4.10999,4.11459,4.02729,4.10201,4.24732,4.20616,4.14146,4.269,4.16728,3.99629,4.08019,4.17413,4.16834
4.14929,4.04066,3.94891,4.01845,4.15928,4.2411,4.01131,3.99541,4.06206,4.28921,4.02696,4.24095,4.01922,4.16746,4.09636,4.12107,3.90734,4.17194,4.03098,4.14556,3.97586,4.1177,4.07335,4.16629,4.08088,3.93549,4.01003,3.9284,4.09147,4.16842,3.9903,4.0338,4.01008,4.06837,3.89504,4.07396,4.18149,4.01437,4.06903,4.11759,3.96944,4.09402,4.01536,4.05143,4.17994,3.96158,4.21961,4.06925,4.02537,4.05686,4.14065,4.14855,4.10124,4.02725,4.21325,4.19335,4.09668,4.00477,4.11919,4.01675,4.10963,4.08375,4.02978,4.09108,4.05977,3.9288,4.11349,4.20607,3.94223,4.06421,4.16568,4.19832,4.00298,4.14104,4.02723,4.05358,4.2291,4.03779,4.21749,4.14298,4.04707,4.01024,4.07406,4.10163,4.03916,4.13391,3.9495,4.1498,4.12165,4.09372,4.0504,4.17219,4.13366,4.1276,4.18968,4.2107,4.01502,4.06321,4.23155,4.23343
4.09317,4.02484,3.95485,4.08285,4.19256,4.26708,4.03626,4.03389,4.0159,4.22198,4.05116,4.22453,4.0344,4.1413,4.1534,4.13321,3.95587,4.17912,3.95709,4.13916,3.89993,4.0988,4.05688,4.14135,4.14513,3.92802,4.0437,3.92391,4.10124,4.13467,3.80771,4.0561,4.09417,4.06214,3.94632,4.12381,4.18114,4.06538,4.00922,4.14186,3.98517,4.15402,4.01098,4.05644,4.11666,3.99876,4.23791,4.00842,4.03716,4.09112,4.10925,4.16988,4.09201,4.05734,4.23144,4.14836,4.06503,3.9842,4.17937,4.02311,4.09023,4.07764,4.08988,4.04317,4.12194,3.99131,4.10361,4.14492,3.93425,4.06212,4.1551,4.05654,4.0027,4.15422,4.03079,4.04332,4.21655,4.06392,4.18542,4.11799,4.05778,3.99467,4.0979,4.08718,4.03398,4.13464,4.00905,4.07577,4.12435,4.06739,4.12218,4.14679,4.13883,4.12469,4.10794,4.18175,4.01327,4.08581,4.26067,4.17122
4.18038,3.99713,3.93121,4.12688,4.20409,4.32805,3.97412,3.96638,4.03198,4.25896,4.06311,4.21237,4.01061,4.25315,4.09361,4.10596,3.96544,4.15592,3.9953,4.15498,3.90053,4.14754,4.03679,4.11715,4.11073,3.93866,4.09863,3.88368,4.10492,4.08131,3.8867,4.05351,4.04954,4.07559,3.94032,4.06366,4.16355,4.08735,4.00822,4.17119,3.91182,4.18058,4.06008,4.13181,4.09011,4.03178,4.25706,4.00231,3.99985,4.05047,4.0607,4.10334,4.16311,4.0469,4.19556,4.12266,3.97172,3.95743,4.12242,3.94509,4.08562,4.09332,4.09807,4.16277,4.14009,4.00034,4.09372,4.20533,3.90987,4.10202,4.1924,4.09331,3.99729,4.23211,3.99111,4.05978,4.27643,4.05409,4.12558,4.10006,4.09398,4.03881,4.11892,4.12148,3.98513,4.09746,4.09538,4.0782,4.16113,4.03742,4.04152,4.13253,4.12073,4.07573,4.10618,4.15101,4.01976,4.08258,4.30601,4.11403
4.11606,4.08174,3.90893,4.12144,4.16473,4.2347,3.94496,3.95476,3.98672,4.23804,4.19272,4.25124,4.0079,4.21649,4.15152,4.12806,3.97811,4.16928,3.96357,4.12156,3.98213,4.16153,4.07125,4.05722,4.20961,3.96143,4.06593,3.84867,4.04391,4.07665,3.89988,4.03412,4.03353,4.06029,3.87396,3.94755,4.19062,3.99352,3.98513,4.20278,3.9512,4.15272,4.06122,4.16843,4.00069,4.08925,4.20597,3.9961,4.02928,4.05674,3.96496,4.06671,4.17282,4.09527,4.20388,4.11597,3.89483,3.99582,4.1763,3.97956,4.0359,4.09092,4.07574,4.08268,4.06996,4.04486,4.01633,4.24318,3.93954,4.10925,4.14754,4.09181,4.00794,4.13716,4.0125,4.01007,4.19823,3.96364,4.07277,4.0622,4.04715,3.97242,4.10685,4.07224,4.03567,4.1245,4.16378,4.0319,4.03486,3.99485,3.91195,4.15508,4.09464,4.04516,4.05494,4.15318,3.96381,4.04291,4.28439,4.09408
4.07676,4.06006,3.95643,4.15525,4.11391,4.22748,3.91632,3.95307,3.95492,4.14584,4.21987,4.17017,3.96203,4.23458,4.09716,4.20466,3.98115,4.21614,3.94744,4.03875,3.97428,4.10058,4.1039,4.09962,4.20619,3.88284,4.07042,3.89119,4.07053,4.0972,3.97477,4.01115,4.03054,4.13157,3.94124,3.97127,4.08464,3.9946,3.97846,4.15394,3.96388,4.08992,4.0088,4.15198,4.04627,4.04216,4.17912,4.01714,4.03876,4.04479,4.00986,3.96256,4.15464,4.07031,4.17032,4.12249,3.97455,3.96937,4.18475,4.03086,4.05129,4.118,4.0988,4.04901,3.9653,4.01082,3.99828,4.19197,3.90721,4.10822,4.0848,4.16314,4.01104,4.12779,4.04712,3.9985,4.20309,3.97268,4.02448,4.06313,3.99652,4.01262,4.07251,4.06035,4.06738,4.08849,4.13422,4.03739,4.04746,4.01781,3.91052,4.1415,4.07943,3.99975,4.0827,4.07615,3.96246,4.06944,4.21779,4.07077
3.99983,4.1165,3.95091,4.12478,4.16028,4.16002,3.9904,3.9706,4.1031,4.09187,4.24907,4.15145,3.98086,4.25798,4.08852,4.23303,3.96126,4.21766,3.86837,4.03953,4.00058,4.07886,4.14228,4.07425,4.21667,3.90056,4.04307,3.90552,4.08874,4.12582,3.9403,3.97222,4.02039,4.12569,3.95021,3.9882,4.11458,4.02461,4.02676,4.15667,3.97099,4.04323,4.05884,4.1283,4.1134,4.06485,4.08375,4.04067,4.06851,4.05874,4.01319,3.94295,4.12561,4.07664,4.14696,4.10965,3.9834,3.93193,4.1666,3.9347,4.04199,4.07308,4.06478,4.04219,4.03067,4.02811,3.95798,4.15391,3.94802,4.10192,4.13885,4.10205,3.9897,4.03901,4.02881,4.00123,4.17489,3.9372,4.13925,4.03936,3.95226,4.05089,4.0144,4.09972,4.00196,4.02455,4.08515,4.04473,3.99204,4.03026,3.96127,4.11353,3.98821,4.01595,4.1058,4.09236,3.9612,4.17114,4.16138,4.11176
4.04036,4.06516,3.95685,4.11785,4.18209,4.12646,4.03384,3.87643,4.04696,4.07146,4.14247,4.14017,3.96136,4.18112,4.05003,4.25387,3.97426,4.19397,3.88736,4.02086,3.97572,4.11618,4.06867,4.0479,4.19425,3.87519,4.09317,3.94002,4.11256,4.07567,3.9138,3.93571,4.02387,4.06722,3.91986,4.04101,4.1086,4.00067,3.9846,4.1571,3.99229,4.04967,4.04433,4.12835,4.15001,4.1026,4.10627,4.01139,4.0907,4.00094,3.96769,3.91977,4.09669,4.08412,4.12337,4.12828,3.97647,4.00579,4.1642,3.99715,4.06425,4.04901,4.07675,4.04305,3.95771,4.02463,3.97751,4.14849,3.96045,4.03225,4.09236,4.12149,3.97346,4.00198,4.02329,3.9781,4.07601,3.91442,4.15181,4.14636,3.98787,4.04087,4.02338,4.13851,4.01147,4.14293,4.06502,4.04919,3.96392,4.04812,3.94632,4.13091,3.96682,4.02374,4.14151,4.08853,3.95504,4.13092,4.16007,4.08067
4.05384,4.05476,3.98088,4.11306,4.16242,4.07575,3.96607,3.92659,3.95302,4.07945,4.15693,4.1255,3.98916,4.21281,4.04619,4.23617,3.93289,4.24378,3.89625,4.05551,4.03871,4.14331,3.99867,4.16228,4.18631,3.88272,4.10558,3.97672,4.14868,4.11818,3.90311,3.93895,3.98968,4.026,3.88898,4.08575,4.07512,4.01604,3.98898,4.14147,3.99904,4.03129,4.06227,4.06525,4.0935,4.13482,4.04068,3.97105,4.10309,3.93801,3.98821,3.94764,4.07823,4.06987,4.19596,4.13865,3.98609,3.99539,4.14553,3.98832,4.03361,4.07986,4.1144,4.11037,4.03616,4.0452,3.9875,4.1328,4.02915,3.99634,4.06369,4.07679,4.00261,4.00278,3.92402,4.08067,4.08571,3.97547,4.15536,4.09228,3.94401,4.01975,4.00325,4.07043,4.04535,4.20409,3.98369,4.02877,4.04013,4.09326,3.9684,4.08047,3.9743,3.95514,4.20717,4.09562,4.01463,4.15137,4.12682,4.15016
4.02307,4.08324,3.98059,4.09168,4.11875,4.11746,4.02562,3.94683,3.95304,4.10334,4.15229,4.10361,4.01738,4.11572,4.02999,4.177,3.95854,4.20533,3.90088,4.04775,4.0111,4.08336,4.01195,4.16619,4.22653,3.9273,4.0993,3.98743,4.15051,4.14094,3.9599,3.92907,3.98771,3.97754,3.92966,4.09359,4.14569,4.01829,3.97546,4.09418,3.95968,4.04446,4.07723,4.0878,4.09795,4.11054,4.03068,4.04643,4.11413,3.9291,3.93656,3.9557,4.03465,4.03775,4.21069,4.15207,3.95037,3.97285,4.17716,3.94613,4.03428,4.1447,4.09352,4.01944,3.95081,4.02928,3.9801,4.12053,3.99148,4.02077,3.98436,4.0883,4.00116,4.0435,3.91993,4.05537,4.0463,3.98932,4.16814,4.04644,3.95152,3.99103,4.00043,4.03303,4.1246,4.18299,4.00071,4.01821,4.03536,4.12516,3.96986,4.01539,3.99998,4.04169,4.18766,4.09241,3.9887,4.13138,4.09802,4.14307
4.02968,4.13764,4.05035,4.11603,4.09644,4.22052,4.06811,3.99263,3.95369,4.13612,4.17405,4.07714,4.01621,4.06806,3.99112,4.13442,3.93065,4.21464,3.8949,4.02347,3.95713,4.04082,4.07211,4.10628,4.20996,3.97152,4.07002,4.0348,4.12882,4.16104,3.97841,3.95097,4.02265,4.01773,3.92757,3.99562,4.06928,4.01585,3.96033,4.05817,3.94456,4.11309,4.0589,4.05814,4.07985,4.13351,4.00029,4.05365,4.14134,3.99907,3.95651,3.97129,4.07759,4.03667,4.18031,4.17985,3.94524,3.95211,4.22307,4.00682,4.0306,4.17955,4.0697,4.03486,3.99248,4.04385,3.94262,4.15051,3.9804,4.00833,3.99761,4.10109,4.01238,3.963,3.95809,4.06262,4.06152,4.0138,4.11195,4.09473,3.96754,4.01652,3.98802,4.04373,4.10871,4.21676,4.03732,4.02096,3.99718,4.04962,3.96803,3.96729,3.90731,4.03583,4.16707,4.09121,4.04105,4.11018,4.07011,4.12241
4.0304,4.09134,3.96728,4.14959,4.11824,4.22946,4.07973,4.01761,3.93425,4.08487,4.04692,4.1201,3.9967,4.06809,4.03198,4.08658,3.97096,4.21586,3.93068,4.0823,4.05384,3.98417,4.09496,4.12858,4.23172,3.99223,4.06098,4.00668,4.14994,4.15475,3.95157,3.97402,3.99184,4.01915,3.98004,4.00128,4.10746,4.07583,3.96144,4.10941,3.96023,4.14281,4.02236,4.07444,4.09134,4.13095,4.01556,4.00775,4.07502,4.07553,3.95914,3.93983,3.96578,4.0676,4.18802,4.16192,3.93727,3.97528,4.23877,4.02329,3.98787,4.13157,4.0793,4.02382,4.03812,4.04053,3.9497,4.17246,3.89361,4.03845,4.00296,4.09021,4.01575,4.00456,3.99204,3.9942,4.10182,4.03783,4.16087,4.08254,3.94569,3.98361,3.96581,4.0478,4.07134,4.14707,3.9706,3.99615,3.96628,3.95557,3.99269,3.99209,3.94356,3.97639,4.09175,4.13693,4.01841,4.11891,4.04926,4.15246
4.02196,4.0813,3.9933,4.12718,4.09955,4.22587,4.11117,3.99665,3.97846,4.10426,4.06214,4.06429,3.99874,4.11582,3.98165,4.01097,4.00156,4.19979,3.96046,4.0911,3.97423,4.01622,4.07524,4.11649,4.18746,3.95577,4.11068,3.89113,4.16,4.10487,3.93083,3.96777,3.98508,3.99961,4.02932,4.04994,4.12916,4.03741,3.96205,4.12686,3.9587,4.11465,4.04314,4.05337,4.07406,4.11349,3.96664,3.9568,4.07501,3.9709,3.93677,3.96916,3.92189,4.02064,4.09528,4.16555,3.92351,3.96169,4.16379,4.12841,4.04743,4.12222,4.08857,4.08578,3.9905,3.97474,3.95815,4.1282,3.90053,3.9659,4.03449,4.06934,4.065,3.92509,4.02794,3.99743,4.10632,3.9869,4.17854,4.12407,4.00807,3.99655,3.9618,4.04474,4.0112,4.14793,3.97473,3.97331,4.03613,3.96494,3.94198,3.99069,3.93312,3.93317,4.00642,4.17548,4.02348,4.15822,3.99535,4.15062
4.10007,4.03423,3.94222,4.15034,4.10101,4.21293,4.09702,3.94426,3.97774,4.04828,4.06502,4.05029,3.9884,4.0463,4.02281,4.1258,3.91764,4.18358,3.97587,4.01268,3.96006,4.04336,4.06498,4.16373,4.22641,3.96164,4.10982,3.93856,4.1272,4.05815,3.87057,4.0241,4.03086,3.90347,4.09905,4.02011,4.15727,4.02413,3.95057,4.1173,4.01742,4.11139,4.06318,4.04,4.01627,4.09991,4.01594,3.98424,4.03302,3.97351,3.92838,3.99225,3.91157,4.03835,4.10189,4.10431,3.96426,3.9611,4.15865,4.121,4.0104,4.11818,4.07847,4.03473,4.00174,3.93299,3.9732,4.1396,3.94836,3.92811,4.01129,4.04762,4.1396,3.90449,4.08322,3.97769,4.14667,3.96897,4.17532,4.08789,3.95812,3.96339,3.96017,3.98077,4.01901,4.13842,3.98468,3.93943,4.05654,4.03665,3.9212,3.99462,3.92231,3.97821,3.9948,4.15465,4.04345,4.05725,3.99439,4.11715
4.03575,4.04453,3.9061,4.02683,4.0673,4.23022,4.04901,3.95721,3.95556,4.10455,4.0777,4.02686,3.96272,4.04709,4.0192,4.05692,3.92467,4.17979,3.98576,3.99102,3.96068,4.08451,4.12802,4.1887,4.20823,3.937,4.18173,3.90171,4.13731,4.02293,3.89682,4.04292,4.05144,3.93444,4.11974,3.9887,4.08795,4.06278,4.0309,4.11173,4.0285,4.10763,4.1278,4.00666,4.00274,4.04773,4.02851,3.98205,4.09972,3.94666,3.94242,3.99957,4.03488,3.99244,4.10724,4.07224,3.95619,3.93372,4.17185,4.0745,4.03267,4.0822,4.03628,3.95946,3.97128,4.03815,3.96295,4.12239,4.00154,3.99339,4.03249,4.05596,4.10386,3.91228,4.02248,4.00165,4.15666,3.99478,4.15421,4.09254,4.00277,3.96422,3.98318,3.88455,3.97355,4.09094,3.99659,3.85186,4.05337,4.10763,3.95709,3.9607,3.94791,4.03848,3.97717,4.18117,4.08019,4.08566,3.94782,4.12801
4.01969,4.10102,3.90991,4.02541,4.00686,4.18075,4.03591,3.91861,4.00191,4.15025,4.08499,4.00644,3.99885,4.08827,4.03431,4.08487,3.93065,4.20365,3.96919,4.03942,3.99608,3.9594,4.07444,4.1309,4.20716,3.94521,4.12255,3.90061,4.1314,4.05468,3.87904,4.04693,3.97817,3.92109,4.09541,3.9935,4.09872,4.00061,4.05829,4.03784,3.99425,4.0999,4.0481,4.00926,3.97553,4.05614,3.96858,3.94308,4.05653,3.9455,3.9594,3.97978,3.92861,3.97047,4.1204,4.01165,3.89952,3.90776,4.15683,3.99111,3.95287,4.11182,3.95262,4.01504,3.91787,4.06793,3.95888,4.10493,3.96628,4.03372,4.05695,4.09277,4.10207,3.87859,4.03431,4.02131,4.04011,4.06656,4.12964,4.14955,4.02616,3.93087,3.93246,3.95281,4.05904,4.09906,4.0754,3.86554,4.07215,4.16261,3.98972,3.88114,3.95998,3.96389,4.00187,4.2474,4.01941,4.03576,3.93888,4.16096
3.90981,4.10943,3.92225,4.06212,3.96115,4.17641,4.04993,3.92215,4.03429,4.09883,4.0081,3.98947,3.9709,4.02199,4.02488,4.03756,3.90864,4.217,4.01647,4.02704,3.98242,3.9816,4.0243,4.14653,4.19436,3.97165,4.07814,3.97377,4.06076,4.09949,3.93334,4.02417,3.96517,3.93209,4.08773,4.04185,4.08061,4.03407,4.02614,4.05499,3.9368,4.12807,4.02064,4.07715,4.00447,4.0372,3.91295,3.9446,4.04269,3.91118,4.00847,3.92406,4.01073,4.04448,4.07546,3.94081,3.91574,3.91062,4.13553,4.02553,3.98597,4.10384,4.01723,3.99124,3.9851,4.05888,3.99233,4.06677,3.93861,4.04293,4.0231,4.07025,4.11318,3.87874,3.99392,3.99411,4.05888,4.03693,4.08963,4.1163,4.0003,3.86865,3.94964,3.9517,3.98307,4.03338,4.08921,3.89509,4.05798,4.12734,4.02974,3.92972,4.00485,3.99953,4.00329,4.19597,4.06871,3.96883,3.84723,4.10828
3.88904,4.11927,3.99961,4.13381,3.93381,4.14069,4.01464,3.99685,3.92783,4.04282,4.02324,3.97769,4.06741,4.04137,4.00244,4.04515,3.87626,4.12749,4.01944,4.09269,3.97595,4.04919,4.01371,4.16294,4.16081,4.02614,4.05046,3.91665,4.11913,4.09213,3.94533,4.05837,3.95433,3.90348,4.08763,4.08917,4.00573,3.9814,4.01263,4.05132,3.93721,4.07945,4.05156,3.99734,3.98012,4.0617,3.94638,3.95687,4.10581,3.89125,3.96201,3.91401,4.01328,3.97575,4.09575,3.95265,3.89098,3.87221,4.07015,4.00033,3.86699,4.07897,3.98797,3.97363,3.93863,4.0797,4.0024,4.0371,3.99731,4.1151,4.00603,4.0323,4.13589,3.93488,4.06065,4.0325,4.06482,3.99585,4.11518,4.16958,4.00948,3.94146,3.91962,3.95041,4.05368,3.96448,4.10311,3.8848,4.03969,4.15055,4.04229,3.94672,3.97479,3.97891,4.01805,4.24411,4.07161,4.00609,3.90316,4.18427
3.93799,4.09525,4.06994,4.04498,3.83579,4.1308,3.99949,3.95258,3.95487,3.98598,4.03871,3.9209,4.04272,3.94523,4.00004,4.02268,3.94545,4.21307,4.09093,4.05898,3.93757,4.02745,3.982,4.11455,4.19733,4.02043,4.07024,3.94631,4.10919,4.0925,3.96784,4.1223,3.98397,3.89884,4.1276,4.09921,4.07623,3.99864,3.98952,4.0416,3.87145,4.04905,4.0002,3.95901,3.96139,3.98313,3.96779,4.00463,4.06255,3.94272,3.94983,3.91339,3.97737,3.99023,3.97982,3.98878,3.92761,3.94605,4.108,4.0751,3.93224,4.13798,4.00408,4.06614,3.92613,4.08041,4.01268,4.01558,4.05041,4.04118,3.91702,4.03724,4.01821,3.88705,4.11911,4.00277,4.10467,3.98375,4.0571,4.12596,4.02894,3.97081,3.86889,3.8932,4.0645,3.97617,4.11963,3.88484,4.00831,4.09709,3.97662,3.94965,3.90887,3.96393,4.00369,4.17729,4.141,3.91978,3.93835,4.10076
3.90111,4.0846,4.10692,4.02543,3.91432,4.09033,4.09393,3.95594,3.94326,3.99599,4.11448,3.95731,3.98293,3.93394,4.03489,4.09464,3.95504,4.16917,4.10251,4.04182,3.91342,3.96446,3.97696,4.13508,4.17342,3.99204,4.08045,3.94703,4.10614,4.03525,3.91814,4.17368,3.97532,3.90971,4.11083,4.1526,4.03833,3.99486,4.04439,4.11702,3.94214,4.04273,4.01441,3.93051,3.9477,3.97522,3.99857,4.01244,4.12329,3.93818,3.91923,3.96483,3.92452,3.98392,4.04197,3.95027,3.94692,3.94836,4.12858,4.07807,3.9805,4.0499,3.9239,4.06748,3.89281,4.05626,4.09296,4.05117,4.05524,4.05589,3.98871,4.09588,4.04728,3.85247,4.07201,3.95527,4.10778,4.01353,4.11392,4.05337,3.98845,3.94908,3.9509,3.8944,4.07385,3.9909,4.10734,3.90648,4.03226,4.14666,3.95497,3.9751,3.93148,3.97967,3.97053,4.22607,4.17149,3.93905,3.92525,4.05984
