4.80188,4.72347,4.74997,4.72844,4.74078,4.84687,4.83042,4.81506,4.84361,4.79966,4.67526,4.87705,4.81454,4.87419,4.79014,4.9034,4.78865,4.80308,4.91641,4.78678,4.85158,4.9003,4.72428,4.83422,4.81278,4.78649,4.77626,4.86375,4.82234,4.82009,4.80211,4.84371,4.7253,4.76231,4.8767,4.73543,4.88507,4.81631,4.74026,4.82266,4.80807,4.77896,4.89154,4.8128,4.82195,4.75708,4.77896,4.74992,4.94319,4.83686,4.81254,4.73019,4.78749,4.83221,4.96127,4.80981,4.82584,4.80097,4.94794,4.71915,4.948,4.79486,4.76454,4.86414,4.79288,4.77536,4.7932,4.81971,4.7572,4.75754,4.83924,4.86449,4.78148,4.72716,4.74559,4.8704,4.81593,4.77604,4.85831,4.72386,4.76311,4.86509,4.94923,4.85932,4.77557,4.7735,4.72061,4.81888,4.77455,4.86075,4.97858,4.76133,4.78427,4.79236,4.72504,4.93735,4.8921,4.87943,4.92311,4.859
8.50051,8.49824,8.70383,8.58741,8.59702,8.7445,8.6957,8.69413,8.57188,8.55929,8.59506,8.72859,8.677,8.7884,8.61173,8.64129,8.58248,8.48069,8.7436,8.71148,8.72101,8.4533,8.54543,8.4081,8.6832,8.5187,8.49107,8.66354,8.68995,8.56115,8.6035,8.65873,8.57394,8.56671,8.69707,8.55451,8.81396,8.4855,8.53619,8.60621,8.72355,8.71685,8.81154,8.51461,8.57628,8.53223,8.72903,8.52173,8.76131,8.55932,8.67051,8.60731,8.60074,8.67167,8.6047,8.63144,8.62393,8.6442,8.65779,8.59556,8.72674,8.6923,8.54495,8.69811,8.63822,8.59767,8.62139,8.57552,8.53419,8.62192,8.67578,8.59764,8.60753,8.3821,8.65342,8.6661,8.64397,8.54035,8.77163,8.52278,8.72209,8.7158,8.68585,8.77311,8.46872,8.59576,8.61264,8.62227,8.70163,8.71053,8.72678,8.6321,8.57136,8.60707,8.56363,8.80818,8.61141,8.49761,8.66366,8.59035
9.28852,9.20016,9.51859,9.40281,9.33497,9.39125,9.48313,9.52381,9.33372,9.23901,9.38586,9.5019,9.48936,9.50448,9.33577,9.45857,9.30865,9.27233,9.40236,9.44931,9.6041,9.2608,9.26218,9.19178,9.52987,9.22895,9.22397,9.49856,9.45164,9.30845,9.39254,9.35402,9.27444,9.25977,9.39372,9.39111,9.65417,9.17097,9.29457,9.51842,9.57935,9.45257,9.56265,9.22036,9.30429,9.31391,9.37459,9.25245,9.46619,9.28738,9.40606,9.41246,9.32232,9.30773,9.38524,9.38834,9.33316,9.41822,9.45699,9.37789,9.34254,9.32696,9.23195,9.56054,9.33573,9.35666,9.26806,9.33993,9.23616,9.375,9.47339,9.42739,9.38849,9.15246,9.50443,9.46434,9.38305,9.26113,9.36227,9.36846,9.4447,9.47026,9.54738,9.48479,9.17523,9.35434,9.34759,9.38088,9.37187,9.57393,9.35306,9.39212,9.38893,9.30398,9.40126,9.54061,9.49934,9.22122,9.40337,9.29816
6.78674,6.86928,7.01769,7.00521,6.8922,6.91874,6.9362,6.97132,6.85649,6.82851,6.95229,6.9472,7.05401,6.99798,6.92758,7.00473,6.87371,6.89896,6.79089,6.95584,7.12601,6.84264,6.81908,6.86234,7.13308,6.88178,6.81296,7.08288,6.89697,6.91546,7.04651,6.89187,6.88668,6.76356,6.98099,7.049,7.12166,6.77224,6.88301,6.95246,6.99223,6.86719,7.00215,6.83458,6.86402,6.93724,6.82335,6.77111,6.97129,6.88449,6.8699,7.0282,6.82841,6.91831,6.85016,6.95419,6.96955,6.95617,6.86399,6.83166,6.82467,7.00082,6.88486,7.09286,6.93127,7.00832,6.84775,6.99936,6.76789,6.89352,7.0874,6.8839,6.8796,6.87083,7.05677,7.09561,6.93431,6.99254,6.77499,6.90576,6.93357,6.95594,7.10099,6.93252,6.80649,6.71819,7.04352,7.02263,6.90187,6.96298,6.95329,6.97003,6.98194,6.76909,6.99932,6.81867,7.06186,6.85743,6.85617,6.76874
6.95491,7.13566,7.23476,7.33125,7.11592,7.17564,7.15323,7.17266,7.03579,7.03396,7.16001,7.17028,7.21456,7.06763,6.97945,7.29124,7.17847,7.0908,7.05709,7.13437,7.2434,7.12201,7.08177,7.07732,7.40269,7.08727,6.97638,7.33376,7.05767,7.06381,7.32611,7.0693,7.19202,7.05857,7.11627,7.32159,7.40327,7.12001,7.13283,7.11985,7.18301,7.06935,7.23846,6.90728,7.139,7.23566,6.9972,6.99006,7.17641,7.09112,7.15925,7.22223,6.91769,7.09616,6.99131,7.18481,7.27812,7.08831,7.0397,6.99802,7.0516,7.12852,7.01927,7.13908,6.98125,7.2011,7.11464,7.09934,6.93186,7.06308,7.30343,7.00934,7.22805,7.06518,7.28662,7.32367,7.25919,7.18693,7.0304,7.05231,7.18851,7.26164,7.24913,7.09841,7.08399,6.88518,7.17994,7.25124,7.07869,7.1906,7.2192,7.12501,7.22795,7.06928,7.22329,7.04752,7.35828,7.16167,7.14852,6.86596
6.48604,6.60503,6.74031,6.6374,6.6141,6.68011,6.56489,6.49566,6.49761,6.55083,6.64251,6.7794,6.73864,6.68741,6.53606,6.7855,6.75616,6.37788,6.47873,6.6127,6.82121,6.38451,6.57137,6.54801,6.69449,6.64984,6.4196,6.67163,6.50199,6.5066,6.77169,6.61533,6.6076,6.57784,6.60187,6.81305,6.86182,6.63569,6.61149,6.6224,6.55818,6.53243,6.66867,6.34353,6.53455,6.79791,6.39788,6.5044,6.73336,6.54403,6.56804,6.72494,6.4704,6.6262,6.48961,6.8139,6.70598,6.59751,6.60855,6.53454,6.60543,6.62062,6.6881,6.69588,6.48255,6.80021,6.62336,6.5559,6.52817,6.65874,6.64118,6.56776,6.56714,6.51049,6.82206,6.80917,6.68346,6.50294,6.49441,6.52257,6.77423,6.7161,6.65881,6.67794,6.61738,6.41998,6.58911,6.68541,6.43172,6.68341,6.60686,6.7053,6.79678,6.64396,6.73389,6.58139,6.82957,6.73062,6.55753,6.3742
6.18593,6.29612,6.54015,6.1999,6.4284,6.22569,6.31181,6.10112,6.1476,6.35275,6.20585,6.44793,6.3013,6.2904,6.20595,6.5147,6.43621,6.06607,6.22252,6.26176,6.4892,6.07321,6.2257,6.09798,6.20985,6.3157,6.00812,6.29615,6.10066,6.14848,6.40456,6.22255,6.17031,6.2527,6.16202,6.43849,6.44249,6.15719,6.33294,6.20498,6.21316,6.10176,6.40184,6.02358,6.27435,6.3986,6.07414,6.09377,6.34166,6.23515,6.26297,6.47566,6.01208,6.25135,6.16763,6.65739,6.36079,6.26479,6.21103,6.37254,6.19524,6.23672,6.24625,6.17815,6.19695,6.43573,6.23032,6.23524,6.24723,6.35084,6.38891,6.09498,6.19338,6.05029,6.36558,6.35808,6.30378,6.10392,6.2539,6.08715,6.427,6.21839,6.36585,6.29588,6.17293,6.03936,6.08473,6.30301,6.10067,6.27342,6.34393,6.37543,6.44856,6.19891,6.24071,6.2823,6.60264,6.36136,6.14979,5.95575
5.91035,5.95316,6.12203,5.77926,6.06264,5.80735,5.82365,5.88813,5.82506,6.06093,5.87989,6.02265,5.90041,5.81542,5.83334,6.09461,5.98766,5.701,5.97203,5.88024,6.15785,5.76209,5.81401,5.80569,5.73616,5.95284,5.77075,5.91428,5.83545,5.89229,5.95764,5.8772,5.82292,5.80074,5.6913,6.08906,6.06039,5.70569,5.84366,5.72446,5.88172,5.79639,6.06053,5.69148,6.03719,5.85717,5.67329,5.77642,5.93073,5.86655,5.93791,6.09363,5.65178,5.85052,5.66261,6.09403,5.77052,5.81955,5.84033,6.05835,5.87827,5.82486,5.67162,5.78874,5.82847,6.09572,5.82104,5.88411,5.84795,6.02356,5.95167,5.86691,5.72175,5.80238,5.95652,5.99444,5.87334,5.71665,5.99434,5.71689,6.08534,5.74155,5.89287,5.96183,5.80345,5.70969,5.85646,5.90089,5.68555,5.78162,5.87305,5.9961,6.04857,5.89222,5.9584,5.90711,6.06871,5.97768,5.70911,5.64178
5.52242,5.55575,5.66232,5.40761,5.68031,5.42449,5.52035,5.41366,5.50227,5.7711,5.39264,5.66295,5.38695,5.35134,5.39951,5.63598,5.56028,5.45049,5.58881,5.4446,5.71631,5.44291,5.50442,5.45809,5.38945,5.46653,5.41616,5.61305,5.56606,5.49965,5.4993,5.49565,5.4237,5.4853,5.4528,5.61815,5.58834,5.26536,5.46789,5.33579,5.48538,5.5064,5.79006,5.38462,5.70944,5.41542,5.37672,5.38112,5.59872,5.58254,5.47569,5.747,5.1502,5.56653,5.34015,5.72696,5.3641,5.37438,5.53328,5.76755,5.54658,5.48324,5.31501,5.46245,5.35701,5.68383,5.3652,5.46021,5.55057,5.56912,5.55689,5.42188,5.43038,5.33158,5.54338,5.59963,5.44013,5.34681,5.61488,5.49615,5.57632,5.47223,5.53845,5.36084,5.45931,5.39834,5.52772,5.52478,5.28238,5.49046,5.38272,5.63941,5.55396,5.5525,5.53886,5.6114,5.74421,5.49381,5.37386,5.3778
5.10982,5.04494,5.2073,5.15007,5.27537,5.09766,5.13773,4.96113,5.17543,5.41816,5.06491,5.21906,4.98551,4.97744,4.92583,5.2551,5.23791,5.17866,5.07652,5.0751,5.25717,5.00496,5.1336,5.20782,5.13216,5.12151,5.22076,5.22896,5.14786,5.09722,5.17421,5.20639,5.00269,5.10455,5.06337,5.17791,5.28166,4.89889,5.00108,4.97385,5.18133,5.10006,5.36018,5.02062,5.25543,5.00585,4.91478,5.02401,5.35633,5.27874,5.14493,5.38348,4.80806,5.22866,5.05757,5.31428,5.0024,5.04928,5.18634,5.20114,5.2806,5.0856,4.99671,5.16313,5.0493,5.3549,5.05271,5.05966,5.11289,5.27355,5.20893,4.99222,5.13272,4.92456,5.244,5.10352,5.09275,4.95723,5.17641,5.07821,5.09402,5.16378,5.08688,4.93186,5.04391,5.01533,5.06127,5.17101,4.92427,5.0545,5.03526,5.19898,5.21839,5.20978,5.04517,5.09778,5.28226,5.04897,5.03069,5.09384
4.69969,4.67286,4.76965,4.81514,4.88565,4.83154,4.76179,4.56765,4.71975,5.14421,4.57884,4.96228,4.62102,4.60683,4.64399,4.81831,4.85119,4.80836,4.6084,4.74104,4.88044,4.65033,4.65761,4.66813,4.73464,4.69219,4.84319,4.92585,4.73514,4.68227,4.92486,4.72043,4.64537,4.76202,4.6189,4.85923,4.87126,4.50328,4.60736,4.553,4.74668,4.64466,4.83387,4.66777,4.79125,4.74371,4.58234,4.67802,4.99295,4.75883,4.66114,5.0844,4.48479,4.81082,4.70841,4.92733,4.63541,4.63697,4.82186,4.86757,4.83169,4.60788,4.63819,4.83387,4.70808,4.87954,4.71617,4.59421,4.7014,4.83588,4.98905,4.61307,4.70794,4.52762,4.8283,4.73569,4.7085,4.64072,4.80623,4.69828,4.7806,4.82398,4.74523,4.58351,4.61458,4.72406,4.69294,4.76037,4.55952,4.67507,4.63519,4.75833,4.89222,4.8538,4.71376,4.79356,4.85179,4.65996,4.68313,4.70973
4.2844,4.35962,4.44333,4.53311,4.52755,4.47508,4.39928,4.20284,4.26467,4.6622,4.43953,4.53199,4.26745,4.25601,4.26687,4.48794,4.51514,4.42099,4.24514,4.32614,4.47592,4.32551,4.24799,4.37805,4.3631,4.29222,4.44652,4.52391,4.46233,4.2168,4.56003,4.33072,4.33572,4.31172,4.25219,4.4488,4.56207,4.35297,4.3837,4.25242,4.44559,4.2643,4.44614,4.44129,4.3798,4.44537,4.30978,4.4027,4.57542,4.32193,4.29861,4.69314,4.22084,4.4923,4.37124,4.6022,4.28091,4.34798,4.34352,4.43021,4.49281,4.26767,4.40962,4.45763,4.47943,4.53801,4.36633,4.13698,4.34207,4.50778,4.67983,4.32341,4.30156,4.22599,4.49223,4.22109,4.37959,4.32886,4.45085,4.43698,4.50364,4.47243,4.37666,4.39595,4.29438,4.40795,4.30005,4.52091,4.18179,4.30943,4.40273,4.47211,4.50867,4.43821,4.38267,4.45817,4.43923,4.25107,4.32471,4.24924
3.92765,4.05736,4.16423,4.14823,4.13136,4.12621,4.00844,3.89389,3.91278,4.23422,4.14568,4.22952,3.99517,3.95693,3.9641,4.24514,4.26354,4.08734,3.87405,4.05433,4.10437,3.95447,3.96373,4.02258,4.07688,3.94663,4.03379,4.23829,4.14494,3.85121,4.20898,4.03793,4.04855,3.9845,3.92112,4.07228,4.17676,3.99986,4.05828,3.95919,4.25491,3.94435,4.19354,4.08451,4.09916,4.09328,3.94487,3.99427,4.19373,3.94377,4.00669,4.37944,3.8293,4.0903,4.109,4.38545,4.01353,3.97063,3.96467,4.12184,4.11796,3.93081,4.01984,4.02243,4.03391,4.19224,4.05376,3.81399,3.99494,4.20781,4.19347,4.04011,3.94528,3.92609,4.16477,3.9679,4.02843,4.02647,4.08073,4.03747,4.32159,4.11177,4.10038,4.06278,3.8933,4.01309,4.00248,4.25562,3.88588,4.05134,3.89938,4.23262,4.16667,4.18159,4.10427,4.08985,4.10741,3.95884,4.01438,3.87715
3.58619,3.73637,3.9333,3.7715,3.73581,3.83846,3.66579,3.56068,3.5886,3.90439,3.74951,3.81455,3.65782,3.60768,3.66296,3.80273,3.91035,3.76521,3.60857,3.68434,3.7775,3.70384,3.66171,3.67656,3.70481,3.66254,3.65036,3.9489,3.85532,3.51432,3.93375,3.75563,3.77388,3.69135,3.54108,3.67435,3.83067,3.68097,3.75527,3.67469,3.98758,3.6774,3.83442,3.71541,3.8879,3.71239,3.58238,3.77752,3.84809,3.67303,3.73704,4.0619,3.47127,3.69799,3.77697,4.08547,3.74366,3.75445,3.64163,3.80841,3.86329,3.59998,3.68728,3.79485,3.83246,3.8789,3.71032,3.64434,3.66527,3.95186,3.84008,3.70215,3.76205,3.66035,3.89723,3.75453,3.81269,3.67582,3.83436,3.68996,3.95497,3.71818,3.74492,3.70632,3.72578,3.61613,3.60948,3.84804,3.63034,3.68529,3.68303,3.80893,3.89517,3.85118,3.68817,3.82227,3.75153,3.59667,3.78093,3.44282
3.36687,3.55871,3.70219,3.54128,3.43274,3.62819,3.37209,3.28111,3.36911,3.65641,3.47096,3.57941,3.43562,3.43386,3.30226,3.525,3.64543,3.56833,3.39876,3.47819,3.43915,3.46568,3.42299,3.46708,3.48068,3.47526,3.50223,3.67367,3.57392,3.22033,3.61865,3.50681,3.61696,3.41083,3.27139,3.47661,3.59955,3.4346,3.51675,3.46969,3.62557,3.35368,3.47709,3.47301,3.52555,3.42444,3.31667,3.49033,3.58556,3.53825,3.50497,3.69703,3.2105,3.50753,3.51535,3.77753,3.46576,3.48119,3.44674,3.58293,3.56011,3.37226,3.44799,3.44177,3.60278,3.63783,3.46275,3.43455,3.41374,3.65359,3.56212,3.41589,3.45669,3.40697,3.60585,3.51227,3.45324,3.36546,3.61735,3.46968,3.6626,3.39776,3.41068,3.5321,3.51895,3.34284,3.33305,3.61075,3.44016,3.46897,3.40049,3.63047,3.59503,3.62865,3.47245,3.6291,3.54707,3.37471,3.46532,3.21883
3.13363,3.23051,3.45929,3.19583,3.22312,3.33989,3.17604,3.20015,3.16054,3.34435,3.22456,3.26415,3.28748,3.10071,3.05677,3.2689,3.39898,3.29714,3.07052,3.10233,3.22678,3.30411,3.23444,3.12323,3.12949,3.15236,3.23846,3.34385,3.28976,2.97367,3.46642,3.3263,3.42713,3.18742,3.05239,3.29507,3.26554,3.17344,3.26939,3.18427,3.3588,3.05121,3.30687,3.15741,3.24509,3.15178,3.08238,3.14153,3.33555,3.31991,3.31982,3.39664,2.95327,3.25643,3.27505,3.50649,3.18544,3.24313,3.20152,3.25421,3.25471,3.0659,3.1729,3.19117,3.41371,3.33575,3.17464,3.19776,3.13965,3.45798,3.24429,3.15117,3.18002,3.16285,3.3683,3.3406,3.22165,3.14545,3.28721,3.29694,3.42801,3.15945,3.14669,3.2672,3.2918,3.11169,3.17085,3.33414,3.20649,3.28649,3.17886,3.35678,3.22192,3.291,3.20047,3.2873,3.33563,3.1952,3.16627,3.11475
3.00766,3.00153,3.23892,2.99384,2.99691,3.15173,2.93798,3.06659,3.00549,3.16761,3.0639,3.08737,3.03511,2.89496,2.89149,3.01333,3.22518,3.15279,2.87239,2.93104,2.93573,2.98255,3.05052,2.9337,2.98028,2.9694,2.98117,3.09637,3.03742,2.85413,3.159,3.07297,3.1943,2.98858,2.84689,3.17042,3.06346,3.02759,3.11856,2.94445,3.08015,2.90595,3.11979,2.94449,3.05597,2.90111,2.86911,2.9394,3.13526,3.14708,3.12943,3.14257,2.72035,3.0403,3.08652,3.25573,3.0462,2.84594,3.01155,3.02997,2.95342,2.89713,2.9707,2.94488,3.15718,3.13843,2.95161,3.06147,2.94313,3.12572,3.13491,2.93318,3.01864,2.84752,3.15249,3.13985,3.0178,2.91813,3.0474,3.09881,3.18218,3.04018,2.98148,3.02975,2.97778,2.95767,2.9928,3.07313,2.99298,3.03368,2.92785,3.06639,3.02964,3.14002,2.94096,3.10144,3.09053,3.0423,2.91134,2.94598
2.79075,2.79442,2.9971,2.73854,2.82656,2.93046,2.79669,2.92467,2.84201,2.95497,2.91492,2.97363,2.79798,2.63299,2.74953,2.86418,2.98321,2.88918,2.7282,2.8147,2.80431,2.83547,2.86238,2.74385,2.85148,2.74314,2.82263,2.90534,2.89549,2.66856,2.93371,2.85315,2.92766,2.80308,2.65424,2.98168,2.86742,2.80482,2.87344,2.79291,2.82698,2.61093,2.88024,2.74152,2.85895,2.68036,2.66673,2.71925,2.86009,2.9061,2.91181,3.03854,2.69109,2.78671,2.95944,2.97475,2.80342,2.66574,2.89448,2.82603,2.81711,2.74122,2.77237,2.75511,2.91715,2.90297,2.7141,2.78966,2.8417,2.89992,2.88169,2.81492,2.87206,2.56579,2.92226,2.94121,2.86061,2.71449,2.86013,2.90434,2.94522,2.79899,2.78034,2.7956,2.78985,2.81242,2.68612,2.88458,2.86196,2.86135,2.74309,2.82398,2.85163,2.88037,2.72342,2.944,2.86646,2.78294,2.70782,2.77224
2.56601,2.69977,2.81182,2.57432,2.64517,2.7352,2.53006,2.73174,2.58375,2.70162,2.6654,2.85032,2.68911,2.48056,2.61992,2.6055,2.73722,2.78554,2.59503,2.64546,2.63581,2.70718,2.7176,2.57382,2.76988,2.58578,2.7178,2.73097,2.64791,2.54136,2.7363,2.71303,2.78296,2.60187,2.50876,2.67287,2.63893,2.70283,2.63074,2.64333,2.66899,2.46527,2.6557,2.56016,2.5984,2.51113,2.5308,2.52771,2.65614,2.6531,2.7266,2.84772,2.56538,2.57806,2.70033,2.72769,2.50299,2.51063,2.66959,2.58975,2.64483,2.65692,2.61683,2.60068,2.64539,2.67898,2.56773,2.58791,2.63132,2.64377,2.74564,2.64334,2.73539,2.53019,2.7213,2.7468,2.67568,2.55754,2.69891,2.70949,2.79876,2.60548,2.59392,2.63296,2.5901,2.6723,2.60181,2.70852,2.68112,2.65019,2.57265,2.68867,2.63421,2.62134,2.58517,2.72937,2.68006,2.59729,2.60236,2.62009
2.44784,2.45483,2.59045,2.42416,2.47403,2.55067,2.43768,2.49483,2.38713,2.48335,2.48963,2.5689,2.54501,2.33571,2.41452,2.4897,2.53411,2.61944,2.48989,2.52037,2.47401,2.56301,2.562,2.37268,2.57695,2.44359,2.53787,2.56194,2.61276,2.3565,2.56147,2.5007,2.66748,2.47461,2.36121,2.47338,2.53144,2.62049,2.53106,2.46162,2.47103,2.34818,2.40345,2.41441,2.51584,2.43706,2.35713,2.40914,2.50591,2.46988,2.6068,2.70211,2.44869,2.36391,2.61113,2.58351,2.43609,2.38541,2.46336,2.43595,2.55337,2.45492,2.51856,2.43595,2.38788,2.53928,2.42264,2.45106,2.45048,2.61393,2.58828,2.51565,2.582,2.42667,2.53025,2.62782,2.62071,2.3706,2.56916,2.56125,2.59764,2.49569,2.4574,2.5104,2.42007,2.44174,2.39053,2.60178,2.55204,2.53997,2.45173,2.47712,2.44251,2.4749,2.45159,2.56957,2.56963,2.42367,2.49801,2.46216
2.31058,2.27547,2.38031,2.38713,2.31661,2.37423,2.32444,2.34873,2.2701,2.33521,2.38373,2.38744,2.46332,2.22713,2.20253,2.3429,2.41335,2.36988,2.39278,2.43899,2.33186,2.47091,2.36185,2.31476,2.32246,2.33386,2.41995,2.46603,2.44673,2.16571,2.43231,2.38917,2.52303,2.36814,2.1734,2.35729,2.39319,2.49371,2.41402,2.36661,2.32361,2.21066,2.31688,2.35101,2.4227,2.2747,2.32464,2.31847,2.32475,2.35319,2.46114,2.53023,2.22536,2.25086,2.5323,2.49316,2.28619,2.28828,2.34265,2.34416,2.45824,2.39415,2.35151,2.42773,2.3535,2.37446,2.33241,2.35063,2.35882,2.46225,2.46182,2.37864,2.48389,2.3476,2.4345,2.63335,2.4345,2.2979,2.47197,2.37048,2.54573,2.33289,2.33021,2.38946,2.30632,2.38868,2.27804,2.40745,2.44839,2.40357,2.32967,2.36861,2.34527,2.3506,2.28545,2.43503,2.41879,2.25026,2.35018,2.34118
2.26432,2.18148,2.25566,2.30376,2.33183,2.27645,2.27808,2.27374,2.19234,2.28977,2.28488,2.24208,2.38562,2.20557,2.1396,2.21577,2.28321,2.27194,2.33658,2.32194,2.28348,2.38458,2.31155,2.22282,2.23671,2.21973,2.36199,2.32636,2.33912,2.05686,2.35748,2.24329,2.42933,2.30961,2.07433,2.17255,2.24144,2.39039,2.25918,2.27343,2.20889,2.11159,2.20865,2.23643,2.38539,2.14433,2.18465,2.19761,2.22502,2.3818,2.33174,2.38611,2.09997,2.12266,2.46915,2.48449,2.16889,2.29454,2.24517,2.25295,2.41375,2.19608,2.23275,2.30171,2.3016,2.30161,2.23254,2.28113,2.26303,2.41597,2.35892,2.27189,2.27396,2.29446,2.25866,2.49492,2.33372,2.20218,2.28492,2.27119,2.44267,2.23017,2.32822,2.2383,2.20972,2.31187,2.15737,2.22837,2.29201,2.23927,2.19836,2.26438,2.23154,2.28187,2.17694,2.42617,2.35177,2.15602,2.23493,2.19851
2.18695,2.05887,2.1935,2.1845,2.23662,2.20252,2.1289,2.19847,2.13211,2.21972,2.24202,2.2234,2.22756,2.19931,2.05863,2.07612,2.21777,2.19088,2.28607,2.22816,2.12224,2.24669,2.24392,2.18327,2.17063,2.17978,2.2579,2.22687,2.23554,2.0183,2.25191,2.19409,2.33937,2.18604,2.00059,2.10032,2.2217,2.25596,2.2754,2.1487,2.04784,2.04965,2.16594,2.12619,2.26614,2.12322,2.09676,2.12308,2.1399,2.17292,2.21554,2.33365,2.02341,2.04006,2.37606,2.34513,2.13219,2.18746,2.1969,2.24087,2.34344,2.09042,2.12376,2.21325,2.15677,2.17655,2.09135,2.22624,2.21609,2.30047,2.201,2.18464,2.15712,2.20358,2.24964,2.39637,2.29406,2.0468,2.21157,2.22885,2.31861,2.15176,2.22577,2.13824,2.09142,2.22162,2.0484,2.21681,2.15768,2.16842,2.23649,2.16633,2.17356,2.19761,2.11139,2.34095,2.23192,2.01568,2.1534,2.15551
2.136,1.98824,2.16868,2.01626,2.17105,2.14428,2.0069,2.14609,2.03394,2.05543,2.21585,2.151,2.13776,2.07214,2.00803,2.03476,2.17858,2.0912,2.14853,2.15633,2.11951,2.14627,2.15693,2.10593,2.10412,2.13144,2.17405,2.04366,2.13305,1.92926,2.17877,2.03808,2.23138,2.0771,1.98573,2.0487,2.07784,2.11211,2.23144,1.98578,1.96042,1.95726,2.11584,2.0532,2.17851,2.14862,1.99603,2.04284,2.03063,2.04684,2.08175,2.2672,1.95752,1.95857,2.22915,2.24475,2.052,2.11171,2.17497,2.22457,2.21673,2.0418,2.09948,2.049,2.07827,2.11383,2.02562,2.12644,2.07409,2.20454,2.00271,2.13273,2.06843,2.07211,2.07383,2.23113,2.26517,2.00067,2.12784,2.17559,2.22929,2.11817,2.05238,2.1302,1.9734,2.1928,2.03049,2.18068,2.04482,2.1426,2.17683,2.03945,2.07767,2.21518,2.11664,2.29782,2.26159,2.04632,2.11926,2.13073
2.01255,1.92557,2.0459,2.00621,2.0536,1.99317,1.91226,2.03277,1.92339,1.95851,2.10972,2.13902,2.04476,1.9729,1.9404,1.92502,2.14467,2.07273,2.0385,2.02499,2.0072,2.08725,2.1205,2.12224,2.09066,2.02659,2.06101,1.9475,2.14491,1.94062,2.04949,1.9915,2.24408,1.93957,1.89134,1.96562,2.08469,1.96247,2.20308,1.91388,1.93826,1.85787,2.11704,1.98524,2.1045,2.10616,1.96613,1.9827,1.96944,1.94372,2.06606,2.16758,1.89331,1.96076,2.19717,2.10886,1.96981,1.99489,2.08617,2.18131,2.11723,2.02198,1.97001,2.02417,1.94186,2.08398,1.90533,2.12387,2.02969,2.10958,1.98394,2.04587,2.00257,2.02123,1.91979,2.14262,2.25936,1.9536,2.08562,2.09706,2.17055,2.0255,1.99683,2.05243,1.9666,2.04403,1.94572,2.07776,2.01099,2.0397,2.12413,2.01879,2.05515,2.06052,2.01421,2.23173,2.20785,1.99236,2.08684,2.01557
1.98771,1.81127,1.89873,1.96005,1.97622,1.95336,1.93609,1.9783,1.71958,1.85932,2.03425,1.98989,1.99517,2.00025,1.90833,1.86919,2.06254,1.99629,1.99131,1.97359,1.95205,1.99466,1.97993,2.0397,2.03037,2.00055,1.91269,1.91315,2.09421,1.93255,1.94146,1.94278,2.16717,1.84902,1.84933,1.88729,2.04929,1.95954,2.14056,1.86049,1.96447,1.81065,2.01233,1.89163,2.02529,2.03601,1.80856,1.93728,1.9516,1.80749,1.97604,2.15514,1.8252,1.86993,2.13375,2.08608,1.80209,1.91844,2.04532,2.12119,1.99945,2.05843,1.96951,1.96405,1.92007,2.04031,1.88445,2.04934,1.96452,2.02026,1.93419,1.95364,1.94444,1.94885,1.86285,2.09087,2.16477,1.90816,2.04272,2.01021,2.12065,2.00207,1.9552,1.95041,1.90543,1.9668,1.84068,2.0173,1.90424,1.92538,2.05713,1.89386,2.00818,1.97687,1.95449,2.17871,2.13891,2.02219,2.02101,1.95951
1.95448,1.7772,1.83594,1.93308,1.938,1.98576,1.88961,1.97847,1.73644,1.76494,1.97962,1.95711,1.95411,2.01021,1.88288,1.93289,1.92037,1.99754,2.01274,1.92007,1.89977,2.00888,1.95693,1.95693,1.97999,1.96061,1.81535,1.89187,2.02407,1.8794,1.95413,1.90295,2.13187,1.85033,1.80062,1.90913,1.96715,1.94536,2.02895,1.7817,1.91767,1.77143,1.9529,1.88804,1.9424,1.98136,1.78554,1.8814,1.90657,1.83063,1.97627,2.07352,1.79665,1.84331,2.0988,2.05205,1.80879,1.95715,1.96069,2.11308,1.95115,1.89598,1.8718,1.93996,1.87784,1.99848,1.86256,2.04244,1.88402,1.93859,1.92877,1.92423,1.91302,1.89141,1.81558,1.99983,2.08753,1.92753,2.00483,1.96886,2.11584,1.92007,1.9182,1.92166,1.85978,1.87814,1.85208,1.96571,1.83863,1.94948,1.95708,1.90063,1.97539,1.94845,1.90269,2.10118,2.10755,1.97536,2.00589,2.01153
1.85635,1.74113,1.84976,1.93534,1.90856,1.93488,1.79543,1.95567,1.76525,1.78117,2.01124,1.84494,1.93404,1.89433,1.88686,1.92863,1.90917,1.976,1.9268,1.93781,1.80228,1.97625,1.85176,1.92735,1.98896,1.88518,1.74359,1.83903,1.94473,1.85546,1.95112,1.86629,2.06384,1.79343,1.76634,1.88543,1.89946,1.95623,1.89097,1.74429,1.85033,1.7827,1.90062,1.87824,1.89728,1.94486,1.78749,1.82168,1.86872,1.77629,1.94614,2.04954,1.65417,1.76704,2.00788,2.03076,1.78123,1.90861,1.94204,2.11968,1.98168,1.87571,1.85936,1.89887,1.90879,1.9963,1.81342,1.94893,1.86299,1.93994,1.88496,1.89212,1.85763,1.84076,1.75713,1.92749,2.01324,1.86487,1.92136,1.89432,2.13693,1.96443,1.89391,1.87603,1.87749,1.78709,1.85289,1.94656,1.78625,1.87495,1.95979,1.85811,1.88204,1.92148,1.85693,2.03597,2.00221,1.88096,2.0079,1.98208
1.82768,1.73019,1.79764,1.92074,1.88567,1.90255,1.7995,1.92491,1.76325,1.72179,2.00541,1.82368,1.83931,1.85359,1.85024,1.89904,1.88204,1.93938,1.92072,1.88142,1.80076,1.9619,1.81451,1.88876,1.98959,1.83768,1.76031,1.80464,1.9022,1.85557,1.98877,1.82456,2.03507,1.82323,1.70921,1.8474,1.8797,1.91938,1.87456,1.76092,1.85174,1.75173,1.91872,1.84244,1.89723,1.93212,1.76824,1.72918,1.89525,1.77329,1.89426,1.92813,1.6657,1.77717,1.99387,2.05688,1.72337,1.90755,1.97019,2.07812,1.98965,1.82172,1.81897,1.765,1.9231,1.92284,1.77687,1.8735,1.92613,1.82282,1.88464,1.86147,1.80632,1.9083,1.73569,1.92629,2.04279,1.85063,1.93976,1.90202,2.0823,1.9515,1.9251,1.79879,1.90069,1.84325,1.80942,1.87998,1.77182,1.85994,1.94882,1.84311,1.82752,1.93957,1.77614,1.98705,1.95583,1.8668,1.90796,2.00154
1.83498,1.70326,1.76276,1.87533,1.83781,1.88086,1.74218,1.92608,1.76794,1.71959,2.02339,1.79409,1.86497,1.84032,1.82993,1.79488,1.79919,1.93227,1.85845,1.8577,1.78897,1.91856,1.81757,1.89753,2.01528,1.86306,1.77658,1.78018,1.96117,1.83904,1.93739,1.84053,2.00966,1.83268,1.77147,1.8702,1.7902,1.92391,1.83061,1.74612,1.88171,1.69653,1.86873,1.81145,1.91103,1.93165,1.73829,1.68342,1.83744,1.76203,1.8687,1.91791,1.63151,1.85137,1.97857,2.01236,1.75234,1.9489,1.9325,2.026,1.94026,1.83698,1.82109,1.74656,1.86804,1.89103,1.77417,1.8724,1.83553,1.71695,1.85061,1.83899,1.7283,1.87332,1.65417,1.96389,2.04087,1.79432,1.95699,1.96108,1.99779,2.00124,1.91471,1.79282,1.86718,1.85757,1.77951,1.83245,1.74208,1.81681,1.93786,1.7523,1.8021,1.81854,1.75321,2.00495,1.95465,1.84713,1.86208,1.93825
1.88178,1.68789,1.78501,1.85731,1.83295,1.83164,1.84101,1.90021,1.68142,1.70841,2.01385,1.79607,1.74525,1.83529,1.74753,1.81569,1.76551,1.90078,1.82974,1.74209,1.82025,1.90274,1.86251,1.89387,1.88703,1.91094,1.79103,1.73864,1.85385,1.85032,1.94878,1.83529,2.00398,1.73318,1.7341,1.83967,1.83301,1.8791,1.86923,1.71761,1.86526,1.7353,1.81253,1.87532,1.95444,1.90563,1.66687,1.64603,1.88049,1.74003,1.80666,1.93323,1.6325,1.8292,1.9321,1.92234,1.7405,2.02734,1.95208,2.00215,1.87995,1.88034,1.75712,1.6722,1.83276,1.85137,1.87832,1.91989,1.77486,1.7431,1.86476,1.7656,1.74801,1.87433,1.67403,1.97327,1.9811,1.75741,1.94386,1.9051,2.03935,1.97972,1.85567,1.83415,1.87727,1.80644,1.69695,1.80309,1.7668,1.77418,1.85666,1.78216,1.79557,1.83852,1.71296,1.95834,1.93148,1.8459,1.79669,1.96331
1.79032,1.6776,1.88607,1.86176,1.89652,1.86783,1.82812,1.83467,1.65998,1.69014,1.98218,1.79457,1.8584,1.82157,1.77695,1.79311,1.78179,1.92659,1.84402,1.70477,1.87146,1.84655,1.864,1.8898,1.98293,1.87645,1.74889,1.68022,1.87354,1.8381,1.89984,1.78997,1.97636,1.70502,1.73196,1.901,1.79868,1.86936,1.90077,1.70835,1.87193,1.76992,1.79358,1.95418,1.95598,1.87761,1.61757,1.66895,1.88029,1.68445,1.80206,1.9047,1.64015,1.7856,1.82446,1.90655,1.7714,1.91709,1.87745,1.87853,1.84471,1.89249,1.76633,1.6663,1.83453,1.84537,1.88434,1.91451,1.76685,1.81364,1.8303,1.70749,1.76524,1.86135,1.68196,1.98232,1.89416,1.74303,1.95124,1.85139,2.00319,1.95759,1.84759,1.79928,1.87246,1.8146,1.68323,1.82157,1.75305,1.78183,1.79281,1.77418,1.87277,1.82883,1.73581,1.94284,1.97433,1.82489,1.87626,1.96459
1.75324,1.70407,1.93281,1.9102,1.89208,1.78226,1.91123,1.80348,1.65793,1.67392,1.93862,1.78726,1.90983,1.84296,1.75661,1.87125,1.74128,1.88214,1.84247,1.75936,1.78547,1.87661,1.8227,1.83737,2.02616,1.86409,1.71928,1.61845,1.90981,1.88284,1.87276,1.75883,1.98303,1.68082,1.6656,1.9666,1.76126,1.84655,1.91217,1.71711,1.79781,1.75175,1.82276,1.94872,1.93309,1.90267,1.6269,1.7538,1.86802,1.65205,1.85402,1.89324,1.68561,1.78752,1.83439,1.86498,1.81359,1.93227,1.78289,1.87817,1.81677,1.87201,1.75696,1.68503,1.79995,1.82299,1.81168,1.85404,1.70558,1.80857,1.88006,1.7348,1.70893,1.84161,1.7056,1.90645,1.85526,1.79462,1.93459,1.83049,1.89575,1.97511,1.82874,1.89643,1.83521,1.90067,1.6322,1.84895,1.77753,1.84591,1.81175,1.75659,1.86762,1.85082,1.71923,1.91696,1.98933,1.80929,1.91435,1.86578
1.72907,1.74682,1.96023,1.9494,1.89886,1.82214,1.89301,1.78246,1.63242,1.68599,1.94989,1.73415,1.93947,1.86947,1.79538,1.88385,1.71683,1.94754,1.84035,1.78811,1.77226,1.84458,1.80461,1.81845,2.01606,1.96327,1.68843,1.64786,1.90852,1.93488,1.88247,1.84199,2.01175,1.71852,1.69425,1.95127,1.76694,1.76178,1.86786,1.69663,1.8714,1.75449,1.89283,1.8755,1.95748,1.8263,1.69692,1.8126,1.90272,1.59718,1.86095,1.92926,1.68057,1.86269,1.89558,1.9662,1.87375,1.88872,1.77698,1.87728,1.82141,1.8992,1.76943,1.69334,1.87934,1.84648,1.7906,1.86251,1.78528,1.82467,1.85852,1.72975,1.71005,1.87662,1.73215,1.86161,1.76857,1.76344,1.86707,1.79938,1.98212,1.95967,1.85824,1.91569,1.88963,1.91665,1.65683,1.86221,1.80115,1.85445,1.81235,1.73233,1.87654,1.87655,1.70428,1.99207,1.98258,1.86688,1.89564,1.92542
1.76922,1.77243,1.96452,1.89901,1.85702,1.87534,1.8756,1.84475,1.6137,1.73562,1.88656,1.70589,1.88422,1.88986,1.70607,1.8425,1.72424,1.92926,1.86078,1.77299,1.7617,1.86175,1.83166,1.85053,1.92765,1.92686,1.67724,1.67075,1.9047,1.91948,1.93725,1.89981,1.9293,1.68817,1.7567,1.92555,1.71698,1.78653,1.77997,1.67614,1.80184,1.75415,1.86647,1.87769,1.92135,1.93217,1.74406,1.86106,1.98992,1.6735,1.88779,1.93571,1.66446,1.85623,1.88832,1.94942,1.8516,1.9847,1.76017,1.85194,1.82857,1.94044,1.80758,1.70684,1.84317,1.87901,1.70102,1.92466,1.80582,1.7662,1.84796,1.7943,1.6802,1.87871,1.7557,1.80578,1.79606,1.76662,1.91349,1.80337,1.86621,1.95686,1.88034,1.89741,1.87637,1.92149,1.62374,1.84151,1.82305,1.92187,1.8329,1.71631,1.87193,1.91471,1.68788,1.99036,1.97593,1.82757,1.86228,1.95382
1.79401,1.72748,1.99666,1.86132,1.75915,1.90235,1.92646,1.87687,1.63955,1.70363,1.94424,1.64761,1.88022,1.89975,1.71016,1.85521,1.81638,1.97894,1.76547,1.81462,1.81838,1.92577,1.83155,1.81452,1.99557,1.9539,1.70971,1.70415,1.86186,1.9282,1.982,1.87708,1.93545,1.716,1.79969,1.932,1.79945,1.83684,1.72198,1.74762,1.84969,1.84828,1.83524,1.89074,1.8848,1.95441,1.71683,1.89919,1.97569,1.72056,1.87979,1.84657,1.63458,1.80842,1.92079,1.97307,1.88123,1.95483,1.79761,1.87011,1.7792,1.94534,1.81698,1.68914,1.90101,1.84322,1.75779,1.89008,1.86272,1.73906,1.86745,1.71527,1.71985,1.88253,1.73553,1.85837,1.82519,1.75016,1.92954,1.86563,1.76929,1.98305,1.84527,1.87736,1.82642,1.9763,1.6606,1.76639,1.87697,1.92802,1.78123,1.74163,1.91012,1.96743,1.67538,1.99364,1.9546,1.8467,1.88244,1.93125
1.83928,1.75051,2.02904,1.88246,1.83323,1.97079,1.98884,1.79842,1.6562,1.69641,1.88797,1.71121,1.88331,1.91608,1.72796,1.91898,1.80886,1.87517,1.90659,1.78097,1.86054,2.01308,1.79057,1.87055,2.00115,1.97088,1.69031,1.68173,1.90816,1.98226,1.9622,1.89528,1.96797,1.69649,1.83396,2.02889,1.79428,1.83971,1.73235,1.83107,1.89313,1.83851,1.82111,1.93389,1.90279,2.00201,1.67868,1.89965,1.96723,1.82388,1.82465,1.83716,1.7154,1.79932,1.89385,1.92456,1.90837,1.91445,1.82692,1.90833,1.81277,1.88832,1.82121,1.69057,1.854,1.88967,1.85664,1.86912,1.7905,1.74004,1.92904,1.76215,1.72614,1.96665,1.70967,1.91882,1.86441,1.82119,1.90743,1.87698,1.78423,1.94452,1.89136,1.83664,1.7712,1.98093,1.72996,1.74849,1.91025,1.88436,1.8076,1.70826,1.94168,1.90035,1.70804,2.1032,1.98038,1.8592,1.91013,1.94521
1.78639,1.80898,1.99921,1.85956,1.78145,1.93741,2.04057,1.83061,1.62032,1.74251,1.85702,1.71219,1.93674,1.88936,1.80037,1.97402,1.83012,1.93402,1.96978,1.79278,1.83471,2.02414,1.77523,1.94043,2.04684,2.0087,1.73459,1.69502,1.88513,2.04478,1.9538,1.86548,2.01028,1.72724,1.83045,2.06042,1.87361,1.87869,1.7171,1.88337,1.94027,1.80622,1.7328,1.99323,1.91856,1.96934,1.77067,1.90099,1.89229,1.8578,1.841,1.89116,1.74389,1.86074,2.01225,2.01913,1.89953,1.90507,1.8778,1.909,1.75744,1.85212,1.8766,1.77162,1.82835,1.82603,1.88963,1.91619,1.86561,1.78056,1.9219,1.81455,1.75246,2.03479,1.6711,1.96043,1.93935,1.87824,1.95259,1.88209,1.82156,1.96416,1.87374,1.80883,1.77769,2.03699,1.77451,1.81642,1.91915,1.94595,1.78813,1.71748,1.89002,1.90905,1.77741,2.11274,1.96198,1.92028,1.88225,1.9563
1.87131,1.84455,2.05073,1.93146,1.89489,1.97594,2.04638,1.79929,1.69292,1.81278,1.90573,1.77094,1.93142,1.94391,1.83534,1.9931,1.79005,1.9321,1.95963,1.77264,1.86633,2.0919,1.78923,1.9809,2.08107,2.07775,1.71841,1.71727,1.86601,2.01453,1.91283,1.85086,1.95589,1.69968,1.89098,2.13086,1.89934,1.85731,1.78105,1.89518,2.00171,1.87894,1.79172,2.02911,1.92688,1.98678,1.81322,1.90745,1.93992,1.86632,1.88014,2.00778,1.77639,1.83345,2.07716,2.05801,1.92044,1.94519,1.94626,1.98204,1.81682,1.8911,1.86944,1.84236,1.94667,1.85666,1.85312,1.88536,1.85228,1.817,1.93104,1.85454,1.75031,2.02662,1.70207,1.96665,1.98633,1.87929,1.9717,1.78844,1.83429,2.01622,1.90854,1.86001,1.82024,2.01148,1.82711,1.81738,1.90102,1.94513,1.86919,1.77857,1.89447,1.88329,1.80506,2.10378,1.97612,1.89085,1.85635,1.99059
1.91538,1.85575,2.07512,1.93107,1.8507,2.07071,2.0223,1.87045,1.64652,1.83745,1.91932,1.80648,1.87546,1.97783,1.88677,2.01018,1.79175,1.97639,1.94284,1.82297,1.91262,2.10117,1.89541,1.99274,2.12631,2.08608,1.80502,1.79887,1.91846,2.06684,1.93791,1.90396,1.95381,1.6536,1.83661,2.14548,1.8505,1.92841,1.75278,1.88036,1.98922,1.92305,1.81256,2.04499,1.98533,2.08244,1.86749,1.91467,2.02053,1.8988,1.92731,2.00325,1.79901,1.88845,2.11479,2.01188,2.01161,1.89614,2.01301,1.97249,1.79795,1.93927,1.8762,1.89126,1.9715,1.85197,1.80786,1.94132,1.91696,1.87036,1.93291,1.93705,1.77913,2.04034,1.76377,1.93552,1.96876,1.89048,1.98458,1.81976,1.84916,2.03015,2.01012,1.86548,1.88642,2.04119,1.81883,1.83682,1.88631,1.95419,1.85289,1.80222,1.89723,1.99123,1.89382,2.06001,2.04991,1.91449,1.82716,2.03558
2.05887,1.90495,2.09934,1.925,1.94018,2.12464,2.01375,1.89923,1.69088,1.97286,1.93958,1.85488,1.79687,2.06261,1.90993,2.04554,1.82627,1.97025,1.94951,1.8845,1.98318,2.0675,1.90114,2.002,2.17148,2.00378,1.81558,1.8596,1.93574,2.06663,2.04311,1.88,1.93172,1.67857,1.8725,2.12403,1.77634,1.9099,1.81453,1.96026,1.96105,2.03112,1.82843,2.10996,2.13033,2.09379,1.95112,1.93197,1.98556,1.87309,1.99184,2.02203,1.78732,1.86278,2.20593,2.00078,2.08544,1.90236,2.01213,2.05264,1.8467,2.00117,1.92,1.89068,1.97986,1.91352,1.83914,1.91361,1.9057,1.895,1.9525,1.89823,1.82687,2.01914,1.81359,1.9303,2.03785,1.91308,2.05395,1.90091,1.87543,2.04776,2.05525,1.9469,1.94288,1.99824,1.84971,1.77857,1.90631,1.95026,1.91027,1.85861,1.94987,1.90476,1.92165,2.06846,2.06965,1.93726,1.83197,1.99305
2.08587,1.98843,2.02616,1.94591,1.95732,2.15325,1.98868,1.89215,1.73975,2.04822,2.0381,1.92422,1.78131,2.01084,1.94059,1.99489,1.87871,2.06831,1.95768,1.86886,1.98106,2.06594,1.92964,2.03587,2.18489,2.01632,1.89715,1.8429,2.02031,2.13245,2.03306,1.86272,1.93691,1.66297,1.93206,2.04171,1.82488,1.98203,1.86128,1.98575,1.87543,2.11192,1.8352,2.07539,2.15805,2.10654,2.05633,1.9595,1.99042,1.90261,2.00652,2.02994,1.85471,1.84991,2.17336,2.02742,2.12483,2.00326,1.9654,2.08654,1.82122,2.04434,1.9523,1.92028,1.9967,1.96752,1.93693,1.86568,1.95724,1.86221,1.9788,1.95909,1.84644,2.00548,1.91687,1.9396,2.03411,1.8991,2.10623,1.89732,1.88764,2.0318,2.11265,1.95957,1.99463,1.9974,1.8898,1.80838,1.90209,2.00358,1.98842,1.92054,2.01426,1.916,1.91438,2.14098,2.08209,2.00173,1.96307,2.00592
2.05024,1.99511,2.04791,2.03433,1.9708,2.21962,2.08326,1.92493,1.7237,2.06816,2.02722,2.00389,1.77791,2.02587,1.89413,2.06815,1.86548,2.00688,1.92513,1.87095,2.00765,2.0681,1.86707,2.01558,2.24426,2.07796,1.86963,1.93648,2.02733,2.08906,2.01187,1.92357,1.97673,1.70602,1.92319,2.0829,1.94824,1.98152,1.83443,1.98261,1.91646,2.14849,1.87161,2.12412,2.1671,2.12124,2.10054,2.08526,2.01101,1.91918,1.98699,2.10914,1.86746,1.84986,2.1684,2.08744,2.07173,2.00848,1.96575,2.07088,1.85812,2.14387,2.07645,1.91288,1.96038,2.00558,1.91591,1.85703,1.96048,1.85518,2.02622,2.06188,1.86236,1.97086,1.95107,1.92835,2.03164,2.0094,2.14798,1.89726,1.96643,1.9745,2.13684,1.96806,2.00007,2.05664,1.88512,1.80319,2.05666,2.07839,2.05414,1.98869,1.99165,1.93934,1.90153,2.18267,2.02542,2.05722,2.0077,2.00855
2.08394,2.03417,2.02217,2.04399,1.96195,2.25105,2.06842,1.85205,1.76277,2.11684,2.10339,2.10373,1.78545,2.00319,1.88226,2.08652,1.93908,1.92665,1.98177,1.83809,2.05696,2.08607,1.84473,2.0373,2.24949,2.10139,1.88424,1.90061,2.03349,2.00248,1.93183,1.96807,1.99436,1.785,1.92034,2.04337,1.97771,2.02612,1.9245,2.05196,1.89744,2.15804,1.97555,2.17634,2.22724,2.09649,1.99944,2.1028,1.98988,2.00576,1.90362,2.13677,1.93551,1.93066,2.12928,2.05768,2.08885,2.04582,2.05227,2.12106,1.88408,2.11703,2.05529,1.94858,2.06207,2.0789,2.05482,1.91923,1.99571,1.8486,2.1258,2.08419,1.95588,1.98349,1.99163,2.03021,2.08308,2.06626,2.18684,1.99147,2.05187,2.01795,2.14802,2.06669,2.05165,2.09866,1.94895,1.76905,2.11963,2.05778,2.06323,2.02998,1.9724,2.01733,1.88845,2.17914,2.04934,2.03405,2.08005,2.07768
2.05466,2.0269,2.03549,2.08698,1.95608,2.30458,2.09503,1.83682,1.8248,2.20605,2.00937,2.10195,1.79154,2.14844,1.90514,2.14815,1.95793,1.95159,2.03599,1.845,2.04625,2.15418,1.92336,2.06867,2.29213,2.13311,1.96114,1.96269,2.02672,2.07722,1.92816,2.07362,1.95157,1.83551,1.87047,2.09842,2.05728,2.12598,1.95853,2.05916,1.93426,2.14818,2.0051,2.18671,2.27347,2.09808,2.03688,2.11545,2.06575,2.02546,1.97093,2.14295,1.94547,2.05061,2.15397,2.08629,2.12921,2.07755,2.07572,2.13791,1.90527,2.16209,2.12329,1.98767,2.0197,2.15677,2.0905,1.98465,1.98748,1.90653,2.16898,2.1239,1.95263,2.02739,2.0025,2.06589,2.11593,2.16646,2.14266,2.00804,2.10275,2.04326,2.20391,2.04264,2.08495,2.16764,2.00204,1.83156,2.15364,2.06261,2.0853,2.0272,1.97882,2.01495,1.92282,2.19211,2.02609,2.00369,2.0744,2.10668
2.16668,2.18066,2.06999,2.05106,2.00365,2.33256,2.17202,1.84801,1.89237,2.22066,2.00745,2.18559,1.78152,2.10001,1.92308,2.20421,2.053,1.98129,2.11002,1.9781,2.01169,2.20504,1.97015,2.12204,2.34771,2.14586,1.9652,2.01872,2.04939,2.1203,1.95686,2.08893,1.98594,1.89166,2.0191,2.07253,2.04188,2.13055,2.01581,2.16925,2.02861,2.20749,2.06147,2.24343,2.31525,2.18628,2.04564,2.12851,2.14055,2.02017,2.08528,2.21055,1.98627,2.06814,2.21155,2.04534,2.18435,2.06811,2.09076,2.21584,1.9551,2.20148,2.13148,1.99605,2.02522,2.18718,2.08905,1.97154,2.03303,1.93931,2.25397,2.04269,2.01017,1.9879,2.06515,2.1373,2.15966,2.16587,2.24128,2.03665,2.12542,2.08602,2.21669,2.12057,2.03894,2.16546,2.07366,1.86314,2.08103,2.04435,2.08124,2.03301,2.07009,2.09444,1.94009,2.21313,2.04395,2.03297,2.0878,2.10875
2.16772,2.17344,2.137,2.12539,2.08785,2.25371,2.22644,1.99678,1.94561,2.3311,2.00664,2.19859,1.82251,2.14292,1.9384,2.1054,2.05914,2.01972,2.12463,2.04801,1.97833,2.21351,1.99477,2.16873,2.37174,2.1931,1.99543,2.06711,2.16475,2.14367,1.9962,2.12812,2.0127,1.98462,2.02805,2.15482,2.03297,2.1128,2.09013,2.12959,2.03946,2.20168,2.09044,2.23515,2.3916,2.26342,2.08126,2.14348,2.11733,2.0369,2.19397,2.20833,2.01752,2.0357,2.19573,2.11034,2.2331,2.05886,2.1631,2.17339,1.94062,2.24901,2.0702,1.96102,2.11285,2.2265,2.13101,2.01965,2.06468,1.99713,2.25388,2.09798,2.02706,2.06385,2.02899,2.11025,2.20526,2.1567,2.38161,2.12691,2.10944,2.04603,2.22171,2.19298,1.97959,2.24032,2.13381,1.9308,2.06706,2.05515,2.08479,2.08293,2.04388,2.04101,2.01355,2.20917,2.04735,2.06531,2.19614,2.09656
2.19084,2.20242,2.11521,2.11146,2.13583,2.21945,2.21999,2.00402,1.89245,2.38604,2.01968,2.28688,1.89793,2.20357,1.90867,2.13245,2.1103,2.10205,2.14929,2.02346,2.08591,2.19501,2.00623,2.1831,2.44548,2.19621,2.02303,2.10725,2.17478,2.098,2.06641,2.12198,2.05653,2.0639,2.09656,2.14088,2.02422,2.1417,2.06475,2.25474,2.07737,2.21369,2.15618,2.279,2.39001,2.26768,2.10861,2.14814,2.05591,2.0637,2.27089,2.26374,2.06797,2.03131,2.24959,2.14011,2.29216,2.05805,2.16632,2.19974,1.99443,2.31481,2.09574,2.02159,2.16208,2.18265,2.20287,2.07077,2.12469,2.00191,2.2412,2.09601,2.03895,2.05455,2.0398,2.1252,2.21239,2.143,2.42735,2.15556,2.07591,2.02905,2.25202,2.25402,2.03333,2.22818,2.19934,1.94154,2.14474,2.08605,2.09777,2.14507,2.10241,2.08588,1.99007,2.23507,2.06168,2.07996,2.15567,2.08321
2.20259,2.23596,2.20626,2.12887,2.23324,2.1971,2.26359,2.052,1.94902,2.43526,2.11031,2.29943,1.9269,2.15068,1.97205,2.11435,2.15468,2.15307,2.1442,2.06152,2.1229,2.18653,1.96975,2.28042,2.41664,2.24947,2.0586,2.08865,2.11499,2.11596,2.03486,2.20717,2.02432,2.05202,2.11949,2.10915,2.07514,2.17882,2.10951,2.2579,2.14176,2.26651,2.25054,2.2529,2.40547,2.24551,2.17357,2.09713,2.10227,2.04648,2.24665,2.24741,2.13573,2.06073,2.29256,2.19379,2.18911,2.02865,2.14779,2.24203,1.96707,2.31572,2.17197,1.99378,2.2295,2.24244,2.28447,2.07196,2.16625,2.08996,2.19715,2.0654,2.05787,2.02535,2.03621,2.18167,2.17582,2.14352,2.44269,2.14034,2.07949,2.06711,2.30142,2.30892,2.12653,2.37885,2.17696,1.97639,2.18534,2.06126,2.10539,2.18825,2.09686,2.06653,2.07307,2.20966,2.11602,2.14873,2.12401,2.11087
2.30825,2.19314,2.27754,2.18641,2.25931,2.21989,2.26048,2.11931,1.99364,2.4035,2.12012,2.28622,1.98972,2.17619,1.97404,2.12176,2.15579,2.13164,2.14688,2.11607,2.1822,2.19665,2.02367,2.25491,2.40633,2.32351,2.07575,2.0747,2.08762,2.24446,2.10462,2.25956,2.15209,2.12669,2.10251,2.11141,2.10317,2.18654,2.14172,2.23007,2.21485,2.24427,2.27147,2.32301,2.46613,2.15738,2.23558,2.05489,2.03761,2.14227,2.21732,2.22212,2.13729,2.15152,2.36195,2.3251,2.19229,2.04118,2.12574,2.33037,1.96197,2.33798,2.15895,2.04243,2.2712,2.31602,2.28253,2.14112,2.17919,2.12748,2.22295,2.10356,2.14582,2.06035,2.13191,2.16258,2.22396,2.23609,2.45281,2.15199,2.17666,2.11906,2.35397,2.23836,2.15971,2.39608,2.33195,2.06106,2.1411,2.09508,2.18163,2.24243,2.18244,2.05122,2.10956,2.32205,2.22016,2.20971,2.06677,2.16078
2.32536,2.27355,2.26792,2.14895,2.29362,2.13729,2.2819,2.08451,2.02566,2.39732,2.20036,2.26199,2.07399,2.21348,2.06235,2.10761,2.20356,2.19264,2.21486,2.09977,2.23524,2.17326,2.09045,2.20563,2.38934,2.28862,2.08578,2.1436,2.07965,2.29423,2.14324,2.29265,2.17135,2.15271,2.16803,2.15759,2.10812,2.20238,2.09278,2.26208,2.19238,2.23293,2.31424,2.26643,2.53034,2.13151,2.2083,2.00877,2.04573,2.24165,2.24849,2.21361,2.21159,2.17391,2.35861,2.31502,2.23935,2.14465,2.15667,2.30769,1.93828,2.34518,2.14459,2.02842,2.27188,2.33216,2.28783,2.11922,2.17884,2.17295,2.24756,2.12746,2.23892,2.0578,2.09568,2.19362,2.22142,2.28897,2.46365,2.16851,2.25552,2.10679,2.36814,2.28724,2.16217,2.39677,2.30212,2.16871,2.14556,2.11676,2.18334,2.3281,2.18761,2.07704,2.14348,2.33056,2.3662,2.21063,2.07163,2.18812
2.32151,2.24195,2.33764,2.08947,2.23644,2.23634,2.2422,2.11947,2.1295,2.46678,2.27437,2.34691,2.11977,2.21512,2.10883,2.16135,2.17644,2.19392,2.29774,2.10329,2.27213,2.16835,2.21355,2.15802,2.40014,2.3586,2.10219,2.26189,2.12929,2.36362,2.13849,2.29844,2.21473,2.18166,2.17504,2.31567,2.12483,2.22372,2.14857,2.32273,2.1973,2.21262,2.25523,2.33201,2.5237,2.10584,2.24672,2.06069,2.09041,2.27533,2.29263,2.18073,2.24807,2.10788,2.39256,2.33877,2.21984,2.16608,2.16378,2.31872,1.8843,2.33688,2.14691,2.15266,2.30887,2.36191,2.37057,2.17579,2.23606,2.18329,2.26232,2.1435,2.22259,2.16557,2.08693,2.19776,2.25122,2.28665,2.4779,2.1918,2.39609,2.15938,2.33067,2.39191,2.19607,2.36839,2.2872,2.1857,2.24386,2.06255,2.30239,2.34224,2.19631,2.11389,2.17339,2.41185,2.3536,2.26316,2.13505,2.29466
2.28102,2.35015,2.43826,2.18764,2.24297,2.28386,2.27043,2.11988,2.13407,2.48359,2.37075,2.40807,2.20082,2.18791,2.16359,2.13576,2.22816,2.23068,2.26393,2.01965,2.30103,2.16321,2.20268,2.16841,2.42232,2.37615,2.10782,2.32421,2.19728,2.34665,2.12493,2.24573,2.23746,2.2198,2.16561,2.34262,2.16623,2.19411,2.2032,2.4327,2.23873,2.24554,2.33728,2.31399,2.57135,2.14664,2.2263,2.0712,2.15289,2.24562,2.26429,2.26483,2.23144,2.09436,2.39464,2.36336,2.20181,2.18212,2.22433,2.28176,1.99607,2.37727,2.16683,2.23522,2.41267,2.38407,2.43265,2.21773,2.37668,2.26291,2.29802,2.1975,2.29089,2.18061,2.12162,2.127,2.22119,2.28591,2.52863,2.24836,2.51693,2.17428,2.30364,2.45653,2.15324,2.42288,2.29315,2.24142,2.29031,2.00561,2.2965,2.3637,2.2436,2.19558,2.22099,2.27802,2.39259,2.3112,2.1816,2.29017
2.23598,2.38363,2.43161,2.17433,2.17456,2.3215,2.28471,2.20422,2.1352,2.50377,2.32954,2.45975,2.17363,2.26674,2.23706,2.17233,2.25551,2.32098,2.26842,2.09205,2.31127,2.2493,2.2077,2.15222,2.4297,2.34294,2.12978,2.32586,2.17989,2.30592,2.09416,2.26988,2.28474,2.28548,2.16682,2.25715,2.10866,2.20833,2.21325,2.45203,2.2848,2.31382,2.29631,2.43067,2.53511,2.1537,2.21431,2.18395,2.12291,2.23933,2.18054,2.27801,2.23936,2.13772,2.43885,2.36018,2.25067,2.18399,2.31786,2.22706,2.07061,2.4104,2.17647,2.28695,2.44853,2.45238,2.44993,2.32169,2.39292,2.26225,2.32597,2.27875,2.32402,2.20911,2.07494,2.19276,2.20896,2.33582,2.44479,2.26411,2.52639,2.18168,2.28552,2.44802,2.16571,2.41345,2.3497,2.22698,2.35808,2.08495,2.33448,2.35904,2.33684,2.17014,2.27819,2.26341,2.29542,2.25382,2.25793,2.29483
2.26405,2.40972,2.36576,2.25541,2.14529,2.28149,2.21807,2.19822,2.20074,2.44426,2.33524,2.47749,2.16695,2.37532,2.32878,2.21294,2.36756,2.36407,2.37534,2.20179,2.31788,2.3091,2.23027,2.24989,2.43813,2.38238,2.11598,2.348,2.20701,2.32686,2.13287,2.32273,2.31198,2.35201,2.30089,2.36022,2.14253,2.27843,2.25051,2.46538,2.27007,2.34927,2.27481,2.44504,2.57047,2.20136,2.19749,2.18567,2.13337,2.27581,2.17903,2.27878,2.23421,2.23505,2.47529,2.35683,2.29192,2.30965,2.41157,2.26879,2.20559,2.39306,2.22262,2.25091,2.47893,2.41582,2.4069,2.31544,2.39299,2.26613,2.27235,2.2878,2.29638,2.22726,2.19497,2.21878,2.2672,2.38996,2.54324,2.32294,2.50149,2.17929,2.25904,2.39347,2.24321,2.43424,2.35386,2.25977,2.35735,2.0862,2.31215,2.31997,2.30326,2.14997,2.31754,2.28542,2.27142,2.25772,2.2155,2.30158
2.31985,2.45519,2.33903,2.21281,2.18279,2.3197,2.29005,2.1855,2.26503,2.4785,2.37424,2.41167,2.0809,2.40019,2.37948,2.26165,2.36562,2.32828,2.38163,2.23998,2.39306,2.35078,2.25462,2.28006,2.30166,2.33999,2.16204,2.37508,2.16104,2.36648,2.17389,2.36474,2.30928,2.39183,2.28096,2.33464,2.1825,2.28444,2.22577,2.5075,2.24375,2.38626,2.29916,2.45842,2.6438,2.12555,2.18506,2.17103,2.13538,2.18763,2.27522,2.3427,2.21497,2.32653,2.51024,2.37147,2.3758,2.38075,2.41126,2.32494,2.20077,2.35571,2.26696,2.27386,2.48949,2.46417,2.43186,2.33845,2.46285,2.30666,2.36079,2.29045,2.30711,2.29936,2.26631,2.19429,2.30689,2.4584,2.51436,2.34237,2.50769,2.18996,2.20635,2.37166,2.32849,2.47074,2.41276,2.26642,2.32773,2.15993,2.36056,2.41453,2.4219,2.17101,2.36079,2.32197,2.27999,2.31496,2.15973,2.2815
2.39032,2.39594,2.30135,2.32007,2.28652,2.36955,2.25007,2.2245,2.30818,2.51436,2.36161,2.45424,2.21011,2.45165,2.34958,2.24346,2.45334,2.35902,2.46072,2.22294,2.42382,2.34803,2.28205,2.24169,2.29161,2.35755,2.25636,2.40595,2.24822,2.3671,2.15713,2.38488,2.29348,2.38362,2.26211,2.34099,2.17995,2.26309,2.20451,2.66077,2.23525,2.41385,2.2737,2.428,2.63537,2.13067,2.20378,2.11577,2.2068,2.25605,2.28947,2.39057,2.25017,2.41913,2.49982,2.41923,2.29815,2.36633,2.39904,2.37452,2.25804,2.33935,2.30494,2.26787,2.45928,2.44278,2.50873,2.3543,2.51131,2.38888,2.34214,2.24999,2.37185,2.41647,2.28203,2.20008,2.33169,2.41917,2.57205,2.32339,2.48054,2.15979,2.27257,2.34136,2.36103,2.43213,2.40909,2.29674,2.3119,2.21793,2.4637,2.49354,2.35097,2.10983,2.3648,2.41933,2.40051,2.41923,2.16306,2.35234
2.40592,2.3387,2.32981,2.28311,2.24682,2.43014,2.26923,2.28004,2.37309,2.50101,2.36398,2.47679,2.26911,2.52268,2.43827,2.31665,2.56435,2.36218,2.46577,2.27965,2.5047,2.31456,2.30952,2.22762,2.29567,2.35662,2.399,2.45763,2.29431,2.41578,2.11123,2.39223,2.37547,2.37702,2.31653,2.29207,2.20945,2.22447,2.23254,2.6564,2.27281,2.4521,2.32418,2.39398,2.61658,2.20696,2.20996,2.16877,2.22871,2.23931,2.36231,2.34939,2.23859,2.49669,2.55604,2.43644,2.32469,2.28316,2.39286,2.38593,2.30875,2.30861,2.33884,2.29081,2.47278,2.49134,2.52646,2.36826,2.49715,2.35177,2.35161,2.22438,2.39401,2.43108,2.30087,2.24489,2.33367,2.43298,2.59383,2.27673,2.53879,2.16789,2.28267,2.40508,2.32062,2.36624,2.31683,2.3523,2.37746,2.21434,2.46399,2.50259,2.35627,2.20168,2.3751,2.39528,2.40467,2.45489,2.1995,2.32625
2.39903,2.34877,2.40606,2.2595,2.31867,2.46016,2.29215,2.29287,2.39582,2.55802,2.37843,2.63393,2.37519,2.51447,2.40972,2.29578,2.57893,2.45274,2.399,2.32263,2.52117,2.36177,2.35184,2.29249,2.24157,2.36199,2.3964,2.57866,2.31668,2.38655,2.19215,2.40695,2.3683,2.38448,2.40184,2.28779,2.29652,2.34108,2.27337,2.70074,2.2313,2.37663,2.35307,2.36163,2.55011,2.20226,2.2953,2.19342,2.27292,2.25791,2.36407,2.4394,2.20924,2.48124,2.54555,2.42291,2.37361,2.29538,2.30102,2.40098,2.31187,2.26399,2.37337,2.36294,2.43391,2.54289,2.45961,2.40193,2.45965,2.37852,2.39572,2.24323,2.44826,2.54473,2.34365,2.33519,2.33874,2.375,2.60767,2.32583,2.52615,2.18485,2.31355,2.45199,2.30412,2.39589,2.29496,2.38149,2.41046,2.21818,2.47178,2.61829,2.32627,2.31694,2.43425,2.47167,2.43384,2.51545,2.26012,2.34904
2.35031,2.26832,2.47773,2.30273,2.30187,2.33782,2.22666,2.29498,2.3754,2.55387,2.36806,2.67059,2.39258,2.4794,2.35367,2.29526,2.56935,2.52597,2.39216,2.40209,2.4194,2.39433,2.31154,2.23232,2.30794,2.27729,2.48073,2.53022,2.23913,2.38386,2.30866,2.36811,2.49479,2.44598,2.42012,2.36257,2.32478,2.32169,2.32682,2.68413,2.29727,2.43642,2.37085,2.43615,2.56432,2.23874,2.307,2.25863,2.43458,2.27676,2.31345,2.4584,2.26896,2.42702,2.56962,2.37159,2.3255,2.36506,2.30188,2.43749,2.2922,2.28939,2.39525,2.40448,2.40884,2.54853,2.44939,2.41627,2.42128,2.43821,2.44073,2.2612,2.46922,2.54702,2.32555,2.34913,2.36639,2.4285,2.51566,2.32005,2.64582,2.16881,2.31066,2.44645,2.35554,2.40704,2.31149,2.32465,2.45248,2.21263,2.44665,2.60711,2.34144,2.3674,2.44205,2.46927,2.27828,2.51717,2.22965,2.38005
2.38861,2.35896,2.46736,2.32203,2.30812,2.38805,2.22942,2.36649,2.3561,2.53601,2.41161,2.59843,2.33535,2.43539,2.36271,2.32227,2.49256,2.44902,2.33579,2.38951,2.41625,2.43173,2.3809,2.26922,2.3332,2.28024,2.52532,2.58267,2.27122,2.43406,2.25199,2.43905,2.5312,2.4082,2.50866,2.44767,2.2953,2.31701,2.36616,2.69819,2.2691,2.38681,2.4169,2.42153,2.58716,2.29222,2.40995,2.31441,2.32374,2.28854,2.33291,2.42505,2.32478,2.39998,2.53205,2.43853,2.32082,2.40663,2.36578,2.3823,2.33774,2.31154,2.44085,2.42539,2.43888,2.65918,2.48643,2.41425,2.41207,2.52678,2.47678,2.35369,2.47428,2.54091,2.31857,2.31309,2.31741,2.49063,2.54736,2.31781,2.59303,2.17048,2.35597,2.45837,2.39785,2.43046,2.31702,2.36814,2.51415,2.27068,2.47719,2.60002,2.35578,2.4403,2.50354,2.45592,2.26211,2.54185,2.23943,2.40911
2.36486,2.40331,2.44117,2.36981,2.28357,2.40847,2.16488,2.35346,2.43931,2.60387,2.50745,2.56635,2.33772,2.45709,2.44351,2.34327,2.44115,2.40598,2.38078,2.38202,2.40385,2.44816,2.35828,2.35776,2.33012,2.42036,2.55443,2.53971,2.32824,2.44773,2.30532,2.45827,2.56319,2.47346,2.39456,2.36489,2.29358,2.3497,2.33193,2.66155,2.34111,2.37508,2.45085,2.48453,2.57937,2.33233,2.48157,2.38416,2.31455,2.28017,2.32264,2.40313,2.33088,2.42809,2.56159,2.38713,2.28227,2.37522,2.43608,2.35297,2.32745,2.29124,2.46122,2.45116,2.46757,2.69309,2.54831,2.41346,2.40715,2.57023,2.42904,2.37079,2.51095,2.52243,2.31193,2.30187,2.33188,2.43871,2.53985,2.39423,2.63959,2.22337,2.42882,2.46255,2.41985,2.43333,2.3523,2.3762,2.4431,2.33105,2.50638,2.53736,2.35688,2.36791,2.49596,2.41956,2.33201,2.56022,2.30399,2.44234
2.37054,2.40116,2.40904,2.33451,2.30166,2.34882,2.18429,2.39019,2.38126,2.55682,2.51434,2.48338,2.35001,2.56162,2.40585,2.40786,2.53905,2.43698,2.42151,2.375,2.47045,2.46078,2.387,2.31299,2.34741,2.5018,2.62751,2.56062,2.43294,2.34531,2.27297,2.44969,2.48859,2.45258,2.439,2.40383,2.31671,2.35918,2.35313,2.61758,2.2868,2.44017,2.4583,2.45035,2.55229,2.35526,2.47624,2.35519,2.3018,2.21567,2.35351,2.41375,2.31006,2.38856,2.58523,2.38236,2.28586,2.35586,2.41562,2.35243,2.37112,2.36383,2.45471,2.49947,2.51761,2.75427,2.62067,2.41876,2.42819,2.5335,2.47045,2.45461,2.47821,2.5554,2.30551,2.32004,2.32093,2.52178,2.57413,2.37565,2.61517,2.2683,2.40988,2.50287,2.40698,2.4562,2.32533,2.28058,2.38859,2.3848,2.464,2.5288,2.30091,2.31856,2.55126,2.42329,2.38733,2.61908,2.2643,2.38683
2.42711,2.45725,2.38628,2.38534,2.31991,2.39718,2.1819,2.32704,2.42063,2.58181,2.43572,2.53824,2.38048,2.54035,2.42018,2.42794,2.61034,2.51113,2.47798,2.38095,2.54091,2.49033,2.39242,2.32248,2.36948,2.50047,2.5511,2.5563,2.49589,2.27441,2.23344,2.37407,2.50833,2.43934,2.49716,2.42935,2.29947,2.38438,2.42071,2.68604,2.36171,2.50285,2.45947,2.51024,2.60321,2.34433,2.4628,2.34429,2.37703,2.33303,2.29985,2.38703,2.31589,2.4234,2.60709,2.44994,2.28969,2.399,2.43387,2.40734,2.35323,2.36211,2.43651,2.49329,2.52015,2.70159,2.54478,2.4736,2.39252,2.46739,2.40933,2.51818,2.49061,2.60346,2.32884,2.39377,2.36968,2.47737,2.52844,2.40318,2.64886,2.1568,2.4456,2.50044,2.43148,2.45308,2.32967,2.38563,2.48696,2.36289,2.42614,2.60192,2.34074,2.2708,2.53273,2.3516,2.45691,2.55213,2.31853,2.375
2.38218,2.35795,2.3541,2.42515,2.41011,2.34778,2.24461,2.30335,2.46592,2.50567,2.41046,2.57435,2.33603,2.57082,2.45193,2.48959,2.54823,2.50285,2.42466,2.39299,2.51763,2.60231,2.37611,2.29149,2.42489,2.47772,2.54854,2.57404,2.37557,2.20913,2.33749,2.38542,2.48726,2.47486,2.48053,2.30565,2.38171,2.38941,2.46351,2.64365,2.43519,2.4947,2.38438,2.47929,2.53861,2.35461,2.46156,2.28588,2.36949,2.40719,2.30293,2.36041,2.29179,2.48654,2.58511,2.4284,2.22089,2.44732,2.37787,2.42871,2.27765,2.31915,2.44418,2.47654,2.50947,2.65947,2.48783,2.42134,2.42787,2.54474,2.45302,2.47774,2.58046,2.58737,2.34527,2.41512,2.41605,2.53369,2.55127,2.39505,2.69314,2.24177,2.47869,2.49705,2.50343,2.51508,2.35718,2.38034,2.50604,2.39699,2.46464,2.49181,2.33257,2.31899,2.48229,2.38531,2.5404,2.47694,2.36668,2.43253
2.37344,2.44401,2.34613,2.47474,2.47077,2.28463,2.27872,2.28945,2.46883,2.60649,2.43255,2.60653,2.33902,2.52523,2.46924,2.46628,2.55936,2.51772,2.48525,2.40444,2.51624,2.64894,2.42756,2.31821,2.50414,2.43636,2.51684,2.50565,2.38822,2.23141,2.31758,2.39817,2.50714,2.45619,2.49508,2.31729,2.5311,2.39672,2.48543,2.65448,2.49813,2.47673,2.36807,2.52727,2.58489,2.3826,2.37795,2.36218,2.338,2.32319,2.36245,2.38344,2.27161,2.36905,2.54478,2.42465,2.26284,2.43346,2.40014,2.36608,2.26626,2.32523,2.42689,2.40623,2.52567,2.72894,2.47297,2.49161,2.46801,2.53038,2.45025,2.48118,2.56687,2.55625,2.39589,2.41509,2.38797,2.49221,2.48007,2.44157,2.81951,2.24368,2.48324,2.48458,2.51457,2.50625,2.37964,2.42556,2.5508,2.34758,2.40576,2.42333,2.38435,2.31567,2.49891,2.43577,2.51334,2.46109,2.32503,2.51405
2.39156,2.46221,2.34396,2.40879,2.55207,2.26178,2.35172,2.27711,2.46726,2.64383,2.46308,2.60032,2.34558,2.56966,2.42322,2.4463,2.52529,2.53964,2.45603,2.35991,2.55147,2.62028,2.44046,2.33798,2.46773,2.48155,2.50978,2.48112,2.37887,2.26875,2.30542,2.41371,2.49203,2.41001,2.42947,2.35427,2.59244,2.41307,2.48539,2.71101,2.46912,2.4637,2.3694,2.53031,2.51349,2.38525,2.43315,2.37207,2.3114,2.31763,2.34896,2.42107,2.31366,2.37546,2.51036,2.44534,2.2854,2.40247,2.29787,2.31031,2.2223,2.36567,2.45054,2.46608,2.52951,2.70797,2.53781,2.50445,2.4426,2.56965,2.49031,2.49219,2.58491,2.42887,2.3313,2.44143,2.39089,2.49864,2.49028,2.44752,2.75289,2.30195,2.57424,2.54251,2.47099,2.45564,2.27579,2.5332,2.52226,2.28868,2.43345,2.47631,2.37867,2.28664,2.45968,2.48118,2.56645,2.46669,2.38923,2.49414
2.37379,2.52693,2.35544,2.40316,2.47649,2.27683,2.39751,2.30159,2.42455,2.70277,2.415,2.56254,2.41079,2.62668,2.43294,2.42591,2.458,2.48579,2.42036,2.27166,2.60028,2.58535,2.38798,2.33017,2.48941,2.50486,2.45195,2.49092,2.45979,2.4282,2.31228,2.38287,2.44145,2.46935,2.4396,2.4064,2.56281,2.44882,2.44634,2.70371,2.51901,2.43379,2.34066,2.52927,2.48488,2.37783,2.49349,2.34826,2.2423,2.3055,2.37277,2.45539,2.31853,2.34003,2.53719,2.44973,2.32604,2.37657,2.32926,2.3228,2.22516,2.3359,2.36773,2.46403,2.51835,2.64929,2.57377,2.53362,2.44525,2.5878,2.46711,2.50402,2.51359,2.55183,2.40186,2.47537,2.47864,2.45647,2.51123,2.36986,2.70808,2.3291,2.52136,2.59174,2.45595,2.4548,2.27483,2.55913,2.53415,2.31054,2.4462,2.47513,2.46407,2.29344,2.4918,2.40836,2.45835,2.51078,2.40953,2.54796
2.32091,2.39602,2.26947,2.44256,2.50614,2.28225,2.43945,2.25377,2.4084,2.64419,2.41262,2.54026,2.37579,2.61075,2.49828,2.48224,2.34732,2.49347,2.34294,2.28009,2.53598,2.56855,2.38287,2.33941,2.46727,2.52464,2.48495,2.51018,2.4871,2.37116,2.37861,2.42383,2.47117,2.48977,2.45974,2.33834,2.48997,2.44253,2.43462,2.62115,2.48633,2.4853,2.42784,2.48105,2.41904,2.4604,2.42493,2.31647,2.32558,2.37819,2.38497,2.37245,2.37132,2.32272,2.49086,2.52851,2.38304,2.45346,2.41326,2.2952,2.27198,2.34281,2.34797,2.49199,2.56921,2.58471,2.50334,2.39422,2.45842,2.52515,2.48884,2.49445,2.48648,2.45382,2.43774,2.40654,2.46548,2.48075,2.4931,2.35619,2.65823,2.348,2.49474,2.60268,2.42499,2.35455,2.24042,2.54198,2.48112,2.38704,2.50854,2.58314,2.42871,2.30845,2.49417,2.37564,2.35699,2.50977,2.36546,2.49529
2.36422,2.38318,2.24347,2.41096,2.42163,2.35381,2.49218,2.21736,2.38982,2.66085,2.44546,2.52125,2.32569,2.68911,2.54028,2.50987,2.33392,2.54172,2.35387,2.30846,2.48498,2.47951,2.39223,2.33806,2.39979,2.42906,2.37409,2.53987,2.38211,2.35065,2.41616,2.41472,2.47209,2.59292,2.44065,2.34695,2.53596,2.44599,2.39759,2.54253,2.43985,2.5045,2.49334,2.51581,2.43636,2.47396,2.3904,2.35154,2.28158,2.40554,2.42308,2.31407,2.41588,2.33457,2.49921,2.57176,2.38101,2.51649,2.37186,2.35203,2.32363,2.27053,2.43056,2.52413,2.52754,2.53052,2.36424,2.36333,2.49962,2.51622,2.47075,2.52359,2.5286,2.41703,2.42337,2.49396,2.52783,2.61068,2.46556,2.3922,2.62922,2.39508,2.48286,2.46663,2.43792,2.29989,2.17849,2.6039,2.45646,2.47692,2.50509,2.59586,2.42185,2.29574,2.57788,2.32876,2.35442,2.4576,2.39601,2.54503
2.43123,2.40989,2.21099,2.39823,2.41697,2.35577,2.50407,2.30596,2.36612,2.62925,2.47296,2.56644,2.31249,2.642,2.58367,2.49933,2.34466,2.49924,2.43503,2.38538,2.45068,2.5109,2.53312,2.42813,2.43043,2.39402,2.34565,2.51569,2.42782,2.29568,2.3906,2.40725,2.49456,2.55603,2.41951,2.28738,2.47884,2.51153,2.35402,2.57616,2.46542,2.48729,2.53645,2.49585,2.41554,2.5235,2.3952,2.30793,2.35044,2.41782,2.42339,2.37489,2.35623,2.31923,2.51821,2.54239,2.41395,2.55867,2.32949,2.31947,2.38145,2.27741,2.43594,2.45573,2.49553,2.52151,2.37175,2.40082,2.57479,2.54881,2.42398,2.43764,2.5695,2.39647,2.4388,2.49563,2.53341,2.56969,2.50781,2.36172,2.69154,2.40999,2.47568,2.48064,2.41205,2.29438,2.15119,2.60866,2.47646,2.47776,2.39953,2.57814,2.40467,2.32092,2.55471,2.29574,2.33703,2.41744,2.40697,2.59286
2.41927,2.41719,2.19521,2.34864,2.4407,2.31854,2.47069,2.24825,2.35093,2.61251,2.43582,2.61725,2.3218,2.56172,2.60799,2.4714,2.42858,2.51271,2.45272,2.44435,2.41497,2.48521,2.558,2.43043,2.4196,2.39583,2.34142,2.58839,2.41002,2.2877,2.42544,2.42795,2.49245,2.53169,2.46481,2.26172,2.4261,2.52031,2.2909,2.55922,2.41395,2.4617,2.54076,2.49328,2.38962,2.50974,2.42781,2.32943,2.34942,2.42312,2.47134,2.39697,2.43023,2.35049,2.45633,2.59498,2.33842,2.48761,2.33752,2.33894,2.33747,2.33899,2.48484,2.4556,2.52805,2.48663,2.33585,2.32355,2.4905,2.56326,2.37851,2.38927,2.53666,2.32593,2.42619,2.48619,2.55333,2.49497,2.5082,2.38413,2.67142,2.41366,2.46855,2.5,2.39968,2.32976,2.14778,2.51901,2.45516,2.47166,2.43111,2.56825,2.43891,2.2804,2.4925,2.34598,2.39993,2.38882,2.46846,2.5817
2.40656,2.36541,2.17265,2.32328,2.52516,2.36387,2.43462,2.25454,2.33683,2.6179,2.34609,2.55703,2.27412,2.5027,2.56903,2.42277,2.34666,2.52739,2.36623,2.45104,2.41708,2.4597,2.4891,2.46618,2.41869,2.42486,2.30396,2.54861,2.44012,2.33589,2.26831,2.48604,2.47342,2.52349,2.44668,2.27278,2.51241,2.48631,2.28193,2.49368,2.44264,2.37833,2.47486,2.42969,2.39355,2.49492,2.46662,2.38181,2.39715,2.47577,2.49197,2.44258,2.40266,2.34332,2.42373,2.59053,2.41761,2.58684,2.33324,2.34262,2.34294,2.26252,2.4545,2.45286,2.46438,2.48183,2.30615,2.40389,2.48044,2.55696,2.39578,2.46912,2.50632,2.3741,2.44483,2.52417,2.57509,2.40371,2.56012,2.42943,2.60317,2.41616,2.50982,2.49378,2.35474,2.31546,2.18286,2.54036,2.47994,2.4533,2.50877,2.52358,2.39657,2.25044,2.46976,2.34802,2.46054,2.39152,2.5859,2.53387
2.43945,2.38087,2.05342,2.34068,2.59186,2.30958,2.43454,2.23328,2.3371,2.56105,2.28226,2.51319,2.32609,2.58986,2.54934,2.36552,2.39453,2.53962,2.38719,2.3938,2.3962,2.45559,2.46115,2.4501,2.4125,2.39488,2.40702,2.52374,2.41823,2.3761,2.24542,2.45043,2.42584,2.49006,2.46266,2.31611,2.52897,2.42216,2.34431,2.39769,2.52355,2.35589,2.39255,2.4346,2.41921,2.53206,2.45375,2.36175,2.38076,2.43817,2.42758,2.40529,2.34321,2.33177,2.39743,2.54012,2.45745,2.67303,2.2975,2.34463,2.31394,2.2232,2.42733,2.50384,2.48416,2.48911,2.2643,2.41317,2.5408,2.60039,2.40965,2.47662,2.48133,2.32965,2.4254,2.51989,2.57607,2.36797,2.52623,2.42442,2.52677,2.46729,2.42552,2.47484,2.37338,2.37993,2.20384,2.48418,2.51385,2.50668,2.60612,2.54837,2.3785,2.24478,2.45994,2.40125,2.46,2.38139,2.60101,2.56675
2.45145,2.32429,2.13577,2.37134,2.52883,2.28168,2.34341,2.21563,2.3521,2.53146,2.31988,2.44118,2.33646,2.68214,2.58062,2.35509,2.48874,2.4456,2.36689,2.40631,2.44174,2.48208,2.38068,2.51293,2.42642,2.37676,2.41571,2.49942,2.46884,2.33891,2.27636,2.39901,2.43146,2.43773,2.52667,2.2863,2.6658,2.42525,2.34136,2.43598,2.53523,2.34321,2.43799,2.4575,2.44944,2.53858,2.36571,2.31615,2.33785,2.43092,2.39636,2.37848,2.31161,2.3058,2.44725,2.51454,2.44694,2.71889,2.29179,2.2731,2.31808,2.25931,2.40825,2.51215,2.41328,2.48138,2.1506,2.41153,2.42607,2.56764,2.40876,2.48722,2.40496,2.30121,2.47592,2.46765,2.60558,2.24869,2.51112,2.43307,2.52883,2.49704,2.41852,2.53064,2.3605,2.32111,2.27636,2.54173,2.46344,2.53284,2.68463,2.55835,2.42288,2.30563,2.44139,2.33075,2.42453,2.37814,2.53634,2.57636
2.42702,2.36562,2.14858,2.36306,2.44724,2.27173,2.49001,2.17857,2.42984,2.51748,2.32531,2.42504,2.3214,2.57504,2.59345,2.40668,2.51371,2.48267,2.40112,2.46374,2.44867,2.42769,2.41812,2.44033,2.35417,2.39651,2.39557,2.47139,2.43532,2.37356,2.37037,2.40634,2.40198,2.35283,2.55936,2.29043,2.68911,2.43328,2.34239,2.42527,2.57037,2.43737,2.4254,2.43897,2.37337,2.45368,2.36099,2.2872,2.36335,2.43388,2.42489,2.40869,2.33466,2.31523,2.58426,2.56556,2.43482,2.77156,2.22665,2.24257,2.23537,2.27021,2.33214,2.3942,2.47647,2.40863,2.14263,2.38164,2.43345,2.56199,2.44647,2.44135,2.43224,2.30404,2.48313,2.47947,2.53237,2.27743,2.43092,2.4203,2.4757,2.53483,2.44247,2.58145,2.38419,2.3153,2.27907,2.62397,2.40911,2.47091,2.70922,2.53799,2.47477,2.26017,2.43028,2.27578,2.398,2.44452,2.54207,2.54181
2.42656,2.45217,2.14921,2.4153,2.35343,2.38035,2.47079,2.1838,2.42019,2.53969,2.39312,2.4564,2.41474,2.57761,2.56086,2.38823,2.5119,2.46939,2.38412,2.57924,2.55528,2.3809,2.40817,2.41957,2.39059,2.42058,2.3694,2.47646,2.42483,2.32277,2.40795,2.40671,2.44326,2.29208,2.57462,2.25462,2.63537,2.45553,2.24964,2.47389,2.53995,2.48922,2.46552,2.47745,2.29154,2.47892,2.37177,2.25288,2.32974,2.37329,2.45204,2.4285,2.3251,2.38385,2.59784,2.54637,2.44679,2.68164,2.26221,2.2841,2.25957,2.36416,2.3095,2.37652,2.44915,2.44224,2.15064,2.40234,2.45807,2.5223,2.45407,2.37617,2.44943,2.29607,2.54825,2.44909,2.55052,2.26161,2.47727,2.49971,2.48561,2.56217,2.47497,2.55429,2.44667,2.30176,2.29465,2.61059,2.30346,2.48132,2.69172,2.51155,2.4994,2.20063,2.34444,2.31895,2.42429,2.47957,2.63395,2.49158
2.45034,2.37198,2.12717,2.45661,2.39382,2.44242,2.39959,2.23598,2.44497,2.48261,2.44169,2.47421,2.35301,2.57381,2.51017,2.41015,2.49851,2.50213,2.31451,2.59821,2.48268,2.37996,2.44853,2.36684,2.37054,2.41207,2.42512,2.48056,2.38712,2.36889,2.38461,2.38153,2.46916,2.3435,2.50675,2.26193,2.53643,2.42151,2.2222,2.405,2.50674,2.4439,2.38612,2.40946,2.29518,2.45244,2.31747,2.22773,2.3,2.34319,2.46252,2.50069,2.30975,2.33179,2.64363,2.51246,2.31513,2.65746,2.19682,2.33513,2.24061,2.41863,2.34045,2.36226,2.48365,2.431,2.18888,2.4264,2.49678,2.47516,2.34403,2.35286,2.51093,2.28015,2.65174,2.50858,2.46535,2.25563,2.50023,2.47714,2.48524,2.4688,2.39913,2.52342,2.42016,2.27427,2.3657,2.61156,2.3311,2.45566,2.61543,2.4592,2.51872,2.21489,2.24762,2.31022,2.40238,2.44631,2.66648,2.4495
2.39026,2.3675,2.23593,2.43509,2.398,2.44962,2.36157,2.21622,2.39235,2.43458,2.45663,2.48658,2.34209,2.65398,2.48549,2.39534,2.50848,2.47695,2.3155,2.64183,2.48042,2.39946,2.42002,2.38222,2.383,2.40217,2.44355,2.41577,2.37573,2.3826,2.36029,2.3194,2.41765,2.38267,2.43333,2.29291,2.48936,2.40291,2.15547,2.40066,2.59241,2.43835,2.33596,2.40568,2.30331,2.48555,2.3843,2.21984,2.29724,2.32547,2.45637,2.46209,2.3096,2.28779,2.63758,2.55332,2.28039,2.62868,2.22407,2.36467,2.25545,2.43137,2.36407,2.36377,2.46715,2.44023,2.18739,2.40024,2.49118,2.43335,2.38101,2.36168,2.50841,2.23572,2.57101,2.53707,2.4683,2.23645,2.43026,2.52312,2.52208,2.5165,2.39992,2.48024,2.44211,2.26083,2.40546,2.52899,2.33955,2.41009,2.6451,2.43213,2.42435,2.26061,2.24845,2.25439,2.36612,2.46304,2.58742,2.43897
2.44585,2.41397,2.26485,2.38753,2.37493,2.46738,2.41047,2.20784,2.34842,2.43514,2.45992,2.45296,2.30029,2.62852,2.49671,2.34269,2.4438,2.5,2.29193,2.64649,2.42781,2.36398,2.48586,2.43383,2.47095,2.4397,2.49676,2.47261,2.39254,2.40704,2.33665,2.27003,2.33352,2.39194,2.41722,2.37841,2.46776,2.35197,2.21158,2.38683,2.54778,2.41648,2.27353,2.3354,2.36308,2.47888,2.36074,2.23784,2.29435,2.35732,2.4087,2.50254,2.29328,2.2097,2.60025,2.4958,2.22751,2.58677,2.16165,2.31866,2.28727,2.39216,2.42497,2.41922,2.38797,2.42957,2.21534,2.45119,2.44549,2.45499,2.4263,2.33646,2.46955,2.29868,2.47988,2.46439,2.47765,2.27976,2.45232,2.47734,2.4393,2.514,2.41331,2.46792,2.50565,2.23238,2.40692,2.49776,2.30025,2.40196,2.63501,2.35174,2.35517,2.30315,2.21402,2.31246,2.37385,2.45764,2.59113,2.42654
2.41154,2.36013,2.25755,2.37395,2.37084,2.39911,2.39102,2.26171,2.3574,2.40003,2.33897,2.44297,2.30081,2.60317,2.49703,2.33105,2.51918,2.48471,2.32415,2.65121,2.39181,2.38942,2.41177,2.42768,2.47452,2.37763,2.4344,2.43465,2.45528,2.43788,2.40424,2.30388,2.4058,2.37875,2.44442,2.3782,2.57147,2.32947,2.17481,2.34289,2.59917,2.42011,2.27854,2.36038,2.33966,2.45296,2.33744,2.32104,2.3263,2.36613,2.43447,2.48208,2.32795,2.23789,2.55705,2.46889,2.35117,2.48816,2.13789,2.31902,2.26639,2.35705,2.42059,2.3496,2.4157,2.38751,2.19803,2.53047,2.4182,2.43039,2.36109,2.32908,2.42514,2.30845,2.40943,2.42132,2.50337,2.24944,2.3726,2.5297,2.39776,2.52548,2.37082,2.52669,2.46371,2.13853,2.43566,2.41012,2.30076,2.34702,2.61675,2.30174,2.37162,2.30379,2.20182,2.20279,2.38932,2.50955,2.46184,2.46248
2.39041,2.3009,2.22258,2.37315,2.38592,2.40711,2.43511,2.19734,2.34383,2.37949,2.3586,2.37239,2.36493,2.52853,2.49043,2.26864,2.48436,2.43997,2.28188,2.65135,2.37869,2.3621,2.39417,2.37606,2.41166,2.42913,2.41144,2.44172,2.4355,2.42582,2.47106,2.3561,2.40543,2.38565,2.38874,2.33785,2.66043,2.32444,2.14699,2.37823,2.51126,2.42779,2.26057,2.34902,2.31156,2.46073,2.33779,2.35248,2.29855,2.37172,2.35213,2.52289,2.2803,2.27771,2.5578,2.43693,2.40101,2.47583,2.07315,2.27725,2.31501,2.38435,2.44687,2.36064,2.36157,2.38278,2.23224,2.48463,2.50797,2.45856,2.33325,2.3118,2.433,2.34604,2.31911,2.41926,2.47389,2.16036,2.39844,2.56484,2.36236,2.52414,2.35814,2.52205,2.43348,2.15542,2.44436,2.45002,2.27611,2.42662,2.62389,2.39453,2.43788,2.20394,2.23034,2.28301,2.38961,2.46535,2.46458,2.55238
2.3723,2.31326,2.19951,2.38147,2.27933,2.44776,2.42806,2.15706,2.40749,2.41938,2.3812,2.36533,2.36193,2.53153,2.44543,2.24131,2.43891,2.35777,2.23262,2.7248,2.38348,2.42434,2.38932,2.35777,2.39346,2.40555,2.33958,2.4375,2.37267,2.40443,2.45018,2.33939,2.37192,2.32336,2.37519,2.3538,2.60963,2.42012,2.24632,2.37783,2.50863,2.43947,2.27414,2.35433,2.2963,2.45904,2.45026,2.31784,2.31273,2.37087,2.32348,2.48562,2.2891,2.29017,2.51336,2.50631,2.34917,2.50364,2.18396,2.29214,2.33764,2.33174,2.43925,2.377,2.37951,2.39315,2.20007,2.4935,2.4627,2.43338,2.31505,2.31512,2.44681,2.36846,2.3468,2.40685,2.50378,2.13186,2.43389,2.55553,2.35549,2.54435,2.35207,2.51044,2.39244,2.20921,2.3806,2.47187,2.2362,2.46318,2.5776,2.35183,2.38737,2.30336,2.22463,2.24008,2.42059,2.53105,2.53981,2.46217
2.33857,2.23392,2.26675,2.36716,2.24895,2.42711,2.4257,2.18995,2.39894,2.40162,2.36505,2.32471,2.35966,2.46746,2.44795,2.27056,2.42686,2.36665,2.21897,2.65736,2.38626,2.41191,2.40352,2.30085,2.34344,2.37004,2.27033,2.41001,2.33803,2.38283,2.43476,2.30352,2.32505,2.37957,2.38201,2.36324,2.59499,2.38797,2.27715,2.35019,2.49317,2.40603,2.2594,2.46901,2.29697,2.40507,2.37036,2.31895,2.28439,2.31137,2.32945,2.45015,2.28621,2.2714,2.48222,2.5081,2.29488,2.52579,2.14705,2.36366,2.41423,2.37466,2.33147,2.51161,2.35325,2.40442,2.16877,2.50304,2.47445,2.44318,2.33068,2.31085,2.38087,2.32484,2.33777,2.42077,2.43365,2.10692,2.43587,2.5419,2.30622,2.60766,2.42842,2.51647,2.33926,2.22285,2.39524,2.49422,2.26819,2.47584,2.59528,2.36425,2.35549,2.31701,2.23276,2.21961,2.46683,2.49276,2.47169,2.51235
2.35317,2.27529,2.28427,2.36727,2.24155,2.33045,2.34866,2.21751,2.2881,2.4238,2.33713,2.30247,2.28426,2.4768,2.37642,2.20447,2.43985,2.32585,2.18075,2.62542,2.37738,2.33438,2.39922,2.39248,2.31674,2.39133,2.32854,2.49065,2.26833,2.33808,2.35243,2.28989,2.33014,2.39609,2.39955,2.31343,2.59367,2.38217,2.27239,2.34615,2.49907,2.3511,2.26283,2.49033,2.36411,2.40699,2.473,2.2929,2.27825,2.33497,2.22546,2.42336,2.33342,2.28158,2.48362,2.54454,2.24022,2.44455,2.22281,2.30266,2.40456,2.35634,2.33718,2.53265,2.33799,2.3263,2.16282,2.49906,2.41176,2.38924,2.35964,2.29652,2.43252,2.33442,2.39342,2.40249,2.41486,2.1578,2.47871,2.50702,2.38236,2.62838,2.5045,2.45973,2.28481,2.20867,2.38234,2.52024,2.37643,2.51922,2.58637,2.3473,2.3521,2.30845,2.22505,2.15995,2.50451,2.45022,2.51759,2.49767
2.41432,2.35935,2.32259,2.39849,2.24654,2.30898,2.35366,2.18713,2.31965,2.48414,2.35122,2.33146,2.25657,2.51343,2.39665,2.19575,2.45836,2.35962,2.15843,2.55107,2.35001,2.26283,2.39749,2.30207,2.37311,2.34679,2.39965,2.43403,2.37549,2.32955,2.30154,2.34808,2.36189,2.37219,2.40401,2.31678,2.50859,2.33892,2.29902,2.32764,2.52585,2.39504,2.21504,2.49816,2.3439,2.39508,2.49671,2.29347,2.2515,2.32336,2.20979,2.43674,2.38225,2.27345,2.50093,2.5795,2.27139,2.45954,2.26016,2.28464,2.36934,2.32724,2.35439,2.39478,2.34506,2.24555,2.11902,2.44585,2.39721,2.40972,2.33435,2.36349,2.42044,2.34147,2.38845,2.32571,2.4388,2.20094,2.4758,2.468,2.37442,2.57298,2.49627,2.43443,2.2223,2.23851,2.35728,2.48057,2.34389,2.46595,2.5277,2.32071,2.42428,2.30035,2.17451,2.20466,2.51329,2.42957,2.45549,2.48185
2.44641,2.39364,2.30803,2.40463,2.28532,2.42435,2.2967,2.25465,2.28544,2.4318,2.3743,2.33694,2.31251,2.53961,2.37638,2.1986,2.47347,2.36472,2.17114,2.46556,2.38602,2.24742,2.40013,2.31747,2.31362,2.35575,2.39019,2.4295,2.42595,2.34376,2.35844,2.31983,2.38015,2.33065,2.38278,2.31552,2.51018,2.32059,2.25689,2.23278,2.56428,2.38248,2.27385,2.41347,2.3259,2.42693,2.45588,2.28181,2.27372,2.2997,2.21457,2.43685,2.41061,2.25401,2.42688,2.50937,2.27198,2.44503,2.26887,2.21177,2.39986,2.26502,2.29837,2.3896,2.32811,2.35651,2.05456,2.46309,2.38405,2.35757,2.34878,2.28093,2.37123,2.26628,2.34872,2.32524,2.42367,2.16417,2.45961,2.45238,2.36412,2.51459,2.46221,2.47473,2.26112,2.23577,2.31618,2.51516,2.3562,2.51401,2.49709,2.40494,2.5004,2.32463,2.16166,2.26888,2.51078,2.35372,2.40333,2.47389
2.5481,2.39673,2.34381,2.45233,2.34214,2.41037,2.33664,2.20015,2.27653,2.44706,2.35408,2.38265,2.27091,2.52107,2.31196,2.17264,2.4723,2.37717,2.21339,2.45275,2.33904,2.18262,2.41683,2.33126,2.29204,2.38025,2.35796,2.35346,2.39679,2.31004,2.29237,2.30389,2.37111,2.29425,2.29536,2.35437,2.60589,2.37349,2.21057,2.21761,2.51935,2.33122,2.28484,2.403,2.31998,2.39424,2.36558,2.31731,2.25688,2.37874,2.25778,2.45609,2.41393,2.26001,2.45556,2.39495,2.20741,2.48693,2.30681,2.1395,2.34234,2.22165,2.31709,2.43337,2.37296,2.42219,2.11207,2.40284,2.31977,2.31424,2.39524,2.35379,2.31159,2.22882,2.42928,2.19424,2.39526,2.18855,2.4289,2.47386,2.37807,2.49373,2.41283,2.41902,2.32421,2.27311,2.37127,2.47608,2.36536,2.51141,2.46106,2.43902,2.46176,2.23188,2.15769,2.25231,2.47176,2.35538,2.39151,2.41976
2.48749,2.40886,2.33361,2.49182,2.32,2.4519,2.34598,2.2379,2.20536,2.4685,2.31386,2.45386,2.32268,2.58334,2.32597,2.13691,2.50689,2.43875,2.15069,2.47612,2.39502,2.09872,2.40328,2.30018,2.3566,2.36226,2.36997,2.33228,2.26892,2.33155,2.32844,2.25629,2.36474,2.34111,2.28856,2.34274,2.54652,2.36283,2.20812,2.16733,2.51303,2.33906,2.28041,2.36127,2.28202,2.38044,2.2963,2.28655,2.27176,2.32797,2.29984,2.45248,2.41682,2.15716,2.45272,2.41062,2.18257,2.43077,2.21061,2.11817,2.27452,2.25574,2.35177,2.38633,2.37011,2.34886,2.09235,2.44067,2.2937,2.28171,2.35968,2.37659,2.34024,2.20868,2.42209,2.2256,2.43505,2.19691,2.4807,2.49056,2.39436,2.41772,2.3312,2.30949,2.30895,2.24071,2.30158,2.40321,2.4129,2.44677,2.48444,2.44062,2.48796,2.1746,2.07291,2.25109,2.46438,2.34908,2.40551,2.40983
2.39994,2.39824,2.35763,2.55721,2.3218,2.44628,2.38136,2.26088,2.17564,2.52987,2.29152,2.40798,2.35993,2.53092,2.33235,2.1425,2.47689,2.45931,2.1221,2.41704,2.34722,2.11993,2.37191,2.38999,2.37698,2.34034,2.35954,2.37255,2.31618,2.35501,2.27096,2.27502,2.28676,2.29424,2.36644,2.41667,2.53918,2.33248,2.20335,2.19229,2.46617,2.32668,2.3053,2.35014,2.36929,2.30573,2.30209,2.2442,2.23166,2.32907,2.32032,2.35426,2.33485,2.173,2.47889,2.37008,2.23799,2.37462,2.24864,2.14576,2.29305,2.25792,2.31464,2.34332,2.30677,2.37918,2.10706,2.45756,2.28961,2.32534,2.31512,2.36373,2.35552,2.20467,2.40249,2.23354,2.49616,2.1833,2.3862,2.42066,2.46396,2.4319,2.30398,2.34481,2.25911,2.23745,2.32159,2.39672,2.37961,2.45762,2.49093,2.43845,2.51282,2.19882,2.21332,2.25733,2.42919,2.35913,2.44283,2.46048
2.37506,2.42699,2.30512,2.50831,2.29895,2.36448,2.37188,2.28426,2.15841,2.40945,2.19437,2.4096,2.32251,2.49253,2.28119,2.16032,2.46741,2.40841,2.10037,2.40204,2.27991,2.11846,2.27026,2.37419,2.31166,2.35002,2.34802,2.38833,2.3513,2.38936,2.22222,2.29765,2.25358,2.32728,2.40636,2.37709,2.4493,2.25813,2.16434,2.18167,2.48848,2.22655,2.31719,2.37439,2.35168,2.34874,2.23934,2.2415,2.1958,2.26429,2.39563,2.41316,2.3529,2.19785,2.49553,2.34026,2.27002,2.3427,2.28159,2.20563,2.25366,2.32003,2.29792,2.24384,2.26192,2.37655,2.21412,2.32913,2.32922,2.29775,2.29165,2.3466,2.33706,2.26167,2.38149,2.24149,2.4202,2.13693,2.36438,2.40363,2.45257,2.45607,2.3422,2.28616,2.27781,2.22633,2.36785,2.37865,2.36906,2.45573,2.45956,2.41268,2.58826,2.21189,2.16837,2.23817,2.4382,2.41381,2.44995,2.3835
2.3284,2.46221,2.31053,2.3805,2.27347,2.38133,2.40253,2.29845,2.20433,2.47802,2.1907,2.35731,2.24425,2.41941,2.27497,2.14921,2.45212,2.43479,2.18242,2.38183,2.29979,2.12909,2.32688,2.42003,2.31465,2.40641,2.27665,2.31668,2.34718,2.34026,2.24031,2.30678,2.2498,2.2996,2.39158,2.37442,2.46858,2.29317,2.11775,2.18389,2.47942,2.24718,2.28016,2.40647,2.39641,2.35513,2.2714,2.33623,2.2489,2.20282,2.35616,2.44629,2.29596,2.22545,2.50951,2.30825,2.3199,2.40151,2.3088,2.16346,2.25946,2.35835,2.24463,2.17755,2.24451,2.39203,2.24267,2.29256,2.33312,2.29526,2.25934,2.34265,2.24332,2.27845,2.32649,2.24433,2.48049,2.15105,2.28541,2.35143,2.43998,2.51233,2.36246,2.31892,2.30587,2.1952,2.35253,2.41735,2.41789,2.42213,2.42816,2.46487,2.51583,2.23982,2.13469,2.2888,2.38554,2.35768,2.4504,2.41621
2.30679,2.40821,2.27145,2.38239,2.27788,2.3931,2.30103,2.30811,2.17362,2.48067,2.19594,2.33868,2.25269,2.43373,2.2957,2.14465,2.44297,2.40525,2.18343,2.44967,2.2389,2.14853,2.24448,2.35019,2.31222,2.38247,2.31044,2.32304,2.34358,2.33319,2.29145,2.32804,2.17316,2.27902,2.39768,2.28135,2.42698,2.30233,2.12072,2.16029,2.48013,2.25807,2.29742,2.43144,2.36141,2.29336,2.216,2.29731,2.29747,2.17253,2.26993,2.39882,2.27217,2.17533,2.48105,2.28189,2.23621,2.38777,2.24906,2.1565,2.25175,2.30279,2.28057,2.16055,2.31505,2.3692,2.21657,2.35162,2.33578,2.24985,2.23438,2.29889,2.21721,2.26579,2.31936,2.26434,2.39621,2.16321,2.29047,2.32597,2.46915,2.49293,2.33822,2.26344,2.28533,2.15197,2.37492,2.37463,2.32717,2.38611,2.34126,2.40864,2.48483,2.24803,2.09055,2.3013,2.41832,2.36282,2.35309,2.45142
2.26044,2.40883,2.24003,2.23086,2.27319,2.34572,2.32179,2.37877,2.23739,2.46353,2.24753,2.41512,2.26569,2.44085,2.26413,2.10895,2.46526,2.42002,2.15364,2.3919,2.23243,2.20218,2.25254,2.36016,2.34891,2.3735,2.26968,2.29528,2.24732,2.34934,2.29574,2.38609,2.13127,2.27734,2.35045,2.29888,2.39717,2.34387,2.1543,2.14065,2.41289,2.28487,2.28123,2.32788,2.38349,2.30804,2.19836,2.31031,2.3407,2.18315,2.30876,2.37127,2.2744,2.20889,2.38971,2.2806,2.21513,2.39918,2.30333,2.14775,2.28493,2.28831,2.22232,2.22321,2.29169,2.41235,2.23125,2.30292,2.2561,2.21394,2.23985,2.33059,2.19636,2.34359,2.31772,2.27374,2.38106,2.19949,2.27032,2.38541,2.44319,2.36348,2.41431,2.29141,2.36163,2.20781,2.38713,2.33688,2.28795,2.33259,2.32395,2.4024,2.42143,2.22608,2.1244,2.2598,2.32859,2.40151,2.27627,2.48617
2.26041,2.36475,2.29598,2.21293,2.33741,2.3352,2.32649,2.30769,2.17242,2.44528,2.26727,2.35169,2.20884,2.38106,2.2173,2.09181,2.33609,2.44152,2.11539,2.45366,2.28241,2.21618,2.25427,2.36088,2.30252,2.38882,2.25977,2.27041,2.1825,2.39695,2.21759,2.42928,2.04629,2.32724,2.3461,2.34929,2.40241,2.28677,2.16322,2.24862,2.34576,2.34842,2.32556,2.32826,2.45195,2.21349,2.30627,2.30669,2.34767,2.25252,2.27425,2.43097,2.27592,2.25192,2.37155,2.26037,2.1981,2.30257,2.24644,2.21555,2.31603,2.3195,2.25323,2.18261,2.41649,2.46694,2.21023,2.26076,2.23921,2.20573,2.30192,2.31467,2.28573,2.36183,2.29355,2.32356,2.34625,2.20542,2.32455,2.28792,2.46779,2.3514,2.43181,2.24981,2.24743,2.2154,2.32766,2.33048,2.2612,2.33785,2.31881,2.38992,2.40071,2.31032,2.15453,2.21594,2.36296,2.38562,2.2891,2.42267
2.23061,2.40535,2.35754,2.2062,2.27415,2.29488,2.2893,2.29463,2.18861,2.4325,2.21374,2.31876,2.17377,2.41706,2.2334,2.0619,2.33676,2.38894,2.07084,2.41585,2.30413,2.21919,2.24111,2.34047,2.21161,2.31472,2.22673,2.33191,2.1638,2.43077,2.17174,2.45222,2.08665,2.35489,2.32636,2.35315,2.47733,2.3023,2.18631,2.2634,2.38628,2.28493,2.32543,2.30287,2.46738,2.22336,2.28417,2.41544,2.31418,2.27364,2.27904,2.34819,2.20992,2.33077,2.38185,2.28005,2.2482,2.29313,2.20429,2.20374,2.361,2.32715,2.20372,2.15678,2.424,2.443,2.24062,2.25138,2.23131,2.19511,2.26745,2.39221,2.31313,2.42172,2.25427,2.33002,2.34913,2.24823,2.30183,2.3114,2.40418,2.33709,2.44339,2.30246,2.29078,2.24794,2.37708,2.37101,2.26317,2.41511,2.33257,2.34916,2.37212,2.29615,2.12885,2.22202,2.49728,2.38624,2.30355,2.37576
2.16057,2.38907,2.37563,2.23341,2.24548,2.27447,2.30295,2.3636,2.16565,2.40247,2.22121,2.30059,2.15321,2.32738,2.19795,2.1651,2.36202,2.3989,2.13055,2.40827,2.3294,2.24651,2.19673,2.29066,2.1853,2.27147,2.21869,2.35268,2.21247,2.42498,2.16115,2.54079,2.12071,2.43329,2.29534,2.35103,2.43789,2.30094,2.15968,2.32231,2.36979,2.24161,2.32231,2.30212,2.48303,2.23013,2.24102,2.37155,2.35709,2.34303,2.34763,2.33712,2.23684,2.39705,2.37227,2.27144,2.2218,2.23984,2.20532,2.17454,2.37876,2.31873,2.21058,2.02468,2.38111,2.52221,2.21442,2.24659,2.25135,2.2085,2.23801,2.34774,2.30322,2.40521,2.23605,2.34688,2.40107,2.25657,2.35211,2.36572,2.37882,2.34293,2.41261,2.28452,2.25717,2.1494,2.34112,2.38966,2.33144,2.34223,2.30587,2.34725,2.44294,2.34962,2.12945,2.24913,2.43503,2.37224,2.32059,2.31629
2.13607,2.34645,2.37488,2.24612,2.26353,2.20118,2.27597,2.30802,2.18082,2.36418,2.23706,2.27354,2.16461,2.20529,2.23776,2.14736,2.31015,2.34981,2.12942,2.40104,2.36482,2.30561,2.1919,2.26874,2.20613,2.22259,2.1856,2.37047,2.19485,2.43277,2.19899,2.48161,2.13539,2.3678,2.31138,2.2935,2.45793,2.31494,2.18135,2.32643,2.36065,2.13085,2.24846,2.29777,2.42101,2.22244,2.18989,2.32628,2.33448,2.29187,2.37252,2.27328,2.28193,2.3727,2.26754,2.22267,2.20026,2.24609,2.31816,2.15288,2.43716,2.25376,2.22029,2.10281,2.33184,2.5096,2.16418,2.26802,2.25101,2.22629,2.20348,2.34935,2.26747,2.36717,2.18355,2.2892,2.41864,2.29278,2.3037,2.32304,2.30289,2.2786,2.42043,2.31002,2.25692,2.16745,2.29211,2.44336,2.29533,2.357,2.25751,2.34916,2.42797,2.33392,2.13493,2.2032,2.44158,2.33319,2.34656,2.28561
2.127,2.35498,2.34597,2.21671,2.30383,2.13041,2.26309,2.26755,2.17968,2.35833,2.18028,2.28651,2.1876,2.2127,2.24993,2.22696,2.37741,2.3378,2.24961,2.35316,2.34177,2.27451,2.18193,2.22111,2.27844,2.27593,2.19908,2.3658,2.2319,2.42301,2.18765,2.49055,2.12539,2.34751,2.28649,2.25065,2.35427,2.3016,2.19029,2.30051,2.31442,2.11632,2.25281,2.27228,2.47637,2.15344,2.22839,2.35033,2.38294,2.19904,2.39177,2.27372,2.27175,2.35192,2.31414,2.1961,2.20777,2.24272,2.31545,2.12592,2.39925,2.2154,2.20729,2.12487,2.31824,2.47232,2.19805,2.18593,2.21776,2.25168,2.23299,2.27255,2.18238,2.35023,2.21128,2.31405,2.35337,2.33414,2.31075,2.31138,2.29662,2.30567,2.40754,2.34792,2.25911,2.19929,2.24908,2.40213,2.30144,2.32005,2.20593,2.23919,2.37583,2.33727,2.25137,2.18439,2.41188,2.35981,2.3379,2.33967
2.1207,2.273,2.43819,2.2181,2.28769,2.13103,2.21069,2.20982,2.17805,2.32892,2.12967,2.33314,2.18809,2.25045,2.23143,2.23834,2.43782,2.33358,2.26977,2.30496,2.30661,2.25271,2.19397,2.19575,2.26798,2.25291,2.16882,2.24177,2.25002,2.40419,2.18031,2.39115,2.19499,2.25033,2.26496,2.22548,2.3142,2.32507,2.20927,2.30605,2.31265,2.15723,2.23034,2.19881,2.49279,2.19757,2.17087,2.36038,2.33041,2.16862,2.30691,2.28222,2.297,2.28295,2.28413,2.14526,2.19022,2.21287,2.32961,2.17761,2.34515,2.14191,2.26187,2.12423,2.29102,2.48117,2.13104,2.15483,2.12138,2.2427,2.16908,2.23923,2.13558,2.30692,2.28912,2.29886,2.29524,2.30731,2.18315,2.30106,2.29237,2.31996,2.44971,2.29075,2.17406,2.24114,2.26809,2.34495,2.27278,2.26599,2.15088,2.27619,2.41413,2.33193,2.23822,2.14172,2.35321,2.36605,2.29672,2.27984
2.16341,2.30244,2.44436,2.18898,2.23574,2.17112,2.22947,2.07336,2.16754,2.31918,2.12675,2.32522,2.24916,2.23554,2.22483,2.25791,2.421,2.40532,2.2059,2.28632,2.32775,2.24934,2.18003,2.18995,2.2894,2.24165,2.17632,2.18698,2.25709,2.35098,2.16782,2.37453,2.18223,2.18302,2.26887,2.2467,2.27971,2.31339,2.17564,2.34259,2.3808,2.15026,2.20066,2.20306,2.51858,2.19225,2.13847,2.35448,2.28542,2.13957,2.2728,2.30636,2.29455,2.23496,2.26732,2.19691,2.22722,2.2162,2.33272,2.18208,2.28998,2.13912,2.27514,2.09112,2.25813,2.45584,2.15987,2.12112,2.172,2.30938,2.1321,2.22737,2.13252,2.23862,2.18576,2.35517,2.2875,2.29504,2.15355,2.31315,2.23657,2.37537,2.48123,2.3458,2.09426,2.2895,2.19518,2.35489,2.22652,2.31412,2.21838,2.28622,2.41087,2.35782,2.30774,2.13927,2.39221,2.43244,2.2739,2.28032
2.16011,2.35472,2.42627,2.19254,2.22386,2.1698,2.16722,2.16559,2.13176,2.38049,2.07085,2.29583,2.22916,2.29191,2.25431,2.26943,2.44956,2.44397,2.27738,2.29167,2.30418,2.288,2.21657,2.20025,2.26396,2.21119,2.14017,2.15095,2.21291,2.38501,2.1768,2.40654,2.19747,2.23082,2.18123,2.28411,2.26922,2.38502,2.13532,2.34001,2.37944,2.17757,2.24,2.23216,2.45451,2.25963,2.1493,2.33742,2.28118,2.27193,2.18988,2.29733,2.21565,2.15793,2.24655,2.2422,2.2437,2.21677,2.3387,2.2519,2.24847,2.23246,2.30874,2.11815,2.26675,2.44007,2.20099,2.14791,2.15749,2.28432,2.1485,2.26899,2.16797,2.3455,2.10866,2.29742,2.32355,2.25142,2.11732,2.35857,2.30517,2.31002,2.45341,2.32185,2.1288,2.22191,2.24006,2.36677,2.24204,2.30134,2.25794,2.32906,2.34713,2.45017,2.25891,2.11926,2.3662,2.37775,2.26986,2.21635
2.19318,2.28529,2.38408,2.18937,2.27686,2.1193,2.12861,2.12703,2.13963,2.29132,2.13069,2.31772,2.27023,2.30239,2.26283,2.22126,2.48123,2.3972,2.21193,2.27595,2.26423,2.28071,2.17505,2.24266,2.25088,2.234,2.13434,2.20236,2.19435,2.32851,2.17672,2.33369,2.19292,2.26178,2.17602,2.33411,2.23654,2.36239,2.09601,2.33825,2.32057,2.15761,2.24635,2.24179,2.43307,2.24896,2.11435,2.34028,2.30187,2.19386,2.16331,2.36527,2.19465,2.18215,2.25276,2.29289,2.26755,2.29023,2.36355,2.26025,2.29599,2.28542,2.3275,2.09091,2.30252,2.49718,2.18732,2.14724,2.24927,2.33121,2.14639,2.28813,2.2311,2.3987,2.12103,2.27421,2.30768,2.27851,2.15998,2.30234,2.31371,2.28485,2.31744,2.2975,2.09046,2.24145,2.24271,2.3688,2.20195,2.26427,2.26716,2.27624,2.29837,2.3999,2.2616,2.12656,2.34058,2.35886,2.24134,2.20447
2.1881,2.31368,2.45078,2.22644,2.22894,2.07511,2.10194,2.15012,2.11288,2.32813,2.12551,2.23859,2.23292,2.26725,2.24258,2.19812,2.52587,2.37801,2.20972,2.26855,2.23369,2.26561,2.15519,2.29262,2.30793,2.24845,2.16737,2.27125,2.16733,2.31018,2.21013,2.31497,2.18089,2.25646,2.17238,2.28589,2.19664,2.37774,2.07727,2.29635,2.34605,2.16698,2.23035,2.29716,2.50417,2.2005,2.059,2.38873,2.33433,2.23723,2.10159,2.30922,2.15903,2.18158,2.26455,2.27632,2.32685,2.21068,2.27245,2.23813,2.26772,2.30353,2.32304,2.13939,2.242,2.45903,2.212,2.16104,2.17166,2.36416,2.20768,2.28506,2.19975,2.45308,2.15438,2.32821,2.34835,2.29432,2.19796,2.285,2.24966,2.23702,2.39089,2.22827,2.09352,2.24506,2.29424,2.31378,2.22711,2.21969,2.28772,2.28322,2.28232,2.39227,2.11736,2.12824,2.33023,2.22931,2.28228,2.13135
2.25244,2.30011,2.39901,2.27575,2.29033,2.03185,2.14143,2.22865,2.18874,2.35654,2.08119,2.25512,2.25488,2.19321,2.21131,2.20416,2.5791,2.40751,2.1289,2.25934,2.18202,2.31978,2.11652,2.23772,2.37221,2.25608,2.13863,2.23909,2.27994,2.35098,2.23981,2.41361,2.19401,2.2312,2.16425,2.24303,2.20008,2.30299,2.05945,2.30793,2.26017,2.18398,2.24903,2.26298,2.53241,2.15538,2.09532,2.40393,2.30507,2.22374,2.12958,2.3315,2.20177,2.20132,2.26344,2.42659,2.41905,2.20882,2.32834,2.18829,2.3452,2.29401,2.22283,2.12639,2.23898,2.46946,2.19567,2.1936,2.19164,2.34076,2.18885,2.30872,2.1671,2.4331,2.19104,2.35559,2.31041,2.28444,2.22895,2.23953,2.22167,2.21585,2.4489,2.23962,2.07548,2.21495,2.36207,2.32058,2.18503,2.21636,2.25183,2.30504,2.30369,2.32232,2.06285,2.21113,2.33826,2.23165,2.27174,2.1663
2.24053,2.25599,2.38874,2.23938,2.31348,2.04371,2.18739,2.25335,2.13292,2.37005,2.1126,2.34417,2.22023,2.13729,2.2978,2.27437,2.6108,2.36314,2.15649,2.27616,2.23797,2.36486,2.15676,2.19312,2.40208,2.34509,2.14146,2.22483,2.30719,2.34625,2.21933,2.42698,2.14985,2.23315,2.18341,2.25288,2.24041,2.27487,2.05019,2.30831,2.36275,2.22527,2.24643,2.25039,2.47225,2.08529,2.12305,2.38247,2.28708,2.21793,2.18457,2.26471,2.17563,2.20972,2.23752,2.40506,2.42781,2.20332,2.30891,2.24613,2.42094,2.32541,2.24056,2.10147,2.23325,2.40884,2.18515,2.21871,2.17125,2.33417,2.21509,2.2192,2.13433,2.38395,2.17766,2.41294,2.27866,2.27105,2.2394,2.18977,2.20374,2.17154,2.47176,2.22742,2.08259,2.31455,2.38384,2.28437,2.22807,2.16638,2.18001,2.33439,2.30119,2.25834,2.11332,2.21631,2.30683,2.1634,2.26662,2.18266
2.18603,2.19844,2.34072,2.21926,2.27334,2.08405,2.19664,2.24442,2.17573,2.4028,2.1796,2.34284,2.1922,2.22842,2.25437,2.1785,2.59616,2.41976,2.18468,2.3013,2.30556,2.32628,2.18453,2.1536,2.42772,2.32455,2.14549,2.28564,2.28356,2.34755,2.23708,2.34921,2.16379,2.22002,2.16723,2.23426,2.20653,2.30546,2.07848,2.30127,2.39472,2.19774,2.32961,2.19112,2.43567,2.14345,2.10738,2.35646,2.24983,2.2264,2.20942,2.19593,2.17031,2.19313,2.19919,2.40937,2.40128,2.22862,2.2579,2.2844,2.41351,2.27231,2.24933,2.13126,2.19539,2.43858,2.22018,2.22988,2.14871,2.36279,2.22794,2.23602,2.14917,2.4063,2.15992,2.36941,2.18104,2.23496,2.1664,2.16586,2.23142,2.07171,2.37399,2.23816,2.00248,2.28969,2.31149,2.31219,2.18304,2.16624,2.27791,2.30405,2.32347,2.15554,2.13938,2.22054,2.36137,2.17574,2.29257,2.14692
2.16026,2.128,2.29468,2.16341,2.22824,2.14898,2.12585,2.32751,2.22698,2.38386,2.22707,2.37342,2.23675,2.19382,2.19212,2.14663,2.59391,2.32195,2.23467,2.25775,2.27552,2.35785,2.20006,2.19038,2.43276,2.29801,2.12119,2.34958,2.24144,2.25175,2.24327,2.36461,2.11398,2.25494,2.12008,2.25065,2.18842,2.30015,2.16079,2.29156,2.3533,2.16096,2.34231,2.18459,2.42757,2.14831,2.14076,2.30391,2.29018,2.36646,2.22158,2.22595,2.09959,2.19045,2.1669,2.30632,2.37417,2.19796,2.23195,2.29945,2.34643,2.24605,2.14857,2.12492,2.1769,2.41506,2.27907,2.16369,2.22536,2.30364,2.12636,2.2084,2.18606,2.35925,2.22232,2.35153,2.12346,2.28397,2.10715,2.14129,2.29996,2.06212,2.30607,2.17401,2.0374,2.33373,2.29936,2.26239,2.20246,2.12412,2.32213,2.32069,2.30948,2.2149,2.2141,2.23199,2.3776,2.22939,2.33784,2.15329
2.08121,2.15751,2.31032,2.17628,2.24789,2.19317,2.13347,2.35366,2.21137,2.35951,2.24117,2.42298,2.19824,2.22291,2.24573,2.17515,2.62407,2.33922,2.20764,2.23793,2.22077,2.41038,2.17201,2.19017,2.45265,2.31467,2.15443,2.29708,2.21915,2.20683,2.21676,2.34699,2.16843,2.32339,2.12447,2.27483,2.21605,2.37534,2.11147,2.25627,2.37279,2.14048,2.29803,2.1763,2.35817,2.13323,2.09708,2.30897,2.30979,2.37868,2.22351,2.2186,2.0699,2.1823,2.10243,2.22363,2.38437,2.14991,2.17242,2.29283,2.36444,2.25748,2.08992,2.11381,2.24142,2.36281,2.26183,2.17997,2.20836,2.23007,2.11026,2.15673,2.22146,2.35583,2.14761,2.30712,2.04892,2.36172,2.15323,2.15491,2.28892,2.02295,2.25792,2.19812,2.03922,2.36211,2.24632,2.25298,2.20246,2.09192,2.35143,2.25176,2.27026,2.1784,2.17108,2.32541,2.39245,2.1861,2.36264,2.11528
2.0873,2.21354,2.31679,2.1377,2.20182,2.15066,2.1361,2.28432,2.19605,2.34824,2.16499,2.44147,2.16781,2.1663,2.18164,2.19842,2.55279,2.29082,2.24219,2.20693,2.29325,2.38299,2.19628,2.24668,2.37185,2.31538,2.20102,2.3363,2.16811,2.2802,2.23854,2.38425,2.2378,2.35096,2.19675,2.23395,2.28162,2.37945,2.16963,2.25688,2.40007,2.1776,2.36957,2.17581,2.36142,2.1576,2.10248,2.24328,2.36511,2.32894,2.20211,2.223,2.05429,2.28826,2.11626,2.26392,2.33052,2.1767,2.19688,2.26676,2.43101,2.23854,2.15902,2.07156,2.2967,2.31599,2.2968,2.18575,2.19543,2.28802,2.08907,2.12634,2.18397,2.32333,2.21057,2.32082,2.04045,2.31202,2.19257,2.21826,2.26324,2.06776,2.21119,2.20339,2.0907,2.32978,2.22536,2.14202,2.24317,2.11073,2.33905,2.24832,2.34165,2.21941,2.09465,2.2936,2.33906,2.28694,2.42449,2.15745
2.14897,2.22089,2.32359,2.07755,2.22305,2.17212,2.18877,2.2021,2.18789,2.37634,2.10518,2.43709,2.24437,2.17861,2.24467,2.30948,2.53538,2.2975,2.18269,2.19671,2.24322,2.43428,2.1455,2.26513,2.36875,2.36006,2.19643,2.28484,2.13941,2.30763,2.23847,2.39462,2.30715,2.28584,2.11593,2.22161,2.32501,2.35947,2.19148,2.2269,2.38202,2.11924,2.41016,2.19642,2.37863,2.15353,2.00173,2.20134,2.2951,2.35024,2.16701,2.24317,2.06767,2.24768,2.07758,2.26853,2.26399,2.15183,2.22462,2.24177,2.41077,2.19353,2.24064,2.10255,2.29307,2.28538,2.1827,2.19482,2.17877,2.32907,2.05546,2.14567,2.15968,2.37345,2.29605,2.26661,2.06864,2.31381,2.15591,2.19228,2.22359,2.05614,2.27008,2.20161,2.11783,2.26692,2.2456,2.14978,2.27695,2.07157,2.29558,2.31548,2.41654,2.22396,2.06379,2.29923,2.31103,2.264,2.40131,2.10793
2.18271,2.20025,2.29199,2.08264,2.1999,2.17213,2.15731,2.27072,2.15719,2.37504,2.16226,2.38016,2.29343,2.1729,2.23116,2.24658,2.48079,2.31362,2.19386,2.22621,2.29174,2.42446,2.17504,2.23126,2.42478,2.3948,2.23221,2.29394,2.1497,2.35182,2.24364,2.3658,2.24598,2.25509,2.15379,2.23,2.33945,2.35581,2.18288,2.25699,2.40278,2.15026,2.47321,2.13734,2.4127,2.16952,2.00023,2.14409,2.25871,2.20288,2.16063,2.22672,2.06017,2.26879,2.03021,2.23725,2.32225,2.15601,2.17746,2.16642,2.4039,2.20805,2.30799,2.14802,2.29847,2.279,2.18567,2.21281,2.11236,2.43043,2.09475,2.10377,2.18989,2.24652,2.29665,2.24783,2.07024,2.2127,2.10531,2.17112,2.22927,2.07872,2.23604,2.22614,2.15109,2.18172,2.23069,2.19347,2.31275,2.09212,2.2926,2.32595,2.40784,2.21166,2.11134,2.2509,2.32307,2.18492,2.31891,2.11487
2.21478,2.13497,2.17502,2.13,2.25783,2.14697,2.14312,2.28703,2.09641,2.38561,2.11179,2.38454,2.33669,2.20454,2.19808,2.15929,2.42415,2.28553,2.2362,2.23227,2.27369,2.43988,2.10216,2.24796,2.39673,2.32174,2.18731,2.29318,2.16332,2.29467,2.30682,2.28981,2.27683,2.26217,2.12326,2.18081,2.3805,2.3086,2.1428,2.27155,2.36838,2.14129,2.46019,2.15597,2.42895,2.17931,2.00159,2.14083,2.3025,2.16802,2.10343,2.19144,2.06561,2.32962,2.10273,2.193,2.27925,2.14184,2.26225,2.15057,2.42133,2.24788,2.24026,2.1162,2.25866,2.31313,2.1628,2.23752,2.22445,2.41532,2.12259,2.16626,2.22896,2.30124,2.33863,2.20326,2.04524,2.22201,2.07151,2.20191,2.23504,1.94636,2.26267,2.2299,2.20131,2.15513,2.25939,2.18335,2.3003,2.09452,2.27656,2.32967,2.33513,2.22102,2.11645,2.30055,2.27081,2.2009,2.33413,2.06968
2.20207,2.16833,2.23078,2.08369,2.22738,2.14204,2.17027,2.33041,2.11817,2.39497,2.17154,2.30678,2.30469,2.22876,2.13702,2.1014,2.4075,2.27677,2.31588,2.25485,2.2098,2.42391,2.11563,2.31943,2.36562,2.3569,2.19091,2.26369,2.15347,2.30849,2.29729,2.23295,2.3149,2.29218,2.08838,2.21693,2.37796,2.29902,2.18237,2.24854,2.3273,2.14966,2.43261,2.28136,2.35784,2.22478,2.01375,2.13632,2.33855,2.13509,2.11125,2.16682,2.06478,2.31588,2.06974,2.21442,2.34285,2.17976,2.17647,2.2119,2.40403,2.19924,2.20848,2.0674,2.23791,2.28541,2.1732,2.22319,2.29719,2.32193,2.14078,2.17921,2.20635,2.29906,2.2896,2.22661,2.1677,2.24994,2.00298,2.25763,2.26993,2.03313,2.24539,2.27169,2.23362,2.16487,2.19562,2.24836,2.27711,2.05262,2.26221,2.3572,2.30309,2.15606,2.12748,2.34669,2.27143,2.15897,2.31886,2.10369
2.19684,2.12127,2.20152,2.103,2.22793,2.16976,2.10187,2.33531,2.12808,2.33076,2.18825,2.39441,2.2338,2.18098,2.14418,2.20022,2.35493,2.27974,2.20647,2.24998,2.2596,2.38586,2.10246,2.29551,2.33183,2.35817,2.17731,2.16723,2.17652,2.26265,2.31885,2.28565,2.33489,2.29186,2.09395,2.17128,2.36957,2.33666,2.11065,2.23565,2.30827,2.10224,2.32466,2.31157,2.35837,2.23217,2.00804,2.16997,2.34455,2.15935,2.13242,2.13773,2.07815,2.2626,2.03798,2.21605,2.34686,2.20245,2.22142,2.19226,2.35835,2.19246,2.23672,2.03987,2.23112,2.22464,2.17414,2.276,2.30215,2.32932,2.16862,2.15758,2.16752,2.29592,2.22874,2.23082,2.12263,2.15567,2.01108,2.28321,2.31525,2.0399,2.27687,2.25902,2.18225,2.13933,2.17125,2.28559,2.25622,2.01493,2.27852,2.30853,2.27085,2.15958,2.17493,2.39899,2.25555,2.14072,2.29891,2.14024
2.12724,2.10746,2.18333,2.0735,2.22454,2.20222,2.10148,2.30285,2.12319,2.29701,2.26025,2.35132,2.27745,2.19801,2.13122,2.1553,2.30571,2.29741,2.28449,2.25299,2.25947,2.36133,2.19947,2.32403,2.35152,2.34699,2.23117,2.17169,2.06955,2.2689,2.33636,2.23235,2.41805,2.26252,2.18322,2.18232,2.31957,2.33315,2.15785,2.18661,2.27909,2.07908,2.26475,2.35503,2.42636,2.17201,2.02676,2.18122,2.36392,2.21708,2.1185,2.16801,2.05722,2.18929,2.04512,2.22264,2.32687,2.24036,2.17183,2.1741,2.36154,2.2309,2.25829,2.0301,2.1997,2.19941,2.16409,2.26476,2.231,2.30338,2.17818,2.11009,2.1704,2.27939,2.24464,2.20882,2.08848,2.20345,2.04024,2.31377,2.3219,2.09219,2.24521,2.29367,2.11799,2.1418,2.20615,2.33495,2.31589,2.03823,2.3204,2.34145,2.24409,2.09248,2.13693,2.37724,2.26872,2.17565,2.31395,2.14775
2.1021,2.08916,2.20872,2.14583,2.20464,2.24765,2.12101,2.2359,2.09294,2.27861,2.22572,2.36066,2.23643,2.2765,2.0973,2.17048,2.36719,2.3353,2.2587,2.32604,2.20583,2.33721,2.20801,2.32281,2.34153,2.28651,2.25855,2.1254,2.11974,2.28051,2.36015,2.21663,2.39933,2.2826,2.22062,2.18111,2.26994,2.35375,2.13864,2.2401,2.27904,2.07089,2.24956,2.29963,2.39393,2.16001,1.97698,2.18819,2.33181,2.18435,2.10702,2.21344,2.08312,2.1875,2.01493,2.22544,2.33356,2.1758,2.28156,2.13699,2.38083,2.20161,2.29987,2.06433,2.26124,2.19288,2.08943,2.28298,2.25604,2.24527,2.23931,2.09657,2.12345,2.24781,2.26605,2.29555,2.072,2.19241,2.04984,2.24047,2.2841,2.12596,2.18624,2.24111,2.12777,2.13968,2.18921,2.34658,2.31208,2.0842,2.29509,2.31221,2.28992,2.09065,2.15788,2.25226,2.22589,2.14471,2.32734,2.16331
2.0839,2.10409,2.21709,2.19597,2.19968,2.24181,2.10233,2.26199,2.08736,2.31347,2.17335,2.32056,2.2527,2.30384,2.09242,2.11847,2.29817,2.30987,2.23858,2.24417,2.22227,2.28342,2.18281,2.31028,2.33405,2.25888,2.21939,2.07577,2.09771,2.2915,2.36276,2.25192,2.47349,2.33386,2.18392,2.21581,2.26181,2.3841,2.14312,2.33282,2.28965,2.05769,2.25869,2.31436,2.33172,2.1673,1.97985,2.23762,2.34255,2.17571,2.09934,2.19371,2.13822,2.13477,2.04269,2.21474,2.3373,2.0961,2.28477,2.10165,2.32332,2.18036,2.29159,2.11315,2.31163,2.21521,2.09981,2.2655,2.20915,2.20682,2.26751,2.20691,2.11418,2.19192,2.34426,2.26845,2.03259,2.24165,2.02856,2.21824,2.26092,2.14361,2.18064,2.20249,2.10542,2.15914,2.16567,2.36839,2.29298,2.09973,2.28405,2.28673,2.2644,2.01355,2.15246,2.23743,2.20731,2.23317,2.32836,2.11545
2.09958,2.12713,2.19521,2.17607,2.1531,2.24311,2.05416,2.2044,2.07487,2.29662,2.09854,2.26115,2.20867,2.28958,2.12438,2.13523,2.27242,2.28881,2.27292,2.17319,2.20649,2.31822,2.26397,2.31301,2.2736,2.19199,2.19505,2.0931,2.08816,2.27242,2.38684,2.20787,2.46974,2.3341,2.12127,2.26782,2.21306,2.30655,2.08876,2.30998,2.30438,2.01333,2.31184,2.29077,2.29849,2.20634,1.99992,2.15148,2.3304,2.1774,2.12566,2.23387,2.1914,2.1899,1.989,2.22637,2.28738,2.06678,2.23527,2.13163,2.2995,2.19716,2.25697,2.14693,2.26115,2.3328,2.08841,2.22169,2.19931,2.18789,2.19166,2.21302,2.07459,2.10745,2.29805,2.29855,2.06446,2.26191,2.08303,2.26833,2.27858,2.13638,2.13524,2.19207,2.08613,2.10464,2.15277,2.40571,2.2809,2.11472,2.26386,2.3051,2.3223,2.08032,2.18618,2.28899,2.1859,2.21843,2.40427,2.16251
2.12786,2.14641,2.19081,2.20128,2.19955,2.29342,2.04426,2.20002,2.11161,2.26887,2.13444,2.25318,2.19322,2.29188,2.10861,2.07298,2.20189,2.19365,2.3127,2.12863,2.21737,2.28647,2.25403,2.25532,2.3376,2.22109,2.18549,1.99513,2.05263,2.3595,2.39848,2.21019,2.41741,2.27383,2.10266,2.31306,2.27516,2.30832,2.09401,2.24889,2.22816,2.01158,2.29789,2.1811,2.37863,2.26605,1.99923,2.17189,2.36233,2.04989,2.08684,2.20115,2.19681,2.16665,1.97334,2.16689,2.23165,2.12874,2.26955,2.0931,2.26636,2.18345,2.20772,2.0687,2.23492,2.35888,2.18396,2.23503,2.19956,2.16926,2.2587,2.2371,2.04056,2.02937,2.3089,2.32165,2.13094,2.13636,2.05826,2.25829,2.28669,2.11346,2.14799,2.11433,2.03577,2.05929,2.06869,2.38142,2.27197,2.04465,2.24681,2.17982,2.24924,2.01669,2.20557,2.26906,2.13083,2.30921,2.36484,2.126
2.06999,2.19765,2.23787,2.19127,2.21109,2.30071,2.08671,2.24934,2.06517,2.25525,2.16188,2.21737,2.3076,2.34643,2.11874,2.09439,2.21371,2.17335,2.35965,2.12381,2.17866,2.30705,2.27186,2.22776,2.35173,2.20118,2.16957,2.05951,2.09944,2.30155,2.43586,2.16376,2.34361,2.24925,2.06721,2.28918,2.22358,2.27381,2.05029,2.20169,2.22509,2.0119,2.26028,2.14421,2.38718,2.23908,2.00765,2.13241,2.37008,2.02611,2.12934,2.31861,2.12526,2.20506,1.97857,2.17472,2.15908,2.1221,2.27053,2.18249,2.22204,2.18927,2.19773,2.08144,2.14512,2.3777,2.23102,2.28205,2.18758,2.16786,2.27082,2.23584,1.97077,2.00091,2.29566,2.31338,2.14857,2.15482,2.13409,2.2315,2.28404,2.10689,2.15241,2.09727,2.06841,2.07062,2.06458,2.34086,2.28425,2.10892,2.2304,2.17416,2.21712,2.03412,2.22429,2.33065,2.14303,2.27517,2.33388,2.13065
2.05078,2.17725,2.16744,2.22988,2.17264,2.34944,2.06938,2.27322,2.07328,2.31672,2.21551,2.28902,2.25902,2.32594,2.06778,2.10725,2.19175,2.1447,2.32058,2.19169,2.19552,2.28881,2.22648,2.19009,2.36644,2.24907,2.09965,2.0641,2.18863,2.35027,2.43505,2.15074,2.34728,2.17286,2.05344,2.25076,2.21358,2.27249,2.02366,2.18646,2.22731,2.04052,2.32632,2.13772,2.33877,2.24382,2.01045,2.118,2.31741,2.04386,2.06433,2.22553,2.06577,2.24333,2.01617,2.14403,2.19065,2.12543,2.3282,2.24648,2.26856,2.20321,2.18266,2.08197,2.19914,2.37109,2.27944,2.22504,2.07341,2.1898,2.21008,2.20563,1.9863,2.10302,2.2438,2.41642,2.08017,2.15821,2.09215,2.19687,2.25909,2.03533,2.21275,2.04824,1.99518,2.07302,2.11378,2.31608,2.22736,2.11573,2.17246,2.17436,2.22128,2.09707,2.20993,2.35287,2.21214,2.26347,2.31363,2.14317
2.07348,2.15808,2.16847,2.24316,2.19459,2.40026,2.10753,2.20424,2.03934,2.32286,2.23506,2.26523,2.15926,2.35325,2.15966,2.08202,2.14477,2.11611,2.32042,2.24234,2.18549,2.22723,2.25654,2.25755,2.32707,2.24696,2.11213,2.03512,2.19828,2.35727,2.38958,2.12881,2.28846,2.14682,2.1021,2.20065,2.15956,2.24234,2.05203,2.13028,2.16678,2.08369,2.2873,2.18499,2.32518,2.25148,1.97291,2.15034,2.3282,2.05165,2.01539,2.27054,2.07904,2.24637,2.09991,2.15422,2.20362,2.17128,2.38634,2.23461,2.27336,2.2057,2.19302,2.1369,2.16947,2.2514,2.25053,2.15177,2.1318,2.14281,2.21952,2.12133,2.03483,2.10306,2.30017,2.37869,2.04931,2.20419,2.10401,2.21807,2.28036,2.08394,2.22419,2.02268,1.95627,2.06034,2.11129,2.31033,2.18448,2.14849,2.15539,2.25901,2.18328,2.07577,2.20748,2.3561,2.22715,2.24422,2.25076,2.14084
2.06405,2.18846,2.17215,2.25107,2.21058,2.29982,2.09941,2.22982,2.00805,2.28367,2.22907,2.23473,2.19746,2.41193,2.15227,2.01972,2.11512,2.09719,2.24721,2.26387,2.15383,2.22783,2.31364,2.24185,2.35572,2.25456,2.18242,1.9721,2.19286,2.40046,2.37502,2.16978,2.29772,2.18527,2.06581,2.17872,2.17493,2.14111,2.05029,2.1285,2.14722,2.10023,2.22597,2.17571,2.39717,2.26669,1.9878,2.07101,2.28838,2.06074,2.05359,2.24354,2.01703,2.25065,2.11915,2.21992,2.23321,2.17275,2.3962,2.23982,2.25994,2.18953,2.20831,2.08591,2.19107,2.18563,2.26819,2.10864,2.12731,2.23822,2.16874,2.12916,2.0135,2.09393,2.24523,2.26381,2.07075,2.24601,2.07028,2.1224,2.27534,2.14607,2.17385,1.98661,2.01338,2.07824,2.11463,2.30785,2.12809,2.15795,2.16299,2.28503,2.18081,2.0747,2.22534,2.33687,2.23561,2.17237,2.19834,2.08487
2.1129,2.20522,2.19919,2.18225,2.15448,2.24427,2.0716,2.18319,2.01964,2.23908,2.22771,2.18445,2.17522,2.45351,2.04814,1.95994,2.11462,2.06934,2.23452,2.23686,2.09199,2.14547,2.2704,2.2825,2.30515,2.27403,2.21207,2.00585,2.19299,2.34128,2.34782,2.10598,2.3002,2.10807,2.02248,2.13341,2.20665,2.1493,2.08775,2.08538,2.18764,2.05845,2.20369,2.12316,2.39957,2.3091,2.0583,2.05526,2.28156,2.00636,2.11435,2.25142,1.99576,2.18471,2.15887,2.20118,2.27975,2.21239,2.34887,2.14646,2.30025,2.16046,2.1436,2.08705,2.17097,2.18597,2.30817,2.07379,2.18497,2.224,2.21453,2.14998,1.99141,2.0969,2.21731,2.24521,2.12195,2.26611,2.10378,2.13776,2.28825,2.12781,2.16971,2.02239,2.02103,2.15203,2.12384,2.34275,2.19974,2.11809,2.0979,2.28456,2.18823,2.11817,2.24044,2.26099,2.24742,2.19579,2.2224,2.07941
2.13307,2.19709,2.13554,2.19652,2.1892,2.27125,2.11402,2.13338,2.03337,2.22603,2.27568,2.15691,2.15745,2.41272,2.07603,2.01594,2.11454,2.11656,2.18172,2.2175,2.1283,2.13244,2.26896,2.23491,2.23549,2.25608,2.16406,2.01606,2.19939,2.36004,2.32024,2.08606,2.25552,2.11189,2.03862,2.18493,2.24036,2.14484,2.10256,2.17033,2.26925,2.03021,2.14521,2.11759,2.42203,2.2482,2.09797,2.05708,2.30713,2.04553,2.06435,2.27519,1.98191,2.14999,2.12364,2.19063,2.3081,2.13988,2.30325,2.12378,2.31908,2.12227,2.12807,2.09829,2.16585,2.14673,2.33194,2.16038,2.21209,2.19579,2.20784,2.14143,2.04106,2.05158,2.29285,2.24075,2.15483,2.2222,2.09305,2.23297,2.26607,2.16193,2.17917,1.96594,2.031,2.11681,2.15943,2.28436,2.20531,2.16248,2.1602,2.29689,2.18382,2.08185,2.23586,2.18482,2.18514,2.25085,2.26024,2.04732
2.1552,2.15835,2.0881,2.12687,2.17792,2.27151,2.07917,2.12189,2.07186,2.22757,2.25116,2.22556,2.05972,2.39837,2.05505,1.9542,2.07427,2.08717,2.18281,2.18796,2.19944,2.17803,2.3189,2.12981,2.26312,2.23557,2.15231,1.99945,2.13576,2.39986,2.32018,2.08674,2.31808,2.12236,2.03189,2.18406,2.18371,2.14097,2.05311,2.07935,2.26398,2.09664,2.15772,2.1666,2.34862,2.22765,2.0863,2.03898,2.30147,2.09002,2.05112,2.25267,2.03398,2.16293,2.11508,2.18907,2.25633,2.15623,2.34959,2.16342,2.2868,2.10478,2.14901,2.07335,2.14143,2.08499,2.32774,2.17517,2.198,2.16652,2.23345,2.13696,2.07645,2.03901,2.26863,2.24778,2.09713,2.19469,2.09721,2.20242,2.26576,2.20676,2.1849,1.97887,2.08812,2.11871,2.09119,2.18945,2.15236,2.17378,2.14058,2.30923,2.21137,2.02444,2.1986,2.12866,2.21131,2.18345,2.27092,2.09562
2.10155,2.22391,2.05673,2.13029,2.18909,2.30506,2.0556,2.09322,2.1268,2.24601,2.20635,2.29311,2.07818,2.34972,2.0977,1.87642,2.06896,2.10304,2.13756,2.17611,2.1908,2.1706,2.26463,2.18419,2.26913,2.28962,2.10165,1.96853,2.11633,2.31855,2.30541,2.07761,2.33869,2.06168,1.99073,2.19297,2.17173,2.10859,2.02409,2.10253,2.3262,2.18246,2.16535,2.16767,2.36217,2.26087,2.05671,2.02748,2.33878,2.15214,2.0355,2.26167,2.00752,2.16629,2.11014,2.14668,2.20301,2.12854,2.39644,2.14579,2.3085,2.13658,2.2025,2.10467,2.18252,2.11291,2.26521,2.12125,2.14163,2.19707,2.22857,2.13617,2.13567,2.03842,2.14454,2.19455,2.10552,2.19473,2.09866,2.24,2.28891,2.22677,2.18079,2.03641,2.06778,2.09267,2.19726,2.21103,2.13599,2.08932,2.11611,2.22259,2.1355,2.05633,2.23491,2.10584,2.25009,2.11487,2.22079,2.13566
2.12787,2.22629,2.07401,2.10576,2.17195,2.27928,2.05564,2.1024,2.11592,2.27144,2.15385,2.23245,2.05971,2.31651,2.09307,1.83942,2.07075,2.06853,2.21349,2.07788,2.1834,2.25282,2.33968,2.23799,2.32197,2.23773,2.14026,2.01849,2.14395,2.38058,2.36355,2.03149,2.41118,2.0351,1.96915,2.14823,2.15195,2.13503,2.11728,2.1413,2.30112,2.18204,2.14705,2.17313,2.36758,2.21594,2.08578,1.97236,2.21398,2.10073,2.01458,2.23865,1.9863,2.08776,2.10023,2.17877,2.17806,2.18862,2.34218,2.14243,2.26958,2.15812,2.16909,2.1414,2.16469,2.19131,2.2594,2.09879,2.20513,2.2403,2.29125,2.12598,2.13898,2.00671,2.04508,2.20412,2.13421,2.141,2.09168,2.19709,2.22832,2.23301,2.23486,2.05806,2.03552,2.16193,2.14786,2.20476,2.1201,2.08056,2.11575,2.21118,2.13756,2.0772,2.28956,2.10627,2.1886,2.08513,2.20029,2.20556
2.11703,2.23352,2.03258,2.10316,2.12448,2.25022,2.08384,2.05909,2.17107,2.2149,2.12402,2.18505,2.19944,2.32171,2.12525,1.8227,2.07291,2.11928,2.18425,2.09673,2.12165,2.2032,2.33685,2.22433,2.29217,2.22907,2.08534,1.98537,2.18218,2.3231,2.39798,2.04752,2.35248,2.01739,2.00314,2.21045,2.14976,2.16079,2.02446,2.16157,2.28839,2.21925,2.0948,2.15425,2.33002,2.26534,2.02924,1.96517,2.2813,2.10887,2.03086,2.21394,1.95682,2.07902,2.07299,2.26158,2.15017,2.13198,2.33692,2.13062,2.25295,2.21092,2.1644,2.1333,2.15137,2.15117,2.27761,2.03113,2.16723,2.15856,2.29057,2.12389,2.11847,2.09048,2.01017,2.23399,2.19147,2.14749,2.09726,2.2834,2.18452,2.20659,2.33027,2.06968,1.99644,2.11312,2.14662,2.26633,2.10239,2.07921,2.09231,2.24064,2.14745,2.04167,2.21941,2.15388,2.19656,2.05964,2.21091,2.14392
2.12877,2.17274,2.01661,2.1093,2.09863,2.19479,2.10291,2.04099,2.15042,2.28797,2.12858,2.13162,2.23222,2.34277,2.11139,1.82426,2.0538,2.14694,2.15413,2.12193,2.13217,2.15507,2.32924,2.19448,2.30449,2.1787,2.09738,1.95555,2.19921,2.31184,2.34997,2.02001,2.32807,2.00532,1.97339,2.20601,2.09078,2.15721,2.00402,2.22948,2.23267,2.19205,2.02993,2.10836,2.28004,2.21665,2.12653,1.9901,2.2586,2.12766,2.01794,2.16314,2.0153,2.10223,2.16079,2.21767,2.18018,2.08078,2.29475,2.07962,2.08807,2.19051,2.10497,2.16099,2.15086,2.15814,2.30264,2.09431,2.1634,2.16221,2.32913,2.15121,2.15081,2.04701,2.10454,2.25828,2.18152,2.13339,2.09535,2.26954,2.08548,2.20531,2.27837,2.04295,1.96199,2.21506,2.12997,2.2365,2.09875,2.04109,2.12863,2.18769,2.16859,2.08118,2.12727,2.12337,2.21442,2.0558,2.23814,2.18367
2.10009,2.2115,2.01329,2.10797,2.05949,2.12388,2.12383,1.9941,2.10068,2.31143,2.18669,2.14064,2.18058,2.44753,2.08804,1.81806,2.07309,2.10479,2.14273,2.15625,2.19758,2.17167,2.28456,2.27584,2.28263,2.19257,2.09402,2.01686,2.19005,2.21662,2.33774,2.00075,2.34491,1.97156,1.97299,2.1946,2.09732,2.15481,1.9726,2.17739,2.21548,2.25966,2.02497,2.07724,2.2884,2.16931,2.07435,2.07484,2.24947,2.08039,2.07337,2.15382,2.04753,2.06105,2.15576,2.22084,2.18062,2.0343,2.21472,2.08235,2.12078,2.19255,2.06241,2.26644,2.16029,2.13815,2.3751,2.08375,2.12987,2.0838,2.32505,2.16158,2.14071,2.08956,2.14608,2.28359,2.20352,2.10754,2.09041,2.25165,2.12626,2.21176,2.23588,2.04927,2.01185,2.172,2.0933,2.24918,2.06796,2.0485,2.13356,2.14705,2.22359,2.09475,2.11542,2.09124,2.21758,2.07482,2.20771,2.13005
2.15528,2.19575,2.09365,2.0802,1.99845,2.12346,2.1358,2.03288,2.12615,2.31665,2.11839,2.1499,2.17078,2.39861,2.04448,1.82916,2.09616,2.14692,2.16868,2.14254,2.18252,2.19925,2.28266,2.24406,2.20619,2.18127,2.11522,2.04821,2.22514,2.2561,2.30093,2.0236,2.21973,1.94104,1.91419,2.15965,2.16784,2.19773,1.94062,2.20298,2.18239,2.24067,2.01547,2.07012,2.24546,2.19864,2.08087,2.1229,2.21167,2.11786,2.05431,2.14109,1.98999,2.13135,2.16367,2.22819,2.11223,2.06608,2.24339,2.16173,2.14503,2.14098,2.00054,2.23245,2.17215,2.10244,2.40096,2.04882,2.1459,2.1253,2.25454,2.17177,2.1089,2.09727,2.10003,2.25372,2.19061,2.0618,2.06713,2.24106,2.16293,2.24182,2.29773,2.00055,2.02339,2.14143,2.03221,2.22883,2.06058,2.02306,2.19166,2.1701,2.16966,2.0897,2.049,2.12418,2.27938,2.10642,2.21607,2.09111
2.04111,2.21032,2.07382,2.09207,2.05687,2.17364,2.17097,2.04659,2.07797,2.33467,2.14157,2.12902,2.13349,2.36282,2.02882,1.833,2.10386,2.18888,2.0878,2.14194,2.11493,2.22897,2.29448,2.22193,2.23603,2.17424,2.1226,2.03673,2.2102,2.17562,2.27314,1.98106,2.20202,2.02192,1.95707,2.17377,2.17435,2.17068,1.98435,2.13424,2.16422,2.21646,2.06858,2.06149,2.28472,2.17968,2.11571,2.15646,2.21233,2.09138,2.09181,2.1349,1.99924,2.04614,2.12214,2.17984,2.15158,2.06557,2.22455,2.20782,2.09091,2.16344,1.98105,2.19603,2.19051,2.09604,2.43567,1.99411,2.13028,2.08659,2.22818,2.15338,2.11223,2.08829,2.07946,2.21977,2.23312,2.05166,2.15804,2.13797,2.08829,2.21614,2.28963,2.02971,2.02653,2.09401,2.13289,2.18445,2.10262,2.06297,2.1073,2.17879,2.13956,2.08982,2.0499,2.12555,2.1972,2.09882,2.19307,2.09188
2.0564,2.18427,2.03076,2.14351,2.04905,2.15014,2.17826,2.02363,2.06093,2.34632,2.10336,2.12343,2.08713,2.28123,2.0322,1.83214,2.0939,2.18511,2.04184,2.09221,2.11361,2.17903,2.27212,2.19589,2.21445,2.22551,2.12906,1.96319,2.19482,2.22712,2.22677,1.97321,2.13263,2.0099,1.92139,2.13552,2.17402,2.13399,1.94772,2.16571,2.13803,2.22717,2.07683,2.10241,2.29329,2.20144,2.1548,2.17997,2.2285,2.14387,2.12621,2.10561,2.00023,2.06189,2.15988,2.15402,2.15508,2.07567,2.25277,2.21151,2.0809,2.08282,1.98739,2.1355,2.21342,2.06536,2.35778,2.00027,2.15687,2.01087,2.24224,2.19182,2.1129,2.1197,2.00346,2.24525,2.21377,2.03286,2.11803,2.16387,2.09834,2.18931,2.2729,2.03924,2.02846,2.05725,2.10997,2.19945,2.05526,2.08798,2.12301,2.1278,2.11234,2.14647,2.07771,2.14285,2.25587,2.07906,2.18332,2.03685
2.0334,2.1785,1.98903,2.13209,2.10521,2.11905,2.21933,1.97802,2.08798,2.33965,2.04852,2.10833,2.02057,2.31938,2.11261,1.80391,2.09785,2.1133,2.03826,2.13247,2.04542,2.17846,2.25792,2.18717,2.19703,2.26187,2.16112,1.89908,2.26782,2.15083,2.16836,1.98309,2.18472,2.02278,2.03081,2.11897,2.11225,2.11478,2.03042,2.2214,2.12249,2.31613,2.15444,2.09062,2.25558,2.22748,2.26274,2.17084,2.19405,2.13464,2.07075,2.15024,2.0331,2.05082,2.13044,2.16474,2.22084,2.09085,2.17214,2.16317,2.1068,2.05073,2.01061,2.01663,2.21143,2.05478,2.31977,2.0273,2.11391,2.09244,2.20696,2.17516,2.02771,2.08211,2.06763,2.20016,2.20741,1.97749,2.10385,2.18204,2.11183,2.21178,2.20107,2.02245,2.07829,2.03767,2.16765,2.26892,1.98304,2.08556,2.14142,2.15992,2.08632,2.12635,2.15119,2.15061,2.27502,2.03881,2.15142,2.04383
2.06812,2.15266,2.05863,2.10972,2.15683,2.13762,2.22193,1.9821,2.01184,2.28936,2.05967,2.14191,2.06536,2.3338,2.08932,1.78658,2.00473,2.06914,2.06631,2.18965,2.02975,2.21524,2.32769,2.14608,2.1489,2.28013,2.15704,1.91484,2.20349,2.07873,2.12198,1.99216,2.18155,2.01819,2.04927,2.06942,2.11996,2.0306,2.01699,2.23766,2.17613,2.27967,2.15527,2.02691,2.26576,2.22143,2.21726,2.19802,2.10223,2.10802,2.06504,2.16458,2.02455,2.08173,2.14064,2.18415,2.18277,2.05837,2.1651,2.10535,2.11633,2.07146,2.00009,2.02373,2.19135,2.10089,2.25194,2.04014,2.1429,2.0486,2.21648,2.13931,2.11027,1.98216,2.04564,2.17553,2.15167,1.94906,2.12408,2.13251,2.04149,2.21424,2.13881,2.03725,2.10565,2.08106,2.21186,2.23402,1.9857,2.06172,2.08495,2.09927,2.09494,2.09245,2.19057,2.14784,2.2212,2.08902,2.15695,2.1172
2.1247,2.19386,2.07842,2.10339,2.08207,2.11814,2.19531,2.02656,2.02475,2.29341,2.05064,2.16793,2.02044,2.30137,2.15416,1.7832,2.02291,2.11761,2.07914,2.20787,2.07839,2.17649,2.27172,2.15788,2.1936,2.23878,2.17528,1.97816,2.23515,2.11893,2.11184,1.99302,2.26136,2.01155,2.0207,2.11631,2.08704,2.05988,2.05701,2.24262,2.18962,2.2307,2.09346,2.00401,2.29401,2.21568,2.16373,2.16674,2.04801,2.1037,2.01821,2.1118,2.00694,2.08696,2.19813,2.22237,2.18614,1.96184,2.14805,2.07662,2.15466,2.08253,1.96977,2.05122,2.19909,2.01225,2.13297,2.06387,2.15607,2.02497,2.24323,2.08735,2.11628,1.97369,2.0603,2.19541,2.18462,2.09219,2.13588,2.09853,2.0028,2.15932,2.09137,2.04053,2.18102,2.12592,2.20642,2.18483,1.95774,2.07732,2.13382,2.06592,2.12515,2.12272,2.13639,2.18025,2.21275,2.10113,2.13689,2.14911
2.163,2.23956,2.05761,2.17667,2.06122,2.11399,2.10433,1.97434,2.00646,2.28327,2.06082,2.17757,2.01279,2.25141,2.11965,1.85898,2.03854,2.07323,2.03052,2.15217,2.07906,2.17539,2.23371,2.11844,2.14492,2.23587,2.20508,1.95232,2.2289,2.01293,2.18271,2.01792,2.28564,2.0166,2.0263,2.12784,2.07453,2.06324,2.0667,2.24242,2.17886,2.22247,2.07553,1.98405,2.31036,2.19723,2.08187,2.10145,2.0872,2.1315,1.99247,2.16764,1.99035,2.03483,2.22962,2.2484,2.22074,1.95959,2.13893,2.07172,2.13782,2.0946,1.8964,2.0605,2.08064,1.99763,2.14518,2.08988,2.14889,2.06724,2.2309,2.16438,2.11879,1.9911,2.06079,2.17471,2.19903,2.1018,2.12185,2.02693,2.03399,2.26178,2.13854,2.06301,2.13756,2.12425,2.30088,2.15728,2.01323,2.09681,2.13072,2.09276,2.07946,2.10814,2.08745,2.15589,2.24812,2.1195,2.09047,2.18782
2.13395,2.25342,2.04651,2.15641,2.03855,2.16742,2.07797,1.92176,2.00729,2.29281,2.07783,2.08797,2.05056,2.25441,2.08128,1.90321,2.11719,2.07499,2.01703,2.08464,2.10436,2.11794,2.23375,2.11398,2.14473,2.21273,2.26496,2.01302,2.17978,2.05565,2.17898,2.03301,2.25274,1.9988,2.01535,2.11554,2.10586,2.14082,2.01921,2.1557,2.17436,2.19483,2.10721,1.97279,2.26752,2.16411,2.08909,2.07486,2.04458,2.15755,1.96986,2.13442,1.96506,2.0294,2.25004,2.20397,2.23384,1.9196,2.16646,2.11426,2.10055,2.07676,1.86607,2.05807,2.01704,2.03887,2.19945,2.02797,2.09181,2.0502,2.25369,2.16887,2.05712,2.03798,2.04346,2.16309,2.23974,2.12728,2.09022,1.99519,2.02557,2.23302,2.13553,2.05214,2.13205,2.10114,2.30147,2.15104,2.0077,2.10931,2.06809,2.1262,2.09724,2.02541,2.03631,2.2059,2.33071,2.10087,2.05638,2.1333
2.1118,2.23288,2.00662,2.11895,2.05983,2.11295,2.01089,1.88589,1.94878,2.30291,2.01125,2.10067,2.1039,2.24232,2.03335,1.92833,2.15815,2.02796,2.02295,2.11473,2.12051,2.21328,2.20541,2.07675,2.14516,2.22118,2.35102,2.02392,2.18773,2.0615,2.21843,2.05358,2.21302,2.00616,2.06649,2.05522,2.15391,2.15432,2.04049,2.13268,2.04265,2.2518,2.10102,1.93622,2.27305,2.17574,2.16755,2.06047,2.03328,2.18749,1.96104,2.10495,1.99167,2.09537,2.29166,2.18224,2.20124,1.9409,2.14874,2.09525,2.0761,2.05703,1.93378,2.11015,2.05727,2.04556,2.23054,2.05061,2.05919,2.12386,2.25817,2.20601,2.03399,2.03138,2.07945,2.15978,2.23273,2.15956,2.09162,1.95977,2.07014,2.31439,2.14231,2.07488,2.14013,2.06119,2.36676,2.14007,1.96844,2.11412,2.12903,2.10297,2.12337,2.04032,2.05283,2.18818,2.29777,2.11809,2.05044,2.15179
2.1578,2.18179,2.00657,2.17251,2.13015,2.06686,1.99963,1.89075,1.96095,2.2686,1.91635,2.13764,2.12308,2.17605,2.07053,1.82015,2.07761,2.06622,2.05291,2.10319,2.09038,2.0988,2.22492,2.0539,2.09621,2.18442,2.30543,2.05636,2.21036,2.0339,2.18758,2.02902,2.20724,2.0606,2.08488,2.04925,2.10572,2.13068,2.06954,2.12938,2.05615,2.23683,2.10532,1.95465,2.24731,2.17908,2.17711,2.08436,2.07074,2.11662,1.93968,2.07406,1.99202,2.09006,2.29407,2.16486,2.23005,1.87934,2.11898,2.07199,2.0732,2.02483,1.95434,2.06825,1.98379,2.07912,2.2079,1.98185,2.11121,2.15308,2.22636,2.24606,2.02302,2.03065,2.10195,2.16839,2.25239,2.10508,2.11353,1.93936,2.11943,2.27292,2.14561,2.05583,2.10373,2.05265,2.29443,2.08829,1.98165,2.06082,2.08104,2.15123,2.20235,1.98098,2.05381,2.20001,2.32024,2.08372,2.03459,2.16745
2.16069,2.20622,1.9786,2.09745,2.03605,2.07467,2.06841,1.91772,2.02192,2.24483,1.98498,2.16787,2.11264,2.19211,2.06839,1.79523,2.10091,2.0104,2.07311,2.1289,2.10499,2.04587,2.23969,2.12625,2.14925,2.19049,2.23102,2.00714,2.19977,2.00599,2.21286,2.03387,2.15534,2.10872,2.10279,2.08924,2.12457,2.14551,2.12571,2.08676,2.0838,2.27052,2.02696,1.99501,2.2281,2.15536,2.25832,2.04935,2.0094,2.10423,1.87639,1.98195,2.02235,2.04343,2.30327,2.13818,2.08678,1.93276,2.10095,2.07373,2.06849,2.00482,2.03164,2.07576,2.00224,2.13243,2.06915,1.98923,2.10874,2.1377,2.22121,2.20103,2.06862,1.99228,2.10525,2.19188,2.24384,2.13429,2.16771,1.91389,2.14207,2.21978,2.11024,2.04962,2.12255,2.09177,2.26121,2.0626,1.99937,2.06513,2.11222,2.14042,2.11718,1.98341,1.99521,2.1198,2.31779,2.03589,2.06161,2.13569
2.10548,2.17228,1.93134,2.06593,2.01081,2.01265,2.02233,1.94808,2.09384,2.19173,2.07204,2.17633,2.12083,2.11409,2.12376,1.83866,2.07049,2.05304,2.0297,2.13453,2.04378,2.02267,2.17748,2.1348,2.1132,2.10734,2.16395,1.97719,2.16634,2.00652,2.20163,2.08621,2.15268,2.09003,2.04288,2.11583,2.05462,2.13475,2.08613,2.15294,2.06425,2.29293,2.01852,2.0422,2.20353,2.09694,2.23608,2.10412,2.06142,2.18765,1.88368,1.97047,2.06306,2.09801,2.28274,2.1572,2.12094,1.95123,2.11208,2.13973,2.08568,2.0511,2.08024,2.07964,1.96832,2.18908,2.11025,2.00264,2.11707,2.16816,2.2414,2.17528,2.06674,2.01814,2.03107,2.14815,2.16849,2.08195,2.26814,1.9424,2.16453,2.23682,2.04798,2.06648,2.17397,2.09852,2.17537,2.04834,1.98653,2.09109,2.07879,2.12662,2.05521,2.00698,2.01982,2.08481,2.31665,1.98144,2.07761,2.13297
2.09292,2.18178,2.04521,2.06665,1.97636,2.02222,2.0585,1.97364,2.10257,2.17217,2.12693,2.18805,2.15488,2.07647,2.12264,1.9212,2.08426,2.05773,2.02947,2.15685,2.02968,2.03607,2.12636,2.20986,2.12863,2.13418,2.21592,2.0159,2.10515,1.9726,2.20097,2.03859,2.14865,2.16419,2.05194,2.04906,1.99263,2.06029,2.11968,2.09807,2.07723,2.27562,2.01547,2.01478,2.24011,2.06126,2.2373,2.09929,2.03238,2.19821,1.90164,1.94256,2.08331,2.05382,2.22943,2.1324,2.13084,1.97944,2.11038,2.20462,2.03463,2.04151,2.11212,2.02422,2.03175,2.19519,2.14694,1.99056,2.12271,2.15255,2.26879,2.09776,2.04203,1.96316,2.05427,2.13878,2.18253,2.12728,2.2506,1.92925,2.10225,2.14975,1.985,2.08204,2.18592,2.07537,2.18082,1.98234,2.04193,2.15446,2.08823,2.06959,2.03836,1.94762,1.98551,2.11492,2.31312,1.969,2.10116,2.17615
2.07611,2.20193,2.08209,1.99268,1.9923,1.97459,2.08058,1.99091,2.1356,2.19156,2.10025,2.19921,2.04372,2.10732,2.15267,1.94553,2.07364,2.1039,2.01921,2.15911,2.10925,2.07094,2.18696,2.1647,2.09952,2.15232,2.18583,2.08425,2.18487,1.9608,2.18654,2.01818,2.19751,2.09371,2.04433,2.01145,1.95491,2.08379,2.12019,2.0984,2.06008,2.19544,2.0723,1.93383,2.15364,2.09422,2.18854,2.13517,2.06601,2.14972,1.97498,1.94721,2.06323,2.02434,2.21594,2.12463,2.12672,1.9754,2.0552,2.12403,2.00719,2.06926,2.01499,1.97568,1.96082,2.20436,2.13862,2.00708,2.10796,2.17027,2.26138,2.07097,2.03581,1.96993,2.02025,2.13215,2.16615,2.07885,2.27746,1.94398,2.09565,2.12901,1.95644,2.07028,2.20516,2.06914,2.1714,2.01961,2.04958,2.15306,2.13973,2.06623,2.06325,1.86667,2.02103,2.13996,2.33068,1.99573,2.12819,2.15714
2.0237,2.21079,2.16846,2.04651,2.02554,1.99461,2.08366,1.96365,2.06718,2.16178,2.0794,2.15474,2.03679,2.10942,2.12646,1.95453,2.03599,2.0608,2.06749,2.21204,2.07933,2.07193,2.24175,2.11213,2.07667,2.0849,2.14125,2.10146,2.16769,1.99732,2.19368,2.0681,2.17083,2.08145,2.07013,2.03869,1.89118,2.0449,2.06556,2.13301,2.03526,2.19764,2.06025,1.90802,2.16411,2.04356,2.22396,2.1585,2.02416,2.1664,2.00999,1.94451,2.00646,2.08318,2.21311,2.10745,2.13042,1.95358,1.97372,2.14428,2.01918,2.07198,1.95578,1.9506,1.96846,2.18407,2.17787,1.99678,2.1358,2.13039,2.29041,2.10074,1.9903,1.97689,2.07645,2.1287,2.17499,2.06792,2.22525,1.90073,2.06071,2.18695,2.03582,2.06498,2.23249,2.04688,2.13725,2.05014,2.05135,2.17211,2.13736,2.13609,2.04033,1.89082,2.04007,2.20601,2.25266,2.03988,2.10163,2.19421
2.05671,2.2295,2.24792,2.02121,1.95162,1.94496,2.15586,2.00268,2.10626,2.18067,2.028,2.18524,2.02625,2.16464,2.16721,1.94847,2.04696,2.10095,2.08618,2.16105,2.12272,2.13807,2.21195,2.14302,2.13447,2.05452,2.13689,2.12731,2.22658,1.97299,2.1461,2.06085,2.17794,2.09012,2.06847,2.05076,1.93739,2.06187,2.05859,2.14467,1.98683,2.1449,2.02848,1.93632,2.15662,2.01865,2.16643,2.13769,2.05198,2.1404,2.03442,2.02834,2.0522,2.05968,2.23584,2.10177,2.07959,2.0173,2.01267,2.09005,2.06223,2.07339,2.00934,1.96386,2.01194,2.19081,2.11873,2.0109,2.12825,2.1449,2.36757,2.14322,1.94757,1.99319,2.03185,2.09033,2.22175,2.03892,2.30984,1.87363,2.05171,2.2455,2.07781,2.06393,2.16681,2.011,2.11666,2.06317,2.05701,2.09268,2.11549,2.17288,2.05934,1.89465,2.0194,2.2571,2.28127,2.06334,2.11905,2.20377
2.05568,2.14112,2.21116,2.06059,1.8958,1.96748,2.13161,1.99777,2.09913,2.19039,2.05331,2.10421,2.06278,2.14862,2.06003,1.92671,2.00858,2.0988,2.08078,2.19598,2.17727,2.11535,2.17866,2.11596,2.15262,2.06077,2.15384,2.12237,2.21993,1.95667,2.1787,2.06918,2.21439,2.11717,2.00613,2.12821,2.02243,2.10586,2.02551,2.19176,2.02067,2.09249,2.03128,1.96226,2.10534,2.03971,2.13969,2.18085,1.9873,2.12314,2.05434,2.07004,2.10248,2.00539,2.24396,2.14657,2.04377,2.01528,2.01239,2.11544,2.00735,2.00251,2.00773,1.94618,1.94451,2.09855,2.05652,1.97465,2.06365,2.11337,2.29436,2.12137,1.94284,1.99095,2.05227,2.06578,2.19518,2.02795,2.21414,1.83065,2.05702,2.22904,2.03357,2.08636,2.20678,2.02314,2.09517,2.01718,2.06938,2.08949,2.10622,2.1533,2.03432,1.88953,2.05134,2.25013,2.25089,2.06173,2.08947,2.17375
2.04014,2.06821,2.17516,2.08805,1.94087,1.9464,2.07351,2.00083,2.06827,2.18808,2.0561,2.17307,2.10207,2.11558,2.09398,1.95985,2.02585,2.04975,2.04931,2.18838,2.17465,2.10961,2.15955,2.16657,2.14656,2.08049,2.12206,2.15936,2.12529,1.94585,2.11008,2.01538,2.2058,2.13458,1.95203,2.12105,2.04952,2.12649,2.065,2.16973,2.07026,2.13985,2.00223,1.8792,2.00966,2.01934,2.06641,2.17334,2.07473,2.13628,2.05449,2.02547,2.09938,1.95836,2.2133,2.1263,2.00512,1.97352,2.05532,2.09314,2.0051,2.00339,2.03539,1.97807,2.01745,2.09625,2.07105,1.965,2.052,2.11803,2.18074,2.13232,2.01522,1.98812,2.12721,2.07045,2.21728,2.04061,2.21903,1.86481,2.0424,2.22083,2.07579,2.0368,2.22458,2.0285,2.16485,1.99641,2.0896,2.10852,2.17094,2.17175,1.99447,1.86215,2.03433,2.16177,2.22833,2.10173,2.01731,2.10043
2.06077,2.07411,2.1278,2.08343,1.92597,1.95418,2.04981,2.0268,2.10287,2.27525,2.00657,2.20587,2.11248,2.11029,2.04488,1.95401,2.10261,2.08553,2.02779,2.15713,2.14068,2.08948,2.1749,2.12575,2.15246,2.04356,2.11274,2.13645,2.13155,1.99621,2.0716,2.08905,2.24873,2.11398,1.98589,2.08625,2.049,2.07093,2.11946,2.17146,2.07806,2.08765,1.99414,1.83779,2.02878,1.9878,2.09507,2.14281,2.12257,2.09651,2.08284,1.9893,2.09303,1.95726,2.20398,2.08825,2.00863,1.9748,2.01928,2.15749,2.01532,2.0066,2.05622,1.91998,2.11546,2.08157,2.10311,1.87574,2.0991,2.12205,2.18298,2.12727,1.98754,2.02597,2.1439,2.0947,2.09666,2.03107,2.20187,1.89676,2.05443,2.23274,2.05422,2.1091,2.24139,2.08999,2.10375,2.01007,2.18951,2.04698,2.18927,2.11435,1.99808,1.84771,2.06446,2.14388,2.24061,2.09535,2.08012,2.13016
2.07785,2.09996,2.16873,2.11514,1.88261,2.02385,2.13893,1.99688,2.08963,2.25978,1.95556,2.19549,2.10327,2.0758,2.04682,1.93737,2.07447,2.08558,1.99789,2.09852,2.12056,2.11205,2.13155,2.15176,2.18417,2.03388,2.06939,2.09212,2.12183,1.99187,2.07081,2.15801,2.22741,2.15923,2.07413,2.10044,2.09732,2.08259,2.14023,2.12195,2.053,2.09169,1.97348,1.93521,1.98525,1.97103,2.09275,2.1366,2.11674,2.12486,2.08407,2.01024,2.04712,1.90847,2.15462,2.09617,1.9791,1.96384,1.89326,2.1722,2.03496,2.01788,2.05506,1.97339,2.17753,2.16759,2.17977,1.89535,2.11374,2.17275,2.12752,2.1781,2.02545,2.04823,2.17488,2.08443,2.11054,1.98081,2.17556,1.94414,2.04993,2.22672,2.01023,2.08621,2.13974,2.12685,2.08071,2.04581,2.2332,2.11352,2.12719,2.1436,1.97034,1.93727,2.1004,2.06671,2.2752,2.0232,2.05854,2.16113
2.0802,2.16865,2.16319,2.0996,1.86538,1.96878,2.1189,2.00483,2.06321,2.21236,1.95553,2.10092,2.08148,2.11379,2.04274,1.9626,2.06039,2.07186,2.04478,2.12211,2.08909,2.14857,2.10155,2.18731,2.15123,2.02677,2.09081,2.09729,2.11287,1.92864,2.14613,2.12936,2.17037,2.11949,2.1277,2.0415,2.02016,2.07342,2.12428,2.16762,1.98365,2.09169,1.96599,1.95193,2.08199,1.94547,2.03924,2.079,2.1102,2.12706,2.09014,2.0273,2.0193,1.93279,2.14792,2.12594,1.98728,1.91499,1.84439,2.09622,2.04864,1.96751,2.0793,1.95259,2.16411,2.14938,2.12479,1.8944,2.17,2.13268,2.11507,2.15506,2.04448,2.0053,2.14548,2.04968,2.10795,2.02554,2.15974,1.94734,2.00109,2.22636,2.00528,2.05556,2.10684,2.09651,2.13679,2.08527,2.18904,2.06861,2.17196,2.16602,1.98254,1.92602,2.09305,2.02503,2.27118,2.01083,2.0468,2.14608
2.00507,2.15475,2.16291,2.14948,1.82053,1.91643,2.13293,1.94726,2.0677,2.18981,2.03818,2.02844,2.02615,2.20735,2.05021,1.97978,2.01642,2.07556,2.00781,2.16017,2.11801,2.10351,2.16968,2.11384,2.12604,2.0456,2.02449,2.09607,2.17044,1.92857,2.23573,2.07917,2.13637,2.09048,2.17032,2.05817,2.07442,2.06192,2.09997,2.16746,2.01521,2.08702,1.97232,2.03188,2.0978,2.004,2.04833,2.0912,2.13812,2.10081,2.07513,2.10617,2.007,1.99693,2.15071,2.0355,2.01614,1.93664,1.79887,2.05277,2.048,2.02231,2.04997,2.02966,2.12778,2.16801,2.09011,1.93479,2.14292,2.13263,2.03775,2.10856,2.02646,1.94354,2.12942,2.12087,2.1672,2.02284,2.16759,1.96749,1.99805,2.1432,2.01258,2.03038,2.08524,2.09301,2.0672,2.05555,2.17531,2.09732,2.13472,2.22509,1.9411,1.94345,2.15164,2.00657,2.21704,2.01935,2.04076,2.15334
1.97638,2.16921,2.1415,2.18207,1.78253,1.83707,2.08015,1.96593,2.05501,2.19945,1.97893,1.98534,2.07617,2.20053,2.05311,1.97514,2.0947,2.01299,1.99456,2.16701,2.14811,2.07301,2.18793,2.15818,2.06855,2.04203,2.04319,2.1285,2.12365,1.96734,2.11731,2.06709,2.15064,2.15552,2.10123,2.03819,2.13605,2.06154,2.12641,2.1053,2.05512,2.16538,1.95353,2.05541,2.10759,1.97798,2.04861,2.09039,2.19013,1.99222,2.10618,2.09979,2.01922,1.98843,2.10761,1.99252,2.06064,1.96723,1.87909,2.06836,2.02114,1.96153,2.0779,2.04139,2.15129,2.18406,1.99681,1.90376,2.12814,2.11642,2.04395,2.02416,2.01977,1.97732,2.10981,2.10572,2.1106,2.03942,2.14801,1.97464,2.01788,2.13577,2.06936,2.03777,2.12307,2.06332,2.1125,2.08309,2.14,2.12543,2.10594,2.22154,2.03205,1.98476,2.16297,2.08897,2.22802,1.99257,1.97129,2.14998
2.01048,2.17075,2.15983,2.19098,1.79725,1.82829,2.06345,1.98813,2.06039,2.23761,1.94007,2.01087,2.01876,2.20265,2.0563,1.97533,2.02228,2.01798,1.9448,2.2042,2.14101,2.11927,2.17628,2.05821,1.99769,1.99968,1.98512,2.18935,2.07202,1.97408,2.11096,2.1135,2.19134,2.13517,2.11394,2.07297,2.08769,2.11875,2.07209,2.0994,2.11099,2.14275,1.9334,2.03759,2.13415,2.05449,2.06177,2.05006,2.13594,1.95079,2.01526,2.05825,1.98895,1.98636,2.09699,1.92624,2.09312,1.99789,1.90203,2.0493,2.04688,1.95446,2.07498,2.00723,2.13555,2.20749,1.96661,1.91443,2.12664,2.11431,1.9951,2.0242,2.02934,1.98692,1.98171,2.142,2.12628,2.06222,2.06096,1.91163,2.09447,2.14752,2.08445,2.01365,2.11287,2.04021,1.99401,2.0344,2.17562,2.18501,2.04008,2.19887,2.05465,1.91962,2.0868,2.10426,2.20019,2.01648,1.98217,2.17693
2.01029,2.10141,2.12064,2.18505,1.81841,1.8818,2.05316,2.04986,2.05302,2.1889,1.96898,2.02235,2.04896,2.15688,2.05365,2.03848,2.04944,1.98807,1.95054,2.16724,2.07027,2.11141,2.13743,2.09517,2.04887,1.93595,1.97824,2.19658,2.02649,2.03936,2.16447,2.04624,2.19648,2.16935,2.11457,2.0152,2.16605,2.05543,2.06936,2.14986,2.15095,2.0933,1.89512,2.03723,2.09029,2.02653,2.0092,2.11229,2.11844,2.02589,2.0785,2.06065,1.97725,1.95951,2.10049,1.94401,2.06718,2.03183,1.98379,2.06225,2.08399,1.88042,2.14258,1.9662,2.08751,2.2006,1.95772,1.88437,2.11717,2.1019,1.97037,2.07845,2.04924,2.00701,1.99405,2.14812,2.18364,2.03717,2.02655,1.88042,2.12251,2.05132,2.1241,1.99291,2.1,2.01011,2.00688,2.07818,2.09887,2.20564,2.04089,2.17218,2.07896,1.92783,2.00938,2.09255,2.1461,1.94941,1.97171,2.12594
2.04563,2.1568,2.12061,2.13193,1.82331,1.89528,2.04472,2.04635,2.09508,2.1172,1.93033,2.06343,1.99376,2.10539,2.01199,2.0698,2.08264,1.99579,1.9017,2.13,2.1011,2.0905,2.11984,2.11846,2.05397,1.93806,1.99668,2.18999,2.01331,1.97346,2.19269,2.04968,2.16885,2.10038,2.12895,2.02828,2.11419,2.05562,2.096,2.15661,2.13717,2.06351,1.91437,2.03758,2.06116,2.03569,2.01212,2.14818,2.05986,2.06247,2.05851,2.12086,1.97511,2.0263,2.11525,1.96954,2.04685,1.96844,1.9622,1.98701,2.0996,1.96385,2.10269,1.93411,2.01755,2.17202,1.96108,1.8087,2.06779,2.05132,1.90674,2.09131,2.04594,1.97617,2.04241,2.16285,2.1613,2.00325,2.03641,1.90579,2.02634,2.01375,2.10913,1.94773,2.15424,2.02688,2.03004,1.98165,2.10469,2.13283,2.07217,2.17817,2.04666,1.8908,1.99781,2.15679,2.11867,2.00848,1.9928,2.15735
2.04518,2.16388,2.16896,2.12322,1.85318,1.92072,2.09701,2.0859,2.07377,2.12384,1.9536,2.0345,1.94487,2.07882,1.98744,2.03055,2.02586,2.03007,1.91271,2.08443,2.12854,2.11636,2.0743,2.15075,2.07616,1.88984,2.02301,2.13995,2.05472,1.97722,2.20961,2.08713,2.09863,2.03063,2.10736,2.00341,2.06941,2.03607,2.12057,2.17965,2.0477,2.04588,1.91705,1.9849,2.02781,2.05813,1.92629,2.08214,2.02931,2.0713,1.98836,2.11957,1.97424,2.06407,2.10103,1.95637,2.05343,1.98639,1.96036,1.97991,2.0665,1.91841,2.08121,1.8983,2.05948,2.14818,1.8892,1.80982,2.08521,2.08121,1.89132,2.05251,1.97709,1.97226,2.05424,2.16305,2.16075,1.94943,2.01844,1.88889,2.08447,1.9736,2.03171,1.99496,2.17461,1.97474,1.99683,1.93609,2.09316,2.10186,2.06636,2.11238,2.02311,1.93953,1.96174,2.09871,2.10949,2.01792,1.98995,2.17144
2.02284,2.16858,2.18742,2.1727,1.86187,1.92696,2.13382,2.07199,2.07529,2.15795,1.90129,2.01113,1.99796,2.18467,1.96872,1.98145,2.03016,2.02581,1.9402,2.10734,2.10222,2.05999,2.08127,2.13363,2.09485,1.88275,2.02602,2.1462,2.09498,2.01537,2.14254,2.05688,2.1225,1.98545,2.11755,1.99893,2.09287,2.03981,2.114,2.13532,2.05385,2.06381,1.87233,2.0575,2.03643,2.06445,1.91081,2.06849,2.07304,2.11716,1.96361,2.17923,1.90496,2.0438,2.13367,1.99608,2.02145,1.99986,1.9277,1.93711,1.98651,1.9035,2.09187,1.83971,2.07437,2.13545,1.86949,1.81013,2.01188,2.09194,1.87414,2.14155,1.98654,2.05856,2.02103,2.17691,2.15978,1.87749,1.99496,1.94299,2.13175,1.95087,2.08291,1.93051,2.18013,1.98519,1.98747,1.92498,2.10224,1.9978,2.008,2.09362,2.07855,1.98274,1.93485,2.08148,2.09304,2.01029,2.03121,2.05005
2.02603,2.11592,2.16931,2.1145,1.88061,1.87883,2.13471,2.06021,2.00014,2.161,1.92256,1.98435,1.9553,2.20745,1.99597,1.95547,2.06282,2.0343,1.97401,2.11338,2.05787,2.01706,2.09954,2.02319,2.12635,1.94482,2.02556,2.12888,2.07727,2.0898,2.15624,1.98652,2.10392,1.94708,2.12203,2.00442,2.10478,2.02118,2.07582,2.15492,2.13076,2.07317,1.95085,2.077,2.02134,2.14242,1.875,2.11573,2.07745,2.04917,1.98743,2.14206,1.93109,2.03086,2.10926,1.97222,2.03129,1.96216,1.90482,1.98642,1.9904,1.86978,2.10561,1.83856,1.98534,2.14255,1.8142,1.80527,2.03407,2.09076,1.87626,2.15145,1.98103,1.98494,2.02447,2.14903,2.17992,1.86676,1.93141,1.91553,2.18648,1.97218,2.10399,1.98818,2.16215,2.01748,2.03998,2.00639,2.0726,1.98476,2.07667,2.06982,2.04393,2.00383,1.97956,1.99098,2.08911,2.04608,2.01545,2.00286
2.02756,2.03883,2.16461,2.10146,1.82818,1.92633,2.1183,2.06551,1.97832,2.13834,1.94792,1.94877,1.97544,2.16445,2.0058,1.97251,2.05421,1.98246,1.91563,2.1093,2.08695,2.04504,2.0383,2.05032,2.17827,1.90717,2.04668,2.14595,2.0855,2.0941,2.1676,1.99418,2.16604,1.90582,2.1679,1.98063,2.17921,2.05584,2.03728,2.13063,2.19304,2.11604,2.01963,2.12334,2.02864,2.15074,1.89822,2.15235,2.05762,2.05422,2.0272,2.14651,1.97886,2.002,1.99727,2.02996,2.04004,1.96816,1.90463,2.06889,1.94055,1.93337,2.15272,1.82167,2.04608,2.16238,1.81797,1.83485,2.01648,2.04204,1.89324,2.11999,2.07245,1.96035,2.02206,2.12476,2.16662,1.86584,1.94081,1.93486,2.22612,1.95437,2.14171,1.95228,2.11637,1.96842,2.00308,1.91018,2.07143,1.95242,2.02013,2.05901,2.01579,2.0298,1.95845,2.05982,2.09353,2.03872,1.99956,2.01934
2.00945,2.01651,2.13335,2.09036,1.82171,1.89234,2.12881,1.99311,2.03514,2.10154,1.86649,1.99038,1.93266,2.12911,2.04205,2.05303,2.12824,2.02574,1.91891,2.0585,2.08246,1.98425,2.06354,2.01551,2.1698,1.83986,2.06361,2.15786,2.07857,2.0854,2.17778,1.93436,2.14056,1.84793,2.15507,1.98168,2.18578,1.95755,2.0404,2.09532,2.14048,2.11691,1.99565,2.12545,1.99145,2.13841,1.91818,2.19391,2.11003,1.98109,2.02144,2.13963,1.96875,2.01911,1.98376,2.07445,2.00999,1.95907,1.92315,2.08959,1.98254,1.92838,2.16618,1.85405,2.01332,2.20841,1.80152,1.85177,2.07319,2.03866,1.93685,2.06836,2.06694,1.98171,2.02275,2.14539,2.15394,1.82564,1.9767,1.91896,2.21709,2.00903,2.08582,1.96987,2.05743,1.97548,1.98076,1.87169,2.05593,1.94885,2.0644,1.99124,1.99783,2.07703,1.9755,2.04411,2.0944,2.03727,1.91645,2.05898
1.96577,2.03904,2.14671,2.08463,1.78099,1.92301,2.15267,2.00226,2.0052,2.02873,1.88377,1.97007,1.95564,2.09432,2.01887,2.04655,2.14833,2.0247,1.9492,2.04202,2.07204,1.98641,2.09752,2.03964,2.18872,1.83632,2.05473,2.12319,2.12351,2.14344,2.22949,1.99182,2.1552,1.8559,2.10215,1.97523,2.24975,1.95905,2.06796,2.12437,2.1615,2.13581,2.01724,2.11596,2.02973,2.11804,1.93012,2.17615,2.13318,1.96122,2.0432,2.07753,1.98628,2.00905,1.99826,2.01066,2.02201,2.0419,1.95268,2.06876,2.04358,1.91516,2.12077,1.84316,1.98396,2.1346,1.78713,1.91416,2.09369,2.03047,1.95674,2.07593,2.10328,1.98013,1.99048,2.16406,2.16478,1.84645,1.96065,1.99317,2.20348,1.94887,2.07904,1.99088,2.1107,1.93206,1.98729,1.87594,2.06434,2.01438,2.08597,2.02833,2.05387,2.07875,1.9487,2.07193,2.14633,2.02621,1.94776,2.08119
1.92393,2.02127,2.12335,2.16888,1.75717,1.92338,2.16199,2.0181,2.01644,2.04287,1.93316,1.97227,1.8838,2.12141,2.02468,2.05066,2.0713,2.0467,1.93164,2.01713,2.02348,1.90539,2.08671,2.06384,2.16212,1.88039,2.07801,2.07034,2.10037,2.07422,2.1876,1.92445,2.16559,1.837,2.11022,1.95679,2.20333,1.97303,2.03963,2.07241,2.15124,2.07119,1.98738,2.08014,2.0748,2.08706,1.94953,2.14781,2.11855,1.95778,1.98297,2.12652,1.95079,2.07405,2.03834,2.03437,2.01101,2.07002,1.98609,2.0225,2.0348,1.89217,2.15949,1.90823,1.98979,2.13275,1.78734,1.94445,2.09084,2.07287,1.95874,2.078,2.14683,1.97557,1.8938,2.16277,2.17372,1.86046,1.96312,1.9913,2.20285,2.00002,2.10476,1.99662,2.0851,1.90426,2.0043,1.94546,2.03813,2.01608,2.10833,1.96619,2.02061,2.05149,1.9339,2.09033,2.16112,2.00298,1.91905,2.07478
1.93776,2.01072,2.11958,2.15213,1.77764,1.92645,2.14956,2.07026,2.00458,1.98318,1.9429,2.0063,1.86949,2.08317,2.03778,1.99818,1.9988,1.99551,1.9553,2.01668,1.96014,1.89246,2.05725,2.02803,2.13327,1.90316,2.06513,2.04459,2.10456,2.05089,2.16624,1.93224,2.16013,1.76006,2.0327,1.95878,2.27849,1.95547,2.12687,2.10336,2.1936,2.05546,1.99347,2.06921,2.08008,2.09419,1.94267,2.15991,2.06181,1.91401,2.00903,2.10454,1.97304,2.09763,2.00057,2.12908,2.00309,2.11973,1.98447,1.95,1.98713,1.84533,2.18038,1.96092,1.92871,2.0896,1.85588,1.93692,2.14953,2.06359,1.93459,2.08259,2.10267,1.98223,1.92657,2.16681,2.13886,1.85549,1.89945,2.08409,2.11796,1.97846,2.08065,2.01682,2.06926,1.9242,2.03905,1.97059,2.02375,2.00088,2.04625,2.01074,2.03754,2.03312,1.97343,2.05078,2.18415,2.02451,1.95688,2.06137
1.96189,2.02432,2.17536,2.15792,1.83946,1.87384,2.07763,2.05241,1.98267,1.96182,1.9376,1.97775,1.86686,2.05468,2.08304,1.93768,2.02618,1.9718,1.95387,2.01517,1.91568,2.00819,2.08315,2.05982,2.11898,1.88544,2.08747,2.03772,2.01013,2.03169,2.14206,1.93241,2.14781,1.78771,2.03081,1.97203,2.21773,1.92374,2.07901,2.06371,2.1723,2.04316,1.97323,2.09315,2.06451,2.12409,1.99673,2.1368,2.02375,1.89483,1.98827,2.16844,2.01046,2.06292,2.00057,2.08665,1.95311,2.21595,1.96917,1.98796,1.95507,1.87151,2.08655,1.95053,1.90786,2.10837,1.8676,1.93239,2.07956,2.0194,1.91377,2.07141,2.08407,1.9764,1.83158,2.14076,2.066,1.77937,1.92675,2.05192,2.11305,1.97842,2.06332,2.0105,2.05303,1.91939,2.08201,1.97115,2.01977,1.93755,2.02081,1.97817,2.00241,2.02959,1.96539,2.09115,2.20143,2.05082,2.04785,1.99903
1.90316,2.04688,2.13333,2.10916,1.88591,1.90167,2.04565,2.00125,2.00012,1.98791,1.94617,1.9493,1.86183,1.99586,2.03851,1.90422,2.01707,1.97495,1.98651,1.9068,1.90226,2.02124,2.05201,2.12213,2.14734,1.86361,2.07634,2.03381,1.96272,2.00062,2.14014,1.94166,2.14027,1.87108,1.9928,2.02119,2.19332,1.90204,2.06287,2.10062,2.25112,2.04654,1.89848,2.09478,2.02981,2.10152,1.98645,2.12837,2.01687,1.83252,1.9722,2.12677,2.01654,2.07612,2.0106,2.03263,1.97696,2.15727,1.99754,2.00822,1.94932,1.90663,2.01924,1.96358,1.87186,2.10836,1.89221,1.96758,2.08267,2.03699,1.7982,2.02716,2.06695,1.95024,1.86582,2.07354,2.09413,1.81666,1.89449,2.00951,2.09431,1.95815,2.06575,2.00905,2.02601,1.97731,2.07599,1.99038,2.08721,1.93369,2.02102,2.01639,1.97308,1.96963,1.98859,2.06542,2.2249,1.9417,2.03423,2.04524
1.92909,2.11718,2.15708,2.09805,1.86199,1.89898,2.01174,2.00939,2.08677,1.94819,1.87737,1.98311,1.91943,2.0103,2.05128,1.91377,2.00792,2.06635,1.976,1.87851,1.89193,1.94929,2.02762,2.06753,2.13007,1.84969,2.07272,2.0621,2.00692,2.01948,2.17479,1.92217,2.1284,1.91328,1.94806,1.94971,2.17925,1.91097,2.04532,2.14986,2.18712,2.04569,1.89522,2.1122,2.06338,2.07683,1.94915,2.10034,2.03697,1.84951,1.98139,2.03084,1.93866,2.10428,2.04107,2.0035,1.97792,2.13249,2.02233,1.98867,1.94357,1.88172,1.96569,1.91942,1.87015,2.08761,1.83144,1.94089,2.05628,1.99302,1.80563,2.01527,2.0191,1.96952,1.91643,2.07026,2.09118,1.80851,1.88798,1.98194,2.14281,1.97769,2.00016,1.9629,2.07593,1.94624,2.08573,1.99349,2.09197,1.91775,1.98688,2.00625,1.97099,1.9694,2.00355,2.07075,2.27197,1.95995,2.00668,2.04383
1.85764,2.09128,2.21619,2.04159,1.85234,1.91093,1.92506,1.97155,2.06468,2.02222,1.85326,1.98217,1.90581,2.01056,1.99948,1.92711,1.94432,2.09114,2.01274,1.91031,1.89058,1.89674,2.02525,2.08443,2.12541,1.86262,2.02369,2.02775,2.03505,1.94332,2.19372,1.91516,2.11489,1.94378,1.90199,1.95245,2.20014,1.89334,1.97576,2.10109,2.21562,2.07713,1.904,2.1141,1.99967,2.0207,1.92822,2.13651,2.05884,1.82192,1.98459,1.97015,1.87558,2.05975,1.96859,1.97881,1.96326,2.16583,2.01768,2.02669,1.96935,1.88903,2.04541,1.91153,1.86401,2.07694,1.83198,1.94246,2.12103,1.97529,1.80606,2.04631,1.91995,1.97391,1.93792,2.00652,2.15851,1.85208,1.86501,1.90309,2.16947,1.88832,1.97002,1.97288,2.04171,2.01015,2.02661,2.01277,2.07027,1.96701,1.94589,1.99897,1.99731,1.87527,2.04602,2.04617,2.22369,1.90364,1.97736,2.00336
1.88435,2.07852,2.19933,2.05603,1.80152,1.88768,1.92159,1.95871,2.04252,1.972,1.85725,1.97091,1.97005,2.05693,2.05653,1.97845,1.96247,2.08138,2.08135,1.88456,1.90739,1.9219,2.01315,2.07896,2.09835,1.91263,1.96497,2.03773,2.0591,1.98336,2.1171,1.83916,2.09955,1.91217,1.9307,1.93897,2.23108,1.89446,1.97288,2.16031,2.16788,2.043,1.90104,2.04591,2.01315,1.96838,1.9444,2.15407,2.01243,1.83166,1.97227,2.00687,1.82911,2.05031,1.98671,1.988,1.89527,2.1574,2.06603,2.03974,1.95467,1.88776,2.07477,1.97032,1.86857,2.07571,1.81203,1.9493,2.10241,1.99554,1.82044,2.03169,1.91584,1.95761,1.93561,2.05191,2.1167,1.88694,1.89931,1.9381,2.17259,1.85474,1.96854,2.04924,2.11504,1.98064,2.05099,1.96441,2.09651,1.95065,1.94998,1.99244,1.94871,1.89764,2.01911,2.02186,2.19268,1.95457,2.04943,2.01081
1.95966,2.00089,2.17732,1.97156,1.75273,1.95046,1.88964,1.95952,1.98736,1.97412,1.88604,1.9835,1.99932,2.02018,2.01457,1.92442,1.91403,2.1232,2.06143,1.87998,1.91254,1.92761,1.99186,2.07072,2.09821,1.90325,1.94484,1.97655,2.02841,1.96008,2.04818,1.85905,2.13508,1.89377,1.98492,1.93669,2.23395,1.94661,1.92573,2.1453,2.1778,2.02982,1.88779,2.0258,1.99138,2.01805,1.94132,2.14983,2.0408,1.82837,2.0052,2.03165,1.84768,2.07795,2.00227,1.97649,1.93027,2.1566,2.03172,2.02424,1.95068,1.90847,2.07134,2.0149,1.91039,2.04641,1.9101,1.94028,2.09494,2.03794,1.86224,1.98856,1.90044,1.99134,1.90752,2.03423,2.08393,1.81972,1.97634,1.89266,2.23789,1.8684,1.91882,2.08998,2.16383,1.98834,2.02944,1.95385,2.08167,1.94903,1.94142,1.94229,1.94894,1.95831,1.98752,2.06724,2.13863,1.98119,1.99043,2.00185
1.99264,2.02733,2.12703,1.95811,1.82424,1.92161,1.86648,1.9437,1.97005,1.93092,1.91752,1.94741,1.98437,1.99456,1.98375,1.90962,1.98907,2.14646,2.0113,1.88912,1.88446,1.93613,2.00978,2.02923,2.1643,1.91735,1.95477,2.00839,2.0462,1.9511,2.0295,1.88112,2.10528,1.94392,1.93743,1.95627,2.20368,1.98764,1.85893,2.14876,2.07805,2.05953,1.85652,2.0077,1.99296,1.97087,1.89247,2.08087,2.05749,1.79254,1.98437,1.99859,1.84305,2.07128,1.98864,2.03503,1.99468,2.09823,1.9768,2.0081,1.93514,1.93987,2.06196,2.06279,1.91681,2.04078,1.93748,1.93894,2.06979,2.07847,1.80888,2.03309,2.00237,2.04704,1.94421,2.07629,2.11459,1.82927,1.9721,1.88324,2.16014,1.89395,1.86407,2.03043,2.20091,1.9551,2.04757,1.93305,2.0126,1.91271,1.95715,1.89414,1.9568,1.99679,1.94492,2.00927,2.15859,2.00961,1.99314,2.00886
1.94232,1.99189,2.15342,1.93387,1.77842,1.92318,1.8631,1.94385,1.95886,1.90911,1.93212,1.95557,1.99729,2.00217,1.95323,1.9177,1.975,2.19217,1.98034,1.86755,1.83195,1.91936,2.08862,1.98231,2.13436,1.87951,1.99515,1.98271,2.07308,1.94823,2.03071,1.83713,2.08127,1.92627,1.88272,1.94171,2.24892,1.95363,1.88515,2.11824,2.09407,2.07707,1.88491,2.04946,2.05292,1.94057,1.89319,2.05287,2.07023,1.82387,1.98605,2.00464,1.85268,2.04438,1.96393,2.04259,1.98592,2.07258,1.9814,2.05711,1.89119,1.94218,2.03252,2.00129,1.91425,2.05539,1.88467,1.99423,2.06798,2.05156,1.82496,2.07832,1.94877,2.05405,1.9527,2.00447,2.16762,1.84514,1.92949,1.95477,2.16951,1.91485,1.8088,2.0297,2.16908,2.00371,2.0039,1.95561,2.00316,1.94796,1.93517,1.95377,1.9334,1.99577,1.91141,2.00707,2.26318,2.01527,1.97205,2.03233
1.89811,1.99591,2.1031,1.90494,1.85889,1.91743,1.86642,1.91658,1.9228,1.90656,1.94918,1.93954,1.97216,2.0461,1.93882,1.88782,2.01817,2.19011,1.96207,1.84623,1.84633,1.93673,2.07685,1.94162,2.14568,1.89733,1.94954,2.0214,2.05192,1.91479,2.00905,1.8587,2.09434,1.96833,1.91918,1.95384,2.26987,1.9639,1.87904,2.09982,2.0764,2.00369,1.85096,1.99568,2.0875,2.0019,1.86748,2.0446,2.04706,1.80241,1.9679,1.99265,1.82233,2.03754,1.9126,2.07681,1.9722,2.06607,1.98909,2.06408,1.89671,1.90943,2.05425,1.9912,1.84411,2.0493,1.86882,2.00895,2.06116,2.01423,1.83058,2.09741,1.96633,1.97986,1.97602,2.01343,2.17448,1.82993,1.89407,1.98109,2.19072,1.91212,1.86413,2.00777,2.12856,2.0288,1.98983,1.97203,1.97569,1.93733,1.92734,1.92846,1.93601,2.01929,1.91787,2.01462,2.19773,2.03412,2.02555,2.03589
1.92157,2.01813,2.11011,1.82678,1.86982,1.92276,1.87859,1.90274,1.98687,1.94448,1.94716,1.92417,1.97451,2.0591,1.9451,1.94103,1.95933,2.07867,1.9607,1.78332,1.85832,1.96782,2.0745,1.92376,2.049,1.91416,1.98642,1.97354,2.05673,1.93145,2.03579,1.83627,2.06426,1.98293,1.93435,1.94777,2.18981,1.9364,1.97383,2.03697,2.10443,1.96321,1.88565,1.95328,2.12359,1.93011,1.83615,2.0562,2.02724,1.8285,2.02347,1.98392,1.87291,2.05487,1.8735,2.00858,1.96472,2.05574,1.99423,2.08384,1.95874,1.87831,2.02024,2.018,1.87604,2.02488,1.90656,2.01566,1.98892,2.04492,1.87129,2.05464,1.93898,1.94007,1.91208,1.98565,2.04129,1.80425,1.96994,1.9644,2.16608,1.9125,1.86684,1.9915,2.07295,2.01868,2.01139,2.00893,1.98502,1.95911,1.89758,1.93774,1.98267,2.01573,1.92631,2.01197,2.23727,1.97868,2.01088,2.02792
1.93844,2.05615,2.05614,1.83809,1.87229,1.90766,1.91817,1.89937,1.94548,1.95867,1.88702,1.89192,1.96448,2.06008,1.95321,1.97134,1.92884,2.07656,1.94487,1.80659,1.86709,1.94619,2.04001,1.94643,2.03578,1.92543,1.97456,1.94258,2.02751,1.90882,2.04759,1.85531,2.04778,2.0362,1.89564,1.92189,2.21308,1.98446,1.95398,2.03246,2.04683,1.96829,1.90109,1.96614,2.09803,1.9644,1.80677,2.06264,2.01483,1.83916,2.0574,1.98204,1.89643,2.0467,1.94407,2.04829,1.97155,2.04132,2.00633,2.0075,1.99677,1.91006,2.04424,1.9323,1.94128,2.03648,2.00734,2.00279,1.92231,1.98229,1.92359,2.00234,2.03908,1.8866,1.90826,1.94437,2.07696,1.77055,1.9547,1.99356,2.09493,1.91115,1.9098,2.00934,1.9989,2.02355,2.01287,1.95004,2.01493,1.88538,1.85644,1.91959,2.01954,1.99136,1.93281,2.03532,2.17773,2.0234,2.0258,2.04326
1.92779,2.06693,2.02824,1.89435,1.87634,1.92176,1.90855,1.88234,1.93948,1.98744,1.82495,1.90501,1.91349,2.06229,2.00767,1.93203,1.8766,2.04648,1.94672,1.80139,1.94102,1.88214,2.04787,1.93724,2.02623,1.93781,2.00691,1.92041,1.92842,1.84181,2.08024,1.92761,2.01202,2.0271,1.92457,1.92417,2.18606,1.98684,1.99815,1.98316,2.06062,1.99579,1.89643,1.99903,2.03652,1.92133,1.8137,2.12052,2.01541,1.84474,2.05202,1.99318,1.92697,2.01504,1.98116,2.03112,1.93062,2.05094,1.96997,1.98514,1.97845,1.87636,2.00918,1.94998,1.92417,2.03384,2.00852,1.95908,1.94282,1.9665,1.96085,2.02387,2.00414,1.91472,1.98288,1.95124,2.05719,1.70976,1.92921,1.89726,2.10249,1.89573,1.9447,1.98851,2.04316,2.00572,1.92735,1.94611,1.93577,1.85571,1.8864,1.93974,1.97536,1.93302,1.98725,2.05691,2.19622,1.94802,2.01068,2.01027
1.92999,2.1608,2.03498,1.88055,1.88018,1.97281,1.85342,1.96851,1.93167,1.95579,1.85074,1.96258,1.96616,2.05699,1.96619,1.97137,1.87705,2.06907,1.95052,1.85302,1.9864,1.85358,1.98668,1.95059,2.03394,1.90051,1.95076,1.91021,1.94692,1.86365,2.10182,1.93252,1.98175,2.01524,1.92174,1.90237,2.19447,2.00169,1.94639,1.99998,2.09179,1.98477,1.8417,2.01171,2.07547,1.94036,1.76048,2.04706,1.98143,1.88731,1.9652,2.03892,1.86827,2.03985,1.9553,2.03707,1.9115,1.98784,2.02094,2.00127,1.97032,1.85702,2.03261,1.98913,1.87149,1.94975,1.95173,1.91781,1.95549,1.98695,1.98423,1.98547,1.99777,1.95523,2.01657,1.91047,2.0633,1.74874,1.93241,1.93213,2.08688,1.8454,1.90578,1.9199,2.01002,2.01481,1.89134,2.01023,1.95628,1.83833,1.89656,1.99033,1.98972,1.94898,2.03913,2.02384,2.15055,2.03557,2.01725,1.9632
1.90631,2.15152,2.01758,1.8802,1.84754,2.02762,1.83856,1.9672,1.89651,2.01951,1.84231,1.9795,1.96194,2.08965,1.9033,1.91147,1.91928,2.08854,1.98245,1.8088,1.9893,1.87829,1.95921,1.96244,2.06523,1.91593,1.91982,1.8765,1.91792,1.90269,2.07266,1.93696,1.89159,2.00029,1.93278,1.97526,2.20891,1.98649,1.97152,2.00174,2.07856,1.94554,1.85751,2.05483,2.07945,1.89866,1.78536,2.01173,1.99304,1.88237,1.96812,2.02974,1.85864,2.05905,1.89482,1.94808,1.94362,1.95329,1.96544,2.01285,2.00968,1.83564,2.08848,2.02039,1.88471,1.89625,2.01,1.90967,1.99268,1.98731,1.99993,1.9595,1.97444,2.01744,2.00513,1.90111,2.00823,1.77419,1.89171,1.95458,2.08606,1.8297,1.90271,1.86484,2.01315,2.01694,1.82079,2.00891,1.90522,1.84372,1.84673,1.9751,1.95005,1.91641,2.06579,1.96474,2.08783,2.04319,1.9806,1.97076
1.9027,2.15757,1.96371,1.85858,1.87162,2.0105,1.80529,1.96063,1.87686,1.98253,1.83452,1.94006,1.907,2.00471,1.9091,1.89174,1.93373,2.10423,1.94871,1.87078,1.94844,1.89531,1.98715,1.96935,2.07414,1.93975,1.9227,1.9321,1.93823,1.88448,2.06208,1.9598,1.90729,2.00123,1.91114,1.90189,2.14787,1.94727,1.90023,1.98548,2.16412,1.97101,1.9018,2.04704,2.1282,1.88187,1.76409,2.02003,1.95332,1.88634,1.9702,1.99725,1.82923,2.08596,1.98407,1.90591,1.94506,1.87584,1.92229,1.95314,2.04236,1.92446,2.10576,2.02168,1.88624,1.84038,2.02152,1.99194,1.93936,1.97642,1.98563,1.94512,1.96145,2.00403,2.06795,1.87391,1.95312,1.77703,1.93014,1.92334,2.04516,1.82983,1.87729,1.85242,2.01074,2.03541,1.86576,1.99382,1.88676,1.86268,1.90457,1.98261,1.95185,1.9062,2.02435,1.94423,2.02686,2.06069,1.94107,2.02256
1.89052,2.09622,1.89929,1.85497,1.87293,1.99711,1.78784,1.91352,1.87259,1.97986,1.91255,1.89269,1.92228,1.98448,1.88575,1.96285,1.92673,2.13915,1.95449,1.83402,1.86919,1.89791,2.00331,1.9636,2.05587,1.91543,1.89811,1.94656,1.94953,1.90215,2.03079,2.00161,1.9116,1.89474,1.89745,1.91121,2.15007,1.98979,1.92161,1.95516,2.15486,1.96719,1.8762,2.06162,2.10239,1.88172,1.76378,2.04071,1.91569,1.85963,1.96588,1.97777,1.81702,2.0295,1.98406,1.89762,1.93605,1.89154,1.91144,1.95594,1.98364,1.96579,2.07941,2.01276,1.86304,1.79901,2.10203,2.03924,1.9366,1.99403,1.95629,1.88603,1.98411,1.96453,2.0949,1.86442,1.92938,1.76079,1.92121,1.9143,1.96156,1.82628,1.95088,1.82437,1.96689,2.03663,1.88596,1.98643,1.87422,1.87221,1.86849,1.99824,1.94422,2.00518,2.0385,1.92714,2.02557,2.06869,1.95932,2.05075
1.92748,2.10753,1.91513,1.82366,1.81359,1.97487,1.73446,1.88747,1.88283,1.91162,1.87319,1.85339,1.98807,1.94547,1.87286,1.91924,1.95674,2.12717,1.91418,1.87628,1.91541,1.92107,1.91479,2.00694,2.07221,1.97455,1.90162,1.96867,1.94134,1.92155,2.02267,1.99802,1.94285,1.87562,1.87238,1.86726,2.15331,1.99821,1.90859,1.9801,2.11712,1.9384,1.90068,2.04891,2.15557,1.86292,1.71236,1.98529,1.92225,1.82907,1.91523,2.00404,1.77585,2.01059,2.00716,1.90278,1.9181,1.88069,1.88018,1.95435,2.00189,2.0027,2.03572,2.03549,1.8528,1.78253,2.0801,2.11111,1.90938,2.0747,1.95946,1.90469,1.96774,1.93747,2.08846,1.85635,1.9228,1.78403,1.8793,1.88002,1.97366,1.75641,1.94806,1.84198,2.01227,2.00091,1.81829,1.95663,1.79964,1.89411,1.86794,1.94894,1.94837,1.9754,1.97221,1.9087,1.9914,2.00764,1.94017,1.99901
1.96132,2.08786,1.86967,1.76862,1.7982,1.93397,1.77564,1.86135,1.86498,1.93623,1.91154,1.88048,1.98504,1.91147,1.87799,1.97629,1.9448,2.11042,1.89802,1.84701,1.86536,1.86724,1.94368,2.01074,2.09467,1.98181,1.89397,1.99335,1.96468,1.94707,2.05441,2.05509,1.95411,1.90018,1.89818,1.88509,2.15773,1.96085,1.87055,1.954,2.02915,1.93029,1.92288,2.13202,2.10226,1.90002,1.71229,1.95416,1.98137,1.83679,1.90956,1.98058,1.76692,1.98421,2.00694,1.91694,1.95642,1.9014,1.88314,1.96416,1.89742,1.97455,2.0578,2.00741,1.8921,1.8036,2.03295,2.15048,1.94522,2.09013,1.94922,1.89238,1.96371,1.96898,2.04156,1.87314,1.96067,1.81095,1.81418,1.95453,1.99916,1.75143,1.93185,1.82282,1.94985,2.03555,1.77211,1.96882,1.73368,1.92904,1.89346,1.93185,1.96489,2.00597,2.00844,1.92277,1.9517,2.03718,1.98848,2.02721
1.93428,2.08725,1.86645,1.84416,1.75959,1.96692,1.80983,1.87481,1.88143,1.9607,1.95587,1.88839,1.97665,1.91465,1.87522,1.94399,1.90236,2.10527,1.87349,1.84796,1.85616,1.80214,1.88115,2.01198,2.11222,1.96578,1.83258,1.90439,1.95255,1.97123,2.05337,2.07053,2.02853,1.91812,1.92809,1.92919,2.1302,2.00101,1.83989,1.95195,2.00378,1.93273,1.92772,2.10971,2.10953,1.85871,1.76943,1.96373,1.93047,1.82841,1.87022,1.94283,1.70049,1.99252,1.97032,1.91456,1.98064,1.85047,1.88131,1.92521,1.99125,2.00027,2.03416,2.02358,1.85778,1.79287,2.02189,2.06057,1.91767,2.04627,1.9235,1.88449,1.88529,1.94212,1.94329,1.86841,1.97399,1.87546,1.83013,1.92285,1.97572,1.73877,1.88214,1.82996,1.99534,2.0736,1.77518,1.99593,1.71467,1.93258,1.88331,1.93185,1.95359,1.98939,2.02582,1.93563,1.99904,2.05246,1.98912,1.99817
1.89004,2.03037,1.86097,1.9255,1.81719,1.93768,1.78621,1.87395,1.89871,1.97674,2.0002,1.86342,1.90985,1.91033,1.83732,1.98008,1.91153,2.12273,1.80347,1.82615,1.86615,1.76059,1.86432,1.96846,2.12171,1.99458,1.82815,1.90209,1.98052,1.96191,2.04205,2.0995,2.07442,1.86247,1.87689,1.99573,2.06405,1.97536,1.88827,1.90976,2.01553,1.87883,1.98338,2.11299,2.09922,1.8784,1.73332,2.02025,1.92408,1.80179,1.86777,1.89965,1.71709,1.98757,1.8859,1.85222,1.96812,1.82197,1.88657,1.90051,2.0177,2.01211,2.09634,2.00492,1.88572,1.71364,1.9476,2.02664,1.93429,2.00237,1.91975,1.90685,1.91285,1.89704,1.91326,1.89482,1.95736,1.83556,1.82929,1.9462,1.97978,1.74712,1.85585,1.85345,1.9637,2.07908,1.83362,2.02939,1.67619,1.96521,1.85581,1.83116,1.89163,2.00592,2.01117,1.93671,1.98234,2.03781,1.92298,2.00095
1.8979,2.00573,1.88471,1.87449,1.80164,2.00746,1.79077,1.82979,1.90378,1.96568,1.99572,1.82606,1.90372,1.98297,1.81852,1.94624,1.94967,2.06353,1.85132,1.81833,1.85464,1.7927,1.88524,2.00821,2.14992,2.00637,1.83602,1.90262,1.94909,1.93457,2.07627,2.05198,2.00735,1.92625,1.8904,2.00667,2.05859,2.0234,1.92577,1.87729,1.97392,1.89648,1.92479,2.1174,2.09697,1.77885,1.75521,1.95677,1.88622,1.78212,1.84551,1.90987,1.75083,1.99995,1.92914,1.84665,1.92677,1.82747,1.86866,1.91908,1.98679,1.98763,2.09828,1.98395,1.88628,1.76189,1.96653,1.98307,1.91151,1.98299,1.93838,1.8953,1.93622,1.96152,1.85805,1.89836,1.95963,1.81956,1.77988,1.91507,2.01992,1.7452,1.86635,1.78,1.97236,2.09069,1.83182,2.00255,1.68994,1.97254,1.82635,1.87715,1.90187,1.9956,2.00745,1.89662,1.94567,2.05301,1.94814,1.97134
1.86774,1.99549,1.86927,1.84547,1.76495,2.07591,1.79281,1.82695,1.93016,1.93856,1.91205,1.8581,1.90154,1.95444,1.84634,1.94939,2.00882,2.029,1.84034,1.78102,1.87525,1.80053,1.87531,2.0473,2.1172,2.02413,1.88619,1.88413,1.93051,1.92439,2.12246,2.04368,2.0196,1.93545,1.91246,2.0143,2.04884,2.05467,1.9019,1.88523,2.0004,1.92588,1.92832,2.09518,2.11826,1.76438,1.78345,1.95202,1.86419,1.77784,1.81285,1.90381,1.75739,2.02636,1.93723,1.90134,1.8591,1.83954,1.88424,1.97207,2.02498,1.97548,2.13091,1.97057,1.91523,1.74917,1.99854,1.96022,1.97515,1.95524,1.87984,1.89874,1.91037,1.97689,1.85671,1.87142,1.99702,1.78492,1.71624,1.86131,1.99978,1.79652,1.88843,1.81596,1.96977,2.06831,1.80916,1.9284,1.74408,1.96853,1.84837,1.81947,1.92772,1.95874,2.03934,1.8758,1.94812,1.97334,1.96252,1.95843
1.87386,2.00488,1.85093,1.78931,1.78204,2.09211,1.85675,1.82119,1.89492,1.88071,1.86874,1.86045,1.88652,2.00417,1.93444,1.9253,2.00563,2.00311,1.84979,1.76111,1.88006,1.83926,1.90001,2.04803,2.08008,2.10384,1.83608,1.86437,1.93021,1.89213,2.14376,1.97078,2.00803,1.98272,1.97604,2.00157,2.06099,2.04029,1.85665,1.82889,2.00308,1.96426,1.93171,2.03868,2.05228,1.71577,1.79099,1.91255,1.94512,1.80207,1.8928,1.91644,1.71937,2.02535,1.90253,1.87356,1.84671,1.7949,1.90963,1.95903,1.94699,1.96611,2.05037,1.86155,1.89721,1.80257,1.98774,1.92095,1.91353,1.99978,1.85443,1.8133,1.88001,1.91135,1.85221,1.85131,1.92119,1.76529,1.78914,1.82841,1.99207,1.78468,1.89461,1.79445,1.97247,2.01336,1.78454,1.89798,1.76794,1.95724,1.76637,1.8138,1.92886,1.89859,2.00758,1.87929,1.92645,1.9551,1.94074,1.94673
1.87933,1.94626,1.81164,1.74825,1.73918,2.10718,1.84161,1.78561,1.85814,1.8737,1.87615,1.86308,1.85497,1.97551,1.8998,1.97762,2.0388,2.04368,1.80863,1.82051,1.88122,1.82601,1.88819,2.01883,2.05187,2.10607,1.83359,1.87534,1.91374,1.91881,2.09844,1.95413,1.97928,1.91852,1.96412,2.04529,2.04813,2.0662,1.82474,1.75501,2.02592,1.99831,1.98741,2.06001,1.99478,1.71159,1.79271,1.96706,1.92488,1.84396,1.77312,1.93259,1.75844,1.99139,1.88119,1.91348,1.84944,1.8432,1.92864,1.93566,1.96254,1.98742,2.0299,1.86498,1.9257,1.82432,1.9606,1.98767,1.90621,1.98017,1.79122,1.78019,1.88912,1.91714,1.87321,1.82182,1.8994,1.74699,1.78256,1.81191,1.92602,1.76116,1.98085,1.82989,1.94488,1.98802,1.7946,1.85202,1.8103,1.92833,1.85011,1.84168,1.90104,1.92658,2.00442,1.87953,1.88581,1.95397,1.90906,1.97892
1.86296,1.88369,1.83447,1.76879,1.81724,2.09318,1.89806,1.80765,1.80715,1.81092,1.93149,1.92429,1.82078,1.94607,1.90497,2.01759,2.01868,2.03636,1.83128,1.84606,1.88517,1.83997,1.87091,1.99158,2.06032,2.0546,1.84784,1.87504,1.85651,1.89239,2.17902,1.98004,1.9333,1.91733,1.92952,2.06079,2.06139,2.01809,1.81823,1.73657,1.96241,1.99078,1.91163,2.06208,2.06499,1.71707,1.74726,1.98382,1.95891,1.84118,1.83265,1.93988,1.81662,1.98419,1.85332,1.94097,1.94631,1.79946,2.00468,1.85423,1.94539,1.94325,2.03048,1.80744,1.85317,1.80331,1.96501,2.0072,1.98491,1.94537,1.90264,1.79052,1.92423,1.92427,1.87167,1.85387,1.92691,1.7645,1.74526,1.82529,1.89036,1.69119,1.97225,1.77405,1.92518,2.01449,1.84985,1.86929,1.86622,1.94404,1.84861,1.85917,1.91908,1.97106,2.02654,1.84726,1.89299,1.98697,1.92498,1.88468
1.90689,1.89279,1.85793,1.80102,1.83955,2.04754,1.89538,1.74694,1.86404,1.87109,1.9139,1.89176,1.84026,1.95774,1.86975,2.04509,1.98694,1.99903,1.78794,1.79541,1.92541,1.87013,1.84902,1.93618,2.07001,2.03101,1.85841,1.85355,1.86638,1.90371,2.20303,1.928,1.94624,1.89655,1.93508,2.08107,2.05809,2.00065,1.84582,1.68403,1.92472,1.93579,1.88496,2.06301,2.06987,1.75383,1.74343,1.94377,1.89872,1.83723,1.82837,1.94626,1.82265,2.00305,1.90563,1.91518,1.90046,1.86351,2.00055,1.86176,1.92486,1.95507,2.04508,1.87218,1.84875,1.78338,2.00075,1.97492,1.98385,1.92614,1.89985,1.77923,1.87344,1.899,1.85003,1.87333,1.90572,1.72675,1.72404,1.83211,1.85875,1.71481,1.96389,1.83305,1.90573,2.00632,1.84573,1.86842,1.79805,1.94055,1.86797,1.86015,1.91203,1.93472,2.03668,1.8824,1.95382,1.96122,1.87782,1.85612
1.95658,1.91422,1.88612,1.84056,1.85737,2.07895,1.85598,1.68721,1.84979,1.85955,1.91223,1.86927,1.84223,1.9634,1.844,2.03938,1.98331,1.91911,1.84616,1.76732,1.97981,1.86891,1.90343,1.90497,2.03533,1.98834,1.87001,1.87512,1.8256,1.893,2.13598,1.96127,1.9602,1.8977,1.93509,2.03111,2.04365,1.99546,1.80255,1.65604,1.9276,1.9167,1.87936,2.01855,2.03588,1.80989,1.71858,1.97263,1.83814,1.83781,1.843,1.91787,1.81254,2.03849,1.90652,1.93359,1.94269,1.81511,1.955,1.84907,1.92063,1.94597,2.08074,1.87196,1.86518,1.82658,1.97864,1.9631,1.95326,1.86836,1.8714,1.77178,1.86669,1.895,1.89132,1.92668,1.90624,1.74898,1.69041,1.91936,1.85063,1.70686,1.9318,1.84025,1.8932,1.96257,1.80393,1.85877,1.8116,1.96142,1.92588,1.859,1.94032,1.96804,2.05335,1.87458,1.96615,1.97601,1.82616,1.81194
1.91057,1.95227,1.86739,1.82567,1.84615,2.05442,1.86878,1.65244,1.88287,1.84001,1.8548,1.85898,1.84996,1.88571,1.85554,2.06215,1.97766,1.85545,1.82171,1.78438,1.954,1.8523,1.91747,1.91698,1.99798,2.04515,1.84712,1.79562,1.83891,1.90219,2.07808,1.92946,1.9902,1.92667,1.9082,1.92811,2.02501,1.95189,1.80725,1.68712,1.93494,1.90295,1.85421,1.95326,1.97332,1.79132,1.77692,1.95628,1.76179,1.8639,1.82982,1.91468,1.82581,2.02911,1.9532,1.93516,1.86331,1.84402,1.95027,1.87373,1.93447,1.89606,2.09306,1.87812,1.84,1.83926,1.91438,1.9577,1.9087,1.8441,1.84781,1.73838,1.82494,1.89269,1.8521,2.01206,1.90724,1.75723,1.71552,1.92661,1.88572,1.70307,1.9221,1.81242,1.95115,1.92567,1.84438,1.90497,1.73408,1.98937,1.944,1.82495,1.95132,1.94239,1.96837,1.86361,1.99052,2.00529,1.86432,1.81117
1.95057,1.91963,1.8819,1.80714,1.84123,2.04932,1.81156,1.71336,1.89769,1.85304,1.84767,1.85303,1.85568,1.89431,1.91473,2.06324,1.98381,1.84552,1.85552,1.75946,1.96606,1.78696,1.89677,1.90695,1.97767,2.01269,1.87913,1.78303,1.83485,1.86022,1.99536,1.93938,2.00766,1.94472,1.9332,1.91868,1.98274,1.91429,1.83596,1.65551,2.00297,1.85454,1.84841,1.94126,1.9677,1.78194,1.79718,1.94261,1.7527,1.90616,1.80292,1.88965,1.77465,1.97273,1.92942,1.91729,1.86533,1.86992,1.91875,1.88134,1.94862,1.91405,2.08476,1.82015,1.83185,1.83684,1.90511,1.94071,1.92201,1.89272,1.87865,1.74613,1.84172,1.88721,1.86037,2.0815,1.84969,1.81095,1.75774,1.8944,1.88948,1.73164,1.93294,1.81236,1.97843,1.93656,1.81935,1.90556,1.76711,1.9675,1.90849,1.79428,1.86789,1.91555,2.01435,1.90484,1.93486,1.9305,1.80433,1.81997
1.9341,1.95959,1.90147,1.83704,1.84339,2.09676,1.80922,1.7565,1.89283,1.84373,1.85115,1.80964,1.84939,1.86507,1.90034,2.04114,1.99116,1.79702,1.85412,1.75308,1.9811,1.74822,1.83764,1.93117,1.91822,2.00465,1.8613,1.82252,1.86288,1.9304,2.01553,1.94248,1.96298,1.97462,1.91633,1.92863,1.93898,1.87865,1.79925,1.7558,2.01142,1.89787,1.87034,1.95209,1.93241,1.82263,1.79501,1.98071,1.7472,1.89299,1.78852,1.86796,1.71645,1.92404,1.8837,1.93962,1.81649,1.84644,1.93156,1.92585,2.00808,1.87562,2.08649,1.78112,1.8261,1.84321,1.88828,1.88648,1.8733,1.89202,1.87795,1.77824,1.86463,1.89497,1.77009,2.05482,1.84829,1.85909,1.7835,1.91593,1.92441,1.77958,1.85276,1.82776,1.98474,1.97673,1.78563,1.91963,1.79961,2.0082,1.85799,1.73069,1.79885,1.94509,1.98142,1.88174,1.92336,1.90978,1.8456,1.83801
1.90045,1.95417,1.9393,1.82781,1.85314,2.1017,1.7824,1.77883,1.92366,1.84525,1.83328,1.83795,1.81349,1.83755,1.93758,1.98206,2.01004,1.81293,1.79195,1.77732,1.92674,1.74254,1.81245,1.90412,1.9705,1.9687,1.82147,1.80392,1.89838,1.89809,2.00026,1.92926,1.93348,1.98667,1.94815,1.90081,1.92087,1.88012,1.78442,1.76462,2.01607,1.8865,1.8381,1.95674,1.92142,1.85608,1.78192,1.95812,1.76041,1.92411,1.80966,1.82476,1.67989,1.93052,1.87297,1.90741,1.90648,1.83998,1.93716,1.9726,1.96287,1.93974,1.9965,1.7741,1.83428,1.82384,1.90178,1.93356,1.94826,1.91425,1.87296,1.78947,1.81418,1.85312,1.75079,2.00359,1.85426,1.82933,1.80769,1.89421,2.00592,1.73915,1.79669,1.84501,1.96437,1.94105,1.78567,1.85603,1.82935,1.95128,1.82604,1.76961,1.75881,1.91757,1.9614,1.91406,1.87606,1.89607,1.82533,1.83184
1.91596,1.97604,1.87542,1.7902,1.88933,2.08891,1.75974,1.74543,1.89972,1.84688,1.83389,1.86163,1.76917,1.8796,1.917,2.03844,1.9661,1.84392,1.7925,1.78975,1.84359,1.80204,1.83153,1.91229,1.98974,1.98852,1.86109,1.82748,1.878,1.9281,2.01096,1.95103,1.9093,2.00124,2.0389,1.92509,1.93045,1.89923,1.77599,1.77467,2.01927,1.94061,1.78901,1.94796,1.92146,1.79077,1.79913,1.90675,1.75008,2.00073,1.8187,1.85465,1.71053,1.9144,1.90932,1.95609,1.85819,1.80706,1.88738,1.8896,1.9541,1.93021,1.9784,1.82527,1.87468,1.85888,1.91178,1.95993,1.93852,1.87586,1.82356,1.69621,1.80538,1.91507,1.75214,1.99301,1.87957,1.8173,1.77002,1.84024,2.03962,1.75715,1.83553,1.95668,1.96719,1.99689,1.80744,1.86125,1.85108,1.99703,1.88946,1.80507,1.78787,1.92162,1.95148,1.92378,1.87448,1.86363,1.82287,1.8376
1.9247,1.99254,1.90932,1.81849,1.88829,2.04781,1.76101,1.70909,1.89766,1.88874,1.84287,1.81904,1.76326,1.87604,1.93272,2.06666,1.96647,1.86398,1.81088,1.81055,1.77133,1.75848,1.86659,1.90189,2.00971,1.95523,1.83047,1.85239,1.82208,1.95539,1.97827,1.97348,1.85805,1.9689,2.04216,1.90653,1.94739,1.85464,1.77211,1.75315,1.98163,1.97604,1.80514,1.95232,1.89151,1.80712,1.77134,1.91809,1.74112,1.9455,1.80508,1.79283,1.74213,1.85847,1.8825,1.95527,1.91721,1.81536,1.90545,1.85409,1.96726,1.90049,1.90863,1.87331,1.78827,1.82414,1.87198,1.98029,1.90159,1.86608,1.87154,1.70877,1.8298,1.92305,1.72276,1.96874,1.85397,1.83425,1.70249,1.79306,2.01102,1.73709,1.86725,1.94586,1.93753,1.97992,1.79595,1.86614,1.84638,1.98744,1.91352,1.83735,1.77974,1.87487,1.99895,1.8796,1.88305,1.87523,1.83412,1.86775
1.96058,2.02837,1.88299,1.8412,1.90693,2.03571,1.78487,1.74788,1.90058,1.84762,1.80222,1.82006,1.76894,1.92906,1.8717,2.05532,1.88549,1.86326,1.80655,1.78332,1.76558,1.74403,1.89808,1.91197,1.99837,2.01869,1.8378,1.8197,1.80201,1.9915,1.92983,2.03714,1.87581,1.9835,2.01153,1.94856,1.97262,1.82873,1.79825,1.79579,1.98221,1.94972,1.80032,1.94595,1.86566,1.79083,1.76128,1.96957,1.77407,1.93044,1.78318,1.84461,1.70995,1.87551,1.85976,1.94656,1.90089,1.82958,1.88252,1.80142,1.91121,1.8968,1.91352,1.89165,1.75268,1.82435,1.9042,2.02407,1.86688,1.86954,1.90591,1.71026,1.84061,1.91653,1.70873,1.97862,1.89327,1.8909,1.7009,1.79118,2.00933,1.70305,1.88865,1.98673,1.88883,1.99984,1.79574,1.87629,1.83818,1.92598,1.90235,1.8246,1.74544,1.87378,1.97101,1.84678,1.93886,1.93364,1.88707,1.77388
1.92823,1.98638,1.91129,1.88548,1.9214,2.03981,1.82164,1.72077,1.90193,1.83233,1.82068,1.79442,1.72862,1.86151,1.90388,2.02175,1.91562,1.86679,1.79764,1.77189,1.79485,1.74612,1.89715,1.89219,1.99148,1.9714,1.83226,1.81173,1.84485,2.01571,1.917,2.09394,1.87694,1.93902,1.96177,1.93492,1.96744,1.74609,1.83569,1.745,1.98854,1.9604,1.83026,1.90001,1.84676,1.82778,1.72861,2.02161,1.78677,1.92289,1.82871,1.78485,1.7542,1.81957,1.94442,1.99054,1.87819,1.79946,1.77974,1.84449,1.82918,1.93896,1.89819,1.82225,1.71442,1.8337,1.94435,1.96109,1.7962,1.79931,1.86818,1.69127,1.76348,1.95029,1.70475,1.93144,1.86403,1.85518,1.68289,1.8288,1.98094,1.71553,1.92176,1.98306,1.94462,1.97945,1.80182,1.90084,1.89814,1.91707,1.83235,1.77513,1.78301,1.8548,1.94624,1.85119,1.91688,1.87996,1.84566,1.73681
1.91096,2.01121,1.91604,1.87756,1.94721,2.0445,1.85357,1.79689,1.89288,1.73837,1.75626,1.77815,1.77785,1.88848,1.90661,1.95202,1.91702,1.86201,1.77917,1.80153,1.79037,1.72754,1.91662,1.88414,1.97523,1.96817,1.859,1.7266,1.84881,1.95744,1.90912,2.05129,1.89051,1.97648,1.901,1.92112,1.93856,1.75417,1.85235,1.73476,1.94063,1.93465,1.83135,1.92215,1.8941,1.8492,1.73777,1.95222,1.87023,1.93517,1.8039,1.81957,1.7672,1.83274,1.95602,2.02678,1.81315,1.771,1.78286,1.84483,1.87939,1.91634,1.901,1.82073,1.74368,1.83489,1.92393,1.93195,1.80452,1.79492,1.82402,1.6602,1.77793,1.91929,1.6734,1.84775,1.88902,1.84895,1.7192,1.78404,2.06075,1.70066,1.93766,1.92668,1.93434,1.95183,1.86554,1.86095,1.96606,1.90352,1.78479,1.82537,1.821,1.88102,1.9022,1.80082,1.93388,1.91275,1.82667,1.74753
1.90367,1.94758,1.82003,1.85014,1.96498,2.04131,1.76225,1.7665,1.95,1.73825,1.76427,1.77098,1.76449,1.89304,1.91776,1.9566,1.92156,1.84376,1.73972,1.78494,1.76662,1.75184,1.87544,1.93646,2.03829,1.97635,1.8985,1.7773,1.89772,1.94139,1.92186,2.1045,1.84268,1.91776,1.92966,1.89583,1.92525,1.73207,1.81774,1.75839,1.96187,1.93291,1.86782,1.83403,1.89604,1.84639,1.75928,1.89388,1.86561,1.88301,1.83153,1.80611,1.77636,1.83088,1.89164,2.03689,1.84926,1.79013,1.74178,1.85883,1.91234,1.97738,1.85352,1.79652,1.76026,1.81115,1.91777,1.91429,1.80682,1.8258,1.83427,1.69611,1.80758,1.89763,1.70455,1.86172,1.88379,1.79106,1.74393,1.826,1.99857,1.67674,1.90827,1.95414,1.91034,1.92796,1.84687,1.80555,1.943,1.98138,1.81985,1.82884,1.78723,1.83362,1.87065,1.83134,2.03079,1.88849,1.87653,1.71296
1.94077,1.90978,1.84152,1.87656,1.92996,2.01468,1.77016,1.78395,1.98615,1.75385,1.769,1.80286,1.72733,1.90165,1.92352,1.93121,1.97817,1.8967,1.72813,1.80132,1.74583,1.75887,1.82206,1.91365,1.96767,2.01573,1.90907,1.80165,1.88387,1.93654,1.90366,2.0554,1.86177,1.91627,1.91095,1.86479,1.89521,1.76996,1.78755,1.73649,1.94494,1.92072,1.79516,1.79147,1.90817,1.82665,1.7626,1.90307,1.86777,1.87879,1.82686,1.83839,1.7536,1.83682,1.9193,2.01873,1.847,1.83435,1.79931,1.86149,1.93484,1.9858,1.82231,1.84375,1.79584,1.81698,1.92892,1.90716,1.84926,1.79055,1.85289,1.71761,1.78035,1.88927,1.69344,1.87923,1.85914,1.81049,1.73182,1.8593,2.0021,1.67108,1.86372,1.97264,1.91025,1.87458,1.88629,1.77904,1.94631,1.94184,1.85498,1.85724,1.82474,1.82156,1.86166,1.8487,1.94731,1.87793,1.87604,1.80266
1.93717,1.88232,1.81645,1.85661,1.87399,1.97375,1.80461,1.74577,2.01516,1.73524,1.78002,1.85208,1.727,1.96021,1.92325,1.88318,1.8999,1.89937,1.71006,1.76481,1.64962,1.80157,1.83874,1.91525,1.94917,1.97744,1.87562,1.84831,1.89117,1.92794,1.87301,2.05412,1.85138,1.88558,1.85938,1.86039,1.92113,1.69856,1.75453,1.69162,1.92616,1.8787,1.78473,1.77773,1.82136,1.8348,1.77631,1.92065,1.84501,1.8799,1.84569,1.84085,1.6963,1.84562,2.01435,1.99695,1.80374,1.81093,1.78818,1.8384,1.88846,2.00638,1.83113,1.81719,1.76773,1.76025,1.95053,1.91811,1.8341,1.79463,1.84485,1.67407,1.74484,1.9358,1.67549,1.93185,1.84777,1.81744,1.75041,1.87415,2.02813,1.60697,1.86057,1.96521,1.86255,1.84069,1.87331,1.82382,1.9833,1.95295,1.85952,1.88042,1.81301,1.78985,1.79276,1.86186,1.96633,1.79697,1.85652,1.87478
1.91028,1.88335,1.87479,1.88583,1.82974,1.88377,1.76487,1.7449,2.00728,1.70094,1.81612,1.85093,1.72419,1.96865,1.88996,1.89664,1.93091,1.86983,1.67738,1.77304,1.72536,1.85654,1.83528,1.90972,1.91392,1.94975,1.80889,1.82347,1.94591,1.90741,1.88165,2.06532,1.89091,1.86239,1.84154,1.84506,1.90524,1.7251,1.76219,1.69456,1.91542,1.77704,1.74538,1.8536,1.86022,1.85301,1.80436,1.93011,1.85772,1.83208,1.84597,1.86665,1.70054,1.83399,1.964,1.96114,1.77003,1.7963,1.79979,1.82742,1.84423,1.99058,1.83046,1.78183,1.80266,1.79321,1.89751,1.95337,1.84086,1.75185,1.82481,1.69888,1.70909,1.92363,1.72069,1.93637,1.90948,1.81677,1.70689,1.81688,2.02065,1.59407,1.9372,2.03006,1.85368,1.88447,1.8921,1.86641,1.90881,1.89944,1.87899,1.83541,1.79774,1.80337,1.77826,1.84547,2.00454,1.81596,1.83408,1.86312
1.96504,1.93572,1.89128,1.93954,1.85371,1.85289,1.81007,1.71149,1.99304,1.64883,1.84768,1.81305,1.7802,1.95421,1.86723,1.8488,1.91023,1.81344,1.6161,1.76952,1.68229,1.83483,1.83722,1.91724,1.9066,1.82816,1.7878,1.82932,1.88874,1.92836,1.88572,1.97128,1.86955,1.90796,1.85626,1.84486,1.89343,1.73489,1.76378,1.68373,1.85991,1.79032,1.7351,1.88589,1.90141,1.84109,1.77684,1.88905,1.84838,1.85401,1.81298,1.85526,1.70599,1.84013,1.96064,1.92871,1.76419,1.7869,1.8084,1.84489,1.84027,2.01408,1.83545,1.77969,1.79786,1.74054,1.8815,1.9427,1.86439,1.76277,1.86212,1.72745,1.70056,1.88849,1.72915,1.88894,1.90682,1.79636,1.74922,1.77187,2.02006,1.61059,1.88624,2.02661,1.86872,1.92565,1.92069,1.87624,1.8632,1.87711,1.87913,1.8288,1.79421,1.8275,1.80831,1.77544,2.03555,1.83393,1.82344,1.89176
1.93738,1.93278,1.86568,1.89456,1.86589,1.92288,1.86017,1.74702,1.93547,1.61733,1.88867,1.82769,1.81769,1.90202,1.86038,1.89977,1.92904,1.8274,1.63167,1.81066,1.6875,1.8411,1.89887,1.9478,1.93493,1.88131,1.78055,1.81753,1.88931,1.9005,1.88868,1.91305,1.84404,1.90613,1.85005,1.85514,1.91014,1.72535,1.76797,1.74902,1.91108,1.80801,1.73985,1.88093,1.83074,1.79864,1.7898,1.88993,1.8533,1.83269,1.78843,1.87463,1.73965,1.82822,1.88173,1.91363,1.78889,1.77146,1.8374,1.79854,1.81957,1.97487,1.8316,1.69668,1.82494,1.79222,1.9012,1.94515,1.85283,1.80252,1.87612,1.77259,1.68233,1.82771,1.73179,1.8585,1.89393,1.82677,1.74,1.77146,1.99248,1.61924,1.90016,1.99318,1.83534,1.90572,1.91727,1.84053,1.87477,1.87077,1.88978,1.82418,1.78002,1.78365,1.8193,1.75089,2.03563,1.80667,1.85626,1.87258
1.93897,1.89998,1.86936,1.85071,1.83831,1.9133,1.89489,1.76741,1.93054,1.63339,1.89169,1.8446,1.79586,1.95046,1.87867,1.91055,1.88092,1.84157,1.59326,1.78848,1.66571,1.85394,1.88281,1.91674,1.86709,1.91998,1.81589,1.81513,1.89593,1.91426,1.88135,1.97367,1.83512,1.91212,1.89606,1.87513,1.88094,1.73677,1.75024,1.71394,1.87164,1.82485,1.73181,1.86019,1.81917,1.81585,1.82484,1.83535,1.89899,1.88517,1.78175,1.87942,1.78141,1.81389,1.86765,1.88041,1.75247,1.72437,1.86655,1.77656,1.8299,1.88738,1.78574,1.73485,1.76349,1.73134,1.90063,1.99749,1.81651,1.76132,1.90537,1.79372,1.67303,1.79873,1.80279,1.81557,1.86131,1.77871,1.7814,1.81789,1.95497,1.68427,1.87153,1.97219,1.85967,1.92864,1.91805,1.89339,1.89593,1.90253,1.95551,1.82043,1.77483,1.8053,1.82602,1.73936,2.06008,1.82115,1.90385,1.89267
2.0128,1.86756,1.81671,1.93349,1.83811,1.91396,1.91857,1.76036,1.87801,1.65285,1.90919,1.86443,1.8241,1.93953,1.89466,1.91312,1.83509,1.82568,1.58757,1.79471,1.64238,1.85066,1.88681,1.8712,1.88616,1.9187,1.82685,1.8384,1.86749,1.85561,1.86212,1.99019,1.821,1.87068,1.89593,1.81923,1.89383,1.76402,1.75064,1.74614,1.89408,1.89292,1.72535,1.79191,1.83843,1.80394,1.83533,1.83649,1.9029,1.86674,1.79638,1.85739,1.78011,1.77368,1.86703,1.84323,1.73639,1.75209,1.87874,1.7751,1.7873,1.85578,1.76458,1.74667,1.77576,1.77775,1.91784,2.00492,1.83622,1.86302,1.91858,1.79828,1.66544,1.84275,1.80704,1.80555,1.82227,1.80592,1.83631,1.82838,1.98818,1.64743,1.82912,1.91689,1.84483,1.88447,1.89114,1.88541,1.88138,1.92493,1.94741,1.89264,1.74758,1.77436,1.77583,1.70552,2.09649,1.80944,1.92446,1.88834
1.94093,1.89046,1.77261,1.88825,1.7989,1.89172,1.95462,1.75176,1.88339,1.66297,1.9125,1.87242,1.89753,1.90543,1.93379,1.90902,1.83036,1.8327,1.54367,1.79645,1.62345,1.89547,1.84046,1.8539,1.85982,1.90022,1.79987,1.7883,1.87237,1.89675,1.86483,1.99113,1.78237,1.86973,1.92911,1.78595,1.9542,1.71535,1.73576,1.79964,1.8726,1.84379,1.73737,1.71085,1.82913,1.80975,1.87765,1.82571,1.86141,1.87186,1.79035,1.92232,1.78897,1.80669,1.89078,1.81088,1.69645,1.73462,1.82542,1.8585,1.81098,1.86726,1.71441,1.72132,1.77541,1.74751,1.87977,2.02445,1.85715,1.86484,1.88253,1.76864,1.63595,1.79397,1.77083,1.75251,1.89383,1.80079,1.84267,1.85922,2.01057,1.68411,1.80619,1.94288,1.79498,1.89653,1.86293,1.87226,1.87995,1.94869,1.90746,1.87799,1.69947,1.77813,1.80405,1.71758,2.12822,1.8213,1.90999,1.84755
1.96055,1.8515,1.81398,1.91728,1.78465,1.86004,1.89789,1.75636,1.92444,1.71862,1.84978,1.85253,1.84466,1.89149,1.87394,1.87819,1.81671,1.85755,1.53011,1.76489,1.62048,1.91872,1.82901,1.83639,1.90673,1.89224,1.81144,1.76028,1.87171,1.88633,1.88178,1.95518,1.78235,1.78227,1.91443,1.77398,1.938,1.69686,1.74378,1.80165,1.87332,1.83563,1.77154,1.75356,1.84598,1.80901,1.9133,1.81865,1.91855,1.84912,1.77869,1.93335,1.77634,1.79201,1.95135,1.84159,1.70027,1.74557,1.76163,1.94663,1.78791,1.78417,1.75715,1.77285,1.78291,1.7941,1.85786,1.93457,1.8119,1.88038,1.88251,1.74764,1.71788,1.90661,1.76159,1.78178,1.91248,1.80948,1.88366,1.82554,2.04925,1.70331,1.80951,1.96269,1.77758,1.88436,1.90024,1.86792,1.83036,1.87849,1.90818,1.88466,1.69964,1.77574,1.82023,1.75421,2.09571,1.81775,1.92949,1.83607
1.90475,1.86142,1.80505,1.90958,1.82849,1.83094,1.89922,1.77163,1.94153,1.76382,1.78617,1.87862,1.88661,1.883,1.81905,1.81463,1.82116,1.83837,1.56527,1.75309,1.66203,1.87817,1.84613,1.86625,1.94878,1.91736,1.84437,1.76958,1.84023,1.87736,1.8867,1.95122,1.83496,1.75305,1.86548,1.68915,1.92653,1.73327,1.70821,1.79608,1.92798,1.81506,1.77336,1.80454,1.82729,1.83478,1.92586,1.86735,1.955,1.82354,1.82308,1.92796,1.78326,1.82163,1.91651,1.80534,1.65065,1.73448,1.72937,2.0005,1.81175,1.79552,1.79366,1.7884,1.76568,1.83911,1.80699,1.92679,1.81596,1.889,1.87659,1.73603,1.66506,1.8465,1.73817,1.7878,1.88926,1.91537,1.84517,1.82485,2.0207,1.68229,1.89144,1.93111,1.77901,1.84418,1.96264,1.85414,1.83165,1.82782,1.90545,1.93146,1.70058,1.72166,1.83863,1.77278,2.10082,1.87205,1.90861,1.86367
1.85963,1.85389,1.82877,1.86115,1.81415,1.79816,1.85283,1.72583,1.95716,1.74483,1.77798,1.89556,1.82867,1.91914,1.74242,1.77916,1.80841,1.81056,1.58427,1.76147,1.64868,1.86524,1.79917,1.86737,1.94772,1.8535,1.83003,1.82644,1.86252,1.90239,1.89845,1.93833,1.76302,1.70342,1.90848,1.69736,1.90839,1.75509,1.7333,1.76623,1.92189,1.82417,1.77422,1.84431,1.79645,1.78984,1.92107,1.86279,1.96969,1.84027,1.80943,1.96218,1.81667,1.81293,1.92613,1.8165,1.66869,1.73005,1.72734,1.93476,1.79863,1.78805,1.7384,1.81096,1.79938,1.84438,1.8742,1.95685,1.81633,1.84798,1.82586,1.70264,1.59233,1.86521,1.75971,1.78015,1.90507,1.92439,1.84614,1.85905,2.01248,1.63584,1.85593,1.90224,1.77739,1.84601,1.9791,1.85391,1.90491,1.83086,1.87671,1.88103,1.72092,1.67138,1.82018,1.77238,2.07866,1.83919,1.87241,1.86739
1.85359,1.82223,1.82324,1.86469,1.82756,1.77611,1.91166,1.70488,1.89889,1.76671,1.82461,1.82702,1.74685,1.9787,1.77893,1.75701,1.83489,1.84663,1.62515,1.73876,1.66342,1.86394,1.85806,1.90075,1.87199,1.83966,1.79472,1.80693,1.87432,1.90214,1.85384,1.95369,1.80066,1.65184,1.88335,1.66948,1.84257,1.71994,1.73494,1.71312,1.85343,1.79413,1.75801,1.7881,1.83786,1.73313,1.90959,1.82954,1.97334,1.81492,1.8068,1.91889,1.82577,1.77224,1.84555,1.83289,1.62385,1.71158,1.73174,1.89166,1.75979,1.7857,1.69454,1.8164,1.78885,1.85608,1.86481,1.88639,1.81328,1.84885,1.83424,1.68017,1.64713,1.84905,1.79663,1.7998,1.91335,1.89314,1.78283,1.85236,1.95631,1.6567,1.82881,1.87936,1.77143,1.79403,1.95867,1.77107,1.91326,1.77926,1.92082,1.85146,1.6865,1.64592,1.77056,1.73824,2.04109,1.87289,1.89872,1.86729
1.86616,1.8203,1.86157,1.82958,1.89553,1.75866,1.95539,1.66399,1.89013,1.77686,1.84236,1.84322,1.68549,1.90117,1.71784,1.74918,1.80509,1.84045,1.61798,1.77778,1.67883,1.85595,1.8267,1.90236,1.84258,1.76718,1.84145,1.82261,1.89676,1.88937,1.81231,1.8451,1.7978,1.66693,1.80785,1.68034,1.84908,1.74188,1.69343,1.65402,1.84534,1.79577,1.7633,1.75563,1.87639,1.7471,1.89633,1.83478,1.92691,1.77459,1.78982,1.94823,1.81584,1.73188,1.84853,1.82189,1.61886,1.6699,1.77375,1.88075,1.69731,1.80183,1.65663,1.76788,1.78615,1.85907,1.86907,1.86458,1.823,1.8293,1.83993,1.61939,1.6124,1.85305,1.80045,1.79821,1.88992,1.84151,1.79908,1.78208,1.98028,1.71044,1.78958,1.92974,1.72059,1.81176,2.00826,1.77545,1.87644,1.76393,1.89946,1.80317,1.69626,1.65625,1.70076,1.68141,2.02488,1.87027,1.86069,1.86563
1.8811,1.78317,1.82171,1.86132,1.88185,1.75359,1.86336,1.67009,1.87815,1.81389,1.90896,1.84752,1.72464,1.87712,1.77272,1.74854,1.76999,1.85205,1.6189,1.79009,1.6286,1.88979,1.86387,1.92404,1.80262,1.78752,1.85676,1.82702,1.91209,1.85101,1.81737,1.87452,1.81555,1.69633,1.82464,1.67802,1.84854,1.7113,1.67205,1.67139,1.83929,1.78842,1.75689,1.7982,1.91444,1.71736,1.8747,1.84286,1.90483,1.77813,1.77539,1.91865,1.7471,1.76214,1.84262,1.80268,1.67258,1.69597,1.76981,1.90969,1.66904,1.85928,1.67774,1.70126,1.79815,1.83234,1.81591,1.85382,1.82479,1.83498,1.85239,1.69074,1.63115,1.84992,1.78524,1.80312,1.89101,1.83867,1.77532,1.77887,2.06119,1.67723,1.75722,1.93681,1.76309,1.82506,1.98996,1.74021,1.88307,1.8097,1.88605,1.81639,1.70381,1.71331,1.6949,1.71199,2.04206,1.78473,1.85002,1.85469
1.8176,1.73296,1.77488,1.87744,1.90616,1.77593,1.88818,1.64967,1.84683,1.82033,1.90923,1.84262,1.71492,1.93828,1.70384,1.76131,1.75422,1.82422,1.68743,1.7178,1.68441,1.86859,1.84405,1.87868,1.82115,1.8528,1.86088,1.8212,1.8776,1.81878,1.77778,1.80699,1.81266,1.672,1.78844,1.64758,1.91087,1.71667,1.63536,1.72265,1.86521,1.72605,1.77106,1.79802,1.97693,1.79622,1.8367,1.81465,1.89246,1.74518,1.81797,1.93577,1.71854,1.77526,1.89699,1.77801,1.69632,1.75301,1.74618,1.85429,1.69235,1.85792,1.69632,1.73528,1.77308,1.88137,1.82937,1.83417,1.8229,1.80196,1.84982,1.77097,1.57477,1.82017,1.73225,1.82749,1.90662,1.84323,1.76579,1.76073,2.05098,1.66655,1.75413,1.95693,1.75548,1.8537,1.94493,1.80398,1.86115,1.76848,1.86237,1.82564,1.72383,1.71915,1.69633,1.68741,1.99608,1.77523,1.86455,1.86574
1.77886,1.73949,1.81335,1.84155,1.8741,1.70073,1.91428,1.70287,1.83135,1.76176,1.83952,1.83435,1.70376,1.94531,1.71447,1.71198,1.77289,1.83241,1.70253,1.77051,1.68714,1.88603,1.83523,1.82188,1.88136,1.80541,1.86859,1.82337,1.87453,1.8077,1.77988,1.83039,1.81415,1.7084,1.80979,1.67492,1.91922,1.75709,1.66278,1.68792,1.86472,1.69966,1.78307,1.82721,1.88628,1.8064,1.82618,1.85773,1.86139,1.74686,1.9045,1.93064,1.70476,1.80242,1.90119,1.74978,1.638,1.78123,1.71416,1.91923,1.72025,1.82696,1.66733,1.71737,1.81726,1.83017,1.81506,1.79508,1.82394,1.79845,1.83816,1.76893,1.59209,1.83093,1.80449,1.79122,1.86064,1.79444,1.7817,1.74697,2.07826,1.66633,1.75014,1.97458,1.7237,1.87291,1.90968,1.80185,1.87716,1.75612,1.8654,1.90322,1.72632,1.73036,1.69757,1.66576,1.98752,1.71247,1.803,1.83386
1.75626,1.77586,1.77433,1.85505,1.81309,1.76849,1.92714,1.67227,1.83207,1.80076,1.85618,1.82395,1.74019,1.9241,1.68837,1.70789,1.77973,1.85542,1.71993,1.76733,1.69333,1.90621,1.81089,1.82699,1.87098,1.81754,1.857,1.868,1.88812,1.73902,1.76078,1.81676,1.80357,1.75912,1.79954,1.67228,1.88553,1.72419,1.6569,1.72085,1.8558,1.68685,1.79973,1.84042,1.83288,1.87826,1.82445,1.83159,1.91547,1.73778,1.97259,1.88124,1.79519,1.83471,1.86745,1.7282,1.60536,1.82407,1.69555,1.86433,1.7702,1.8845,1.64503,1.75516,1.76489,1.80451,1.81596,1.80444,1.79757,1.86391,1.83947,1.75581,1.5658,1.82888,1.82857,1.84554,1.88894,1.78253,1.7639,1.73496,1.99687,1.65194,1.74832,1.95982,1.70366,1.85509,1.94424,1.78434,1.97224,1.69285,1.84676,1.89215,1.75531,1.71912,1.67884,1.66398,1.9633,1.67573,1.762,1.81021
1.71977,1.72535,1.78927,1.85602,1.79223,1.76742,1.86759,1.65321,1.87455,1.8326,1.80747,1.83076,1.74433,1.86566,1.64353,1.71266,1.73685,1.88146,1.7101,1.79451,1.73367,1.86547,1.83337,1.90456,1.88581,1.75681,1.89553,1.84744,1.9053,1.75956,1.74954,1.75435,1.82235,1.7511,1.766,1.65053,1.90414,1.77877,1.69714,1.73568,1.82507,1.69347,1.80785,1.83666,1.79568,1.8994,1.82637,1.77292,1.94331,1.71277,1.93764,1.83522,1.84236,1.83818,1.90643,1.81534,1.59809,1.80812,1.7057,1.87938,1.72188,1.82817,1.66945,1.72896,1.74335,1.76123,1.76315,1.78325,1.80537,1.80007,1.84915,1.76783,1.58656,1.76801,1.85294,1.82377,1.87517,1.81649,1.75227,1.76321,1.92008,1.65434,1.75268,1.95569,1.72391,1.85175,1.90762,1.81468,1.93772,1.65832,1.82272,1.88843,1.71969,1.7032,1.65903,1.69405,1.99391,1.6681,1.764,1.74632
1.73669,1.75958,1.78193,1.85418,1.74889,1.73891,1.8804,1.63809,1.82084,1.83325,1.8341,1.83507,1.69917,1.9125,1.65842,1.65797,1.72047,1.82507,1.72825,1.75905,1.7126,1.86144,1.83992,1.90674,1.84822,1.72225,1.90089,1.86266,1.86087,1.77451,1.81063,1.73109,1.80824,1.70859,1.72689,1.67909,1.86684,1.82706,1.68784,1.7535,1.85155,1.74439,1.81364,1.7695,1.83295,1.915,1.84131,1.74458,1.94993,1.7082,1.94711,1.82658,1.83026,1.90004,1.91473,1.79812,1.58286,1.84086,1.71437,1.8461,1.77346,1.87908,1.61325,1.80024,1.75279,1.7669,1.72133,1.78496,1.80571,1.82201,1.78668,1.79207,1.61764,1.73071,1.81474,1.84001,1.86005,1.78991,1.80385,1.76549,1.89923,1.69127,1.74583,1.92959,1.75275,1.86218,1.9212,1.76538,1.9392,1.67489,1.79849,1.83284,1.71442,1.66833,1.66209,1.70318,1.95198,1.67776,1.77732,1.73622
1.72838,1.75374,1.78245,1.87202,1.70928,1.76849,1.85018,1.64149,1.77663,1.79857,1.79365,1.78897,1.6991,1.94199,1.72917,1.64788,1.72827,1.85033,1.73589,1.71239,1.71204,1.82681,1.83159,1.97216,1.80314,1.70584,1.88506,1.81987,1.89711,1.82484,1.80042,1.70947,1.76795,1.71214,1.72883,1.62211,1.86205,1.77759,1.70791,1.77819,1.84146,1.74758,1.79624,1.75866,1.89968,1.92278,1.81955,1.76313,1.92533,1.73578,1.9656,1.84003,1.77007,1.8811,1.94212,1.8068,1.63332,1.80758,1.73335,1.8306,1.72749,1.84629,1.62098,1.80381,1.74435,1.76676,1.7459,1.75605,1.75573,1.77703,1.75749,1.74841,1.57964,1.71472,1.78035,1.81811,1.83931,1.85983,1.81852,1.75024,1.91805,1.69758,1.75467,1.93117,1.77438,1.89993,1.90384,1.78861,1.88599,1.70766,1.75029,1.79196,1.75315,1.67306,1.65903,1.69944,2.01225,1.70256,1.84436,1.73198
1.7291,1.75459,1.75814,1.90316,1.71593,1.69546,1.83076,1.61591,1.76754,1.83575,1.74662,1.80833,1.70309,1.96071,1.67844,1.65361,1.6408,1.7931,1.72757,1.7765,1.68427,1.76994,1.7963,1.97885,1.81694,1.64747,1.87981,1.74985,1.88897,1.82594,1.79643,1.66875,1.78376,1.72899,1.69064,1.64786,1.88085,1.76294,1.68484,1.77138,1.80184,1.7319,1.75544,1.7438,1.84637,1.90738,1.80946,1.76316,1.89323,1.72767,1.964,1.87787,1.7912,1.80791,1.88687,1.88688,1.66566,1.7842,1.80108,1.84093,1.71878,1.85262,1.64159,1.80622,1.71081,1.79975,1.73621,1.74312,1.73773,1.81757,1.75959,1.74533,1.57869,1.69489,1.84354,1.87641,1.87853,1.86263,1.7943,1.73491,1.85577,1.77257,1.80699,1.92897,1.77727,1.90126,1.92027,1.81559,1.85369,1.64912,1.66903,1.78147,1.80372,1.69703,1.7112,1.71125,1.9245,1.74961,1.827,1.67992
1.73817,1.72447,1.75679,1.93568,1.69748,1.71143,1.82197,1.63406,1.75397,1.82185,1.72296,1.8436,1.6614,1.96461,1.71515,1.64776,1.63166,1.82013,1.69267,1.67539,1.73971,1.78843,1.79856,1.89842,1.83188,1.64068,1.86175,1.79899,1.8331,1.85011,1.80713,1.69096,1.77899,1.70398,1.70125,1.6617,1.8545,1.6905,1.6358,1.74561,1.83583,1.68058,1.80811,1.70925,1.85459,1.94109,1.81216,1.73719,1.885,1.78156,1.94181,1.83892,1.81968,1.82404,1.80565,1.83672,1.66849,1.78124,1.78204,1.8478,1.70484,1.76742,1.65169,1.80376,1.73309,1.81032,1.75978,1.73296,1.74143,1.88681,1.77267,1.69459,1.5848,1.69677,1.8606,1.87494,1.83812,1.81234,1.7772,1.67417,1.91502,1.85025,1.79864,1.93133,1.7855,1.89342,1.90337,1.80785,1.88558,1.69059,1.74223,1.79801,1.8047,1.70413,1.69674,1.68665,1.9379,1.72758,1.81843,1.69131
1.73086,1.68144,1.74692,1.92807,1.69594,1.72517,1.78767,1.65282,1.72218,1.86307,1.69558,1.81454,1.65239,1.97202,1.70406,1.62555,1.66504,1.82753,1.66322,1.72554,1.70211,1.82225,1.75899,1.87042,1.83479,1.63932,1.8386,1.82216,1.82041,1.90619,1.76834,1.69084,1.78727,1.66338,1.71609,1.67236,1.83605,1.69963,1.5937,1.74318,1.85595,1.64793,1.70599,1.72155,1.87834,1.94075,1.76007,1.78322,1.89037,1.79444,1.93327,1.88379,1.79916,1.81406,1.81246,1.83022,1.66753,1.77233,1.77055,1.8715,1.70786,1.74481,1.70517,1.83629,1.77434,1.82287,1.76637,1.65486,1.70704,1.90043,1.82533,1.65336,1.54128,1.66805,1.87907,1.85353,1.8769,1.79809,1.72982,1.68308,1.86959,1.809,1.80207,1.91349,1.79316,1.92741,1.87457,1.8386,1.83079,1.73035,1.76796,1.83126,1.81007,1.76128,1.65184,1.67292,1.90957,1.72017,1.78629,1.76373
1.65706,1.64527,1.78536,1.91578,1.69603,1.74344,1.78467,1.65767,1.75653,1.84639,1.70193,1.84019,1.63134,1.96213,1.75461,1.61425,1.69579,1.8349,1.65259,1.71022,1.75149,1.78472,1.72668,1.88156,1.85629,1.64273,1.87759,1.84922,1.75994,1.89393,1.76951,1.69404,1.73498,1.69689,1.74676,1.63602,1.81488,1.68049,1.6271,1.77261,1.88785,1.67317,1.64741,1.67667,1.87974,1.86851,1.80693,1.73288,1.93202,1.78355,1.91192,1.90873,1.77759,1.84137,1.81899,1.80535,1.68807,1.78992,1.78866,1.92847,1.67255,1.74389,1.68053,1.82763,1.74725,1.80053,1.75078,1.62958,1.72788,1.92217,1.8077,1.67051,1.59394,1.66578,1.82755,1.86142,1.82696,1.79117,1.7375,1.70607,1.90852,1.77698,1.79495,1.9197,1.79976,1.92813,1.83018,1.87914,1.83869,1.70511,1.73175,1.89181,1.77836,1.74257,1.66068,1.66889,1.88629,1.7134,1.82138,1.71564
1.63238,1.71792,1.78121,1.93154,1.67106,1.69914,1.72601,1.67291,1.70038,1.92456,1.6908,1.82623,1.61104,1.92061,1.74308,1.58218,1.69017,1.76618,1.69451,1.74755,1.72846,1.76047,1.7158,1.90302,1.81475,1.59628,1.85436,1.75657,1.75708,1.90411,1.77207,1.63671,1.78027,1.69525,1.71611,1.64832,1.79897,1.69743,1.62035,1.75974,1.85501,1.64982,1.65167,1.70572,1.86947,1.86442,1.80642,1.71409,1.93391,1.80328,1.86255,1.88971,1.7631,1.83169,1.82748,1.80219,1.69002,1.80942,1.75171,1.94094,1.6961,1.7221,1.66625,1.79036,1.78334,1.78295,1.67687,1.62495,1.71695,1.86329,1.75087,1.68189,1.59827,1.63923,1.80684,1.85598,1.83796,1.75531,1.74766,1.72107,1.86183,1.75898,1.7753,1.89396,1.75824,1.93972,1.80422,1.85998,1.81364,1.66829,1.74743,1.88482,1.77806,1.74852,1.6325,1.63043,1.8903,1.77662,1.81571,1.70008
1.62956,1.72303,1.82002,1.91821,1.65968,1.67991,1.78436,1.64329,1.71241,1.92844,1.69837,1.7999,1.6438,1.90991,1.71334,1.59222,1.69641,1.78335,1.68799,1.7444,1.71871,1.78438,1.77269,1.95955,1.73147,1.59065,1.87351,1.75505,1.78131,1.78685,1.7538,1.64295,1.71975,1.67382,1.66922,1.63797,1.80618,1.64438,1.67601,1.81815,1.83416,1.68351,1.75294,1.68883,1.83567,1.8822,1.7751,1.74624,1.88421,1.77843,1.88345,1.92494,1.84758,1.82895,1.79318,1.71751,1.68354,1.77844,1.75415,1.91134,1.71101,1.71077,1.67836,1.79704,1.77488,1.72998,1.67324,1.58489,1.62885,1.85418,1.77424,1.68913,1.63462,1.58367,1.79587,1.83914,1.84053,1.78531,1.73006,1.75337,1.79331,1.73626,1.74842,1.90061,1.68792,1.90583,1.76943,1.84989,1.81912,1.69694,1.78149,1.89653,1.77297,1.71625,1.63438,1.65698,1.90551,1.84967,1.78467,1.64705
1.62817,1.72036,1.82037,1.87983,1.6625,1.67607,1.79401,1.61605,1.66375,1.9125,1.66654,1.84946,1.64469,1.91671,1.64419,1.57442,1.69336,1.76568,1.70327,1.69254,1.73249,1.7534,1.73675,1.93051,1.76069,1.56193,1.94007,1.71871,1.75773,1.78371,1.74228,1.63136,1.76245,1.66826,1.67807,1.64314,1.79142,1.6635,1.70967,1.76954,1.78303,1.6828,1.78113,1.66667,1.83694,1.88532,1.75398,1.72982,1.83664,1.77676,1.87534,1.87971,1.8439,1.81537,1.83218,1.7377,1.71293,1.77326,1.72638,1.89679,1.7138,1.70411,1.64383,1.74292,1.75894,1.73374,1.69661,1.55907,1.66075,1.79478,1.7837,1.71047,1.64951,1.60728,1.76003,1.82058,1.831,1.75887,1.77789,1.773,1.81719,1.76614,1.74735,1.86975,1.67774,1.84312,1.7655,1.82118,1.78324,1.72486,1.81094,1.88367,1.76857,1.76435,1.67385,1.69092,1.89817,1.90415,1.83328,1.68605
1.6336,1.68475,1.87236,1.82693,1.65503,1.65743,1.7842,1.63318,1.67233,1.84034,1.65503,1.82942,1.65017,1.87787,1.63579,1.64086,1.63123,1.76901,1.71748,1.68489,1.72784,1.75677,1.73357,1.9163,1.78696,1.55521,1.90465,1.72516,1.77974,1.8009,1.77627,1.56793,1.75302,1.62749,1.66004,1.69476,1.81015,1.64866,1.72349,1.76207,1.75704,1.64006,1.75843,1.67281,1.82016,1.91376,1.77331,1.72647,1.81868,1.79159,1.87065,1.85527,1.80341,1.78484,1.79539,1.73819,1.75701,1.6702,1.77609,1.89532,1.70582,1.73198,1.71364,1.75511,1.74317,1.77234,1.67042,1.57173,1.66197,1.72258,1.76672,1.69065,1.65683,1.63666,1.7644,1.83044,1.87349,1.73531,1.80571,1.76191,1.77339,1.7746,1.72438,1.84238,1.70526,1.85655,1.75241,1.80869,1.79982,1.71441,1.80045,1.86645,1.79951,1.71594,1.65345,1.70535,1.92376,1.88973,1.77983,1.67417
1.64621,1.65176,1.83856,1.88547,1.63349,1.64234,1.74493,1.60876,1.68905,1.90619,1.69402,1.8191,1.66313,1.85203,1.57338,1.59773,1.67346,1.75817,1.67135,1.66848,1.78634,1.76913,1.72738,1.89182,1.80901,1.51636,1.87997,1.72508,1.72,1.78233,1.78719,1.58294,1.81061,1.61367,1.69182,1.67044,1.76385,1.68882,1.71116,1.71287,1.73228,1.60011,1.74477,1.68983,1.80908,1.89272,1.79942,1.68966,1.76185,1.87074,1.90337,1.88916,1.78051,1.75748,1.79086,1.74389,1.76425,1.66425,1.73693,1.88336,1.70394,1.73182,1.72311,1.73823,1.72581,1.79383,1.66967,1.5715,1.64055,1.69404,1.77581,1.65426,1.67263,1.61169,1.77055,1.82846,1.82084,1.74554,1.77461,1.7853,1.77407,1.79292,1.76305,1.80627,1.69217,1.83055,1.66116,1.82687,1.7905,1.71152,1.77433,1.82683,1.77521,1.73071,1.66093,1.75673,1.94074,1.90074,1.81006,1.73467
1.65223,1.63491,1.83734,1.90449,1.55297,1.67368,1.76249,1.6338,1.6967,1.9074,1.6908,1.82484,1.64761,1.80732,1.56476,1.58099,1.71538,1.74246,1.72754,1.6956,1.74104,1.69391,1.70273,1.83913,1.86492,1.5537,1.92179,1.69439,1.70181,1.79084,1.79007,1.58489,1.76537,1.63872,1.63254,1.67533,1.78054,1.71,1.69141,1.76544,1.79041,1.55803,1.6843,1.71014,1.8546,1.86604,1.81367,1.67428,1.79266,1.77855,1.87432,1.90162,1.73219,1.78499,1.79053,1.71356,1.72948,1.60862,1.76345,1.83305,1.68165,1.72114,1.73485,1.70022,1.6954,1.80937,1.67219,1.5865,1.66124,1.70929,1.75034,1.61891,1.6607,1.65893,1.78754,1.83057,1.85806,1.71089,1.80824,1.7974,1.79158,1.75716,1.74737,1.77204,1.70698,1.78209,1.67213,1.80025,1.76608,1.71,1.76217,1.76865,1.79341,1.70716,1.6481,1.73957,1.91163,1.86852,1.78645,1.74377
1.65132,1.58875,1.81113,1.87169,1.58264,1.69148,1.73372,1.65231,1.69885,1.89088,1.69196,1.8438,1.63458,1.82598,1.57052,1.50301,1.70811,1.73176,1.73565,1.66045,1.76119,1.71906,1.68831,1.85367,1.81619,1.58715,1.89642,1.74549,1.71757,1.76839,1.81951,1.59269,1.74479,1.63209,1.6349,1.6898,1.73789,1.67677,1.76094,1.7842,1.79083,1.56827,1.64233,1.69783,1.87215,1.85851,1.75229,1.70391,1.82618,1.79219,1.85609,1.87351,1.74682,1.73071,1.75177,1.71009,1.6567,1.67933,1.72666,1.86517,1.73684,1.72146,1.70536,1.69373,1.66185,1.80484,1.73475,1.55667,1.65712,1.77687,1.73956,1.60943,1.69815,1.67977,1.79423,1.81981,1.86624,1.70979,1.77777,1.78636,1.77561,1.75415,1.76263,1.76685,1.72431,1.741,1.60549,1.81624,1.76841,1.71426,1.78722,1.78557,1.81316,1.66932,1.67837,1.72121,1.87373,1.89253,1.75845,1.67597
1.67058,1.65056,1.76915,1.86278,1.5986,1.71764,1.73638,1.63239,1.66749,1.88093,1.66941,1.85666,1.64003,1.79842,1.60213,1.44637,1.69025,1.74208,1.7025,1.68251,1.75834,1.71627,1.71945,1.86515,1.80998,1.56547,1.874,1.73033,1.72811,1.74088,1.8078,1.55476,1.71232,1.68344,1.64633,1.73521,1.74699,1.71555,1.73521,1.74084,1.78813,1.59207,1.62897,1.66552,1.87049,1.80895,1.77853,1.73756,1.79562,1.83692,1.78222,1.83395,1.75179,1.76291,1.75062,1.7171,1.6703,1.65898,1.71207,1.86149,1.78882,1.67401,1.66867,1.70314,1.69455,1.84109,1.77625,1.60811,1.68637,1.75382,1.70332,1.61594,1.71585,1.69523,1.75876,1.7675,1.83534,1.74408,1.76912,1.78447,1.74324,1.7146,1.74379,1.7658,1.75991,1.7588,1.63249,1.77668,1.79125,1.70529,1.80665,1.76104,1.79708,1.74603,1.65905,1.73669,1.86185,1.92448,1.73693,1.69853
1.64756,1.68539,1.75473,1.80868,1.60646,1.67555,1.7478,1.64316,1.60022,1.86328,1.67275,1.85104,1.68051,1.75503,1.63682,1.48551,1.73337,1.71095,1.70425,1.67644,1.74508,1.67406,1.77865,1.82104,1.80215,1.56882,1.91763,1.75188,1.72851,1.71929,1.81661,1.58894,1.68908,1.69652,1.67332,1.73827,1.763,1.73433,1.70273,1.75547,1.78481,1.59857,1.6468,1.66426,1.86297,1.86789,1.81041,1.69583,1.77141,1.80803,1.79901,1.88647,1.75335,1.73986,1.77359,1.71598,1.71218,1.67839,1.70204,1.88599,1.81807,1.78832,1.62915,1.71957,1.68046,1.81012,1.76926,1.59062,1.70626,1.74552,1.74847,1.61956,1.7162,1.68907,1.74521,1.79174,1.81501,1.68089,1.73952,1.8215,1.76717,1.74445,1.73687,1.78332,1.79542,1.7655,1.63627,1.76329,1.76918,1.70937,1.79604,1.76697,1.76456,1.79608,1.64248,1.71813,1.85769,1.90018,1.76311,1.72522
1.6982,1.65093,1.75538,1.77276,1.63978,1.65996,1.73391,1.65068,1.59973,1.86393,1.64943,1.81644,1.74533,1.83283,1.63796,1.4954,1.71096,1.71968,1.67755,1.72389,1.73799,1.65585,1.74078,1.81403,1.78583,1.60365,1.87866,1.73617,1.72528,1.74908,1.8218,1.55264,1.64743,1.66375,1.67805,1.70918,1.72996,1.75092,1.70462,1.71746,1.78777,1.60998,1.68597,1.65948,1.77522,1.81412,1.83524,1.66724,1.78312,1.74422,1.82639,1.81317,1.71119,1.77639,1.78423,1.67761,1.72897,1.64787,1.72789,1.89383,1.84186,1.8145,1.66526,1.71315,1.65313,1.76926,1.7402,1.54185,1.71332,1.70341,1.71635,1.70517,1.71241,1.67823,1.71565,1.74015,1.83401,1.72859,1.74022,1.75573,1.71788,1.71876,1.74491,1.76329,1.76818,1.74673,1.63511,1.76978,1.79423,1.71112,1.75638,1.75679,1.76495,1.76674,1.6205,1.72984,1.77739,1.89891,1.81102,1.68349
1.64797,1.61581,1.7322,1.86308,1.66615,1.67832,1.72065,1.63624,1.55823,1.84641,1.66258,1.83174,1.79943,1.82239,1.64056,1.53457,1.73001,1.71259,1.65168,1.75322,1.7479,1.58501,1.75935,1.82996,1.79761,1.5535,1.90992,1.77197,1.72827,1.77865,1.8088,1.59766,1.67088,1.70436,1.66047,1.7243,1.7122,1.70842,1.72692,1.67527,1.78718,1.61156,1.70744,1.66421,1.70142,1.87878,1.79751,1.61832,1.74807,1.81166,1.8087,1.83733,1.69217,1.7859,1.72624,1.65834,1.72844,1.65267,1.74373,1.83496,1.82265,1.83704,1.65242,1.72504,1.63599,1.78795,1.75648,1.51392,1.66194,1.72605,1.72645,1.6991,1.75415,1.64908,1.70598,1.73547,1.81191,1.71932,1.73444,1.75375,1.72901,1.77133,1.76501,1.73063,1.74122,1.7681,1.60107,1.74588,1.76922,1.7863,1.72483,1.79821,1.75319,1.74919,1.59524,1.73329,1.71685,1.87826,1.85556,1.66566
1.66421,1.60657,1.73481,1.75903,1.69189,1.62672,1.68778,1.62445,1.57206,1.86489,1.69051,1.80814,1.80844,1.81532,1.65421,1.55168,1.67408,1.70363,1.68096,1.70638,1.77267,1.55233,1.75985,1.81859,1.78814,1.55051,1.90176,1.7467,1.66549,1.75028,1.79949,1.62798,1.63474,1.66254,1.64894,1.7192,1.7421,1.74257,1.7675,1.72918,1.76317,1.60073,1.70068,1.65017,1.73394,1.91105,1.81779,1.64441,1.74228,1.82933,1.80564,1.80089,1.71953,1.74723,1.70886,1.64107,1.71208,1.61709,1.73757,1.78663,1.77194,1.83857,1.61564,1.72271,1.64178,1.73929,1.81741,1.50873,1.67504,1.64941,1.73739,1.6548,1.73772,1.58822,1.75333,1.82237,1.78372,1.70963,1.70406,1.71018,1.72087,1.77216,1.80255,1.7378,1.77844,1.81058,1.61443,1.71662,1.76334,1.74594,1.67415,1.75924,1.78719,1.72409,1.60131,1.73258,1.71944,1.8738,1.88623,1.64482
1.67745,1.66884,1.66179,1.70085,1.71789,1.65732,1.67894,1.59283,1.57021,1.83037,1.71252,1.81674,1.77614,1.78438,1.74667,1.51982,1.62075,1.65906,1.66325,1.72091,1.77802,1.62322,1.75675,1.81809,1.7876,1.51584,1.87798,1.72793,1.65318,1.74745,1.77584,1.68563,1.65525,1.7411,1.65093,1.75106,1.68861,1.72599,1.80204,1.75634,1.76049,1.61637,1.6563,1.67286,1.72867,1.86975,1.8249,1.5797,1.76196,1.89138,1.75874,1.79424,1.72597,1.72861,1.74748,1.70993,1.68453,1.61324,1.69056,1.74641,1.75364,1.82076,1.61374,1.65893,1.67597,1.74318,1.80301,1.48085,1.66874,1.60673,1.73465,1.65773,1.65136,1.60689,1.70322,1.8085,1.78358,1.72174,1.653,1.72939,1.73831,1.70313,1.80615,1.75253,1.74729,1.8353,1.62566,1.7265,1.70601,1.76413,1.68022,1.75646,1.82433,1.75534,1.58347,1.72117,1.74819,1.87187,1.81931,1.63603
1.6458,1.65582,1.62445,1.73057,1.73307,1.65081,1.69353,1.6192,1.55482,1.85766,1.66964,1.74599,1.7337,1.70519,1.7165,1.57842,1.58531,1.59207,1.64525,1.66234,1.73632,1.61691,1.72401,1.74446,1.7368,1.5112,1.87781,1.77216,1.63056,1.71908,1.74695,1.69688,1.67658,1.73934,1.64947,1.75266,1.69774,1.70875,1.79151,1.70943,1.76352,1.63478,1.6333,1.69048,1.76876,1.91962,1.76692,1.57675,1.76611,1.8498,1.74305,1.74104,1.68584,1.6569,1.7406,1.72519,1.70052,1.65601,1.72307,1.79209,1.73416,1.82338,1.64573,1.66714,1.66615,1.69813,1.77531,1.50566,1.68603,1.58468,1.73806,1.63474,1.65981,1.57043,1.68268,1.82009,1.78418,1.71281,1.62743,1.74742,1.74594,1.68912,1.82013,1.74242,1.71845,1.76128,1.6229,1.70235,1.70257,1.74385,1.69265,1.76964,1.79938,1.68521,1.59569,1.70943,1.76623,1.84543,1.84784,1.65005
1.65761,1.61632,1.58525,1.74099,1.74023,1.66173,1.67029,1.58902,1.56998,1.84266,1.66542,1.7187,1.68185,1.70404,1.73996,1.57666,1.62282,1.593,1.59924,1.73912,1.71496,1.65153,1.72257,1.74035,1.76687,1.49236,1.81504,1.83395,1.7036,1.7288,1.77761,1.74792,1.63833,1.76536,1.62482,1.74036,1.70474,1.67541,1.78102,1.70797,1.77111,1.59569,1.64171,1.68564,1.77556,1.84649,1.73937,1.62531,1.78948,1.87128,1.70693,1.73269,1.68939,1.66843,1.69993,1.74582,1.69117,1.68655,1.75218,1.81325,1.68012,1.79235,1.66914,1.59473,1.62472,1.64898,1.76423,1.50912,1.68579,1.64549,1.75117,1.64362,1.59786,1.59924,1.65289,1.7386,1.77136,1.74191,1.64777,1.70368,1.73946,1.72941,1.79371,1.74988,1.73285,1.79172,1.60028,1.72614,1.6829,1.72884,1.65269,1.77084,1.7357,1.67107,1.61449,1.7154,1.77764,1.83125,1.79729,1.6374
1.61344,1.61475,1.58715,1.71784,1.75517,1.6894,1.69413,1.5693,1.55451,1.84173,1.67151,1.78066,1.717,1.75627,1.69782,1.54165,1.62738,1.64114,1.63725,1.71276,1.74148,1.63858,1.69661,1.72411,1.76325,1.50364,1.85636,1.83723,1.72783,1.71314,1.77442,1.7218,1.63287,1.71386,1.67926,1.71692,1.6719,1.67808,1.75467,1.74912,1.7842,1.58205,1.62623,1.74995,1.81057,1.84006,1.7097,1.67716,1.76949,1.89679,1.65574,1.71814,1.63161,1.69099,1.71423,1.69991,1.65426,1.64964,1.72313,1.80009,1.68099,1.7391,1.64856,1.62956,1.6525,1.67698,1.70923,1.52777,1.74068,1.67651,1.78892,1.67358,1.61941,1.58597,1.66572,1.7655,1.77461,1.6986,1.65435,1.69999,1.70846,1.72188,1.75409,1.70388,1.70509,1.78761,1.59695,1.70755,1.60406,1.75226,1.66506,1.74348,1.71109,1.67257,1.64014,1.66934,1.76669,1.8276,1.75046,1.62986
1.64159,1.65577,1.62918,1.72479,1.728,1.68972,1.70031,1.58995,1.536,1.78861,1.64655,1.80215,1.75202,1.75486,1.69064,1.51547,1.61691,1.66363,1.64235,1.72648,1.69585,1.63732,1.70095,1.76435,1.79559,1.50856,1.79628,1.82926,1.66288,1.73114,1.72988,1.71834,1.6636,1.70436,1.67279,1.68539,1.64397,1.68302,1.73029,1.75361,1.76761,1.56762,1.66549,1.71803,1.80773,1.78319,1.70877,1.66659,1.71861,1.84942,1.63846,1.7524,1.62126,1.71371,1.69645,1.71835,1.6323,1.61824,1.76095,1.75269,1.65478,1.69205,1.61385,1.63316,1.59766,1.67864,1.70002,1.55279,1.76077,1.70134,1.83774,1.62951,1.64024,1.57127,1.68226,1.70343,1.74263,1.72142,1.70089,1.6715,1.6905,1.69212,1.79434,1.70112,1.68007,1.73773,1.6175,1.70439,1.58366,1.81606,1.70039,1.738,1.68283,1.74759,1.64327,1.67127,1.76406,1.85621,1.76105,1.57112
1.62759,1.62777,1.63226,1.68337,1.69464,1.65326,1.71915,1.60545,1.56189,1.78191,1.65693,1.81195,1.76795,1.76168,1.60539,1.57621,1.62838,1.66647,1.64516,1.75197,1.68033,1.6611,1.69574,1.81436,1.75568,1.50874,1.74542,1.79023,1.66482,1.73119,1.76088,1.72903,1.70944,1.7021,1.68638,1.70215,1.67895,1.70125,1.70847,1.76713,1.75378,1.59211,1.64893,1.79524,1.7914,1.79472,1.75161,1.66543,1.75242,1.81846,1.63313,1.73535,1.62234,1.65435,1.75445,1.67242,1.63019,1.61817,1.76764,1.69499,1.63392,1.63313,1.61905,1.64251,1.58414,1.75355,1.66039,1.5817,1.72316,1.7052,1.76758,1.63529,1.66297,1.56943,1.67386,1.67576,1.72367,1.76784,1.7228,1.68089,1.71669,1.69108,1.79891,1.69022,1.69072,1.76258,1.57242,1.65389,1.55508,1.78851,1.67533,1.7358,1.66122,1.71906,1.60098,1.66708,1.75228,1.86368,1.72548,1.57857
1.67294,1.67519,1.65591,1.6864,1.64647,1.63275,1.68357,1.61262,1.55565,1.77879,1.68601,1.80586,1.77562,1.73579,1.61017,1.57312,1.66453,1.62602,1.67116,1.72241,1.66612,1.66303,1.70813,1.77232,1.79114,1.51426,1.71835,1.79009,1.72526,1.71596,1.73394,1.74195,1.6719,1.71839,1.65327,1.6545,1.67854,1.73133,1.68606,1.76071,1.77809,1.61518,1.65976,1.69218,1.8138,1.78449,1.82402,1.67211,1.79214,1.8353,1.6374,1.73603,1.62297,1.62967,1.73289,1.59906,1.64692,1.6819,1.77003,1.68323,1.64362,1.65222,1.59352,1.70293,1.58085,1.74738,1.60768,1.59509,1.74392,1.60825,1.75986,1.64414,1.63159,1.57768,1.72861,1.6665,1.71985,1.77223,1.72096,1.62629,1.70043,1.6526,1.74555,1.63261,1.68448,1.77256,1.55682,1.66544,1.5996,1.77725,1.6389,1.75747,1.65922,1.73462,1.59362,1.62455,1.75358,1.85583,1.74067,1.58271
1.72249,1.68612,1.63472,1.62512,1.65451,1.60525,1.66344,1.62742,1.46759,1.78463,1.70169,1.84513,1.7718,1.69103,1.59281,1.5502,1.69606,1.66269,1.66076,1.71065,1.69606,1.6507,1.66632,1.7339,1.783,1.51834,1.72726,1.77739,1.74103,1.72408,1.7408,1.69663,1.69576,1.65196,1.65324,1.67743,1.64011,1.72954,1.66031,1.71543,1.80459,1.57057,1.68467,1.7249,1.74863,1.76356,1.78916,1.68244,1.75611,1.82118,1.60058,1.75091,1.57298,1.62448,1.78471,1.56338,1.66337,1.65031,1.75082,1.66623,1.65177,1.68873,1.60849,1.66816,1.57548,1.72489,1.62018,1.62381,1.73644,1.60026,1.74414,1.65067,1.61033,1.61556,1.68866,1.61169,1.70604,1.78174,1.71656,1.59455,1.73837,1.6649,1.69488,1.64487,1.69611,1.7341,1.56492,1.67699,1.60654,1.82181,1.61983,1.7727,1.65161,1.73549,1.49026,1.57139,1.7643,1.79621,1.78118,1.55669
1.69711,1.69279,1.61731,1.57419,1.69224,1.56087,1.6428,1.63816,1.45219,1.739,1.67914,1.81323,1.76141,1.76334,1.56253,1.53936,1.71015,1.6712,1.60507,1.74476,1.65115,1.65383,1.72009,1.63521,1.77594,1.56486,1.73472,1.75286,1.75796,1.741,1.68079,1.70983,1.69045,1.6668,1.59809,1.62157,1.64594,1.7621,1.63188,1.70182,1.79154,1.57797,1.66544,1.7347,1.78861,1.78413,1.76382,1.66645,1.77539,1.77011,1.584,1.74651,1.56085,1.67967,1.77185,1.54399,1.67601,1.64085,1.70082,1.64169,1.66392,1.71212,1.58765,1.65752,1.59817,1.73287,1.61835,1.63015,1.69629,1.58146,1.72487,1.61411,1.59122,1.5897,1.70757,1.64962,1.65855,1.76806,1.67832,1.5899,1.73625,1.66942,1.68887,1.68969,1.7429,1.72467,1.5902,1.72053,1.58829,1.82665,1.61137,1.76099,1.65779,1.67428,1.53194,1.58179,1.72601,1.77881,1.75033,1.4988
1.72139,1.71318,1.62138,1.58067,1.68712,1.50675,1.65975,1.58328,1.45066,1.79854,1.67257,1.80135,1.72481,1.76266,1.5272,1.53356,1.68998,1.65997,1.63727,1.76529,1.62469,1.6753,1.67825,1.6592,1.76364,1.59809,1.70056,1.75718,1.71392,1.70392,1.69086,1.7059,1.69462,1.64473,1.6396,1.62188,1.65476,1.72953,1.60689,1.62948,1.7721,1.56307,1.68164,1.74295,1.796,1.76356,1.68213,1.65666,1.74043,1.7251,1.5871,1.70177,1.55159,1.70453,1.76849,1.59397,1.66745,1.6507,1.68415,1.61223,1.63798,1.7354,1.57782,1.6404,1.63583,1.71664,1.62959,1.64502,1.63467,1.60128,1.70572,1.62052,1.61377,1.61927,1.65705,1.6659,1.70219,1.73207,1.64606,1.56755,1.78632,1.66727,1.7719,1.62557,1.6944,1.75413,1.60779,1.72076,1.58243,1.79577,1.58599,1.78233,1.65041,1.64707,1.55537,1.57275,1.75765,1.78632,1.74014,1.48934
1.65906,1.65138,1.60645,1.58258,1.68529,1.56682,1.64678,1.57679,1.50034,1.81152,1.68018,1.77035,1.75737,1.80369,1.56975,1.56189,1.6925,1.62633,1.71175,1.75597,1.61867,1.65529,1.66901,1.64262,1.75459,1.60691,1.6896,1.79891,1.67328,1.69394,1.66132,1.63737,1.67186,1.64708,1.66228,1.59483,1.68024,1.70136,1.60495,1.61318,1.81276,1.56312,1.70815,1.7543,1.81332,1.73294,1.65612,1.64196,1.73362,1.68622,1.54699,1.67025,1.53753,1.73025,1.76937,1.60069,1.67719,1.63212,1.62921,1.63276,1.66481,1.76324,1.5888,1.62418,1.61224,1.73139,1.62255,1.6608,1.61674,1.52714,1.72109,1.63589,1.62185,1.58259,1.60719,1.68883,1.69244,1.73513,1.65298,1.57385,1.75321,1.6644,1.74815,1.61668,1.67281,1.76894,1.65915,1.70928,1.56786,1.77143,1.63151,1.76322,1.66358,1.6606,1.5827,1.56649,1.71669,1.80928,1.7316,1.54938
1.67248,1.68307,1.56995,1.59041,1.67254,1.56974,1.59069,1.61718,1.55276,1.81593,1.70744,1.74131,1.7475,1.77516,1.59798,1.55719,1.68428,1.66181,1.64979,1.74602,1.59571,1.62918,1.71426,1.66454,1.71961,1.6475,1.66966,1.79821,1.64318,1.63627,1.65176,1.65099,1.61301,1.61161,1.64197,1.57552,1.67611,1.72568,1.59015,1.60767,1.84698,1.59518,1.69735,1.70384,1.85851,1.70842,1.66912,1.65994,1.79125,1.7213,1.50487,1.66043,1.53525,1.66468,1.73167,1.5895,1.62996,1.67795,1.62192,1.65155,1.64369,1.74935,1.61762,1.63589,1.68629,1.69379,1.63634,1.6483,1.62092,1.52412,1.66009,1.68072,1.63352,1.63779,1.64433,1.68144,1.72521,1.74432,1.65697,1.53273,1.70949,1.65381,1.70846,1.61301,1.65572,1.79511,1.64302,1.73669,1.55407,1.72184,1.60184,1.79462,1.6403,1.67668,1.60433,1.60345,1.71277,1.81275,1.70396,1.56421
1.63658,1.67433,1.55452,1.5806,1.67293,1.5934,1.57361,1.63006,1.53997,1.80481,1.73227,1.72985,1.72032,1.74816,1.62598,1.54687,1.68462,1.69252,1.65072,1.78381,1.58747,1.63123,1.71662,1.65083,1.73048,1.61821,1.69182,1.72254,1.62341,1.61512,1.6438,1.66171,1.60782,1.64436,1.67151,1.57261,1.67005,1.72471,1.59037,1.60032,1.84647,1.56203,1.65418,1.7305,1.76482,1.72628,1.68083,1.6944,1.72076,1.73322,1.46864,1.68617,1.56397,1.71002,1.71183,1.55411,1.61529,1.66497,1.6185,1.69022,1.58175,1.78179,1.65109,1.62419,1.72475,1.66355,1.59998,1.62515,1.62224,1.52724,1.63301,1.69033,1.6149,1.69775,1.66215,1.64744,1.68989,1.72185,1.6862,1.46541,1.71884,1.67461,1.73187,1.58242,1.6671,1.76694,1.63486,1.70174,1.59136,1.69817,1.63851,1.75327,1.57754,1.66204,1.60101,1.60773,1.70935,1.77638,1.71427,1.5739
1.65227,1.69162,1.53578,1.5627,1.71119,1.64333,1.58246,1.5915,1.55493,1.7469,1.75847,1.73549,1.69489,1.70079,1.64621,1.6109,1.68595,1.69807,1.63345,1.80045,1.64641,1.56945,1.69057,1.63164,1.74121,1.60796,1.67065,1.70815,1.53589,1.63183,1.61169,1.63451,1.60316,1.65708,1.72265,1.58414,1.6918,1.75256,1.62835,1.54307,1.80728,1.59288,1.65146,1.68093,1.80073,1.64837,1.67939,1.7546,1.75534,1.70988,1.44323,1.68991,1.55397,1.69693,1.71993,1.57544,1.6179,1.66362,1.64786,1.63905,1.5397,1.71269,1.63329,1.60964,1.68099,1.65267,1.61337,1.7046,1.56031,1.55814,1.64384,1.6553,1.63006,1.66076,1.68901,1.66982,1.71765,1.68206,1.63876,1.44843,1.689,1.66911,1.70007,1.56686,1.65669,1.71926,1.61938,1.701,1.54466,1.68806,1.62617,1.76419,1.63258,1.68345,1.61274,1.63449,1.74256,1.77768,1.73555,1.5694
1.67885,1.69694,1.50594,1.57398,1.72901,1.59688,1.60799,1.56851,1.51918,1.7648,1.75787,1.73634,1.67813,1.62927,1.64388,1.62598,1.70053,1.71359,1.65334,1.80581,1.65277,1.52455,1.65578,1.62261,1.76829,1.59314,1.66859,1.73432,1.54913,1.61927,1.64669,1.62085,1.63142,1.66152,1.65151,1.54961,1.70529,1.75581,1.59091,1.53481,1.74473,1.56615,1.65467,1.64608,1.78028,1.64573,1.66541,1.75855,1.71741,1.66799,1.4702,1.67597,1.56054,1.69927,1.67274,1.60848,1.62241,1.72541,1.66093,1.62045,1.56321,1.73937,1.64265,1.61357,1.68621,1.6568,1.5447,1.72284,1.56157,1.58812,1.63987,1.66093,1.6616,1.68692,1.63164,1.71269,1.66566,1.63698,1.62156,1.48373,1.71901,1.65029,1.71314,1.59514,1.63282,1.74002,1.60356,1.69104,1.56906,1.72041,1.68139,1.70632,1.60657,1.66973,1.63745,1.62599,1.69067,1.73603,1.71503,1.51719
1.70008,1.75327,1.49748,1.56014,1.71565,1.62464,1.61997,1.60952,1.49888,1.75811,1.75454,1.65936,1.66163,1.64001,1.63848,1.6149,1.70048,1.70369,1.62324,1.79815,1.61642,1.58188,1.61547,1.61524,1.73219,1.57656,1.68861,1.724,1.5724,1.64015,1.61482,1.66908,1.61382,1.62195,1.62654,1.51334,1.70314,1.72645,1.60519,1.48032,1.6921,1.5732,1.68658,1.66713,1.73319,1.68397,1.66267,1.75102,1.72376,1.61267,1.49409,1.67981,1.55223,1.71758,1.66847,1.5897,1.61935,1.72866,1.65704,1.59077,1.53256,1.70221,1.6545,1.63584,1.69682,1.64553,1.55481,1.72989,1.55025,1.60081,1.65447,1.69913,1.70924,1.60788,1.65205,1.68823,1.64132,1.62636,1.63057,1.46282,1.69325,1.6816,1.73669,1.57905,1.66252,1.72302,1.58876,1.68451,1.59133,1.71394,1.66104,1.70721,1.61844,1.67173,1.60261,1.60612,1.6806,1.7074,1.71134,1.50904
1.68992,1.76615,1.49515,1.55834,1.74621,1.65311,1.62908,1.58542,1.52988,1.75819,1.73412,1.61244,1.64964,1.62728,1.65929,1.68865,1.68187,1.68041,1.64195,1.7652,1.62172,1.57745,1.66127,1.62337,1.76982,1.56129,1.72594,1.74257,1.60335,1.70225,1.64504,1.67422,1.63117,1.61027,1.5589,1.56023,1.681,1.66998,1.54706,1.52085,1.71451,1.61277,1.68333,1.6648,1.71595,1.6782,1.63967,1.73359,1.71726,1.64201,1.49014,1.63224,1.50974,1.72575,1.66994,1.61587,1.59287,1.7324,1.66675,1.58934,1.49929,1.71281,1.64484,1.62115,1.69872,1.65599,1.55115,1.73124,1.58632,1.542,1.65168,1.69172,1.71785,1.61572,1.63004,1.75149,1.59727,1.62528,1.6303,1.52034,1.7007,1.68842,1.72519,1.58999,1.62882,1.71721,1.60402,1.72479,1.59091,1.73808,1.66149,1.67344,1.64281,1.65327,1.58605,1.62845,1.65552,1.71606,1.65866,1.45437
1.67804,1.72174,1.49636,1.53461,1.73838,1.63803,1.61486,1.62413,1.58324,1.73461,1.71559,1.61362,1.6554,1.61254,1.65674,1.64423,1.69364,1.68128,1.61599,1.76565,1.6118,1.56869,1.69262,1.63747,1.77348,1.56856,1.75115,1.67366,1.55664,1.71173,1.63053,1.65546,1.66161,1.63776,1.59587,1.5801,1.67553,1.67937,1.55044,1.47916,1.68768,1.65489,1.68137,1.63117,1.69127,1.65729,1.62004,1.77216,1.69653,1.63127,1.50923,1.63021,1.48867,1.71293,1.62016,1.60138,1.59248,1.71083,1.61677,1.5949,1.54823,1.69235,1.75846,1.61595,1.68707,1.65006,1.57277,1.74426,1.58902,1.5338,1.65368,1.68861,1.65795,1.61783,1.64196,1.73136,1.57321,1.59591,1.61074,1.49935,1.69304,1.7126,1.7026,1.5557,1.57173,1.68998,1.59636,1.68994,1.58123,1.70321,1.6452,1.69535,1.63015,1.66345,1.54054,1.58879,1.65621,1.71495,1.64376,1.51968
1.65953,1.6999,1.50366,1.57015,1.73147,1.65889,1.5846,1.58428,1.58586,1.73798,1.68,1.61896,1.65497,1.63334,1.61424,1.64469,1.70913,1.67721,1.62292,1.7434,1.61252,1.50608,1.68192,1.64774,1.72557,1.59328,1.74931,1.68324,1.56079,1.72164,1.59297,1.68458,1.66406,1.59221,1.63077,1.5999,1.63679,1.70397,1.54163,1.52712,1.69821,1.6644,1.66038,1.59393,1.68727,1.65941,1.58208,1.76957,1.73621,1.66539,1.53732,1.64898,1.47274,1.69606,1.6741,1.60099,1.63764,1.65653,1.54803,1.58056,1.53063,1.65081,1.74517,1.61689,1.68173,1.68702,1.60714,1.74001,1.58767,1.52864,1.61713,1.67294,1.62723,1.57304,1.61618,1.75728,1.52168,1.58421,1.64062,1.48221,1.7243,1.6721,1.68818,1.59185,1.55578,1.71335,1.57943,1.69262,1.65375,1.66031,1.61896,1.75244,1.64149,1.66769,1.52909,1.61065,1.61796,1.6882,1.64862,1.54753
1.64279,1.68752,1.46113,1.55826,1.69701,1.65122,1.5661,1.60795,1.55816,1.77865,1.71112,1.59988,1.63666,1.63565,1.60441,1.64307,1.69721,1.62583,1.64588,1.73597,1.62899,1.51359,1.67443,1.61387,1.6929,1.57454,1.74854,1.68958,1.50484,1.69822,1.60926,1.70224,1.63724,1.56534,1.62493,1.60537,1.5821,1.67462,1.56798,1.5363,1.67833,1.6166,1.69015,1.62311,1.70622,1.65816,1.59505,1.73926,1.6805,1.69027,1.4965,1.656,1.44562,1.6896,1.65408,1.59748,1.6499,1.64171,1.57185,1.61745,1.55498,1.64696,1.69552,1.61057,1.70739,1.68556,1.62436,1.77706,1.58035,1.48248,1.64562,1.67001,1.62801,1.63419,1.63432,1.75064,1.52258,1.56738,1.66184,1.51104,1.76147,1.66233,1.66285,1.58101,1.54053,1.67705,1.53999,1.68894,1.63095,1.62053,1.61191,1.76267,1.68133,1.63274,1.53059,1.63272,1.59992,1.69685,1.61759,1.54067
1.62985,1.60207,1.38826,1.56001,1.65847,1.66654,1.5058,1.62173,1.5905,1.75941,1.73524,1.60756,1.6512,1.6658,1.55443,1.58381,1.70187,1.61498,1.65419,1.72977,1.59932,1.55484,1.626,1.59378,1.68463,1.60935,1.7446,1.70511,1.50075,1.70359,1.66282,1.76869,1.63893,1.54074,1.65548,1.58181,1.58899,1.74416,1.53136,1.53339,1.69009,1.65086,1.63389,1.62401,1.69748,1.65989,1.53464,1.7357,1.69481,1.69339,1.52649,1.7048,1.49324,1.71541,1.61492,1.59232,1.68068,1.67949,1.55041,1.60067,1.55433,1.65866,1.68352,1.60424,1.6381,1.68212,1.5888,1.82541,1.59611,1.41721,1.62547,1.67902,1.62952,1.64563,1.67025,1.69916,1.55258,1.57067,1.61893,1.49088,1.76266,1.59478,1.64128,1.58029,1.50598,1.68,1.54304,1.68132,1.63639,1.60753,1.65555,1.75268,1.68952,1.6636,1.54336,1.66624,1.58101,1.70097,1.59216,1.53469
1.66681,1.62271,1.44752,1.59312,1.68201,1.68838,1.54219,1.6371,1.6152,1.80666,1.7377,1.57187,1.62683,1.68087,1.61441,1.54801,1.63502,1.61707,1.66305,1.72097,1.55984,1.56974,1.64067,1.52596,1.73109,1.60897,1.66044,1.63887,1.58836,1.69839,1.62989,1.72466,1.7057,1.51066,1.59689,1.57882,1.63213,1.79961,1.51006,1.51737,1.67931,1.64687,1.71444,1.63227,1.70601,1.65037,1.54018,1.69718,1.66386,1.66105,1.54117,1.69367,1.49184,1.68289,1.66218,1.56985,1.72416,1.63448,1.55882,1.63069,1.56804,1.69401,1.65282,1.61412,1.62267,1.65568,1.60983,1.88511,1.55945,1.46912,1.65116,1.63971,1.60868,1.64729,1.65658,1.6881,1.5311,1.6107,1.62321,1.48132,1.81142,1.61057,1.63979,1.58011,1.51471,1.62254,1.52083,1.62531,1.61067,1.61334,1.67612,1.75575,1.62122,1.65561,1.52333,1.69162,1.57523,1.70454,1.57903,1.52581
1.6591,1.58291,1.46543,1.59727,1.6273,1.71158,1.5455,1.64163,1.6751,1.79169,1.73056,1.56884,1.65651,1.68111,1.65255,1.58394,1.6585,1.60837,1.66355,1.70477,1.55765,1.5849,1.66558,1.54756,1.67635,1.64013,1.65526,1.67279,1.64097,1.69444,1.65644,1.71334,1.68812,1.56908,1.64187,1.57778,1.66717,1.82609,1.47492,1.49517,1.72247,1.6912,1.69144,1.6244,1.66753,1.62616,1.51897,1.71124,1.64107,1.58964,1.56352,1.76122,1.48201,1.69263,1.67735,1.56297,1.68385,1.58228,1.54113,1.6265,1.52458,1.61617,1.64507,1.62691,1.63687,1.65095,1.57723,1.84862,1.58633,1.48918,1.61178,1.65158,1.63518,1.61217,1.60598,1.67741,1.5755,1.61636,1.56895,1.47075,1.79752,1.61684,1.69175,1.55733,1.49069,1.63505,1.53866,1.60675,1.59649,1.59414,1.65549,1.72224,1.59674,1.65436,1.58432,1.70467,1.58789,1.70446,1.63561,1.51509
1.64773,1.56546,1.44205,1.61702,1.60413,1.69262,1.49344,1.65219,1.66462,1.76287,1.692,1.57589,1.66981,1.71479,1.58647,1.56527,1.64762,1.61601,1.67198,1.66752,1.53412,1.58052,1.72394,1.52806,1.66703,1.66241,1.60231,1.66152,1.60321,1.66035,1.6311,1.67597,1.70123,1.5406,1.59898,1.57511,1.69502,1.7933,1.44382,1.49038,1.70901,1.72123,1.69494,1.65202,1.67322,1.64734,1.52319,1.67421,1.62252,1.60593,1.55516,1.73703,1.48541,1.65364,1.66557,1.54693,1.74944,1.53939,1.5532,1.64238,1.51852,1.63766,1.6265,1.62382,1.63422,1.61982,1.55841,1.83391,1.57013,1.45028,1.63751,1.6379,1.63105,1.61158,1.61964,1.68637,1.56706,1.6008,1.52807,1.49356,1.75992,1.64232,1.69364,1.5717,1.50627,1.63671,1.49786,1.51419,1.64421,1.6007,1.65371,1.77162,1.60084,1.62252,1.59802,1.67694,1.58325,1.67613,1.6077,1.50414
1.63915,1.58109,1.42014,1.61188,1.61261,1.67057,1.48419,1.58902,1.59067,1.78007,1.68034,1.64592,1.66161,1.67691,1.56728,1.56035,1.66983,1.59807,1.65283,1.63757,1.52539,1.52034,1.69329,1.55176,1.61964,1.64342,1.60281,1.70501,1.57682,1.63922,1.69755,1.64845,1.68826,1.5455,1.65874,1.58536,1.69051,1.72881,1.44599,1.53094,1.6849,1.67538,1.70347,1.63924,1.6542,1.62418,1.53215,1.62987,1.66567,1.57929,1.58885,1.70143,1.49387,1.64587,1.6352,1.5221,1.70633,1.54222,1.53864,1.62121,1.4954,1.65534,1.62866,1.63416,1.64642,1.56916,1.57459,1.81593,1.54463,1.42241,1.60985,1.67311,1.58118,1.64212,1.56816,1.73148,1.53174,1.5563,1.49436,1.49576,1.76135,1.64817,1.71788,1.51743,1.47025,1.65622,1.50147,1.51636,1.60413,1.58247,1.6501,1.78709,1.60304,1.61071,1.61961,1.67227,1.54338,1.67547,1.57349,1.47915
1.62495,1.60207,1.46658,1.62785,1.69205,1.67379,1.53908,1.6215,1.56406,1.79567,1.73462,1.65648,1.66209,1.65035,1.53185,1.56252,1.67932,1.63439,1.68387,1.6262,1.50382,1.48578,1.66877,1.53914,1.55349,1.59852,1.59113,1.72521,1.52588,1.61362,1.67839,1.67463,1.64519,1.58115,1.6335,1.56614,1.68255,1.63458,1.48593,1.55578,1.64968,1.63318,1.69745,1.62848,1.66893,1.61279,1.53895,1.66811,1.66305,1.56814,1.5476,1.66301,1.48062,1.68352,1.64798,1.47653,1.71214,1.60258,1.48743,1.62699,1.45859,1.61594,1.60179,1.64348,1.62063,1.61861,1.60033,1.76332,1.55157,1.43123,1.5584,1.68037,1.61596,1.71183,1.56987,1.734,1.53681,1.55864,1.49977,1.49084,1.73391,1.55264,1.62644,1.55321,1.45238,1.64262,1.50442,1.50159,1.56205,1.60087,1.64283,1.7499,1.62203,1.58662,1.58389,1.64694,1.56053,1.63499,1.59055,1.46902
1.6201,1.57952,1.4611,1.61727,1.70711,1.63262,1.53251,1.60261,1.59745,1.83241,1.70348,1.63138,1.66844,1.65025,1.55516,1.58892,1.59981,1.61402,1.67618,1.6449,1.46808,1.48494,1.67212,1.54739,1.54747,1.55863,1.60814,1.66583,1.59011,1.63661,1.62202,1.72616,1.61992,1.53521,1.67276,1.55863,1.65094,1.61817,1.4808,1.51855,1.66338,1.6324,1.65197,1.629,1.66579,1.61608,1.49877,1.65224,1.66742,1.51885,1.50853,1.67038,1.4995,1.71117,1.64596,1.43938,1.72349,1.56486,1.49441,1.64787,1.4989,1.60601,1.62637,1.65186,1.62897,1.62396,1.64869,1.76258,1.54684,1.45494,1.56976,1.67636,1.56731,1.75284,1.57591,1.74328,1.5528,1.63445,1.51018,1.5269,1.73991,1.48448,1.62218,1.54191,1.50906,1.66301,1.55656,1.50337,1.52585,1.59821,1.63893,1.71796,1.61679,1.54567,1.58466,1.61756,1.59173,1.64963,1.57283,1.46409
1.64061,1.57755,1.49341,1.58487,1.69242,1.58812,1.52769,1.60452,1.56598,1.8339,1.7502,1.65792,1.68606,1.65373,1.55181,1.50776,1.53413,1.6728,1.68265,1.65226,1.48221,1.46698,1.65867,1.54706,1.54281,1.52216,1.63443,1.68014,1.62303,1.64579,1.608,1.70696,1.63478,1.58009,1.6682,1.54181,1.60943,1.62384,1.51686,1.53499,1.66932,1.67602,1.65494,1.64062,1.65446,1.63249,1.50775,1.61465,1.61523,1.53244,1.50074,1.67996,1.49561,1.74204,1.56155,1.43304,1.66795,1.57614,1.526,1.6806,1.48356,1.60079,1.59962,1.6093,1.6111,1.62287,1.63226,1.73902,1.53719,1.4748,1.56822,1.66702,1.61093,1.76059,1.64516,1.74649,1.55895,1.6901,1.47886,1.53593,1.75462,1.52603,1.62475,1.53901,1.53373,1.64883,1.61378,1.52577,1.54125,1.52964,1.58882,1.64175,1.63973,1.56049,1.56621,1.60057,1.61943,1.60431,1.61544,1.50049
1.62753,1.57672,1.52994,1.52854,1.65511,1.62577,1.49304,1.62515,1.6091,1.82506,1.75971,1.6189,1.67658,1.65735,1.52969,1.49152,1.55793,1.66103,1.70316,1.59889,1.47488,1.46893,1.61948,1.6302,1.5784,1.5357,1.64563,1.62898,1.58214,1.63981,1.60752,1.71717,1.60877,1.59753,1.6263,1.54887,1.62572,1.64786,1.53579,1.53963,1.64297,1.69955,1.67799,1.56848,1.6212,1.56587,1.50552,1.64249,1.59587,1.52659,1.5132,1.72094,1.44025,1.69105,1.52338,1.45282,1.67706,1.56198,1.52772,1.68454,1.4774,1.58863,1.61786,1.62186,1.59383,1.64165,1.6387,1.75103,1.50215,1.48816,1.56147,1.66999,1.60113,1.6576,1.6532,1.77023,1.51744,1.67378,1.49777,1.50595,1.7668,1.47255,1.63685,1.57639,1.55747,1.6078,1.5784,1.53271,1.5265,1.50933,1.58872,1.61025,1.60036,1.55565,1.58287,1.58089,1.62695,1.55768,1.60743,1.50485
1.6421,1.55819,1.53889,1.53128,1.60773,1.63831,1.49751,1.58417,1.53925,1.74946,1.71873,1.59495,1.62635,1.63758,1.53502,1.54578,1.58975,1.6819,1.65055,1.55199,1.46575,1.43303,1.63714,1.58801,1.63829,1.51837,1.62469,1.57787,1.57362,1.60466,1.60823,1.68247,1.57046,1.55039,1.62829,1.5747,1.64531,1.66275,1.49387,1.55041,1.588,1.68248,1.66411,1.56498,1.61517,1.50884,1.52469,1.63517,1.60514,1.51059,1.52121,1.64828,1.49897,1.72108,1.50952,1.45416,1.67325,1.57939,1.52497,1.69887,1.52577,1.53794,1.69893,1.58159,1.59627,1.61799,1.56988,1.74315,1.48749,1.48435,1.57463,1.68629,1.60943,1.68017,1.59022,1.75475,1.55683,1.64478,1.47364,1.56753,1.75729,1.49764,1.66358,1.59353,1.5795,1.60824,1.58669,1.55334,1.5501,1.51439,1.59625,1.60377,1.56936,1.57257,1.54923,1.54129,1.61184,1.52006,1.58921,1.52493
1.60494,1.5158,1.53358,1.55726,1.59085,1.60958,1.50743,1.57839,1.53008,1.76089,1.69639,1.57421,1.67813,1.60777,1.51756,1.54069,1.59822,1.66115,1.65312,1.55471,1.4221,1.48537,1.68757,1.57726,1.64736,1.52064,1.57184,1.55809,1.54621,1.64409,1.66417,1.65714,1.55189,1.53389,1.62901,1.54725,1.6535,1.67545,1.52359,1.55412,1.56664,1.64387,1.6801,1.58074,1.65039,1.58278,1.50184,1.63193,1.5452,1.52503,1.57599,1.58791,1.4759,1.72269,1.53918,1.48099,1.62354,1.58554,1.51151,1.69458,1.51236,1.54421,1.6885,1.56172,1.63671,1.65027,1.557,1.74607,1.48001,1.49151,1.55519,1.63324,1.53694,1.65084,1.59098,1.72347,1.52701,1.58853,1.42976,1.59363,1.72053,1.46578,1.68581,1.55328,1.54337,1.58729,1.51885,1.53517,1.56085,1.49711,1.53776,1.60485,1.55289,1.59704,1.55173,1.52867,1.63752,1.49282,1.58482,1.55158
1.54164,1.51867,1.54654,1.59013,1.57788,1.59358,1.49528,1.55422,1.57538,1.70088,1.6806,1.53094,1.65732,1.57571,1.5266,1.49785,1.61938,1.65776,1.62213,1.54878,1.45113,1.46919,1.67133,1.57493,1.65635,1.50262,1.58704,1.5761,1.62581,1.62896,1.66983,1.66958,1.53872,1.50115,1.61772,1.56315,1.69036,1.68416,1.51802,1.55384,1.59656,1.65244,1.64222,1.61221,1.60373,1.5125,1.48855,1.64823,1.51952,1.55838,1.5823,1.594,1.44326,1.73805,1.52793,1.44185,1.63556,1.63886,1.48803,1.73865,1.52151,1.51763,1.71749,1.59474,1.67048,1.65854,1.57654,1.75412,1.50031,1.45317,1.5745,1.61703,1.4969,1.6181,1.50004,1.69466,1.55072,1.59962,1.45897,1.5632,1.71892,1.46257,1.66059,1.52157,1.55197,1.54823,1.54383,1.51497,1.58826,1.44193,1.52682,1.56657,1.54067,1.5715,1.58301,1.45982,1.63845,1.51065,1.57116,1.54711
1.55158,1.50511,1.57895,1.58649,1.60651,1.56786,1.51351,1.50518,1.56949,1.65667,1.65901,1.54615,1.58744,1.57211,1.4971,1.49043,1.58481,1.60364,1.66337,1.56142,1.43138,1.48641,1.64747,1.6028,1.6228,1.54223,1.6041,1.56461,1.61113,1.60637,1.70521,1.63014,1.55115,1.49662,1.62715,1.51561,1.71211,1.6844,1.53638,1.56583,1.60078,1.66276,1.5859,1.61384,1.56406,1.56252,1.48763,1.65653,1.54238,1.62294,1.59484,1.63225,1.45407,1.72089,1.50338,1.44256,1.68633,1.66396,1.50117,1.69021,1.56486,1.5884,1.65589,1.57469,1.70311,1.70779,1.57831,1.69156,1.47216,1.42327,1.5656,1.61003,1.48663,1.57086,1.51266,1.69446,1.57679,1.59133,1.52324,1.55861,1.70423,1.50691,1.663,1.50942,1.5393,1.58589,1.51926,1.482,1.55213,1.39998,1.47915,1.54316,1.53103,1.55529,1.55278,1.5191,1.60228,1.54537,1.57495,1.56614
1.60609,1.52737,1.58572,1.59354,1.63618,1.561,1.53356,1.52166,1.59263,1.62128,1.64857,1.56552,1.54245,1.63741,1.50148,1.50637,1.57664,1.61822,1.66133,1.54011,1.40438,1.51765,1.60701,1.56597,1.59586,1.55559,1.59545,1.53632,1.64581,1.60037,1.71816,1.59168,1.60094,1.50908,1.59823,1.48147,1.68816,1.69444,1.51276,1.56069,1.60308,1.71096,1.61986,1.5909,1.53374,1.53856,1.50469,1.66484,1.54584,1.61787,1.57914,1.64288,1.42594,1.67607,1.51957,1.431,1.6245,1.60721,1.47221,1.70257,1.60399,1.60864,1.62897,1.53236,1.74559,1.67493,1.5892,1.65983,1.46995,1.48302,1.52811,1.60893,1.48283,1.57946,1.56915,1.7155,1.54596,1.61696,1.53849,1.51091,1.66367,1.53387,1.64705,1.49769,1.50954,1.59005,1.55018,1.45639,1.54443,1.43132,1.49692,1.59,1.5278,1.5999,1.59258,1.50458,1.55019,1.52867,1.56989,1.55085
1.60195,1.50476,1.5684,1.60437,1.63677,1.52198,1.50822,1.52462,1.56743,1.56865,1.66953,1.53323,1.54617,1.64227,1.48907,1.47622,1.56519,1.60594,1.68666,1.54482,1.35537,1.52667,1.64445,1.56597,1.59296,1.56507,1.55668,1.55341,1.65279,1.61377,1.71262,1.60408,1.60857,1.4912,1.64896,1.51094,1.67085,1.64491,1.52115,1.54764,1.60191,1.67902,1.62586,1.6213,1.61636,1.52561,1.48364,1.63904,1.61088,1.56108,1.58806,1.60694,1.47822,1.64637,1.51296,1.43803,1.62007,1.59113,1.45775,1.58936,1.60266,1.58949,1.58521,1.54402,1.6543,1.68507,1.55858,1.6501,1.4769,1.46199,1.53504,1.6241,1.5225,1.57571,1.57623,1.63643,1.57004,1.58022,1.5594,1.50668,1.67718,1.5284,1.62947,1.51799,1.50598,1.58027,1.49579,1.50892,1.55309,1.42464,1.53484,1.57542,1.49197,1.61073,1.53957,1.49381,1.58467,1.52811,1.549,1.57854
1.55733,1.55007,1.57263,1.58647,1.6292,1.58204,1.48483,1.53744,1.53701,1.56258,1.67343,1.508,1.56318,1.65008,1.49152,1.47091,1.54849,1.62135,1.67208,1.543,1.35324,1.51651,1.59144,1.5134,1.60901,1.53349,1.58162,1.5431,1.66828,1.58234,1.70121,1.61421,1.56749,1.52246,1.60838,1.54489,1.68565,1.59914,1.52805,1.56329,1.61903,1.67049,1.64337,1.56659,1.60083,1.51699,1.5099,1.65788,1.65219,1.51978,1.61136,1.61646,1.4843,1.64067,1.46169,1.4183,1.62603,1.56267,1.50217,1.54308,1.58357,1.62462,1.56517,1.5704,1.64756,1.6897,1.52755,1.68707,1.43629,1.46845,1.50517,1.62985,1.49655,1.54252,1.60688,1.65971,1.579,1.60529,1.53496,1.48031,1.68761,1.52699,1.68557,1.50693,1.48914,1.62169,1.47534,1.52158,1.60052,1.43912,1.48625,1.61199,1.49608,1.62571,1.55593,1.50126,1.58493,1.51337,1.5087,1.58437
1.57419,1.60391,1.53806,1.60452,1.55071,1.56964,1.46087,1.55874,1.51492,1.61706,1.6406,1.49347,1.54753,1.63685,1.49348,1.47273,1.53118,1.64384,1.64193,1.52053,1.34853,1.52299,1.58915,1.55111,1.6287,1.54186,1.57052,1.53207,1.62017,1.58964,1.75129,1.61266,1.55232,1.49127,1.60427,1.53708,1.63807,1.59026,1.5308,1.58302,1.63231,1.66946,1.67152,1.59923,1.62097,1.52277,1.52817,1.64989,1.64469,1.52703,1.61043,1.5628,1.49506,1.64651,1.49948,1.40326,1.65846,1.56141,1.51337,1.53737,1.5616,1.59554,1.54643,1.53225,1.6097,1.68367,1.56485,1.68613,1.44512,1.47447,1.4936,1.60826,1.49958,1.56002,1.57029,1.59679,1.57922,1.59548,1.53797,1.45346,1.67794,1.51086,1.6183,1.54113,1.51463,1.61475,1.48603,1.54448,1.54856,1.45116,1.53457,1.651,1.53058,1.61165,1.58251,1.52083,1.61444,1.50074,1.50526,1.58614
1.56275,1.61416,1.52318,1.61758,1.56873,1.5847,1.5089,1.60803,1.55195,1.6305,1.64171,1.46285,1.50527,1.62648,1.48071,1.44755,1.55809,1.64413,1.62266,1.56149,1.40966,1.51829,1.56148,1.57833,1.58228,1.53579,1.61418,1.50967,1.56158,1.58405,1.72957,1.55859,1.58421,1.50134,1.59595,1.55529,1.57732,1.63973,1.50886,1.53808,1.62279,1.61133,1.69018,1.58104,1.56712,1.49502,1.55828,1.62449,1.65846,1.53134,1.61278,1.56967,1.48412,1.66662,1.50078,1.37367,1.60195,1.51485,1.50859,1.55282,1.53858,1.56617,1.56019,1.52084,1.58297,1.67918,1.54895,1.658,1.44901,1.44067,1.45399,1.56722,1.46595,1.5285,1.52888,1.54219,1.55408,1.57656,1.51203,1.44863,1.66175,1.4926,1.68019,1.59503,1.51149,1.5755,1.50191,1.53881,1.58199,1.43989,1.54959,1.65169,1.54676,1.56377,1.58421,1.47517,1.59456,1.54236,1.49769,1.57804
1.59453,1.59982,1.51584,1.59955,1.52812,1.57965,1.4792,1.5742,1.59476,1.63169,1.64466,1.45468,1.51983,1.61243,1.49892,1.4559,1.58421,1.58974,1.61516,1.51542,1.44067,1.52689,1.53423,1.614,1.59991,1.52157,1.52483,1.51582,1.63208,1.61071,1.70713,1.55896,1.57284,1.45784,1.62608,1.59642,1.57228,1.65639,1.51999,1.51827,1.59011,1.62793,1.57324,1.55698,1.56628,1.46153,1.56026,1.58096,1.60391,1.56205,1.6051,1.60358,1.45731,1.64733,1.52463,1.36395,1.58953,1.46783,1.52545,1.56429,1.55074,1.5158,1.57365,1.51307,1.61448,1.70681,1.50948,1.65018,1.4813,1.46758,1.44292,1.50916,1.46429,1.50967,1.55498,1.50963,1.55667,1.58269,1.49003,1.454,1.63617,1.48568,1.67817,1.59327,1.56257,1.56701,1.49813,1.50463,1.51307,1.3923,1.55811,1.62912,1.52867,1.53743,1.59105,1.4297,1.56251,1.55544,1.52642,1.55392
1.5796,1.56699,1.54408,1.58819,1.51381,1.56506,1.5357,1.55421,1.58086,1.60629,1.6487,1.42395,1.49441,1.61854,1.5397,1.45997,1.58239,1.583,1.58768,1.47858,1.39743,1.55003,1.56234,1.59471,1.59502,1.53995,1.57459,1.48154,1.57345,1.62104,1.69221,1.54193,1.60105,1.44526,1.61188,1.56318,1.57695,1.68252,1.51778,1.52757,1.59688,1.64344,1.5751,1.58325,1.54609,1.45118,1.56124,1.60536,1.62312,1.58569,1.62759,1.54618,1.42014,1.66075,1.51851,1.41884,1.59335,1.44524,1.53252,1.53769,1.5967,1.5074,1.63285,1.52916,1.61432,1.67028,1.51217,1.64415,1.48553,1.5172,1.45737,1.54625,1.4777,1.50859,1.52192,1.50655,1.56766,1.58283,1.5338,1.48937,1.60866,1.50531,1.70219,1.5486,1.59382,1.53851,1.49057,1.48482,1.48968,1.4129,1.53002,1.6287,1.59044,1.51714,1.57603,1.42613,1.53638,1.55069,1.54018,1.56562
1.56509,1.58199,1.5651,1.53687,1.53241,1.55124,1.51663,1.5986,1.57006,1.60773,1.68337,1.41909,1.53429,1.60248,1.53489,1.41768,1.53884,1.54696,1.62505,1.48834,1.42398,1.55449,1.57946,1.56156,1.57462,1.55136,1.51906,1.50288,1.59111,1.60531,1.66283,1.55538,1.57918,1.47094,1.60161,1.52822,1.55081,1.64583,1.49581,1.55975,1.58196,1.65586,1.49776,1.5676,1.59198,1.43864,1.55222,1.61118,1.63042,1.55783,1.6546,1.5709,1.4462,1.64947,1.44764,1.41364,1.57287,1.47801,1.51176,1.49207,1.55245,1.56616,1.63114,1.57435,1.62355,1.68536,1.46626,1.63999,1.44004,1.531,1.46775,1.52196,1.46761,1.46705,1.50928,1.49916,1.559,1.57874,1.54276,1.45524,1.56914,1.51922,1.68199,1.55073,1.56345,1.5611,1.45218,1.45644,1.48346,1.46279,1.54232,1.61695,1.55642,1.5365,1.5626,1.42787,1.56295,1.54384,1.54695,1.59961
1.5116,1.54977,1.55793,1.53178,1.50395,1.53847,1.50757,1.58151,1.55323,1.61537,1.6981,1.43483,1.52576,1.60857,1.55835,1.40721,1.53671,1.62453,1.67033,1.52552,1.42717,1.53142,1.53319,1.57903,1.62197,1.52747,1.55618,1.51704,1.59331,1.57161,1.66936,1.54963,1.60332,1.47358,1.54698,1.54046,1.55869,1.64938,1.46933,1.50711,1.58341,1.63115,1.48094,1.56729,1.52322,1.46068,1.56132,1.60259,1.57288,1.53646,1.6823,1.55626,1.45065,1.62028,1.46569,1.45775,1.56665,1.47071,1.50538,1.48755,1.57351,1.54549,1.60145,1.55459,1.61823,1.62353,1.46098,1.61378,1.4706,1.51452,1.44641,1.52194,1.49151,1.44233,1.5353,1.51691,1.5636,1.56801,1.5461,1.44583,1.58418,1.57521,1.66701,1.56457,1.52888,1.53695,1.45016,1.44483,1.47917,1.48313,1.5364,1.61569,1.52498,1.50277,1.591,1.41986,1.59081,1.50246,1.5636,1.57826
1.49536,1.55399,1.56375,1.54939,1.51805,1.55144,1.53014,1.56981,1.55616,1.61416,1.70038,1.44209,1.48993,1.61487,1.5435,1.43026,1.54827,1.61965,1.59763,1.54001,1.40375,1.52523,1.50062,1.58862,1.61259,1.53659,1.53078,1.48737,1.51369,1.60326,1.6204,1.5619,1.57586,1.49492,1.55774,1.51844,1.56451,1.58579,1.48687,1.53241,1.55305,1.64946,1.44409,1.55872,1.54724,1.49768,1.53934,1.51597,1.58199,1.53701,1.6372,1.61427,1.43175,1.60984,1.44457,1.40589,1.61482,1.50803,1.5366,1.54017,1.53498,1.53639,1.52586,1.54503,1.58597,1.60597,1.43811,1.60052,1.47168,1.46619,1.41167,1.52026,1.49984,1.42427,1.48112,1.46908,1.6243,1.57038,1.54545,1.45674,1.58897,1.61432,1.68148,1.52169,1.52143,1.5458,1.44667,1.4447,1.45771,1.49637,1.54737,1.59471,1.51325,1.53939,1.56264,1.46263,1.57971,1.50463,1.54409,1.59434
1.50047,1.57869,1.54068,1.49889,1.50646,1.55995,1.52303,1.54508,1.56419,1.6059,1.71438,1.46209,1.47912,1.57053,1.54911,1.42306,1.54412,1.66218,1.58023,1.54641,1.41625,1.51297,1.4804,1.53434,1.62161,1.57921,1.53749,1.44771,1.52986,1.53524,1.6386,1.5159,1.62986,1.46721,1.51317,1.48721,1.6191,1.57316,1.48464,1.54332,1.59452,1.63804,1.43236,1.56415,1.56266,1.47492,1.57112,1.55095,1.56316,1.53943,1.5572,1.58961,1.49757,1.64613,1.49439,1.40748,1.58651,1.51032,1.55215,1.53831,1.54275,1.59675,1.5368,1.53484,1.59766,1.58656,1.47241,1.57699,1.49417,1.44087,1.41227,1.54764,1.50719,1.43813,1.50515,1.45972,1.6245,1.58089,1.59384,1.47842,1.57763,1.58477,1.71254,1.51879,1.5389,1.57162,1.47991,1.47937,1.44494,1.44006,1.5496,1.58044,1.5189,1.53436,1.52657,1.44109,1.58462,1.49678,1.49343,1.60048
1.52338,1.59121,1.48695,1.48297,1.49305,1.52035,1.55576,1.49249,1.53477,1.58158,1.66807,1.44398,1.45185,1.55455,1.53338,1.45525,1.51214,1.6474,1.5596,1.53039,1.39796,1.50591,1.4328,1.56474,1.61428,1.53242,1.49477,1.47739,1.54583,1.57953,1.66821,1.47574,1.59863,1.461,1.53878,1.46344,1.60914,1.5134,1.49744,1.52151,1.55426,1.60638,1.45444,1.57249,1.59854,1.53744,1.55144,1.54414,1.57222,1.51571,1.5655,1.57601,1.46675,1.63079,1.49783,1.40574,1.55809,1.48358,1.56124,1.53622,1.49808,1.58271,1.51799,1.549,1.59846,1.54266,1.51142,1.61191,1.49758,1.44847,1.40411,1.56488,1.50868,1.40335,1.52918,1.47638,1.61367,1.56435,1.53177,1.47946,1.5737,1.61846,1.72138,1.51846,1.5553,1.57095,1.50675,1.48629,1.43363,1.45425,1.56298,1.59106,1.50071,1.51949,1.52781,1.43767,1.57338,1.47297,1.45851,1.64053
1.54903,1.58272,1.5321,1.48457,1.50936,1.48074,1.49059,1.52217,1.51043,1.59519,1.59432,1.38469,1.45683,1.57008,1.55408,1.48644,1.4977,1.66771,1.58509,1.58123,1.42246,1.53739,1.47146,1.57728,1.60061,1.49432,1.51258,1.47615,1.52305,1.52165,1.67213,1.48364,1.63894,1.52709,1.60049,1.50526,1.56538,1.49996,1.48009,1.51455,1.53384,1.64056,1.4555,1.55206,1.58121,1.50946,1.53673,1.52215,1.55912,1.5048,1.55175,1.58846,1.47033,1.57156,1.50828,1.39685,1.50979,1.48507,1.58575,1.5043,1.50611,1.59235,1.52819,1.5656,1.60935,1.52275,1.47635,1.62422,1.47064,1.45726,1.41854,1.52194,1.46135,1.44876,1.46697,1.48088,1.60479,1.51029,1.43609,1.41935,1.60918,1.50685,1.68999,1.55655,1.52175,1.52675,1.47572,1.52699,1.42907,1.46147,1.59218,1.58873,1.54297,1.54952,1.49126,1.44179,1.5747,1.48832,1.45845,1.64741
1.56313,1.59046,1.5309,1.50708,1.48712,1.48666,1.52405,1.56174,1.49038,1.63432,1.58576,1.37595,1.42632,1.52018,1.5334,1.47977,1.51248,1.63808,1.56609,1.6061,1.42409,1.52237,1.46567,1.59456,1.6467,1.50261,1.49771,1.4978,1.52629,1.47092,1.69143,1.50486,1.66434,1.49399,1.59069,1.51414,1.52746,1.48135,1.51003,1.49694,1.52504,1.65283,1.47238,1.54644,1.5517,1.50151,1.49145,1.49418,1.57696,1.54031,1.58456,1.62077,1.44121,1.53595,1.47122,1.4225,1.49564,1.47378,1.54288,1.5065,1.52378,1.61317,1.52906,1.55975,1.55973,1.54526,1.47938,1.63785,1.44848,1.43882,1.40967,1.52021,1.42985,1.43656,1.43364,1.51027,1.56756,1.55558,1.44317,1.40435,1.60759,1.53021,1.70189,1.56764,1.52406,1.52261,1.48757,1.56498,1.40804,1.46544,1.62677,1.57441,1.4994,1.51918,1.4547,1.51333,1.59425,1.49493,1.43102,1.63671
1.59104,1.5384,1.5246,1.51129,1.44181,1.47189,1.5309,1.59301,1.45034,1.63218,1.55748,1.37188,1.40072,1.53026,1.53895,1.4732,1.54617,1.67195,1.57463,1.60911,1.40932,1.52403,1.46743,1.61617,1.68057,1.50985,1.49454,1.51482,1.46797,1.50745,1.64618,1.51406,1.6866,1.50325,1.59045,1.48307,1.46029,1.53344,1.506,1.48609,1.50909,1.59504,1.45533,1.51952,1.61061,1.48892,1.5162,1.49507,1.57507,1.51474,1.62148,1.62925,1.44653,1.55155,1.45128,1.40773,1.49034,1.50144,1.56438,1.43045,1.49677,1.54637,1.53684,1.52168,1.5735,1.56814,1.50792,1.59021,1.46589,1.44849,1.45625,1.46809,1.42996,1.44217,1.43152,1.51361,1.61704,1.5143,1.46702,1.41868,1.60994,1.52587,1.67056,1.54918,1.47872,1.50051,1.49075,1.52917,1.43874,1.49434,1.58857,1.57107,1.48227,1.54211,1.45059,1.49144,1.62556,1.50502,1.43072,1.59369
1.60105,1.49419,1.53203,1.49636,1.40454,1.42897,1.51462,1.5627,1.44349,1.62665,1.5527,1.38961,1.41571,1.53593,1.52213,1.46417,1.53315,1.63333,1.58571,1.54234,1.39855,1.56036,1.50323,1.65966,1.68447,1.48234,1.46804,1.55609,1.45427,1.47369,1.66539,1.51382,1.67154,1.50811,1.58174,1.44604,1.44493,1.50846,1.49254,1.4379,1.58854,1.62073,1.46932,1.57842,1.5836,1.49458,1.52036,1.47866,1.54149,1.50682,1.58643,1.63539,1.42512,1.50055,1.40885,1.38311,1.46641,1.54151,1.54809,1.44303,1.53137,1.55231,1.50789,1.50029,1.57563,1.56266,1.49862,1.5897,1.44293,1.41652,1.4772,1.45653,1.43199,1.45635,1.41364,1.50529,1.59466,1.50324,1.51803,1.39692,1.62936,1.54869,1.71454,1.55748,1.47632,1.51891,1.46264,1.54629,1.45287,1.49328,1.54489,1.54216,1.4173,1.53634,1.47872,1.5107,1.63006,1.46022,1.45032,1.53805
1.57726,1.53309,1.48893,1.52224,1.41254,1.44608,1.51044,1.53498,1.41275,1.61281,1.51474,1.39484,1.40764,1.58335,1.46959,1.44836,1.52942,1.61482,1.60853,1.51029,1.3708,1.58196,1.48351,1.65372,1.68514,1.50998,1.41442,1.51326,1.45966,1.46291,1.59693,1.54159,1.67938,1.47169,1.58299,1.45265,1.45034,1.48036,1.44911,1.46495,1.60779,1.57188,1.51413,1.57225,1.56256,1.50517,1.49452,1.44955,1.54297,1.5765,1.62889,1.64241,1.43073,1.52107,1.39264,1.36967,1.45012,1.54662,1.49958,1.39729,1.50918,1.5351,1.49574,1.43435,1.58139,1.59031,1.52057,1.60886,1.43784,1.44847,1.45842,1.4743,1.43873,1.51647,1.39699,1.50587,1.62068,1.4689,1.53325,1.37936,1.59988,1.51101,1.65895,1.51186,1.52376,1.55256,1.46632,1.53067,1.46811,1.49521,1.51078,1.53108,1.48067,1.54571,1.48451,1.50213,1.61721,1.4273,1.44102,1.55055
1.62018,1.53164,1.49005,1.52331,1.49939,1.41023,1.55079,1.54432,1.38634,1.62998,1.52209,1.41274,1.39149,1.59415,1.47507,1.49576,1.51456,1.62991,1.56212,1.47303,1.39256,1.49207,1.46416,1.67451,1.63183,1.48315,1.43209,1.46623,1.47638,1.48472,1.59466,1.54052,1.67478,1.45763,1.5907,1.43357,1.46677,1.44255,1.47225,1.50081,1.58671,1.5728,1.48516,1.55436,1.54524,1.47374,1.50525,1.45464,1.53913,1.53038,1.5565,1.60349,1.45421,1.5128,1.3997,1.38005,1.49063,1.54304,1.48702,1.38242,1.5118,1.53082,1.5167,1.41464,1.53978,1.62216,1.51613,1.57204,1.45106,1.45403,1.50572,1.44622,1.4234,1.5113,1.42106,1.48299,1.57155,1.41791,1.48745,1.36365,1.58956,1.49104,1.6681,1.53899,1.47938,1.51972,1.4391,1.55626,1.46305,1.52275,1.50809,1.51893,1.48366,1.59854,1.47295,1.47276,1.59453,1.46916,1.47586,1.57796
1.57921,1.55168,1.4524,1.48915,1.48237,1.36005,1.59009,1.50567,1.41453,1.60655,1.54513,1.38866,1.42209,1.62035,1.48991,1.44189,1.4746,1.60073,1.57822,1.47032,1.40082,1.48515,1.48794,1.67709,1.5837,1.47434,1.39036,1.51845,1.45646,1.49521,1.62106,1.536,1.67693,1.47226,1.53604,1.4277,1.47391,1.42682,1.46179,1.55518,1.59025,1.57296,1.4814,1.54389,1.53904,1.46524,1.50953,1.48031,1.52158,1.56672,1.58076,1.59842,1.40923,1.50276,1.41231,1.37844,1.50543,1.52177,1.46205,1.41253,1.5305,1.49633,1.49304,1.44219,1.54445,1.63153,1.48386,1.56033,1.43674,1.46017,1.49814,1.45785,1.45643,1.50961,1.43476,1.47358,1.55602,1.44544,1.47872,1.36211,1.60191,1.47484,1.67039,1.59419,1.47375,1.53206,1.41422,1.5546,1.44153,1.56298,1.50085,1.57112,1.44514,1.62233,1.42133,1.47924,1.60847,1.45744,1.47178,1.55421
1.57027,1.57351,1.49891,1.51166,1.49432,1.41157,1.61955,1.49673,1.41145,1.59163,1.51154,1.40212,1.43436,1.6113,1.5295,1.41501,1.47736,1.59406,1.55887,1.42688,1.39574,1.46136,1.51096,1.72295,1.54757,1.46893,1.36482,1.46853,1.43075,1.55246,1.5882,1.53246,1.67896,1.47534,1.47867,1.43278,1.42304,1.44016,1.45801,1.56489,1.54884,1.55926,1.45179,1.54526,1.57377,1.43497,1.52553,1.4672,1.48382,1.49453,1.56058,1.5784,1.42385,1.45614,1.43617,1.40604,1.45113,1.52312,1.42647,1.44472,1.47749,1.51033,1.43962,1.4476,1.53203,1.59368,1.45203,1.58901,1.45841,1.4716,1.4863,1.46995,1.4535,1.44275,1.44907,1.44454,1.54456,1.43547,1.47881,1.39151,1.61952,1.46572,1.62835,1.61229,1.44196,1.53673,1.42069,1.63399,1.45133,1.54567,1.50115,1.54918,1.47774,1.62762,1.42647,1.49254,1.5688,1.4771,1.47929,1.54655
1.64489,1.54021,1.56101,1.53474,1.42903,1.38511,1.60283,1.51069,1.43449,1.59526,1.48417,1.40545,1.39853,1.57371,1.49767,1.4066,1.46927,1.61729,1.54541,1.42413,1.42289,1.45874,1.51724,1.7523,1.53633,1.49007,1.39981,1.51402,1.45285,1.54081,1.59281,1.54485,1.63439,1.49064,1.49165,1.43143,1.4432,1.47199,1.49584,1.56261,1.54238,1.56461,1.45808,1.53076,1.5006,1.42641,1.50577,1.49162,1.45232,1.51569,1.54167,1.56447,1.42389,1.4248,1.42126,1.38113,1.44441,1.49584,1.4228,1.40549,1.52348,1.50763,1.43153,1.44834,1.54413,1.6035,1.44619,1.62618,1.42784,1.4423,1.43909,1.48893,1.45744,1.39869,1.45071,1.47115,1.48118,1.47958,1.4569,1.42709,1.59728,1.46567,1.62007,1.59798,1.46374,1.49353,1.4581,1.59446,1.43005,1.51979,1.50095,1.50454,1.48276,1.61109,1.44396,1.44131,1.58469,1.48451,1.46841,1.53413
1.65442,1.53306,1.62121,1.51463,1.40135,1.35407,1.64726,1.50426,1.43426,1.61745,1.43254,1.41212,1.36614,1.57285,1.52616,1.44209,1.47845,1.63039,1.54686,1.40091,1.40033,1.44562,1.53975,1.7427,1.60468,1.44035,1.35289,1.52412,1.48751,1.56826,1.52143,1.53058,1.59152,1.50214,1.48255,1.44996,1.44594,1.48117,1.48686,1.51692,1.55192,1.51902,1.53519,1.52988,1.52002,1.44838,1.47845,1.46666,1.4485,1.53772,1.48532,1.56842,1.40599,1.4648,1.38925,1.38577,1.42885,1.49447,1.438,1.40808,1.48007,1.49964,1.42418,1.46977,1.54897,1.61478,1.46675,1.61226,1.4112,1.44743,1.491,1.47437,1.48725,1.38919,1.41484,1.48761,1.46077,1.42888,1.46522,1.42208,1.59483,1.49225,1.60089,1.60651,1.45385,1.50551,1.46417,1.57758,1.40397,1.47705,1.47454,1.48097,1.42087,1.60627,1.45444,1.47986,1.61626,1.50245,1.47212,1.49097
1.63495,1.5291,1.57799,1.49071,1.39471,1.37204,1.59292,1.55481,1.44785,1.62169,1.44035,1.44717,1.34569,1.56949,1.46542,1.52932,1.4751,1.61317,1.55215,1.39073,1.41414,1.48426,1.49257,1.73522,1.56857,1.48359,1.40065,1.50456,1.5341,1.54271,1.48999,1.53875,1.56244,1.49938,1.49818,1.46115,1.46388,1.48602,1.48709,1.51204,1.62046,1.49299,1.54207,1.52559,1.55075,1.43866,1.43791,1.42016,1.45357,1.54911,1.49588,1.5558,1.41622,1.49145,1.36876,1.38415,1.45024,1.47129,1.43279,1.41147,1.42743,1.52201,1.44773,1.4313,1.52569,1.59556,1.49006,1.58432,1.42869,1.49095,1.50569,1.51387,1.49717,1.355,1.4315,1.48384,1.45291,1.44464,1.46701,1.44865,1.56718,1.46335,1.57792,1.59901,1.48428,1.46514,1.40784,1.5996,1.35816,1.51353,1.46787,1.53622,1.45062,1.58235,1.42129,1.48961,1.62401,1.51002,1.47436,1.47541
1.61293,1.55619,1.59188,1.51404,1.40849,1.36626,1.51103,1.49432,1.46841,1.60095,1.46314,1.45427,1.34993,1.59104,1.47185,1.50839,1.50691,1.63785,1.5475,1.37121,1.38902,1.49813,1.47021,1.6608,1.57494,1.48807,1.40435,1.48045,1.57159,1.54638,1.50284,1.50558,1.57679,1.50053,1.47142,1.46442,1.43366,1.47897,1.49796,1.49853,1.57879,1.44035,1.52827,1.49697,1.5657,1.44455,1.43917,1.40658,1.46778,1.53527,1.52628,1.54715,1.38945,1.51658,1.33961,1.37701,1.50484,1.45426,1.42079,1.41163,1.43026,1.46237,1.40271,1.4116,1.54339,1.53418,1.48389,1.57146,1.42866,1.51283,1.49929,1.48858,1.48459,1.38232,1.40357,1.48842,1.45442,1.45734,1.4572,1.436,1.56498,1.46431,1.52986,1.54706,1.47642,1.50135,1.41221,1.55763,1.38903,1.47612,1.45796,1.53179,1.44447,1.60727,1.47161,1.50558,1.5925,1.50221,1.4583,1.43966
1.58684,1.52011,1.56775,1.51813,1.4385,1.37,1.54274,1.46336,1.45999,1.60234,1.45956,1.42889,1.37372,1.56026,1.49034,1.51228,1.4793,1.61259,1.57167,1.36864,1.40557,1.48687,1.447,1.58412,1.56632,1.48296,1.43534,1.47388,1.56247,1.517,1.53295,1.47182,1.58439,1.49528,1.4349,1.45887,1.41745,1.41345,1.46997,1.46611,1.53563,1.41314,1.49301,1.52433,1.60653,1.44772,1.44477,1.42547,1.49986,1.49882,1.50819,1.60021,1.36655,1.50088,1.3433,1.34157,1.49751,1.44815,1.43776,1.40791,1.43926,1.47183,1.41544,1.44602,1.50118,1.5668,1.41663,1.55949,1.39439,1.52609,1.53451,1.45506,1.49204,1.36463,1.38457,1.44722,1.46885,1.40451,1.46754,1.46258,1.54406,1.47619,1.53434,1.53482,1.44868,1.53041,1.49783,1.56115,1.36755,1.49617,1.42095,1.51212,1.49813,1.54721,1.45557,1.48058,1.59709,1.49566,1.43488,1.48666
1.54926,1.49902,1.54882,1.47052,1.42931,1.37443,1.54519,1.44442,1.43075,1.60845,1.44887,1.43718,1.39959,1.57924,1.46015,1.50166,1.47481,1.62346,1.5567,1.39546,1.40002,1.49013,1.42094,1.60946,1.53185,1.43847,1.42755,1.47263,1.51687,1.54696,1.57571,1.43349,1.56121,1.49609,1.4347,1.50006,1.41558,1.41947,1.49919,1.4489,1.52217,1.40052,1.46154,1.52069,1.5708,1.4575,1.47976,1.49841,1.46477,1.45787,1.51599,1.58673,1.38605,1.48328,1.34216,1.32978,1.44726,1.498,1.44614,1.41649,1.42599,1.46882,1.41781,1.45711,1.46055,1.5503,1.42623,1.49417,1.41811,1.51971,1.48059,1.43346,1.48217,1.35737,1.37289,1.44724,1.41394,1.39884,1.4592,1.42712,1.56717,1.4705,1.53238,1.51597,1.41195,1.52292,1.48569,1.58258,1.33927,1.49632,1.41886,1.49096,1.47146,1.55612,1.46663,1.46232,1.60729,1.4574,1.46818,1.48839
1.52994,1.48446,1.51022,1.52761,1.42571,1.39031,1.59822,1.40429,1.4019,1.61033,1.42956,1.44527,1.38624,1.65192,1.45104,1.46789,1.46426,1.64852,1.56338,1.41046,1.37706,1.47319,1.44573,1.60544,1.53093,1.44222,1.45146,1.45691,1.48924,1.52178,1.57542,1.45453,1.5671,1.5272,1.4083,1.52093,1.37489,1.45833,1.48099,1.43374,1.50642,1.41062,1.47613,1.53026,1.54729,1.48142,1.46949,1.51143,1.50204,1.44302,1.46497,1.59932,1.44718,1.45991,1.33581,1.34523,1.44069,1.47895,1.41416,1.39443,1.42677,1.50228,1.41981,1.43992,1.47586,1.58476,1.40029,1.44159,1.41447,1.5157,1.46752,1.43195,1.46681,1.35122,1.40705,1.46456,1.43229,1.39756,1.39469,1.40736,1.56009,1.46632,1.51195,1.58611,1.39572,1.52381,1.46291,1.60554,1.3178,1.46038,1.43273,1.46186,1.42508,1.51511,1.54025,1.48772,1.61068,1.5175,1.4775,1.45186
1.51459,1.50564,1.48828,1.50603,1.42887,1.39178,1.61777,1.39921,1.41026,1.59787,1.40562,1.46366,1.36947,1.62202,1.40788,1.44007,1.47252,1.65433,1.55422,1.44364,1.42418,1.48947,1.44837,1.5639,1.51233,1.42967,1.44528,1.44715,1.42669,1.51216,1.57484,1.48046,1.51831,1.51552,1.40574,1.49733,1.44555,1.42617,1.42766,1.43216,1.50586,1.40551,1.48772,1.54514,1.50563,1.49315,1.48091,1.47097,1.46524,1.38427,1.43165,1.60586,1.49431,1.42944,1.32589,1.34301,1.40346,1.47384,1.40717,1.44865,1.4258,1.574,1.42567,1.42716,1.46286,1.58551,1.38758,1.4243,1.39373,1.49329,1.48463,1.47352,1.4371,1.34656,1.40284,1.45512,1.42844,1.39032,1.43004,1.34148,1.57949,1.4588,1.46481,1.59884,1.41217,1.48931,1.47831,1.63244,1.27926,1.4231,1.4617,1.41314,1.39921,1.52201,1.48398,1.47233,1.52433,1.53386,1.47338,1.46012
1.52889,1.50425,1.51761,1.45256,1.446,1.35347,1.60501,1.38799,1.43289,1.5388,1.37852,1.44152,1.35146,1.64779,1.46837,1.42189,1.46773,1.6428,1.56099,1.42373,1.40909,1.48626,1.41867,1.53785,1.53615,1.42614,1.42229,1.44985,1.44413,1.55143,1.56181,1.43867,1.51316,1.48461,1.40391,1.49564,1.44858,1.46343,1.41496,1.44258,1.49149,1.42149,1.4977,1.54982,1.51715,1.50324,1.41149,1.48454,1.47183,1.39733,1.4298,1.60199,1.49661,1.45343,1.32746,1.35622,1.41721,1.46525,1.40433,1.44004,1.43714,1.58079,1.49149,1.42616,1.44401,1.60714,1.39696,1.41822,1.42196,1.47693,1.50476,1.51908,1.40718,1.36405,1.3942,1.49589,1.5118,1.40013,1.42345,1.34677,1.58954,1.45701,1.45087,1.59174,1.44433,1.47336,1.48047,1.7062,1.25767,1.37642,1.45488,1.42353,1.37666,1.51115,1.44146,1.48752,1.53148,1.50308,1.4653,1.43561
1.50105,1.52861,1.56947,1.48679,1.45297,1.36628,1.58782,1.35947,1.43796,1.54219,1.32585,1.3928,1.36602,1.60285,1.50633,1.46374,1.49166,1.6459,1.54289,1.39291,1.39883,1.48132,1.38139,1.57948,1.52254,1.38861,1.40863,1.4591,1.45249,1.49235,1.54419,1.43227,1.48748,1.47241,1.43722,1.495,1.45878,1.40947,1.3842,1.42036,1.4926,1.381,1.49883,1.52882,1.50984,1.45934,1.39375,1.43867,1.45322,1.4413,1.4072,1.5877,1.50734,1.44526,1.33819,1.34495,1.41352,1.43717,1.43745,1.42753,1.46787,1.5869,1.46599,1.42427,1.46587,1.60295,1.44348,1.4051,1.40941,1.45976,1.50609,1.48373,1.42758,1.38154,1.37192,1.49584,1.52974,1.37799,1.42803,1.34678,1.59293,1.35774,1.48484,1.62773,1.49518,1.44208,1.45819,1.68455,1.30667,1.38804,1.43244,1.46519,1.33217,1.52301,1.48624,1.46235,1.49787,1.4704,1.44637,1.44338
1.50485,1.51318,1.59175,1.49419,1.42467,1.32774,1.57825,1.35554,1.43915,1.53339,1.34473,1.39616,1.37632,1.5658,1.50338,1.46196,1.49432,1.63755,1.5501,1.40794,1.41077,1.48542,1.35586,1.56106,1.53281,1.38786,1.39301,1.4541,1.45024,1.48671,1.53647,1.42873,1.49526,1.44075,1.41048,1.49701,1.46211,1.40881,1.35843,1.41003,1.49853,1.39591,1.51651,1.51989,1.51337,1.46734,1.40291,1.42482,1.48866,1.40012,1.41019,1.58187,1.50591,1.43611,1.30756,1.34252,1.41436,1.43031,1.46075,1.49611,1.44534,1.51919,1.47411,1.43918,1.4624,1.55408,1.38509,1.34095,1.34215,1.47049,1.49289,1.46194,1.4336,1.36711,1.35926,1.53397,1.51938,1.42064,1.43488,1.35212,1.57855,1.34384,1.48547,1.60164,1.48515,1.40167,1.46713,1.62286,1.28144,1.40346,1.45433,1.44807,1.31985,1.50311,1.4696,1.44641,1.4864,1.47497,1.38472,1.49669
1.48968,1.52444,1.55419,1.46591,1.35918,1.36918,1.54025,1.37792,1.45743,1.55474,1.36049,1.3697,1.36413,1.50658,1.45369,1.44871,1.44741,1.62381,1.54774,1.41995,1.41766,1.53203,1.38801,1.53093,1.47033,1.38039,1.41188,1.4577,1.44572,1.45092,1.50537,1.431,1.52099,1.41626,1.43179,1.49248,1.46216,1.3985,1.35917,1.44461,1.49017,1.3991,1.48776,1.49241,1.47878,1.41208,1.42002,1.48942,1.49154,1.39236,1.42748,1.57803,1.52657,1.4382,1.30901,1.34566,1.42618,1.41453,1.49474,1.46978,1.43355,1.5247,1.45699,1.40661,1.46282,1.5676,1.3892,1.28894,1.36024,1.43587,1.45093,1.42447,1.40792,1.36965,1.35803,1.53343,1.4755,1.43777,1.43203,1.39015,1.55711,1.36717,1.51038,1.62954,1.489,1.42449,1.46207,1.63041,1.28074,1.42828,1.45594,1.44394,1.31225,1.50736,1.51081,1.48607,1.46033,1.44871,1.35017,1.44265
1.48199,1.51407,1.51542,1.48989,1.38577,1.36479,1.48491,1.39811,1.39096,1.56842,1.32078,1.36728,1.35485,1.44846,1.45141,1.44929,1.43199,1.57161,1.56308,1.4083,1.41136,1.50772,1.35916,1.5061,1.4791,1.39621,1.37224,1.46112,1.43776,1.43968,1.57553,1.43653,1.47184,1.3832,1.43864,1.51187,1.43346,1.37359,1.36388,1.43898,1.53196,1.46062,1.52147,1.48957,1.4683,1.38532,1.37646,1.46717,1.47714,1.385,1.45445,1.53902,1.51137,1.44051,1.28259,1.34546,1.40351,1.42951,1.49112,1.46323,1.43991,1.47458,1.42177,1.40436,1.4701,1.51809,1.35772,1.30462,1.33016,1.46463,1.42974,1.46979,1.39775,1.35721,1.34639,1.5484,1.46294,1.45459,1.39816,1.38512,1.59459,1.37763,1.55328,1.62478,1.47413,1.45189,1.483,1.60359,1.28364,1.45983,1.47058,1.37827,1.27671,1.48297,1.4929,1.44952,1.45227,1.47242,1.35069,1.43037
1.48836,1.54553,1.50785,1.46324,1.39008,1.38895,1.44902,1.32394,1.39743,1.55101,1.30782,1.38251,1.3325,1.40562,1.45861,1.45957,1.50877,1.59226,1.5639,1.39552,1.41811,1.54638,1.40158,1.51267,1.47197,1.42197,1.37992,1.46121,1.40414,1.43995,1.51893,1.39422,1.49097,1.33384,1.42836,1.4943,1.43241,1.37078,1.3731,1.42545,1.50723,1.46218,1.53465,1.46508,1.47696,1.44897,1.35993,1.46459,1.43002,1.43549,1.44036,1.53447,1.51031,1.38301,1.28271,1.33407,1.43582,1.40799,1.52008,1.46451,1.4126,1.44605,1.41136,1.40919,1.46964,1.49188,1.38645,1.31894,1.35566,1.45707,1.42055,1.44162,1.42754,1.37228,1.39754,1.54673,1.4695,1.48002,1.38048,1.37254,1.61696,1.37266,1.56813,1.60324,1.44372,1.4756,1.49093,1.6019,1.32947,1.45399,1.46625,1.37446,1.33011,1.48983,1.50215,1.48384,1.45081,1.4691,1.37534,1.45265
1.51671,1.49292,1.50751,1.49775,1.39715,1.38375,1.46334,1.33785,1.3765,1.53758,1.28228,1.40763,1.34654,1.39372,1.43278,1.45491,1.47069,1.61783,1.49086,1.37621,1.40437,1.56784,1.35946,1.50444,1.48758,1.42467,1.38161,1.45994,1.37344,1.48693,1.5249,1.41304,1.44091,1.38697,1.35506,1.49189,1.45767,1.37581,1.39969,1.45384,1.54479,1.43552,1.48955,1.44777,1.50826,1.44981,1.39697,1.46432,1.43124,1.39997,1.39812,1.5222,1.48102,1.40419,1.22983,1.309,1.39354,1.4177,1.54576,1.45049,1.39381,1.47654,1.41203,1.41341,1.44483,1.45946,1.38161,1.32992,1.32114,1.47902,1.44352,1.48331,1.4486,1.36318,1.41712,1.55125,1.4616,1.45029,1.3695,1.35462,1.62043,1.35501,1.60171,1.54306,1.46168,1.49236,1.4292,1.63378,1.32904,1.46982,1.44698,1.33939,1.3027,1.4449,1.48531,1.46954,1.4743,1.48998,1.4357,1.49304
1.48572,1.52791,1.50751,1.50456,1.36394,1.37065,1.44953,1.34199,1.38627,1.50416,1.34926,1.42299,1.36993,1.40281,1.40788,1.44124,1.46863,1.62134,1.47873,1.40621,1.3892,1.5404,1.36846,1.46602,1.48884,1.44103,1.41636,1.45398,1.4003,1.45004,1.50474,1.39875,1.45112,1.37148,1.37326,1.53183,1.44501,1.35706,1.42104,1.48973,1.5109,1.47259,1.48028,1.43282,1.53065,1.45143,1.39995,1.46126,1.41146,1.43009,1.42271,1.51494,1.46709,1.41218,1.25153,1.28779,1.39757,1.42264,1.51938,1.44941,1.40547,1.45736,1.33948,1.38366,1.44203,1.4558,1.35056,1.3293,1.31596,1.49195,1.42752,1.5382,1.4586,1.3576,1.41425,1.50673,1.42802,1.41645,1.39666,1.31691,1.63776,1.34377,1.60889,1.51729,1.41278,1.43057,1.43063,1.62811,1.32015,1.48074,1.45257,1.35156,1.31059,1.45126,1.44354,1.46934,1.457,1.50767,1.45529,1.52933
1.48585,1.50912,1.51592,1.51126,1.37571,1.33478,1.45604,1.32917,1.37141,1.47624,1.36268,1.40883,1.35612,1.45432,1.39184,1.41769,1.47706,1.57926,1.44793,1.36498,1.41515,1.49883,1.36878,1.46561,1.48199,1.43299,1.38339,1.41094,1.38844,1.42809,1.42224,1.34567,1.40661,1.39817,1.38476,1.50212,1.45688,1.36627,1.40067,1.45074,1.45753,1.48364,1.43252,1.46457,1.52051,1.46956,1.42905,1.46392,1.45386,1.44154,1.45145,1.47024,1.47204,1.46554,1.26518,1.28118,1.4117,1.39084,1.4837,1.43893,1.37348,1.45724,1.31198,1.37547,1.49885,1.47475,1.32539,1.32711,1.29293,1.48467,1.421,1.47756,1.40154,1.39595,1.4317,1.48353,1.41449,1.39731,1.3854,1.31963,1.60585,1.34957,1.6299,1.49278,1.45204,1.45093,1.4023,1.57336,1.31137,1.50123,1.42142,1.34105,1.30999,1.43535,1.47523,1.47768,1.38728,1.47464,1.46716,1.57978
1.4695,1.46869,1.49116,1.48917,1.38677,1.38223,1.44248,1.32048,1.38518,1.45063,1.38163,1.39008,1.37583,1.46962,1.4009,1.40105,1.46474,1.5033,1.42137,1.37066,1.40588,1.51902,1.32238,1.4267,1.42897,1.40801,1.3358,1.43435,1.40951,1.41053,1.44,1.35363,1.4269,1.37902,1.37251,1.49808,1.45952,1.37952,1.38791,1.46637,1.45359,1.52056,1.43906,1.48532,1.52889,1.4617,1.39275,1.44498,1.49669,1.44936,1.43498,1.46537,1.46415,1.48061,1.25274,1.25937,1.37324,1.41479,1.47398,1.44099,1.39617,1.4367,1.32768,1.35238,1.46143,1.46146,1.35127,1.324,1.22784,1.50296,1.4297,1.44758,1.35523,1.39723,1.40073,1.44477,1.441,1.41102,1.43866,1.3217,1.60697,1.34103,1.56535,1.50016,1.45178,1.42387,1.37419,1.57361,1.31165,1.4787,1.45272,1.34598,1.32139,1.46176,1.48117,1.42413,1.39652,1.46706,1.49375,1.61385
1.44715,1.47051,1.48787,1.45203,1.40518,1.42421,1.4364,1.35333,1.40118,1.42844,1.35018,1.39865,1.327,1.50865,1.43068,1.39367,1.45121,1.4959,1.41262,1.34486,1.40445,1.53514,1.34523,1.451,1.42498,1.36646,1.32645,1.44805,1.4285,1.38756,1.45262,1.3473,1.44398,1.34582,1.33074,1.44414,1.44598,1.40865,1.37145,1.42181,1.48444,1.55895,1.43443,1.46704,1.50147,1.41436,1.39778,1.45361,1.5089,1.44356,1.47415,1.50758,1.42176,1.48082,1.28525,1.1914,1.39997,1.37272,1.44827,1.45666,1.39596,1.44294,1.31189,1.39398,1.45657,1.45819,1.32738,1.3252,1.18744,1.53384,1.43576,1.41021,1.36482,1.38994,1.35165,1.45943,1.4091,1.37801,1.44843,1.31752,1.58153,1.33648,1.53614,1.49128,1.48053,1.44586,1.36358,1.51425,1.31955,1.4793,1.41195,1.3557,1.33842,1.433,1.4528,1.47714,1.41911,1.45216,1.46061,1.61423
1.4288,1.40744,1.45601,1.47793,1.39332,1.43271,1.41936,1.31944,1.37269,1.49358,1.33554,1.4138,1.35613,1.46814,1.44178,1.36658,1.46268,1.48033,1.41283,1.33448,1.39126,1.54597,1.34818,1.427,1.46746,1.3682,1.31215,1.43454,1.40974,1.4082,1.49543,1.35712,1.43566,1.31623,1.33731,1.46539,1.37973,1.3853,1.4055,1.41341,1.45789,1.51719,1.42523,1.4161,1.48626,1.42726,1.33763,1.48912,1.49426,1.43094,1.46742,1.49614,1.40373,1.4645,1.34327,1.2235,1.43857,1.37425,1.41795,1.43784,1.42312,1.44079,1.33878,1.34887,1.47937,1.46668,1.35193,1.29999,1.18893,1.53693,1.3927,1.42793,1.35739,1.38193,1.34261,1.47659,1.40583,1.34092,1.39598,1.32009,1.59984,1.30791,1.50239,1.49105,1.42634,1.44784,1.37638,1.53612,1.37776,1.46442,1.38469,1.38519,1.35263,1.4209,1.46428,1.45112,1.42746,1.42223,1.45372,1.57201
1.42516,1.39848,1.41303,1.49425,1.35556,1.41847,1.40517,1.33726,1.39514,1.43073,1.37096,1.39927,1.30101,1.47692,1.487,1.37266,1.44386,1.45581,1.46875,1.31073,1.36765,1.50498,1.34191,1.44236,1.44294,1.39204,1.3176,1.43753,1.42318,1.36372,1.47945,1.3306,1.41137,1.31454,1.33786,1.42665,1.43205,1.3944,1.42338,1.413,1.51944,1.50334,1.38097,1.46194,1.48166,1.42756,1.32249,1.48491,1.45592,1.45932,1.45094,1.4996,1.41176,1.49005,1.31607,1.24394,1.47135,1.40418,1.42772,1.4694,1.40467,1.38868,1.34637,1.39702,1.44914,1.51351,1.36777,1.3108,1.19195,1.53724,1.37945,1.41375,1.34212,1.3972,1.33059,1.50005,1.45174,1.35734,1.38872,1.26418,1.5933,1.35847,1.46624,1.49775,1.42587,1.45271,1.34018,1.56139,1.39816,1.42732,1.37653,1.40251,1.33522,1.42436,1.44218,1.43976,1.43253,1.46991,1.46145,1.55961
1.44848,1.43373,1.44389,1.4979,1.33879,1.41606,1.40729,1.31806,1.37623,1.40459,1.40965,1.37186,1.33627,1.52372,1.45769,1.35559,1.46728,1.43614,1.42887,1.35312,1.34385,1.5269,1.37064,1.3869,1.38688,1.38648,1.31728,1.40032,1.41452,1.30418,1.48668,1.36893,1.42168,1.35892,1.34696,1.44615,1.40268,1.43206,1.41638,1.39837,1.48097,1.51778,1.36858,1.45669,1.51998,1.41201,1.31269,1.48783,1.46921,1.46354,1.37473,1.49401,1.40127,1.4796,1.32676,1.27665,1.45725,1.37896,1.44613,1.42455,1.39527,1.40128,1.32103,1.42379,1.45045,1.53042,1.35522,1.33287,1.18258,1.48402,1.35826,1.42671,1.38877,1.42749,1.32768,1.46979,1.4344,1.30897,1.35356,1.2594,1.57107,1.35133,1.51444,1.47006,1.4737,1.41964,1.3186,1.54535,1.35009,1.44164,1.38133,1.37723,1.33586,1.39049,1.45771,1.44056,1.41814,1.47459,1.48065,1.53286
1.50237,1.46645,1.41575,1.50008,1.32005,1.4177,1.43187,1.36178,1.37933,1.39498,1.40724,1.36112,1.34758,1.47835,1.46332,1.307,1.4434,1.45628,1.41947,1.35393,1.29903,1.5258,1.36365,1.32072,1.41515,1.36767,1.2709,1.43759,1.39961,1.32373,1.44938,1.34778,1.45439,1.3429,1.33203,1.42954,1.41067,1.46697,1.44306,1.38566,1.47831,1.47155,1.34565,1.43785,1.52247,1.41313,1.31632,1.50686,1.4504,1.49241,1.37845,1.52565,1.38583,1.46463,1.31016,1.29974,1.44179,1.36698,1.49451,1.41632,1.39163,1.39099,1.31445,1.39908,1.50134,1.48683,1.37777,1.33924,1.17464,1.43842,1.36403,1.38162,1.42601,1.44849,1.29264,1.41503,1.45038,1.33014,1.38278,1.25876,1.55774,1.36683,1.47504,1.44874,1.46402,1.41392,1.35288,1.55428,1.38518,1.46428,1.38181,1.37691,1.33485,1.41092,1.46106,1.43045,1.37142,1.44759,1.42046,1.5029
1.44463,1.4566,1.41279,1.52211,1.2899,1.44985,1.43118,1.37068,1.34338,1.36655,1.39966,1.33941,1.36487,1.48837,1.43967,1.3601,1.41022,1.44538,1.42025,1.36968,1.27554,1.46208,1.33049,1.3037,1.41955,1.35231,1.31675,1.44553,1.37969,1.35474,1.45652,1.38649,1.45491,1.34576,1.34301,1.44195,1.40253,1.43338,1.41448,1.39648,1.48918,1.4821,1.34732,1.42204,1.53247,1.35117,1.31531,1.47317,1.45252,1.49404,1.41583,1.50585,1.38224,1.46121,1.30843,1.25858,1.43688,1.32487,1.4475,1.46369,1.39448,1.38834,1.32365,1.39057,1.51572,1.49996,1.35094,1.31818,1.18234,1.47398,1.41895,1.41843,1.41526,1.49032,1.3205,1.39285,1.44297,1.31237,1.39925,1.31348,1.55028,1.34764,1.44734,1.42634,1.4018,1.41759,1.35149,1.55205,1.34142,1.39042,1.39575,1.39231,1.33821,1.39832,1.53605,1.40229,1.3418,1.37868,1.38636,1.49376
1.45468,1.44241,1.37222,1.46969,1.26514,1.40286,1.42599,1.34262,1.30611,1.34859,1.37422,1.36002,1.36705,1.48444,1.46112,1.3674,1.41187,1.40736,1.39477,1.37546,1.25711,1.46951,1.36297,1.3198,1.42919,1.3455,1.26258,1.48782,1.38877,1.37172,1.48967,1.32391,1.44908,1.35427,1.31875,1.40678,1.41234,1.45241,1.45178,1.347,1.48531,1.46939,1.30889,1.48231,1.51921,1.34181,1.29699,1.48471,1.46876,1.43271,1.3937,1.5062,1.34979,1.47567,1.30487,1.26536,1.45763,1.36926,1.43245,1.46511,1.3772,1.37256,1.29968,1.38342,1.50505,1.46872,1.35239,1.29209,1.20585,1.43855,1.4243,1.37966,1.39566,1.45422,1.31233,1.33319,1.39503,1.37451,1.4019,1.35959,1.51252,1.34344,1.45274,1.3943,1.36402,1.42003,1.35451,1.58562,1.3636,1.42582,1.40287,1.3444,1.33076,1.4002,1.50767,1.37063,1.3664,1.36226,1.37877,1.51154
1.45275,1.44368,1.38201,1.48168,1.2812,1.44306,1.40156,1.38247,1.34442,1.33091,1.34644,1.38245,1.38275,1.47985,1.47317,1.38138,1.39445,1.40235,1.41627,1.36429,1.21381,1.4893,1.3645,1.35357,1.44606,1.36577,1.25086,1.46034,1.4332,1.35965,1.47686,1.38988,1.40952,1.35887,1.33742,1.40521,1.37544,1.41956,1.46637,1.35826,1.52388,1.47638,1.27814,1.45354,1.54546,1.31253,1.3328,1.41647,1.50412,1.43945,1.36333,1.52967,1.36439,1.52146,1.31935,1.25076,1.47654,1.34912,1.43187,1.4353,1.38813,1.37556,1.28783,1.40451,1.46463,1.46465,1.33746,1.31997,1.25301,1.45722,1.4195,1.34724,1.36254,1.43837,1.3675,1.31425,1.39,1.348,1.36385,1.35578,1.46562,1.34833,1.42442,1.3778,1.3249,1.40234,1.33151,1.55283,1.373,1.4522,1.42884,1.35767,1.28215,1.3859,1.4721,1.32102,1.37791,1.38249,1.35129,1.49538
1.46095,1.44872,1.37252,1.50765,1.28723,1.40067,1.41762,1.3916,1.349,1.34734,1.32937,1.33994,1.38409,1.53315,1.47364,1.40173,1.42878,1.38479,1.40831,1.39318,1.23432,1.50927,1.34716,1.37093,1.42586,1.37736,1.25092,1.42738,1.47218,1.33285,1.42604,1.36899,1.45306,1.3189,1.34052,1.39147,1.32499,1.41169,1.4577,1.38798,1.48335,1.42527,1.28045,1.48424,1.5745,1.32352,1.33304,1.40508,1.46349,1.39168,1.34425,1.51018,1.37817,1.50381,1.316,1.25092,1.46652,1.35419,1.39163,1.44596,1.38674,1.3662,1.26336,1.38971,1.43638,1.41613,1.34239,1.27142,1.22959,1.51147,1.39885,1.32899,1.35461,1.43471,1.36709,1.36063,1.38569,1.33904,1.3647,1.37258,1.49417,1.38212,1.46563,1.38287,1.30852,1.41397,1.34637,1.5186,1.38986,1.43609,1.41726,1.36805,1.26685,1.44573,1.42492,1.32863,1.38718,1.42238,1.34816,1.45629
1.39153,1.45792,1.31855,1.49848,1.2921,1.42876,1.40688,1.37981,1.34202,1.39104,1.30548,1.32877,1.38885,1.5054,1.45295,1.38656,1.38509,1.31195,1.45663,1.34293,1.2475,1.48712,1.32192,1.32968,1.43102,1.35749,1.2527,1.4228,1.46356,1.31834,1.46943,1.36828,1.40254,1.32884,1.35562,1.4387,1.2894,1.35962,1.37341,1.32948,1.49079,1.39493,1.27597,1.42409,1.55067,1.30142,1.31815,1.395,1.45607,1.36866,1.35615,1.50631,1.39329,1.52538,1.33494,1.29411,1.43502,1.33751,1.38694,1.42671,1.37457,1.37067,1.24901,1.34835,1.42605,1.47806,1.32163,1.30526,1.26104,1.46588,1.44329,1.3124,1.3655,1.4025,1.36959,1.34922,1.37444,1.33942,1.40318,1.32661,1.53985,1.40059,1.39198,1.38391,1.3633,1.42367,1.34558,1.51091,1.39903,1.37424,1.37401,1.33939,1.26796,1.40908,1.39108,1.28505,1.3587,1.39868,1.32844,1.45356
1.3717,1.41487,1.32714,1.46328,1.31008,1.4383,1.37414,1.37085,1.32804,1.37994,1.30872,1.3266,1.42219,1.49016,1.43768,1.35266,1.35517,1.29655,1.45113,1.40192,1.29432,1.45719,1.33459,1.32278,1.41337,1.30834,1.27862,1.37816,1.50007,1.32013,1.44192,1.40128,1.43513,1.31869,1.34574,1.44347,1.30973,1.33419,1.37421,1.34076,1.45324,1.4289,1.23985,1.4085,1.50903,1.29013,1.2926,1.41526,1.47923,1.38761,1.31694,1.50948,1.3535,1.47363,1.32969,1.23734,1.42222,1.27785,1.40816,1.41512,1.32579,1.34958,1.28765,1.33519,1.44454,1.44653,1.30296,1.33504,1.2368,1.47623,1.43477,1.3204,1.33648,1.37705,1.36484,1.31997,1.36652,1.29763,1.41573,1.33224,1.50026,1.40765,1.37309,1.35542,1.31486,1.44173,1.33265,1.51483,1.43471,1.3706,1.36126,1.32751,1.31212,1.39312,1.38369,1.31603,1.32511,1.34539,1.33791,1.44561
1.39555,1.41116,1.3177,1.4682,1.28728,1.48659,1.33706,1.37495,1.30287,1.3233,1.31411,1.29907,1.42265,1.50696,1.43218,1.35615,1.33993,1.27213,1.47199,1.38187,1.28929,1.44318,1.29093,1.32259,1.40714,1.31563,1.28572,1.35496,1.45222,1.34447,1.44124,1.41979,1.39614,1.32117,1.3315,1.41618,1.30845,1.30945,1.33677,1.33061,1.41373,1.46168,1.24508,1.39448,1.45171,1.27053,1.2977,1.37589,1.43836,1.33573,1.35616,1.51038,1.34223,1.46866,1.3384,1.23277,1.43947,1.28043,1.38426,1.386,1.33805,1.34814,1.356,1.30681,1.468,1.3809,1.32845,1.33038,1.21589,1.50881,1.41667,1.36471,1.31396,1.3862,1.36626,1.32303,1.35674,1.30303,1.41836,1.33785,1.49298,1.38829,1.36471,1.37827,1.37335,1.43041,1.36141,1.54225,1.38573,1.35749,1.36175,1.3382,1.25639,1.37226,1.39155,1.32592,1.30097,1.30557,1.30812,1.42628
1.40191,1.39288,1.32668,1.46898,1.30163,1.44916,1.34327,1.37063,1.30734,1.2908,1.3045,1.30428,1.36115,1.48466,1.43394,1.33134,1.34006,1.27079,1.42344,1.41074,1.27147,1.43768,1.32331,1.31884,1.41496,1.33773,1.29345,1.37934,1.50294,1.28957,1.44559,1.42891,1.44961,1.31598,1.34636,1.42097,1.27704,1.32078,1.37017,1.36461,1.40298,1.45261,1.24606,1.34936,1.4404,1.28662,1.29669,1.34362,1.47955,1.31598,1.33194,1.46995,1.32294,1.46895,1.3281,1.24066,1.44861,1.27879,1.34384,1.35595,1.33737,1.35537,1.32866,1.32078,1.4629,1.43387,1.34704,1.36358,1.21097,1.47582,1.4072,1.40113,1.28026,1.43865,1.42794,1.34569,1.38226,1.28555,1.42548,1.33816,1.46371,1.37178,1.36233,1.38613,1.36995,1.41278,1.34374,1.52867,1.39065,1.41838,1.36228,1.34049,1.25504,1.36042,1.36076,1.29304,1.31628,1.31509,1.28808,1.41544
1.3598,1.4282,1.28277,1.46853,1.28628,1.42192,1.38784,1.41455,1.35738,1.312,1.28883,1.30586,1.35472,1.50286,1.46744,1.31766,1.34363,1.28756,1.4374,1.4047,1.23805,1.46853,1.33185,1.32706,1.42465,1.34555,1.29813,1.36043,1.50077,1.29202,1.41891,1.42196,1.44229,1.29506,1.34643,1.36772,1.28467,1.29593,1.39036,1.38834,1.36697,1.42793,1.28392,1.36709,1.42464,1.31855,1.28588,1.37243,1.44646,1.28718,1.32491,1.47086,1.31975,1.49982,1.33492,1.2007,1.41974,1.28737,1.2975,1.29218,1.31549,1.32472,1.34457,1.3771,1.47577,1.39331,1.3687,1.34254,1.20256,1.45145,1.40221,1.37415,1.25599,1.42719,1.38845,1.36746,1.3787,1.31141,1.45834,1.31746,1.43668,1.33328,1.36038,1.40476,1.40215,1.38676,1.3467,1.46344,1.42773,1.35381,1.37596,1.36741,1.2891,1.35275,1.32623,1.2859,1.3624,1.29798,1.28986,1.42439
1.31134,1.43776,1.31228,1.46947,1.29895,1.43503,1.3891,1.41134,1.38835,1.30633,1.29957,1.30115,1.37392,1.45568,1.43631,1.35436,1.32947,1.32596,1.39625,1.43536,1.23229,1.42842,1.35111,1.32441,1.4146,1.31122,1.33258,1.33366,1.4412,1.31249,1.39467,1.40473,1.43081,1.32395,1.35241,1.38745,1.35151,1.34307,1.37005,1.35485,1.37398,1.40146,1.30137,1.33584,1.41188,1.33209,1.23202,1.33739,1.42645,1.30364,1.32895,1.4546,1.33505,1.51751,1.28807,1.16571,1.42318,1.31996,1.30915,1.33512,1.35393,1.28692,1.36193,1.31386,1.43461,1.35299,1.39156,1.31704,1.23893,1.44236,1.3845,1.34231,1.23573,1.43272,1.40248,1.37326,1.33711,1.31797,1.47067,1.25329,1.45735,1.30561,1.40043,1.38917,1.35177,1.41874,1.36982,1.45024,1.36468,1.35602,1.36778,1.36432,1.28729,1.34631,1.29174,1.28677,1.32403,1.30082,1.23755,1.38529
1.33933,1.45205,1.30002,1.47586,1.29153,1.39029,1.39142,1.43258,1.37471,1.34484,1.2933,1.3482,1.37744,1.45405,1.38632,1.31484,1.37373,1.29289,1.38635,1.42309,1.24622,1.42323,1.35125,1.34361,1.39974,1.38536,1.35816,1.37265,1.46048,1.32784,1.35904,1.38029,1.42852,1.30313,1.27525,1.3742,1.33443,1.3135,1.35021,1.34029,1.39927,1.42582,1.27543,1.34681,1.38101,1.35689,1.19996,1.37627,1.46561,1.27775,1.33907,1.42047,1.33015,1.49651,1.33819,1.19499,1.39859,1.29904,1.28735,1.3605,1.33014,1.27783,1.36641,1.33318,1.4328,1.3422,1.38282,1.29563,1.20489,1.42056,1.36403,1.29633,1.23574,1.43592,1.40575,1.37192,1.31381,1.34712,1.43236,1.27972,1.45285,1.31423,1.39457,1.35383,1.36353,1.40249,1.31816,1.44344,1.33518,1.35569,1.38675,1.39417,1.31065,1.3721,1.25686,1.26324,1.29055,1.33206,1.21397,1.37523
1.34895,1.4353,1.34441,1.45367,1.32674,1.42563,1.36889,1.43707,1.37817,1.2815,1.21661,1.32593,1.37045,1.44352,1.44114,1.33263,1.31429,1.28071,1.36298,1.42505,1.23033,1.45401,1.3512,1.26814,1.39756,1.40509,1.35104,1.31524,1.44194,1.36598,1.36296,1.33268,1.41896,1.30441,1.28006,1.36954,1.33664,1.31167,1.36903,1.33007,1.3748,1.44486,1.30591,1.36112,1.37692,1.33609,1.15896,1.32142,1.44302,1.25917,1.33027,1.43655,1.33393,1.45822,1.29648,1.23256,1.36594,1.31447,1.26961,1.34065,1.3178,1.28873,1.33602,1.30308,1.433,1.32883,1.34501,1.27811,1.25616,1.40627,1.3507,1.31317,1.26131,1.4487,1.41499,1.36357,1.27339,1.34569,1.43391,1.26326,1.46504,1.38031,1.37389,1.28689,1.39735,1.43495,1.33538,1.39461,1.30699,1.34851,1.3602,1.39267,1.30585,1.36503,1.28767,1.31309,1.34076,1.3296,1.21481,1.34674
1.36867,1.39735,1.31487,1.45575,1.2942,1.4255,1.37507,1.40695,1.34771,1.30427,1.23827,1.30657,1.33511,1.44011,1.41278,1.34725,1.30397,1.28469,1.34864,1.4282,1.24197,1.46498,1.33391,1.31153,1.3751,1.38239,1.35114,1.32486,1.43951,1.36698,1.36778,1.32299,1.39667,1.29466,1.23206,1.35497,1.31216,1.30264,1.34275,1.34308,1.37879,1.4267,1.34234,1.35405,1.36616,1.35413,1.15571,1.35965,1.4524,1.23757,1.36806,1.42102,1.29888,1.48246,1.33185,1.24961,1.41423,1.33471,1.27206,1.29991,1.31904,1.30232,1.33204,1.27964,1.4508,1.3101,1.38028,1.2795,1.20469,1.38096,1.35257,1.32539,1.28576,1.45048,1.38544,1.33743,1.25071,1.32105,1.40701,1.29936,1.44688,1.35432,1.33631,1.25259,1.40212,1.47192,1.33751,1.40134,1.27076,1.33307,1.36105,1.35524,1.32917,1.35932,1.34692,1.2779,1.34198,1.33517,1.15604,1.33909
1.3888,1.39042,1.2766,1.46118,1.25145,1.41001,1.33703,1.40051,1.31836,1.30866,1.22842,1.29752,1.34938,1.35308,1.39793,1.36897,1.27985,1.30804,1.34628,1.41395,1.25883,1.42005,1.37711,1.31503,1.42518,1.36868,1.36697,1.28452,1.42706,1.33081,1.35206,1.33356,1.39643,1.27865,1.23268,1.3405,1.26237,1.32662,1.35519,1.30978,1.35579,1.39302,1.33881,1.37285,1.36865,1.37972,1.14928,1.31791,1.46884,1.26448,1.34685,1.42072,1.25165,1.47181,1.32136,1.26791,1.38853,1.32079,1.2671,1.36523,1.31423,1.28586,1.29595,1.26036,1.48,1.33416,1.38904,1.31154,1.22182,1.38975,1.40627,1.34207,1.26253,1.43646,1.29146,1.36595,1.24238,1.32414,1.38456,1.33844,1.40256,1.31901,1.3341,1.25946,1.35315,1.47582,1.33197,1.36042,1.28368,1.2755,1.31533,1.37315,1.31625,1.33968,1.32965,1.2985,1.33986,1.31476,1.18123,1.31517
1.41924,1.37436,1.24076,1.45904,1.22989,1.38822,1.34063,1.37936,1.37374,1.28233,1.28444,1.23271,1.37081,1.38455,1.3901,1.35717,1.29445,1.25326,1.35661,1.42286,1.2561,1.38762,1.34787,1.31328,1.42779,1.32086,1.36621,1.27541,1.45296,1.26269,1.33529,1.33538,1.42503,1.2609,1.26943,1.34547,1.25962,1.30623,1.3423,1.30752,1.32205,1.39,1.3212,1.3083,1.35266,1.33207,1.17041,1.34342,1.44309,1.22708,1.32678,1.44413,1.24847,1.49574,1.34116,1.22832,1.41411,1.30442,1.28895,1.34402,1.27955,1.29693,1.32299,1.30032,1.4871,1.31233,1.38788,1.29976,1.24003,1.37131,1.39002,1.34844,1.23012,1.44246,1.26174,1.35525,1.24875,1.31965,1.41965,1.37562,1.40963,1.29552,1.32732,1.29191,1.32115,1.45708,1.30557,1.34977,1.30656,1.25808,1.32605,1.3897,1.3074,1.33442,1.31235,1.2769,1.31246,1.33568,1.21578,1.31739
1.39169,1.35574,1.24098,1.39088,1.22607,1.40003,1.33154,1.42222,1.34615,1.30667,1.25555,1.27442,1.38274,1.3845,1.40735,1.33222,1.31646,1.26357,1.33643,1.40974,1.26421,1.37735,1.36039,1.33334,1.43303,1.32227,1.39658,1.28435,1.46319,1.26799,1.3373,1.35746,1.35303,1.2378,1.28428,1.3357,1.24824,1.31696,1.30341,1.26509,1.3038,1.40248,1.2673,1.31139,1.40184,1.30732,1.15095,1.34823,1.39753,1.24921,1.33207,1.4446,1.23706,1.49234,1.32212,1.202,1.41821,1.28852,1.28726,1.36172,1.29136,1.29406,1.31841,1.31813,1.45239,1.27103,1.39313,1.28906,1.20864,1.3764,1.37883,1.33769,1.20856,1.46006,1.31836,1.37375,1.20712,1.3378,1.4315,1.34224,1.43393,1.30768,1.31893,1.31632,1.33874,1.41902,1.28009,1.31889,1.28056,1.26211,1.33696,1.38679,1.30191,1.33097,1.33852,1.26827,1.30937,1.31075,1.22525,1.32846
1.3546,1.35302,1.26972,1.3838,1.2258,1.38299,1.307,1.35594,1.35073,1.26113,1.24551,1.28209,1.35365,1.35722,1.37974,1.28444,1.35484,1.23399,1.30567,1.39034,1.24818,1.35552,1.33579,1.30956,1.40264,1.31509,1.36367,1.30578,1.48347,1.24788,1.3961,1.35622,1.35508,1.22159,1.29079,1.34278,1.222,1.32295,1.28473,1.28866,1.27922,1.34649,1.28385,1.2798,1.382,1.29112,1.16852,1.33985,1.42359,1.2428,1.34827,1.40912,1.25629,1.48245,1.34195,1.20506,1.42053,1.29377,1.3138,1.39568,1.2884,1.27122,1.33605,1.32281,1.44917,1.32177,1.37156,1.26151,1.19668,1.34429,1.36969,1.32428,1.19323,1.45751,1.24553,1.39511,1.231,1.31981,1.43176,1.32962,1.43004,1.34168,1.28305,1.30799,1.34678,1.39916,1.2814,1.31954,1.30136,1.315,1.31199,1.40173,1.28752,1.32137,1.29625,1.22009,1.30396,1.35266,1.20731,1.31349
1.35085,1.34884,1.26332,1.39443,1.20707,1.3618,1.27362,1.30954,1.32186,1.25037,1.26049,1.29059,1.29755,1.37204,1.35494,1.30147,1.3714,1.24907,1.29234,1.3804,1.25114,1.39607,1.34146,1.30833,1.3695,1.31564,1.33459,1.3138,1.44113,1.2758,1.41984,1.34387,1.35705,1.23116,1.3153,1.3575,1.24113,1.33385,1.28207,1.26815,1.28836,1.32459,1.27035,1.27925,1.37162,1.23819,1.16552,1.39571,1.39609,1.24378,1.3355,1.36933,1.27676,1.45323,1.3528,1.18413,1.42832,1.27751,1.34164,1.38378,1.28201,1.24932,1.34149,1.32155,1.42522,1.29964,1.36936,1.26961,1.22161,1.34921,1.37115,1.27893,1.23368,1.34897,1.26018,1.36729,1.17885,1.29271,1.42432,1.30431,1.43774,1.34251,1.2868,1.31101,1.33452,1.41188,1.28011,1.31388,1.29561,1.31093,1.30701,1.40894,1.28628,1.31336,1.25534,1.22644,1.36089,1.3086,1.21501,1.31957
1.3472,1.34223,1.23984,1.39342,1.2209,1.34261,1.29893,1.31245,1.31259,1.24175,1.25232,1.30904,1.29578,1.37007,1.38709,1.305,1.34227,1.28055,1.28207,1.36943,1.22819,1.37631,1.3238,1.27371,1.33993,1.31725,1.32019,1.32988,1.43874,1.28739,1.40891,1.37374,1.35146,1.22516,1.29649,1.35731,1.30401,1.30527,1.25208,1.29807,1.30425,1.2634,1.25063,1.27334,1.35914,1.2395,1.19824,1.40389,1.40194,1.2554,1.32441,1.33003,1.28133,1.42534,1.3625,1.19626,1.40928,1.36103,1.34291,1.37149,1.2666,1.20912,1.32845,1.34105,1.43205,1.27377,1.35697,1.27738,1.24344,1.29131,1.34657,1.26421,1.28143,1.3675,1.27918,1.36891,1.17123,1.27839,1.40178,1.31581,1.3899,1.34372,1.2619,1.3371,1.30014,1.37519,1.24127,1.29268,1.28713,1.30768,1.28413,1.39155,1.28927,1.28104,1.25778,1.24861,1.377,1.31494,1.14741,1.32532
1.33906,1.39954,1.21572,1.39329,1.19701,1.32619,1.27078,1.29277,1.32182,1.23626,1.25781,1.32126,1.30326,1.39599,1.376,1.28541,1.33421,1.29288,1.27158,1.36162,1.22324,1.36069,1.34156,1.30244,1.3308,1.33566,1.31872,1.34927,1.41081,1.27499,1.36635,1.35863,1.36521,1.26279,1.32309,1.37158,1.24836,1.36511,1.28012,1.29078,1.30611,1.27544,1.26983,1.26746,1.33828,1.2206,1.20669,1.37735,1.35871,1.26188,1.30114,1.31583,1.2714,1.41595,1.32043,1.18762,1.40912,1.32118,1.3549,1.33376,1.27587,1.21284,1.32035,1.34766,1.46679,1.27746,1.35428,1.33469,1.22762,1.26299,1.29902,1.31438,1.26553,1.37652,1.22811,1.34445,1.1958,1.2364,1.41725,1.33344,1.38606,1.34184,1.27821,1.36409,1.29089,1.37903,1.24925,1.26113,1.27766,1.2764,1.29241,1.38491,1.26351,1.33982,1.23348,1.24576,1.36965,1.30642,1.15731,1.3463
1.30982,1.37406,1.19615,1.40316,1.22642,1.31519,1.31559,1.29514,1.27881,1.2102,1.27146,1.27765,1.35182,1.38435,1.3552,1.3138,1.29861,1.27042,1.27707,1.35987,1.21569,1.3885,1.33737,1.30283,1.32786,1.34317,1.25084,1.37513,1.39798,1.29844,1.3633,1.38107,1.35246,1.24528,1.28247,1.38202,1.23233,1.31477,1.32267,1.29754,1.28336,1.26964,1.28019,1.28807,1.34999,1.26334,1.21473,1.38824,1.36875,1.25977,1.31904,1.33112,1.24298,1.42156,1.33782,1.17042,1.38434,1.27589,1.32901,1.29475,1.29188,1.23535,1.27271,1.34827,1.47546,1.28397,1.33156,1.39397,1.23299,1.27237,1.33115,1.37512,1.28147,1.42293,1.17389,1.38183,1.22932,1.21892,1.3576,1.30066,1.34937,1.36854,1.28493,1.34947,1.24731,1.33904,1.25869,1.27517,1.30955,1.25605,1.26402,1.35815,1.29677,1.3065,1.24299,1.24402,1.39113,1.31553,1.14149,1.33971
1.31004,1.33937,1.23573,1.35304,1.21152,1.31985,1.31601,1.27966,1.32399,1.27481,1.26264,1.28348,1.35681,1.39922,1.34475,1.29522,1.31669,1.27073,1.28713,1.28667,1.20628,1.37006,1.32584,1.34316,1.32864,1.35841,1.24981,1.32967,1.34071,1.28686,1.3453,1.3743,1.35939,1.24937,1.30182,1.36998,1.2153,1.31457,1.335,1.25868,1.33147,1.25214,1.29045,1.22451,1.3394,1.24214,1.1956,1.36294,1.34923,1.27178,1.30129,1.31116,1.24698,1.36881,1.31453,1.15856,1.38516,1.23803,1.36363,1.26535,1.3178,1.24768,1.25331,1.33028,1.47648,1.25531,1.26879,1.42758,1.24993,1.27702,1.31985,1.34139,1.27384,1.4193,1.16768,1.40903,1.19015,1.1922,1.3663,1.29046,1.33143,1.3629,1.24116,1.32141,1.28371,1.32646,1.27084,1.2444,1.30596,1.23057,1.26731,1.41054,1.31538,1.29003,1.27244,1.25089,1.34914,1.34018,1.13679,1.32739
1.29349,1.35685,1.23091,1.37649,1.19568,1.28906,1.2775,1.25573,1.31969,1.24853,1.26672,1.33659,1.33745,1.36908,1.322,1.26141,1.32681,1.29367,1.27666,1.31216,1.18352,1.3377,1.30701,1.33234,1.30564,1.38421,1.2898,1.34347,1.33832,1.24605,1.3679,1.40196,1.35013,1.19064,1.25021,1.33129,1.22936,1.32687,1.32996,1.27597,1.3838,1.23392,1.27933,1.18513,1.29953,1.22868,1.2077,1.31016,1.31214,1.25368,1.34025,1.25292,1.25325,1.35625,1.30845,1.18995,1.37183,1.23217,1.33757,1.2844,1.34941,1.27713,1.25378,1.3246,1.47527,1.26478,1.27598,1.4097,1.23505,1.29715,1.33045,1.31959,1.29556,1.42483,1.17457,1.41141,1.2195,1.20327,1.35187,1.26941,1.32063,1.33309,1.2473,1.32197,1.25562,1.31448,1.28943,1.22089,1.28083,1.22248,1.31157,1.3968,1.32018,1.31876,1.25125,1.25082,1.35808,1.26093,1.14129,1.34428
1.30149,1.40561,1.26431,1.3983,1.19309,1.26247,1.27633,1.29571,1.32183,1.21677,1.25439,1.31759,1.31959,1.39144,1.29473,1.23866,1.31432,1.29225,1.297,1.25862,1.20853,1.31668,1.28815,1.3364,1.25971,1.3707,1.31776,1.3244,1.33487,1.25972,1.35549,1.409,1.33469,1.18714,1.19387,1.31819,1.25817,1.30085,1.28753,1.27229,1.34709,1.24104,1.29648,1.17001,1.31125,1.22804,1.2008,1.31874,1.32056,1.25396,1.31702,1.25144,1.2208,1.37365,1.28915,1.15815,1.36104,1.23281,1.33823,1.27623,1.36403,1.2851,1.24669,1.2792,1.45065,1.27545,1.30992,1.4169,1.22416,1.24832,1.33133,1.31623,1.29292,1.44167,1.17927,1.43679,1.21486,1.21899,1.36274,1.21794,1.30397,1.31838,1.25802,1.31699,1.22058,1.3074,1.29604,1.24306,1.25562,1.21433,1.34863,1.37442,1.31552,1.27762,1.24358,1.22342,1.36307,1.25541,1.17086,1.3769
1.24349,1.36169,1.28961,1.38068,1.16657,1.28369,1.2881,1.25844,1.31912,1.21488,1.24068,1.31886,1.28379,1.42112,1.32024,1.23181,1.28436,1.27126,1.27574,1.26175,1.18899,1.3349,1.23139,1.32526,1.2444,1.39566,1.29923,1.29456,1.35645,1.24581,1.35169,1.35946,1.34674,1.19243,1.20599,1.34273,1.2522,1.30213,1.25161,1.25277,1.33252,1.21728,1.30808,1.19909,1.31848,1.17975,1.16818,1.319,1.33683,1.23271,1.30631,1.2616,1.20537,1.39695,1.34725,1.15209,1.36583,1.20871,1.36393,1.31598,1.41144,1.32641,1.22958,1.25745,1.465,1.24383,1.33169,1.43803,1.21049,1.24235,1.35352,1.31792,1.27985,1.40746,1.17815,1.42195,1.2272,1.22449,1.38172,1.2714,1.30233,1.31047,1.25916,1.30134,1.16218,1.30891,1.33136,1.24928,1.21253,1.24703,1.33073,1.39988,1.31904,1.33438,1.22009,1.23279,1.35556,1.22088,1.19224,1.37067
1.2635,1.37069,1.30662,1.36945,1.19194,1.3071,1.32951,1.24894,1.23014,1.23431,1.21592,1.32446,1.28311,1.40184,1.31606,1.22973,1.2844,1.26989,1.28147,1.27726,1.20545,1.31985,1.23569,1.3216,1.22009,1.36136,1.29475,1.30959,1.31525,1.2745,1.32989,1.33106,1.29724,1.17133,1.22075,1.35944,1.22785,1.3389,1.24836,1.25191,1.28352,1.2377,1.265,1.20858,1.31019,1.19969,1.17738,1.25665,1.37981,1.20196,1.28471,1.32198,1.22877,1.3436,1.34005,1.12071,1.40071,1.16519,1.30442,1.32841,1.35524,1.33708,1.24323,1.27396,1.4681,1.26332,1.31163,1.41605,1.19314,1.24708,1.3941,1.36735,1.26014,1.45681,1.19335,1.37907,1.22639,1.22531,1.38242,1.29056,1.31194,1.28404,1.2552,1.32697,1.13519,1.30272,1.27864,1.27615,1.21979,1.22891,1.34268,1.38425,1.32756,1.27944,1.1883,1.24779,1.40517,1.24338,1.20903,1.39528
1.27382,1.37314,1.32946,1.34229,1.19748,1.29675,1.28109,1.24873,1.21811,1.24862,1.22702,1.33024,1.29315,1.41302,1.26163,1.19637,1.31025,1.22817,1.27539,1.29333,1.17709,1.33329,1.21632,1.32783,1.20373,1.31092,1.28376,1.28117,1.36003,1.24687,1.33115,1.29237,1.3294,1.19578,1.22441,1.35144,1.25236,1.33298,1.27014,1.26294,1.3036,1.21372,1.29094,1.2128,1.26593,1.19122,1.18932,1.25603,1.34051,1.233,1.24824,1.25213,1.22111,1.35937,1.39948,1.1059,1.36803,1.18213,1.31658,1.28941,1.41612,1.32063,1.26489,1.28006,1.43194,1.24062,1.25527,1.43546,1.20484,1.23226,1.41976,1.34518,1.2237,1.44956,1.16614,1.34215,1.23818,1.22319,1.38778,1.25263,1.28347,1.27453,1.27401,1.349,1.14335,1.28812,1.2226,1.27347,1.2221,1.19921,1.35449,1.37517,1.27097,1.29469,1.18012,1.27696,1.33055,1.23982,1.2383,1.38002
1.24621,1.36874,1.3063,1.35884,1.20536,1.29712,1.28752,1.22867,1.22791,1.21432,1.249,1.33557,1.27631,1.39564,1.27448,1.22488,1.31866,1.2508,1.25867,1.28155,1.1868,1.30937,1.22936,1.34711,1.19669,1.26986,1.27629,1.25982,1.3894,1.32107,1.35758,1.27777,1.28954,1.1528,1.2254,1.34795,1.2324,1.31274,1.27116,1.26954,1.36507,1.23439,1.28846,1.19739,1.26989,1.19765,1.17027,1.27535,1.31928,1.21482,1.26746,1.30094,1.22169,1.35381,1.34165,1.07732,1.37383,1.18522,1.32365,1.25083,1.41359,1.30845,1.20377,1.26937,1.43316,1.2701,1.2285,1.42565,1.19597,1.25577,1.3988,1.31267,1.21092,1.44238,1.16324,1.3703,1.24058,1.23602,1.34588,1.26762,1.30215,1.26768,1.22849,1.3391,1.15848,1.285,1.21473,1.27199,1.22663,1.19487,1.36727,1.3575,1.31168,1.2748,1.18664,1.29838,1.31981,1.21093,1.20947,1.37728
1.24151,1.34474,1.24805,1.36859,1.20867,1.28482,1.2704,1.22181,1.1882,1.22659,1.27996,1.34452,1.31115,1.37608,1.29527,1.1914,1.32655,1.23045,1.2338,1.27832,1.20964,1.32451,1.24038,1.33904,1.19576,1.29567,1.29121,1.29723,1.40396,1.33806,1.3409,1.26675,1.29894,1.15431,1.23079,1.31601,1.20351,1.30234,1.26842,1.23552,1.36926,1.18697,1.32931,1.19341,1.28802,1.20069,1.21642,1.27063,1.31649,1.2066,1.28068,1.22499,1.19787,1.38056,1.34113,1.09475,1.37656,1.21072,1.30116,1.26606,1.42018,1.29269,1.21311,1.26024,1.42801,1.27873,1.22839,1.42159,1.17232,1.2556,1.40657,1.29045,1.16357,1.44574,1.13104,1.35895,1.23082,1.24239,1.35717,1.2548,1.29223,1.27319,1.26835,1.32055,1.19745,1.28771,1.20515,1.23731,1.26244,1.18878,1.31504,1.35966,1.32446,1.27953,1.15895,1.30662,1.33043,1.22783,1.16706,1.33701
1.25359,1.34605,1.22642,1.34259,1.20972,1.3049,1.32917,1.24029,1.18764,1.23443,1.27244,1.32695,1.32147,1.37994,1.29191,1.17146,1.33758,1.25577,1.22287,1.28356,1.22121,1.33578,1.22934,1.30627,1.18984,1.25578,1.28555,1.26873,1.41279,1.3018,1.34816,1.2516,1.26886,1.16509,1.20564,1.29043,1.1766,1.25049,1.22993,1.24081,1.3529,1.19081,1.32089,1.21943,1.23026,1.21853,1.26497,1.26254,1.31382,1.18549,1.26919,1.23292,1.16107,1.39412,1.34005,1.11723,1.3451,1.22654,1.31685,1.25366,1.45379,1.31011,1.23295,1.20246,1.46129,1.29117,1.21444,1.38588,1.17606,1.20641,1.41143,1.22065,1.20446,1.4502,1.14372,1.39223,1.20502,1.25533,1.31817,1.25125,1.31811,1.25595,1.22743,1.32857,1.1754,1.24051,1.22711,1.21456,1.26928,1.19041,1.27284,1.32956,1.37144,1.26939,1.18608,1.24931,1.31398,1.2363,1.18553,1.33636
1.27301,1.32018,1.24636,1.32845,1.17199,1.29687,1.36847,1.26389,1.15543,1.21173,1.28889,1.32275,1.32864,1.42056,1.31135,1.17014,1.34822,1.23496,1.23007,1.30107,1.21162,1.2865,1.26162,1.2958,1.18711,1.25503,1.30985,1.25233,1.37361,1.28965,1.38848,1.25118,1.29948,1.15561,1.17464,1.2868,1.18783,1.26022,1.27893,1.26895,1.32598,1.14148,1.2968,1.18687,1.21482,1.20507,1.24477,1.22247,1.27621,1.17967,1.25846,1.26671,1.17271,1.39831,1.34354,1.08217,1.2805,1.22622,1.3026,1.30279,1.4276,1.29498,1.19715,1.17866,1.42776,1.31507,1.2219,1.39398,1.1381,1.18351,1.3743,1.2149,1.26321,1.4728,1.19281,1.37172,1.2007,1.22943,1.3046,1.22999,1.2725,1.2674,1.23763,1.3392,1.19262,1.27414,1.23284,1.23301,1.24593,1.15554,1.29029,1.32155,1.32668,1.29716,1.15022,1.21664,1.26555,1.22753,1.15846,1.29481
1.26075,1.35013,1.24277,1.33632,1.15876,1.29682,1.35123,1.26157,1.20385,1.2477,1.27939,1.31997,1.28727,1.37634,1.30902,1.16819,1.33995,1.23416,1.26393,1.28253,1.21151,1.24016,1.23227,1.30632,1.20272,1.24345,1.26771,1.22596,1.35842,1.26707,1.39603,1.25303,1.29166,1.18092,1.16933,1.33148,1.21309,1.21161,1.27975,1.2602,1.32321,1.1412,1.27567,1.15706,1.23384,1.20217,1.26492,1.21366,1.27748,1.19714,1.25459,1.26908,1.16013,1.39903,1.29983,1.01529,1.24162,1.1754,1.27469,1.29881,1.43093,1.25659,1.19376,1.20914,1.42003,1.32397,1.21139,1.38369,1.10928,1.17421,1.34126,1.22727,1.29147,1.44239,1.18708,1.40543,1.22862,1.22776,1.33912,1.20501,1.26142,1.25122,1.23792,1.35826,1.15451,1.28864,1.21406,1.24316,1.21181,1.16935,1.25182,1.3199,1.32913,1.30425,1.17156,1.24222,1.25175,1.23364,1.16626,1.29989
1.22726,1.34818,1.25001,1.3398,1.16551,1.31331,1.38089,1.26224,1.15201,1.22308,1.27452,1.30187,1.26812,1.38764,1.26954,1.16294,1.36703,1.25835,1.32037,1.26037,1.23126,1.2488,1.25811,1.32663,1.22294,1.24364,1.30894,1.23343,1.31435,1.27255,1.44033,1.24395,1.28566,1.15738,1.17606,1.31931,1.23247,1.20212,1.25127,1.2536,1.26832,1.14249,1.27765,1.16587,1.24757,1.16952,1.27263,1.23401,1.27802,1.23305,1.2564,1.29326,1.17201,1.38423,1.3272,1.00742,1.2274,1.19164,1.29214,1.26055,1.40886,1.2494,1.2227,1.22309,1.4325,1.3411,1.17349,1.3541,1.14797,1.21253,1.31737,1.21302,1.30446,1.3947,1.1705,1.40969,1.22772,1.21807,1.32295,1.19218,1.2448,1.26957,1.22976,1.34569,1.1925,1.30052,1.20507,1.24326,1.21391,1.14808,1.26286,1.305,1.2973,1.29691,1.18849,1.23249,1.25568,1.22395,1.18894,1.29223
1.20774,1.33372,1.25588,1.34178,1.19333,1.26174,1.39951,1.23678,1.20577,1.21513,1.23234,1.31169,1.23724,1.35876,1.27215,1.17571,1.30406,1.219,1.31424,1.2172,1.21595,1.25422,1.23737,1.32047,1.23977,1.26679,1.28679,1.24727,1.32379,1.30416,1.42132,1.26296,1.32691,1.1413,1.19134,1.31591,1.22615,1.19599,1.26171,1.25342,1.28993,1.18032,1.24891,1.17614,1.22198,1.16327,1.27916,1.24185,1.28376,1.20799,1.26461,1.29106,1.17419,1.34517,1.30162,1.02516,1.21738,1.20914,1.30309,1.27718,1.42824,1.2422,1.24134,1.19445,1.47169,1.34411,1.152,1.30591,1.14428,1.20838,1.32134,1.21784,1.29522,1.35738,1.18973,1.39343,1.22347,1.17733,1.3251,1.17468,1.23453,1.22951,1.22924,1.37778,1.17974,1.31767,1.14775,1.24243,1.18635,1.16236,1.23787,1.28418,1.28076,1.32337,1.18543,1.24167,1.24386,1.24243,1.16535,1.26171
1.17252,1.33534,1.26108,1.3688,1.18864,1.23855,1.37593,1.25149,1.22416,1.23661,1.22287,1.30911,1.26649,1.35845,1.24966,1.18887,1.30662,1.25573,1.25307,1.23155,1.23206,1.29675,1.26499,1.30722,1.21932,1.25349,1.27424,1.19644,1.34214,1.29234,1.42653,1.25961,1.28793,1.14501,1.18289,1.28779,1.20393,1.22555,1.22444,1.21732,1.28279,1.11933,1.24295,1.17346,1.20595,1.18685,1.26844,1.27586,1.26268,1.1966,1.25993,1.31053,1.1399,1.29485,1.3291,1.01169,1.23861,1.26779,1.26747,1.26427,1.45876,1.24054,1.25528,1.22045,1.40355,1.33758,1.12558,1.31324,1.14911,1.23005,1.34609,1.24968,1.29868,1.34804,1.1995,1.35975,1.19789,1.16825,1.313,1.15832,1.19387,1.2258,1.2145,1.35202,1.20174,1.31847,1.12242,1.2198,1.19878,1.19615,1.25078,1.28285,1.28581,1.33226,1.18759,1.22539,1.25184,1.2445,1.17921,1.26958
1.17419,1.36763,1.26178,1.35037,1.12483,1.26355,1.35734,1.22443,1.19617,1.22138,1.22499,1.32252,1.29117,1.35887,1.24293,1.15016,1.30294,1.23618,1.24473,1.19443,1.22155,1.29358,1.22939,1.28899,1.21549,1.26373,1.3089,1.21318,1.34359,1.29835,1.36171,1.26545,1.25981,1.20955,1.19829,1.28955,1.23509,1.20296,1.21686,1.17536,1.30225,1.13043,1.22114,1.16746,1.19462,1.1721,1.30222,1.26358,1.26415,1.17145,1.27039,1.3255,1.12552,1.30581,1.31451,0.999474,1.26042,1.24367,1.27755,1.25738,1.48052,1.2714,1.25803,1.20154,1.38729,1.30835,1.14065,1.31446,1.13284,1.24737,1.3792,1.25726,1.29385,1.36653,1.20504,1.3752,1.18662,1.184,1.32696,1.18746,1.20272,1.23492,1.20844,1.30567,1.17045,1.31459,1.12131,1.20942,1.20876,1.1967,1.2572,1.30291,1.29081,1.31782,1.19242,1.22314,1.27353,1.23932,1.21405,1.25971
1.1835,1.34617,1.27183,1.3925,1.13866,1.29206,1.29234,1.21947,1.18905,1.26079,1.24692,1.32052,1.29543,1.35005,1.19236,1.1948,1.28199,1.25329,1.24343,1.20082,1.20607,1.25107,1.23717,1.30714,1.24369,1.19653,1.30879,1.22566,1.38409,1.24273,1.33498,1.31488,1.23169,1.21296,1.20976,1.21606,1.27501,1.22012,1.15464,1.14581,1.26897,1.10732,1.23319,1.14544,1.19222,1.17673,1.34561,1.22863,1.22606,1.18266,1.25873,1.35762,1.11794,1.26958,1.32276,1.01122,1.24358,1.21792,1.27357,1.21405,1.4936,1.20779,1.27292,1.20142,1.39011,1.31037,1.15772,1.28805,1.17518,1.27155,1.40968,1.2604,1.28632,1.35771,1.23958,1.36482,1.20809,1.16176,1.29348,1.18458,1.20739,1.26168,1.20425,1.3349,1.15734,1.33715,1.13585,1.21314,1.22819,1.22256,1.25598,1.27265,1.27743,1.27319,1.20738,1.21099,1.25029,1.22723,1.19548,1.2277
1.22375,1.34515,1.25908,1.38893,1.09342,1.29227,1.2984,1.2045,1.20051,1.26571,1.24329,1.30137,1.3177,1.33461,1.16571,1.19106,1.33499,1.22476,1.19913,1.24193,1.22196,1.26047,1.19827,1.2952,1.23779,1.20525,1.31565,1.2516,1.40228,1.25362,1.31874,1.3005,1.24191,1.21082,1.21653,1.15017,1.2945,1.2087,1.15055,1.14865,1.25017,1.12025,1.21515,1.12924,1.22596,1.16715,1.34782,1.25064,1.21159,1.21508,1.25245,1.36674,1.14941,1.22241,1.30063,1.0037,1.2397,1.17914,1.26528,1.23199,1.47089,1.17119,1.21572,1.18525,1.40379,1.3312,1.18259,1.31246,1.15731,1.22493,1.3999,1.29604,1.26036,1.34741,1.1908,1.31018,1.16681,1.14291,1.32047,1.15884,1.19988,1.24762,1.20021,1.32721,1.15195,1.346,1.12517,1.20634,1.2419,1.13689,1.284,1.25986,1.28111,1.26346,1.19895,1.198,1.28353,1.23488,1.23157,1.27043
1.2071,1.3603,1.27035,1.38216,1.15355,1.29052,1.3006,1.21928,1.21225,1.24021,1.27003,1.28159,1.3005,1.36138,1.14828,1.17732,1.33957,1.23039,1.19377,1.28138,1.18834,1.2535,1.19821,1.27178,1.27131,1.22012,1.29939,1.24181,1.38168,1.2541,1.31769,1.28611,1.22573,1.17271,1.23166,1.15679,1.30722,1.18363,1.17934,1.13848,1.26322,1.11629,1.22351,1.1172,1.19161,1.16865,1.32833,1.2093,1.19813,1.19279,1.20331,1.35327,1.17626,1.22005,1.27949,1.00838,1.23327,1.15131,1.25205,1.2355,1.51477,1.19882,1.1823,1.16721,1.38405,1.32536,1.17103,1.30982,1.1545,1.19364,1.38867,1.34623,1.30066,1.32053,1.18366,1.32582,1.15472,1.14248,1.30858,1.15944,1.20903,1.28152,1.20756,1.28477,1.17506,1.34332,1.12356,1.20047,1.24578,1.14812,1.28333,1.24423,1.27646,1.25914,1.18835,1.18162,1.26224,1.20854,1.23323,1.23159
1.19913,1.37653,1.24731,1.34606,1.1175,1.2709,1.29906,1.2236,1.21684,1.22944,1.26768,1.29607,1.3,1.33785,1.14296,1.20395,1.31175,1.24732,1.2179,1.24834,1.15268,1.26551,1.209,1.26855,1.31342,1.24327,1.29492,1.21173,1.42843,1.25269,1.34808,1.25774,1.25141,1.13252,1.19769,1.14317,1.31194,1.16551,1.175,1.15137,1.27812,1.13208,1.21861,1.09946,1.19509,1.19912,1.29722,1.22379,1.19004,1.19605,1.19095,1.32382,1.18412,1.19812,1.27704,1.02848,1.23619,1.13807,1.23953,1.26602,1.50993,1.18672,1.18762,1.20208,1.37249,1.32681,1.15416,1.28833,1.13061,1.15829,1.34342,1.38355,1.2756,1.34113,1.17937,1.34803,1.16349,1.12154,1.34572,1.16708,1.22637,1.2482,1.17267,1.24009,1.17658,1.30975,1.13456,1.217,1.26905,1.14868,1.28314,1.21563,1.26006,1.22781,1.19811,1.18488,1.24281,1.18152,1.26125,1.22409
1.16401,1.34725,1.26437,1.30781,1.12227,1.28344,1.25311,1.20555,1.21555,1.22971,1.29305,1.2568,1.27349,1.33055,1.16195,1.19078,1.26465,1.22467,1.18675,1.21884,1.12692,1.2583,1.2329,1.25306,1.27065,1.19796,1.29931,1.1893,1.39611,1.24696,1.38106,1.22835,1.22954,1.09531,1.18519,1.17401,1.29289,1.20551,1.17654,1.12915,1.24895,1.12752,1.19002,1.10343,1.1753,1.23274,1.30502,1.23114,1.22225,1.22319,1.19132,1.27737,1.13861,1.19279,1.28368,1.04743,1.23986,1.15422,1.2003,1.23959,1.51724,1.20287,1.20474,1.18921,1.39029,1.29264,1.12549,1.28763,1.09051,1.12145,1.34304,1.34984,1.26435,1.35214,1.18049,1.40281,1.1717,1.14975,1.33415,1.14692,1.23942,1.27113,1.1644,1.21594,1.17691,1.29804,1.14489,1.22939,1.25652,1.17466,1.26798,1.22609,1.22315,1.24076,1.20587,1.22588,1.24381,1.1743,1.27357,1.2122
1.18011,1.33437,1.29331,1.34938,1.07591,1.30561,1.21888,1.19147,1.19979,1.2397,1.27569,1.23989,1.29457,1.32104,1.16329,1.165,1.27033,1.20966,1.1851,1.20991,1.11734,1.27736,1.20154,1.23831,1.24221,1.20499,1.31425,1.19334,1.41086,1.30862,1.4036,1.2426,1.25337,1.09689,1.17261,1.18742,1.29449,1.23295,1.13567,1.19489,1.21609,1.12514,1.17415,1.0988,1.22783,1.24171,1.27594,1.20776,1.22875,1.2212,1.18267,1.3168,1.14091,1.17544,1.26665,1.03919,1.23064,1.14076,1.22921,1.24484,1.48077,1.15742,1.28119,1.15697,1.37469,1.30297,1.11129,1.2646,1.10578,1.11996,1.34708,1.3306,1.27355,1.33321,1.18239,1.40286,1.1689,1.11886,1.28537,1.13626,1.24987,1.21788,1.18251,1.20603,1.1335,1.28075,1.15187,1.22819,1.24235,1.14753,1.29405,1.2222,1.21817,1.24272,1.21079,1.22828,1.24725,1.14434,1.27488,1.16993
1.1351,1.29425,1.29492,1.33876,1.11402,1.32593,1.21541,1.18995,1.22777,1.23618,1.25818,1.21466,1.27088,1.29823,1.14957,1.18296,1.28204,1.19513,1.13714,1.20173,1.12172,1.31341,1.18889,1.2306,1.21897,1.17938,1.31344,1.16981,1.38172,1.32153,1.37103,1.19335,1.24731,1.08102,1.21025,1.15777,1.27869,1.20779,1.13326,1.20825,1.23947,1.16237,1.21224,1.08924,1.25353,1.27201,1.23273,1.23757,1.24402,1.23599,1.18411,1.30752,1.14824,1.17823,1.28481,1.03709,1.1839,1.12031,1.20313,1.20725,1.43717,1.17789,1.25248,1.12071,1.39421,1.30172,1.0837,1.25342,1.09252,1.12043,1.33939,1.30053,1.25992,1.3216,1.19692,1.42649,1.17683,1.1265,1.25297,1.13817,1.21117,1.20688,1.15757,1.24199,1.10062,1.25424,1.13061,1.19647,1.23705,1.16756,1.32102,1.25486,1.20628,1.22548,1.20586,1.25412,1.2642,1.17189,1.26808,1.1811
1.10576,1.32938,1.32896,1.42048,1.12981,1.29898,1.16862,1.23216,1.22478,1.22656,1.25101,1.21202,1.28129,1.25527,1.10815,1.20579,1.29407,1.18194,1.16687,1.19672,1.13389,1.32702,1.18027,1.22159,1.24709,1.17065,1.29107,1.1752,1.40046,1.35033,1.35011,1.16733,1.25387,1.06224,1.23951,1.16634,1.25592,1.2301,1.1301,1.16055,1.23357,1.16101,1.1924,1.07803,1.22391,1.28716,1.24157,1.24657,1.207,1.19696,1.16289,1.27712,1.15552,1.12929,1.28056,1.03427,1.17033,1.1315,1.21946,1.20462,1.4494,1.19698,1.21884,1.08581,1.34848,1.24136,1.0656,1.20642,1.12104,1.11759,1.31559,1.30416,1.23476,1.31663,1.14568,1.38183,1.18771,1.12034,1.19788,1.11019,1.20599,1.19152,1.19054,1.2487,1.07272,1.24622,1.14746,1.18201,1.22709,1.16391,1.31806,1.22853,1.22858,1.23816,1.21358,1.27435,1.26763,1.23144,1.24349,1.16536
1.09283,1.32518,1.36665,1.43838,1.12549,1.32206,1.163,1.22158,1.26586,1.2034,1.21858,1.2128,1.22284,1.26828,1.1049,1.22365,1.27558,1.17697,1.17767,1.18862,1.17167,1.28946,1.18773,1.24271,1.22887,1.1828,1.26601,1.18355,1.39707,1.35726,1.33699,1.16259,1.25637,1.07998,1.22769,1.17182,1.28043,1.23416,1.1118,1.15051,1.19455,1.21908,1.20225,1.07611,1.20969,1.25765,1.21765,1.27345,1.21406,1.16553,1.2038,1.27729,1.14679,1.10532,1.29901,1.04754,1.17627,1.12474,1.2282,1.24621,1.45581,1.19786,1.26319,1.07464,1.31541,1.20646,1.10643,1.24716,1.1671,1.12121,1.3146,1.3037,1.22476,1.29829,1.11741,1.35781,1.17472,1.14078,1.21209,1.08208,1.20909,1.18611,1.17741,1.24182,1.06395,1.19677,1.15269,1.12207,1.24353,1.14636,1.34048,1.25066,1.25164,1.22231,1.21012,1.303,1.26093,1.21506,1.24425,1.17021
1.11801,1.39395,1.30879,1.49994,1.12618,1.3162,1.14551,1.25284,1.26335,1.17939,1.22614,1.21862,1.26261,1.26399,1.15687,1.21773,1.28083,1.179,1.14988,1.19305,1.20441,1.30472,1.19433,1.27391,1.22207,1.14905,1.24916,1.17848,1.40016,1.32788,1.32022,1.18746,1.29978,1.09263,1.23493,1.20068,1.24598,1.22466,1.11753,1.11025,1.19272,1.19441,1.19404,1.0867,1.14355,1.23508,1.28126,1.257,1.20577,1.21114,1.21913,1.28168,1.13271,1.10909,1.27178,1.03902,1.19505,1.0953,1.20507,1.2462,1.45293,1.19629,1.23514,1.10758,1.31985,1.22406,1.13437,1.23582,1.15421,1.10566,1.36979,1.29947,1.20992,1.28743,1.11318,1.31186,1.17654,1.15532,1.26168,1.10493,1.21268,1.17098,1.15036,1.23207,1.08198,1.17473,1.13829,1.14801,1.22881,1.19637,1.30973,1.2257,1.25951,1.24762,1.18915,1.2924,1.22712,1.2356,1.25086,1.14746
1.13986,1.39323,1.29639,1.48174,1.13547,1.31012,1.16922,1.21387,1.27916,1.16533,1.22789,1.21119,1.20043,1.25315,1.11865,1.19597,1.26605,1.19422,1.17023,1.20345,1.22932,1.28425,1.17436,1.24208,1.21089,1.15965,1.25234,1.11367,1.3943,1.36995,1.30504,1.16599,1.31283,1.09784,1.25275,1.17052,1.23059,1.24337,1.12868,1.09596,1.18189,1.18607,1.15827,1.101,1.13095,1.22362,1.26118,1.25563,1.19114,1.18259,1.1989,1.27481,1.14269,1.08093,1.29945,1.03948,1.1809,1.10569,1.21107,1.22182,1.45486,1.17489,1.2501,1.13914,1.29243,1.22548,1.14717,1.2092,1.11577,1.07633,1.35592,1.24785,1.16805,1.34789,1.14998,1.29285,1.18522,1.17394,1.25467,1.10759,1.24283,1.17073,1.14934,1.2575,1.08172,1.17738,1.1364,1.14988,1.24554,1.18009,1.26231,1.23357,1.29143,1.18415,1.18177,1.26579,1.22422,1.23195,1.24143,1.12061
1.12432,1.36206,1.30561,1.47643,1.11272,1.31442,1.18886,1.22319,1.26219,1.21183,1.18912,1.20559,1.19095,1.23741,1.06349,1.19432,1.23885,1.21093,1.17042,1.23237,1.20564,1.28092,1.15586,1.21806,1.23384,1.1391,1.29392,1.09995,1.39309,1.3817,1.2768,1.1609,1.33715,1.13075,1.21863,1.16762,1.21451,1.27012,1.12619,1.13065,1.19098,1.14435,1.14167,1.16051,1.14018,1.20254,1.23362,1.26108,1.23227,1.23908,1.2043,1.26107,1.14006,1.08034,1.27391,1.0571,1.17592,1.12184,1.18961,1.2045,1.51576,1.19191,1.2437,1.16045,1.28438,1.19662,1.19628,1.19231,1.06585,1.04156,1.33866,1.23066,1.16978,1.38468,1.15304,1.28871,1.16113,1.17377,1.23755,1.089,1.25566,1.16158,1.13464,1.19899,1.11143,1.13478,1.10534,1.13288,1.20307,1.17676,1.30969,1.21155,1.2682,1.17511,1.16973,1.24954,1.26415,1.20005,1.22886,1.08546
1.1023,1.29697,1.31211,1.38591,1.1313,1.32128,1.2215,1.20484,1.25143,1.2238,1.21621,1.23588,1.15169,1.22136,1.06565,1.16591,1.22735,1.18207,1.15957,1.20588,1.20558,1.26559,1.1513,1.21305,1.24949,1.16974,1.28054,1.06475,1.39425,1.41616,1.28566,1.15148,1.29048,1.10022,1.20757,1.15376,1.21517,1.2668,1.11226,1.10015,1.19657,1.16275,1.14055,1.18128,1.13022,1.1825,1.21484,1.23672,1.25172,1.22092,1.19768,1.25558,1.15835,1.08043,1.26371,0.990958,1.17338,1.13801,1.22772,1.22374,1.5158,1.14418,1.23271,1.18289,1.31039,1.21107,1.19097,1.16153,1.08436,1.06753,1.3583,1.22235,1.18582,1.36961,1.16688,1.24666,1.18704,1.17966,1.2775,1.06431,1.28819,1.17126,1.15814,1.18047,1.10675,1.1575,1.07022,1.16446,1.21467,1.18095,1.2643,1.18978,1.26344,1.14134,1.204,1.26497,1.30687,1.22146,1.23617,1.07462
1.14144,1.28574,1.28476,1.3366,1.18407,1.32958,1.20002,1.16999,1.23732,1.178,1.19818,1.23387,1.19427,1.25331,1.02794,1.15742,1.20925,1.14263,1.18525,1.18295,1.18316,1.2898,1.14914,1.23663,1.28149,1.18137,1.28004,1.10824,1.39072,1.42843,1.31583,1.15161,1.29167,1.12264,1.19126,1.16884,1.18419,1.24607,1.07172,1.08164,1.1733,1.17881,1.16149,1.16774,1.13563,1.16618,1.23534,1.27414,1.20112,1.26159,1.19288,1.27757,1.14482,1.1052,1.29624,1.01842,1.16383,1.16279,1.18494,1.23023,1.48631,1.14975,1.21784,1.16394,1.30307,1.18042,1.1562,1.14556,1.11632,1.09174,1.3552,1.27691,1.16285,1.38929,1.16226,1.25776,1.18869,1.15156,1.2437,1.05221,1.30383,1.18696,1.20512,1.18428,1.09983,1.15701,1.10461,1.16021,1.19522,1.20768,1.25102,1.2233,1.23041,1.13304,1.15762,1.29864,1.29874,1.26357,1.26614,1.06349
1.16209,1.29598,1.23116,1.31646,1.15611,1.31893,1.16137,1.12301,1.22666,1.15377,1.17484,1.2136,1.19936,1.19192,1.02232,1.17845,1.20542,1.16453,1.18887,1.16659,1.16063,1.29202,1.15877,1.25125,1.29062,1.19053,1.24912,1.08506,1.38308,1.407,1.30432,1.14559,1.27988,1.10675,1.17828,1.12817,1.17483,1.25531,1.09653,1.09545,1.21092,1.1753,1.16909,1.14214,1.11118,1.22389,1.2272,1.20671,1.17991,1.24944,1.21256,1.27475,1.1184,1.09886,1.22695,1.02068,1.19164,1.10803,1.23743,1.25061,1.48477,1.15304,1.22632,1.1429,1.31981,1.18714,1.14439,1.15254,1.1605,1.07981,1.37095,1.28903,1.17119,1.35154,1.14962,1.26828,1.18947,1.15284,1.24006,1.07969,1.32786,1.18836,1.21629,1.20051,1.1162,1.14603,1.11709,1.12234,1.18401,1.17983,1.28041,1.19716,1.23629,1.11616,1.14005,1.28944,1.31847,1.23444,1.22008,1.06988
1.08521,1.27111,1.22699,1.32735,1.18168,1.27043,1.16641,1.14641,1.23362,1.19684,1.20929,1.21356,1.21336,1.14602,1.03229,1.18123,1.21028,1.15985,1.20324,1.17265,1.11631,1.33931,1.13709,1.26208,1.2433,1.14512,1.24731,1.08076,1.34607,1.41979,1.2962,1.14566,1.29657,1.11032,1.19352,1.13713,1.18801,1.23157,1.08234,1.06957,1.19654,1.15272,1.20161,1.12838,1.11671,1.22618,1.22633,1.1982,1.18521,1.26607,1.20836,1.26694,1.14421,1.09798,1.20663,1.0655,1.2273,1.09876,1.24871,1.18992,1.46838,1.16453,1.22038,1.16278,1.36273,1.16478,1.14702,1.14436,1.1672,1.10442,1.3564,1.30254,1.15426,1.36405,1.14645,1.25598,1.21373,1.10929,1.22904,1.08577,1.32582,1.14509,1.21597,1.22729,1.11226,1.14914,1.12099,1.13241,1.19121,1.13696,1.28046,1.21735,1.21719,1.0916,1.13194,1.29819,1.28244,1.19524,1.2267,1.07242
1.07555,1.27525,1.19858,1.33849,1.18415,1.25571,1.16343,1.15915,1.21234,1.23014,1.19912,1.20462,1.18442,1.1775,1.04952,1.19221,1.20635,1.19174,1.20669,1.18043,1.14033,1.32434,1.14623,1.24586,1.18944,1.12771,1.26832,1.10054,1.3374,1.39759,1.28436,1.11661,1.29474,1.10646,1.20903,1.13214,1.15887,1.22402,1.06903,1.09773,1.22699,1.14217,1.20435,1.13655,1.15336,1.23794,1.20167,1.18748,1.19503,1.22967,1.1807,1.26594,1.11213,1.08189,1.19975,1.05805,1.2121,1.08147,1.23869,1.2099,1.43925,1.16745,1.20436,1.14084,1.39781,1.16376,1.11328,1.151,1.15713,1.05864,1.35755,1.29744,1.17929,1.38097,1.13468,1.27959,1.23235,1.1394,1.236,1.06544,1.31303,1.09019,1.23855,1.22323,1.15894,1.13633,1.11059,1.13317,1.19328,1.11877,1.28041,1.23888,1.23062,1.10474,1.13431,1.28827,1.22036,1.21118,1.16104,1.09312
1.08976,1.27613,1.21842,1.34781,1.16345,1.27258,1.1557,1.17492,1.20485,1.22175,1.18379,1.21352,1.17793,1.18993,1.01288,1.17328,1.1891,1.18799,1.16757,1.20332,1.17246,1.30802,1.17391,1.21362,1.19783,1.13723,1.23957,1.109,1.33044,1.44083,1.30434,1.11708,1.30113,1.17709,1.18581,1.13137,1.18302,1.24965,1.07111,1.07086,1.24432,1.1599,1.22695,1.16922,1.14531,1.2536,1.16628,1.20707,1.21619,1.22585,1.14237,1.28729,1.08893,1.09011,1.18536,1.07051,1.19751,1.06496,1.23006,1.17478,1.41607,1.13711,1.24102,1.13209,1.3946,1.16572,1.12497,1.10811,1.15797,1.04831,1.35316,1.2466,1.14671,1.35892,1.1616,1.27747,1.22015,1.1508,1.24504,1.04075,1.29548,1.0635,1.24474,1.19878,1.14115,1.1224,1.10156,1.13391,1.20503,1.11592,1.26272,1.1934,1.19491,1.05661,1.11035,1.27638,1.2018,1.19255,1.19531,1.08242
1.10916,1.29335,1.18723,1.36981,1.12886,1.2501,1.11407,1.18137,1.21328,1.26067,1.21039,1.20666,1.16011,1.17966,1.03117,1.17225,1.17391,1.16532,1.18111,1.2027,1.18741,1.37785,1.16144,1.25367,1.1738,1.14431,1.22627,1.11433,1.29351,1.41265,1.32505,1.10115,1.30013,1.14827,1.19999,1.15366,1.20018,1.25341,1.07206,1.05036,1.26477,1.14336,1.24361,1.1189,1.11787,1.247,1.162,1.21497,1.22224,1.2078,1.18856,1.30853,1.11198,1.10398,1.16973,1.03985,1.18148,1.08635,1.19191,1.20068,1.41597,1.12803,1.22935,1.12253,1.40114,1.15571,1.15619,1.10801,1.14129,1.00756,1.34996,1.20711,1.14448,1.30087,1.15901,1.22619,1.21757,1.14575,1.24901,1.01184,1.26013,1.01987,1.23529,1.16665,1.10426,1.11611,1.12199,1.15288,1.20911,1.14737,1.23242,1.18929,1.19753,1.06531,1.12017,1.29748,1.24323,1.19911,1.16864,1.08142
1.12808,1.31604,1.20967,1.36678,1.12427,1.2919,1.11632,1.15814,1.17987,1.23738,1.20327,1.20296,1.19111,1.1857,0.979413,1.16064,1.18918,1.15529,1.13413,1.16253,1.17762,1.37453,1.12429,1.23946,1.21135,1.15902,1.22569,1.10724,1.29084,1.4266,1.28038,1.11585,1.31102,1.20815,1.19948,1.1255,1.17478,1.20782,1.05199,1.02647,1.27182,1.09405,1.21086,1.13557,1.12995,1.22076,1.14626,1.21997,1.21273,1.1997,1.21099,1.27772,1.11627,1.10233,1.18234,1.05234,1.17916,1.06934,1.16299,1.23125,1.38652,1.1183,1.22308,1.11462,1.37371,1.19718,1.14181,1.07856,1.13945,1.03825,1.34003,1.18949,1.12236,1.27375,1.13232,1.24864,1.23019,1.12871,1.2607,1.00629,1.26032,1.00596,1.22836,1.19609,1.08079,1.11559,1.10512,1.17111,1.20052,1.14595,1.23413,1.1536,1.18302,1.04932,1.1222,1.26565,1.23939,1.19507,1.18658,1.07515
1.11921,1.30889,1.16786,1.36824,1.14187,1.31828,1.13022,1.13722,1.15412,1.2518,1.1957,1.22282,1.2035,1.19743,0.98782,1.14451,1.19477,1.11609,1.09148,1.14867,1.16082,1.33567,1.06814,1.25771,1.17997,1.16569,1.21588,1.09877,1.26833,1.40824,1.28482,1.13256,1.33289,1.16454,1.18212,1.13236,1.18606,1.24772,1.06009,1.04173,1.21159,1.09235,1.20148,1.12079,1.12418,1.22147,1.14853,1.20037,1.21521,1.16728,1.19691,1.2822,1.08499,1.08362,1.17855,1.06131,1.19775,1.11487,1.20757,1.25585,1.39702,1.10283,1.16531,1.08717,1.35019,1.17501,1.16686,1.09889,1.13817,1.04381,1.30413,1.21594,1.10996,1.27126,1.13551,1.28433,1.22621,1.12363,1.23113,0.986589,1.25199,0.979269,1.27326,1.18995,1.08107,1.09393,1.13609,1.14165,1.18508,1.1687,1.25524,1.13198,1.16483,1.06052,1.10259,1.28312,1.21403,1.20853,1.17538,1.07092
1.09967,1.29722,1.18032,1.39047,1.14677,1.30609,1.11871,1.11988,1.13685,1.23194,1.19295,1.17676,1.21221,1.20438,1.01899,1.15664,1.20745,1.13019,1.1222,1.12823,1.17357,1.32999,1.08275,1.23314,1.18928,1.17784,1.23488,1.10706,1.26343,1.37084,1.29921,1.17476,1.32188,1.15428,1.19157,1.08935,1.15034,1.25974,1.04402,1.03501,1.2162,1.09592,1.18826,1.10731,1.14433,1.21933,1.13555,1.1564,1.23859,1.14205,1.17552,1.26345,1.08396,1.09727,1.19439,1.07429,1.17414,1.06867,1.2192,1.23091,1.43938,1.09384,1.16156,1.09122,1.38126,1.14061,1.17752,1.11809,1.15281,1.01761,1.31218,1.26361,1.12442,1.29927,1.12704,1.22249,1.21523,1.08787,1.21967,0.990377,1.27866,1.00596,1.239,1.22896,1.1209,1.09067,1.11448,1.08601,1.16562,1.13926,1.30025,1.13203,1.16148,1.05571,1.11068,1.25975,1.24144,1.2151,1.17467,1.04269
1.07902,1.27557,1.22057,1.39887,1.13411,1.26631,1.14681,1.13923,1.15288,1.24707,1.16921,1.21968,1.17329,1.21933,1.0528,1.18898,1.1388,1.11632,1.09894,1.18268,1.19707,1.28739,1.11159,1.25053,1.13273,1.1696,1.27101,1.11012,1.28914,1.38969,1.2733,1.17672,1.30335,1.12716,1.21529,1.12192,1.16754,1.20573,1.04658,1.0431,1.21469,1.1102,1.18598,1.06515,1.12933,1.20694,1.15164,1.16604,1.23819,1.16782,1.13828,1.27275,1.09492,1.12437,1.19514,1.05722,1.20518,1.07912,1.1913,1.22574,1.4254,1.12561,1.15021,1.10037,1.42016,1.12237,1.18111,1.11853,1.16445,1.05185,1.29602,1.25852,1.10122,1.26334,1.12607,1.20191,1.20657,1.11072,1.22509,0.992728,1.26923,1.0239,1.23281,1.2583,1.13868,1.1052,1.12147,1.09767,1.13168,1.13883,1.23475,1.11375,1.14403,1.06336,1.10067,1.22624,1.23104,1.21149,1.18153,1.03399
1.09172,1.2364,1.21485,1.36033,1.15895,1.2334,1.14918,1.11331,1.15536,1.24646,1.16033,1.17179,1.1402,1.22141,1.042,1.206,1.13518,1.12652,1.09513,1.14823,1.20054,1.25957,1.13108,1.30071,1.13419,1.19042,1.28933,1.09288,1.26106,1.39374,1.28471,1.17076,1.32426,1.12892,1.18113,1.11035,1.13653,1.21774,1.04716,1.02518,1.21225,1.11561,1.17469,1.0542,1.13121,1.253,1.15598,1.15385,1.26559,1.20075,1.15203,1.27323,1.09177,1.1055,1.217,1.06046,1.20382,1.08475,1.14585,1.21569,1.45395,1.16273,1.18787,1.11687,1.43994,1.13307,1.16047,1.08458,1.16554,1.05658,1.30041,1.25056,1.12712,1.29068,1.10885,1.21622,1.17043,1.12156,1.21497,1.00702,1.27547,1.01263,1.23596,1.25972,1.12998,1.09745,1.08601,1.10716,1.1121,1.11614,1.23901,1.12291,1.1865,1.05165,1.07513,1.24763,1.22599,1.24312,1.20512,1.02675
1.09005,1.24204,1.1821,1.34886,1.18084,1.20631,1.13262,1.15348,1.15049,1.28611,1.15617,1.15505,1.10455,1.21162,1.02291,1.19693,1.1478,1.10578,1.08165,1.13974,1.20006,1.24642,1.14307,1.30315,1.13286,1.20852,1.31153,1.11382,1.29025,1.3876,1.28196,1.14617,1.31017,1.14917,1.21605,1.11049,1.10721,1.22552,1.03036,1.02704,1.18773,1.11283,1.16509,1.04736,1.13061,1.24047,1.14819,1.15019,1.25672,1.16026,1.15547,1.28892,1.11691,1.0922,1.23998,1.04816,1.19322,1.0495,1.12123,1.22419,1.44269,1.19856,1.19729,1.14478,1.42403,1.10714,1.16424,1.10109,1.14856,1.01197,1.29243,1.201,1.12506,1.30348,1.1376,1.20663,1.13817,1.11607,1.1866,0.985069,1.30186,1.01436,1.24762,1.26413,1.11353,1.0918,1.07004,1.09512,1.10493,1.10441,1.25199,1.10981,1.18538,1.05921,1.07065,1.20832,1.23204,1.28467,1.19515,1.0281
1.0966,1.26237,1.19821,1.33731,1.16224,1.2448,1.18677,1.10131,1.14681,1.25082,1.18048,1.17627,1.10197,1.17493,0.99457,1.14611,1.16604,1.09616,1.07131,1.13252,1.22355,1.24005,1.12738,1.26661,1.15651,1.1588,1.32807,1.09354,1.32383,1.36861,1.2614,1.15411,1.29589,1.16553,1.16445,1.09749,1.11665,1.21412,1.05785,1.01744,1.18548,1.1104,1.14727,1.01485,1.12014,1.23859,1.13049,1.16703,1.2204,1.09566,1.14087,1.33269,1.11004,1.08317,1.22421,1.0338,1.22109,1.04962,1.1363,1.2382,1.40815,1.15584,1.20574,1.16002,1.40267,1.11714,1.16469,1.08457,1.14098,1.03208,1.25926,1.21554,1.13019,1.33105,1.14176,1.22372,1.1488,1.09628,1.18737,0.988549,1.29071,0.990274,1.23988,1.26443,1.09628,1.07273,1.09502,1.08876,1.14766,1.11006,1.25777,1.14039,1.16256,1.04381,1.11275,1.18499,1.18672,1.26598,1.15344,0.986888
1.10703,1.28046,1.16774,1.36679,1.0949,1.21766,1.13968,1.12149,1.15233,1.22177,1.18915,1.18788,1.1221,1.19803,0.964778,1.17538,1.20253,1.12059,1.0705,1.13637,1.21943,1.243,1.12712,1.29812,1.18841,1.16215,1.33674,1.11353,1.30769,1.40321,1.25102,1.13698,1.29784,1.17008,1.13459,1.12366,1.0926,1.20838,1.0749,1.05858,1.16053,1.12343,1.12759,1.0656,1.1044,1.21059,1.11876,1.17806,1.21395,1.09168,1.17015,1.34593,1.0793,1.0576,1.19812,1.01947,1.20975,1.04726,1.1346,1.21575,1.43267,1.16934,1.17309,1.15016,1.37278,1.08585,1.1781,1.12866,1.15767,1.02235,1.2438,1.21551,1.14592,1.32476,1.15948,1.23327,1.13641,1.11354,1.23463,0.955446,1.25447,1.01738,1.24969,1.24107,1.08244,1.06265,1.06177,1.0902,1.12775,1.13644,1.22084,1.11202,1.1808,0.999649,1.13317,1.15074,1.18156,1.31576,1.14777,0.989734
1.15347,1.25263,1.16961,1.36137,1.06789,1.20403,1.1233,1.12808,1.13359,1.19893,1.22087,1.19843,1.10903,1.19854,0.972598,1.19765,1.17821,1.08284,1.05642,1.14352,1.19893,1.22983,1.11919,1.26503,1.20986,1.13327,1.33537,1.07384,1.27309,1.38956,1.28083,1.141,1.29681,1.13352,1.10806,1.12841,1.12744,1.20648,1.08815,1.05974,1.1633,1.10522,1.11066,1.03515,1.08863,1.17899,1.07089,1.18402,1.19847,1.10424,1.1598,1.34221,1.07816,1.0766,1.23916,0.978941,1.20756,1.07566,1.14318,1.19325,1.44168,1.14749,1.12803,1.14177,1.38085,1.10422,1.18281,1.13336,1.16122,1.03499,1.27803,1.26338,1.12079,1.25448,1.18622,1.25023,1.13895,1.07519,1.22783,0.962888,1.23497,0.990036,1.255,1.22435,1.06515,1.06043,1.10125,1.12028,1.14298,1.12607,1.25066,1.14078,1.15572,0.972544,1.12447,1.16827,1.20326,1.27964,1.12852,0.966867
1.13117,1.29123,1.16655,1.30404,1.09012,1.27276,1.11782,1.16068,1.11882,1.16474,1.18282,1.18409,1.11344,1.14194,0.976523,1.18038,1.20662,1.08695,1.06301,1.0953,1.21234,1.23257,1.13935,1.25264,1.18253,1.13998,1.33295,1.07418,1.23616,1.42604,1.29676,1.14052,1.26522,1.10818,1.10642,1.09693,1.11512,1.19275,1.02302,1.06658,1.15152,1.08755,1.10055,1.03529,1.08207,1.18243,1.08608,1.17256,1.17585,1.09328,1.17656,1.32331,1.07959,1.05426,1.20443,0.952658,1.20662,1.08064,1.09422,1.13749,1.41982,1.15109,1.12747,1.13655,1.43059,1.12727,1.13829,1.12708,1.15469,1.03528,1.29735,1.22492,1.09874,1.22504,1.17942,1.25364,1.13872,1.08444,1.18828,0.932469,1.23693,1.01846,1.23255,1.22939,1.06365,1.07817,1.13336,1.1489,1.11085,1.13656,1.29451,1.0961,1.14297,0.982822,1.13857,1.16606,1.15126,1.24446,1.10728,0.992714
1.10439,1.3048,1.18717,1.33175,1.09203,1.26287,1.11461,1.16352,1.13478,1.15189,1.18479,1.14349,1.09293,1.15768,0.990115,1.18083,1.22915,1.09234,1.08714,1.07663,1.18847,1.22499,1.1029,1.24946,1.14728,1.13824,1.31954,1.07983,1.22707,1.45006,1.27597,1.165,1.30037,1.09167,1.13876,1.07752,1.13327,1.21012,1.0462,1.09352,1.15282,1.07663,1.07365,1.01746,1.08506,1.19255,1.093,1.16501,1.14129,1.10432,1.11352,1.31553,1.07621,1.02843,1.18463,0.972104,1.22505,1.10068,1.08553,1.14869,1.4037,1.13176,1.12521,1.11046,1.42908,1.17144,1.14299,1.12503,1.14361,1.01915,1.3067,1.2546,1.11336,1.22209,1.17972,1.23858,1.14006,1.07039,1.18918,0.931037,1.21117,1.04181,1.21841,1.20369,1.06298,1.0455,1.13636,1.10256,1.10342,1.13203,1.28512,1.11697,1.16893,0.965264,1.11742,1.20009,1.15818,1.2754,1.12662,1.02867
1.06689,1.28877,1.13305,1.35301,1.12074,1.25361,1.09193,1.15827,1.14255,1.18146,1.14648,1.12494,1.0735,1.14371,0.997641,1.18425,1.18554,1.08615,1.07176,1.06471,1.17843,1.23621,1.10426,1.23181,1.15645,1.13095,1.34519,1.04446,1.19998,1.45669,1.27826,1.18792,1.27812,1.1428,1.14175,1.06371,1.12175,1.21341,1.04554,1.06703,1.11196,1.06481,1.0891,1.01617,1.05736,1.17481,1.03987,1.19897,1.16326,1.09097,1.0958,1.30128,1.08292,1.03371,1.19499,0.9644,1.25513,1.08428,1.05206,1.17891,1.39421,1.10871,1.10341,1.09556,1.41755,1.17543,1.14259,1.10179,1.15551,1.01681,1.29819,1.26883,1.10609,1.22904,1.14151,1.23685,1.14719,1.13304,1.18515,0.918394,1.23782,1.02308,1.18535,1.18054,1.04303,1.03299,1.09712,1.06982,1.06964,1.10309,1.26721,1.08714,1.14474,0.996192,1.10433,1.20995,1.15386,1.25686,1.12651,1.03717
1.11614,1.28526,1.12842,1.35338,1.08788,1.25499,1.08303,1.12447,1.10847,1.18454,1.16392,1.13218,1.08426,1.16079,0.961776,1.19407,1.19474,1.07664,1.07275,1.06236,1.1599,1.2694,1.10139,1.23068,1.17448,1.09224,1.26326,1.03037,1.15712,1.44572,1.2198,1.22632,1.29068,1.14172,1.17979,1.05044,1.08792,1.19944,1.02272,1.02432,1.11399,1.05608,1.08708,1.03079,1.0804,1.15685,1.05039,1.20348,1.18593,1.07951,1.11307,1.31622,1.05933,1.01261,1.17663,0.982793,1.24703,1.07173,1.0605,1.1884,1.40613,1.08691,1.10568,1.12537,1.42728,1.1745,1.12615,1.12525,1.14019,1.01837,1.26343,1.30851,1.0715,1.25139,1.13464,1.24084,1.14774,1.13504,1.17943,0.916721,1.28325,1.01482,1.1703,1.1961,1.02789,1.00957,1.11494,1.06103,1.05382,1.12209,1.28827,1.11838,1.16692,0.998637,1.07332,1.18915,1.15259,1.22195,1.12894,1.04824
1.04629,1.29723,1.13883,1.32603,1.06493,1.24845,1.07345,1.08688,1.11474,1.16671,1.16065,1.12439,1.08422,1.18152,0.970961,1.1565,1.22702,1.08347,1.03901,1.03593,1.16364,1.23067,1.06804,1.2337,1.15786,1.11372,1.29417,0.997522,1.14094,1.39589,1.22884,1.193,1.30187,1.13224,1.13582,1.05799,1.06433,1.23353,1.02205,1.04829,1.11611,1.02841,1.09589,1.03752,1.09163,1.13811,1.03039,1.20028,1.22202,1.08432,1.09577,1.30614,1.04572,1.01757,1.16804,1.00051,1.21607,1.04927,1.09029,1.19513,1.43774,1.0751,1.08868,1.11406,1.36521,1.18667,1.08723,1.08039,1.15099,0.992721,1.28878,1.29273,1.12168,1.21836,1.1127,1.20871,1.13437,1.15171,1.15296,0.943906,1.27362,1.01697,1.15592,1.14406,1.05531,1.01986,1.13279,1.0728,1.07766,1.13883,1.29733,1.11557,1.13099,1.0136,1.0641,1.20216,1.16243,1.22082,1.12253,1.042
1.08627,1.32904,1.14999,1.33549,1.0653,1.23898,1.07834,1.10602,1.09161,1.12789,1.1371,1.12357,1.07885,1.10612,0.958575,1.1413,1.20533,1.05768,1.05187,1.04625,1.15438,1.26325,1.08104,1.22676,1.19267,1.13166,1.27176,0.9906,1.14081,1.39919,1.20486,1.16859,1.30913,1.11466,1.13207,1.05078,1.09345,1.23242,1.00798,1.06096,1.10418,1.03094,1.12427,1.03955,1.09137,1.1309,1.06024,1.1559,1.17518,1.08912,1.13686,1.3251,1.01559,1.02141,1.14427,0.996017,1.17269,1.05517,1.10016,1.16743,1.46238,1.0856,1.06271,1.11397,1.40337,1.14368,1.05469,1.07815,1.10767,1.03545,1.25544,1.32526,1.06986,1.24939,1.11979,1.19233,1.13462,1.13279,1.10616,0.967436,1.25982,1.02919,1.16982,1.13074,1.06209,1.04347,1.15723,1.0891,1.06122,1.16,1.28277,1.12634,1.1302,1.04854,1.06614,1.18888,1.1553,1.15523,1.13138,1.04379
1.0727,1.33109,1.13293,1.33096,1.03122,1.20161,1.11429,1.0883,1.10449,1.11125,1.11512,1.12229,1.06157,1.12318,0.957939,1.15243,1.18743,1.09778,1.05779,1.03263,1.1583,1.24775,1.08877,1.20672,1.16948,1.09459,1.25864,0.988472,1.15771,1.36562,1.20278,1.15368,1.30172,1.08802,1.09927,1.03516,1.07066,1.23693,1.00858,1.08616,1.11941,1.0537,1.09298,1.03768,1.08945,1.12158,1.06751,1.15811,1.18404,1.08643,1.08591,1.30326,1.01257,1.02866,1.15066,0.988543,1.15831,1.07522,1.09923,1.14067,1.47621,1.07543,1.05948,1.10191,1.35234,1.12464,1.06202,1.08712,1.14879,1.04515,1.27422,1.32709,1.06895,1.27923,1.07495,1.18679,1.11805,1.11586,1.11243,0.941618,1.21741,1.04501,1.1958,1.12882,1.01002,1.05926,1.16627,1.0973,1.06635,1.16878,1.264,1.11371,1.13494,1.03441,1.06565,1.13842,1.11777,1.17554,1.15205,1.04441
1.06594,1.34689,1.13881,1.31569,1.05061,1.22092,1.11142,1.08595,1.07288,1.10667,1.14794,1.11022,1.07177,1.11809,0.96378,1.1263,1.21468,1.07257,1.04107,1.03027,1.11613,1.25286,1.12144,1.18999,1.15583,1.11634,1.25405,0.980901,1.1726,1.38314,1.22522,1.16968,1.27223,1.11148,1.09185,1.0514,1.09133,1.19499,1.00649,1.10675,1.08721,1.07625,1.09494,1.03189,1.06907,1.10089,1.0608,1.1647,1.1473,1.06431,1.05457,1.3172,1.0215,1.00484,1.11422,0.991059,1.17006,1.10625,1.09492,1.14991,1.49242,1.07309,1.03952,1.08649,1.38526,1.16573,1.06512,1.06783,1.14027,1.05139,1.29029,1.31157,1.0654,1.26833,1.10689,1.21227,1.13465,1.09065,1.08931,0.928941,1.20134,1.06128,1.21727,1.11353,1.04267,1.03284,1.16584,1.07822,1.06667,1.17385,1.24287,1.1161,1.13472,1.04683,1.08193,1.12442,1.09547,1.17906,1.14844,1.07739
1.06249,1.28792,1.09371,1.34086,1.07236,1.23885,1.10085,1.10443,1.0783,1.13397,1.10696,1.10065,1.04815,1.11225,1.00493,1.12896,1.21429,1.06041,1.05915,1.01833,1.08665,1.22558,1.11438,1.17855,1.10877,1.07672,1.24498,0.982558,1.14579,1.3696,1.22445,1.15502,1.24107,1.11846,1.09892,1.06492,1.16843,1.18318,1.01204,1.08159,1.05511,1.07932,1.08494,1.04517,1.0462,1.10956,1.04707,1.1553,1.13988,1.05074,1.08996,1.31371,1.02513,1.03061,1.0891,0.955227,1.14292,1.09026,1.13698,1.14981,1.49053,1.03411,1.03178,1.12294,1.39273,1.11974,1.07144,1.07798,1.14396,1.04253,1.28169,1.30651,1.0399,1.246,1.10444,1.22639,1.12875,1.09895,1.09355,0.911132,1.16587,1.062,1.19515,1.11885,1.01906,1.01418,1.16338,1.086,1.06456,1.14749,1.30154,1.12219,1.1346,1.09066,1.06052,1.16185,1.12555,1.16045,1.13566,1.07919
1.06288,1.32991,1.1237,1.36965,1.07103,1.1912,1.11828,1.0684,1.06649,1.16814,1.07271,1.08206,1.04752,1.09039,1.00275,1.12294,1.23005,1.05791,1.07109,1.00683,1.08724,1.25636,1.11297,1.16642,1.08703,1.07525,1.2567,1.00116,1.2157,1.36387,1.21808,1.14792,1.23804,1.10898,1.11489,1.04716,1.15767,1.19243,1.01159,1.13189,1.04465,1.05523,1.09895,1.07545,1.06637,1.14658,1.04157,1.14571,1.14209,1.05132,1.05134,1.30183,0.977606,1.03434,1.0599,0.962656,1.13128,1.06575,1.08832,1.15953,1.49084,1.06339,1.06579,1.13076,1.38084,1.12985,1.03641,1.05947,1.14061,1.04303,1.2764,1.35596,1.06013,1.27775,1.08891,1.24226,1.13218,1.11178,1.07112,0.891454,1.19018,1.02929,1.18481,1.07932,1.01087,1.00857,1.16317,1.06322,1.0155,1.11082,1.29601,1.14206,1.11109,1.09165,1.09669,1.14598,1.1272,1.13052,1.14845,1.09294
1.05336,1.30233,1.07573,1.37848,1.03762,1.19367,1.1074,1.01963,1.05908,1.19891,1.0515,1.06301,1.00524,1.0965,1.03149,1.11481,1.26622,1.07485,1.06728,1.01419,1.05381,1.26068,1.11091,1.14501,1.04635,1.07832,1.26605,0.998388,1.17503,1.37735,1.23639,1.18563,1.27414,1.10143,1.07027,1.05392,1.16981,1.18888,0.988831,1.09344,1.05008,1.08396,1.12698,1.06489,1.0656,1.10391,1.03698,1.13411,1.16765,1.05382,1.06298,1.32818,0.940854,1.04696,1.08667,0.937094,1.18074,1.02682,1.06808,1.14335,1.5126,1.03319,1.08371,1.1445,1.37788,1.08663,1.01859,1.07405,1.12822,1.05494,1.26363,1.37142,1.05831,1.30377,1.08847,1.23078,1.12721,1.0857,1.10544,0.911029,1.1647,1.0225,1.18188,1.10889,1.01081,1.02727,1.15503,1.07577,1.04416,1.09489,1.30163,1.11263,1.12286,1.09559,1.0778,1.13259,1.12227,1.15052,1.1755,1.08537
1.0418,1.31098,1.07779,1.36538,1.05169,1.18391,1.11453,1.00764,1.09009,1.1958,1.05812,1.03081,0.98681,1.10978,1.02164,1.12248,1.2497,1.05579,1.01552,0.999818,1.06004,1.25099,1.13671,1.17872,1.05984,1.09069,1.24162,1.00058,1.19386,1.39794,1.2253,1.20041,1.28522,1.06711,1.0706,1.0304,1.19247,1.19987,0.965634,1.08812,1.05243,1.09521,1.09632,1.02863,1.07079,1.09516,1.02367,1.16413,1.14795,1.06894,1.08907,1.32094,0.936494,1.03633,1.08583,0.933726,1.19341,1.06316,1.07005,1.19331,1.48379,1.04995,1.03647,1.13169,1.39287,1.05133,1.04222,1.04978,1.10402,1.03229,1.23599,1.36333,1.06599,1.27249,1.0803,1.20749,1.10843,1.08766,1.09359,0.898831,1.16295,1.03178,1.19971,1.08545,0.994897,0.978857,1.13709,1.04187,1.0348,1.11087,1.28164,1.10795,1.13834,1.13373,1.10176,1.12118,1.09574,1.17349,1.13099,1.04764
1.01239,1.30174,1.07126,1.37482,1.0407,1.16994,1.08988,1.0118,1.0809,1.17199,1.04831,1.05636,1.00139,1.07405,0.986183,1.1268,1.22442,1.05063,1.01661,0.977856,1.07584,1.25498,1.12519,1.18297,1.07848,1.11181,1.279,0.984205,1.16636,1.41529,1.22945,1.18904,1.30686,1.03889,1.07533,1.05073,1.15932,1.20629,0.968294,1.06977,1.06541,1.10445,1.10589,1.0417,1.03041,1.11087,1.01062,1.16663,1.19927,1.02642,1.06554,1.33783,0.939987,1.00293,1.11382,0.958642,1.15287,1.06747,1.05939,1.16428,1.45261,1.04815,1.05274,1.15191,1.36949,1.11309,1.06972,1.03725,1.10389,1.01744,1.27639,1.35949,1.07283,1.26132,1.09336,1.19078,1.10881,1.09384,1.10697,0.90755,1.21325,1.01909,1.21062,1.10805,1.01449,1.03051,1.10855,1.03782,0.997085,1.12054,1.30145,1.09748,1.14257,1.11458,1.1085,1.13487,1.06177,1.12535,1.14349,1.0304
1.03054,1.28029,1.0748,1.40716,1.04208,1.18251,1.09328,1.05125,1.0884,1.18021,1.05016,1.05613,0.982211,1.10013,0.950977,1.14822,1.19707,1.05871,1.03221,0.95078,1.09803,1.25711,1.09206,1.16074,1.1068,1.09145,1.29431,0.969832,1.11305,1.42401,1.23657,1.2169,1.32712,1.05891,1.06301,1.06415,1.15111,1.20422,0.979095,1.04646,1.07308,1.08501,1.0876,1.02117,1.00523,1.11608,0.996006,1.15875,1.18913,1.0098,1.05003,1.29665,0.983987,1.0153,1.09526,0.938082,1.13777,1.05575,1.02146,1.15019,1.41593,1.01178,1.03413,1.13995,1.39481,1.11816,1.04448,1.02731,1.04091,1.00534,1.25418,1.35253,1.05203,1.29157,1.09137,1.19387,1.093,1.10471,1.0954,0.912029,1.22566,1.00238,1.21853,1.11701,0.982373,1.01836,1.0955,1.02821,0.976291,1.11266,1.34087,1.09653,1.13725,1.06823,1.05698,1.15958,1.07177,1.11126,1.15316,1.01861
1.03618,1.32541,1.02902,1.41515,1.02936,1.21361,1.11706,1.04995,1.07773,1.15293,1.05838,1.06439,0.988148,1.0909,0.952962,1.17914,1.1765,1.0247,1.07311,0.938071,1.11477,1.22761,1.07275,1.21702,1.09766,1.09701,1.32999,0.953498,1.12294,1.39857,1.21212,1.21739,1.32831,1.03878,1.06525,1.07208,1.13406,1.17376,1.03073,1.05705,1.04039,1.0936,1.10245,1.03739,0.995524,1.13349,1.00318,1.15025,1.17818,1.01617,1.06954,1.35105,0.975415,1.01196,1.10535,0.940148,1.14375,1.08259,1.0108,1.15322,1.47223,1.00335,1.02694,1.12514,1.37848,1.13132,1.05562,1.07233,1.00252,1.01101,1.25147,1.34808,1.00805,1.32238,1.09045,1.20295,1.06575,1.0814,1.08415,0.898601,1.2578,0.981036,1.25528,1.11615,1.00548,1.0019,1.1169,1.05291,0.973786,1.09807,1.31867,1.10412,1.13542,1.08502,1.0349,1.17467,1.12262,1.11168,1.15198,0.990211
1.00988,1.33089,1.01775,1.39696,0.98206,1.24732,1.1369,0.996178,1.08539,1.11144,1.05746,1.02782,0.993596,1.08422,0.966724,1.14124,1.17123,1.04129,1.07622,0.952244,1.07137,1.19008,1.07951,1.21501,1.11543,1.09381,1.29269,0.91493,1.09391,1.37752,1.19141,1.24542,1.28925,1.05255,1.09695,1.09654,1.12313,1.18223,0.993702,1.05371,1.04142,1.0989,1.10923,1.02517,0.964115,1.13847,0.988166,1.16627,1.14374,1.03613,1.04406,1.36659,0.969063,1.02767,1.05757,0.945672,1.1594,1.05664,1.01751,1.14247,1.46871,0.994804,1.0273,1.06536,1.36764,1.12082,1.06898,1.10339,0.992988,1.0191,1.2072,1.36565,0.994282,1.35088,1.06396,1.21124,1.07156,1.06554,1.06293,0.880557,1.21638,0.97232,1.22732,1.13471,1.04577,1.01954,1.14364,1.07647,0.993812,1.11234,1.30335,1.09786,1.17395,1.06294,1.04555,1.14714,1.12116,1.10012,1.12841,1.00224
1.04005,1.35177,0.989875,1.39542,1.00089,1.21801,1.12022,0.976805,1.10601,1.08945,1.06324,1.03583,0.993037,1.04054,0.959483,1.14923,1.23296,1.01287,1.0888,0.966452,1.04514,1.18439,1.08299,1.20462,1.08104,1.09627,1.24249,0.918413,1.09,1.38669,1.19571,1.27899,1.26337,1.03095,1.08405,1.07347,1.119,1.16773,0.957126,1.0704,1.03118,1.11017,1.08572,1.0239,0.954648,1.14853,0.995434,1.17196,1.13651,1.05087,1.059,1.38965,0.962897,1.02395,1.06564,0.986312,1.14017,1.04698,1.06102,1.15035,1.44339,0.97605,1.0377,1.05762,1.3459,1.10019,1.04528,1.04867,0.997648,1.03763,1.2191,1.38459,0.947406,1.37907,1.09592,1.1453,1.07013,1.02619,1.06485,0.916383,1.23358,1.00053,1.24348,1.09397,1.07193,1.01869,1.1401,1.10361,0.986336,1.06704,1.30856,1.06428,1.13914,1.07487,1.06362,1.12812,1.11898,1.07839,1.09909,0.993715
1.04931,1.35717,0.997363,1.41089,0.98933,1.20041,1.09754,0.957386,1.11597,1.09902,1.06099,1.02036,0.980472,1.07334,0.972405,1.13475,1.22696,1.00029,1.0373,0.950727,1.03048,1.20186,1.08749,1.18363,1.02544,1.1057,1.22427,0.943076,1.11133,1.3906,1.24684,1.31027,1.26476,1.03927,1.01828,1.08598,1.1049,1.16823,0.919892,1.09065,1.01133,1.13461,1.06897,1.02713,0.958644,1.16807,0.963231,1.16977,1.12631,1.05458,1.05324,1.41302,0.969486,1.01961,1.05266,0.977644,1.13312,1.04154,1.03497,1.14855,1.46624,0.945262,1.02664,1.08439,1.35052,1.08749,1.03597,1.04571,1.02554,1.05672,1.20581,1.40979,0.957771,1.3699,1.07446,1.14567,1.07896,1.03293,1.06756,0.908628,1.23404,0.99689,1.18832,1.09363,1.0952,1.02467,1.16375,1.0834,0.993628,1.05885,1.33834,1.05089,1.16495,1.07726,1.06926,1.15963,1.11386,1.07119,1.06212,1.03287
1.06623,1.31946,1.01635,1.41773,1.01283,1.22381,1.119,0.966347,1.14295,1.07987,1.02568,1.02167,0.947426,1.08541,0.981014,1.11368,1.1837,0.991103,1.04277,0.958228,1.00956,1.19271,1.07919,1.17163,1.0162,1.12231,1.22241,0.940833,1.1287,1.43902,1.22975,1.27987,1.27916,1.0705,0.999545,1.08567,1.10743,1.19704,0.928818,1.11454,1.04421,1.13225,1.07725,1.0161,0.941997,1.1374,0.979531,1.13503,1.1146,1.05627,1.04456,1.41372,0.957496,0.976851,1.08337,0.973252,1.12496,1.0393,1.03133,1.18737,1.4845,0.935992,1.01651,1.09051,1.29466,1.08427,1.04011,1.02561,1.05112,1.05452,1.22834,1.38545,0.959489,1.3564,1.07903,1.2002,1.04421,0.994795,1.08189,0.893859,1.22817,1.02507,1.1729,1.05487,1.04348,1.0497,1.1532,1.08706,0.949755,1.08425,1.32783,1.042,1.15522,1.08713,1.08394,1.17455,1.10706,1.03371,1.06703,1.04554
1.06805,1.35358,1.04679,1.35166,1.00346,1.24224,1.11702,0.971192,1.14724,1.02556,1.01144,1.01,0.920508,1.07541,0.994652,1.09682,1.16808,0.982501,1.00926,0.947635,0.999411,1.19925,1.06629,1.13821,1.03951,1.14197,1.24282,0.960129,1.16535,1.41852,1.26783,1.29926,1.26043,1.05473,0.992655,1.10145,1.08401,1.17476,0.944775,1.09644,1.03824,1.12903,1.03401,1.0194,0.978347,1.13886,0.967958,1.13385,1.11365,1.06594,1.02115,1.40056,0.983998,0.956754,1.07412,0.967056,1.07728,1.02862,1.04317,1.21482,1.50318,0.928699,0.991868,1.09768,1.29081,1.05066,1.01963,1.01321,1.02156,1.02976,1.22594,1.39318,0.954028,1.36415,1.06647,1.18674,1.0863,0.979613,1.07447,0.908645,1.21076,0.997416,1.15902,1.08016,1.04783,1.03562,1.12195,1.06864,0.945054,1.07911,1.30934,1.05634,1.14447,1.07144,1.07726,1.18032,1.06915,1.04505,1.0847,1.02566
1.05844,1.33801,1.04597,1.32615,0.946103,1.24792,1.08379,0.963574,1.12055,1.04782,1.02186,1.01494,0.915266,1.11594,1.01378,1.0868,1.1883,0.991874,1.06516,0.95908,0.981093,1.18756,1.0358,1.12584,1.04319,1.11094,1.23837,0.968238,1.1884,1.45673,1.27023,1.27756,1.25339,1.04775,0.970302,1.06806,1.06089,1.17404,0.952029,1.10743,1.06588,1.1348,1.03636,1.0161,1.00241,1.09835,0.95317,1.12703,1.11506,1.08534,1.00822,1.40438,0.979868,0.932173,1.08329,0.939913,1.06332,1.0404,1.03764,1.2176,1.51223,0.940031,1.00378,1.12582,1.2939,1.08026,0.999271,1.02266,1.02806,1.05963,1.20866,1.38419,0.952642,1.40583,1.06447,1.18758,1.0702,0.992501,1.05371,0.889623,1.17554,0.982562,1.1496,1.07681,1.03978,1.0139,1.14192,1.06837,0.952151,1.06452,1.32088,1.04248,1.15515,1.06141,1.0762,1.1805,1.08432,1.00688,1.07313,1.03051
1.05368,1.33588,1.02937,1.35625,0.95608,1.24825,1.05071,0.932095,1.14127,1.02971,1.01153,1.0138,0.916634,1.13192,0.996964,1.06571,1.17759,0.991346,1.06978,0.975588,0.983684,1.19073,1.06378,1.12201,1.03566,1.09029,1.24919,0.95706,1.18856,1.46748,1.28973,1.28315,1.28126,1.0454,0.979684,1.046,1.04067,1.1622,0.971922,1.10951,1.06407,1.13354,1.05421,0.994206,1.01787,1.09294,0.949418,1.14967,1.10246,1.10477,1.00455,1.41826,0.964857,0.945977,1.07694,0.92348,1.03477,1.01827,1.07238,1.17374,1.50769,0.945999,1.00206,1.10317,1.30385,1.08724,1.00905,1.02467,0.996924,1.05333,1.24725,1.43005,0.992551,1.43028,1.03811,1.12858,1.10453,1.01861,1.03821,0.834728,1.20247,0.978619,1.15921,1.0691,1.03721,0.980968,1.13816,1.07234,0.932259,1.08385,1.30873,1.05358,1.18609,1.07506,1.05102,1.16674,1.09771,1.02651,1.08074,1.0258
1.02514,1.3616,1.01113,1.3628,0.929373,1.2913,1.02664,0.948712,1.13124,0.99369,1.04028,0.981421,0.927429,1.15404,1.00317,1.11037,1.18249,0.988168,1.04043,0.978048,1.00331,1.20192,1.0559,1.12674,1.07678,1.12137,1.26725,0.966708,1.21382,1.48252,1.27424,1.22574,1.29794,1.03476,0.961616,1.00236,1.04233,1.18286,0.961461,1.08463,1.08992,1.14702,1.02839,0.984411,1.0233,1.04759,0.92682,1.15762,1.06354,1.07422,1.04756,1.39616,0.970615,0.977236,1.04368,0.946604,1.03851,1.01361,1.04847,1.16746,1.50536,0.9286,1.02016,1.12446,1.31199,1.09969,1.00064,1.05091,1.02559,1.02928,1.23996,1.464,1.01239,1.44839,0.999647,1.12603,1.06211,1.01418,1.04809,0.823118,1.17331,0.990638,1.18367,1.07551,1.03803,1.01037,1.10968,1.06995,0.904898,1.09253,1.32943,1.04972,1.24241,1.05806,1.0605,1.18591,1.102,1.02753,1.08371,1.027
0.989084,1.39398,0.9928,1.34633,0.91047,1.30926,1.03724,0.92728,1.09868,0.998922,1.05503,1.00375,0.919055,1.13108,0.978784,1.07767,1.19173,0.991401,1.03128,0.999289,1.00817,1.20137,1.08339,1.12518,1.0794,1.09872,1.20285,0.968891,1.1609,1.48981,1.23739,1.26622,1.29147,1.02257,0.97085,1.0337,1.03502,1.15477,0.91421,1.11322,1.11499,1.13287,1.01671,1.01594,1.01114,1.05605,0.915199,1.1706,1.07622,1.09209,1.06311,1.39839,0.969058,0.989423,1.04321,0.969212,1.01935,1.01638,1.0572,1.17677,1.47585,0.929731,0.992315,1.1097,1.29852,1.10705,0.990472,1.0828,1.00945,1.01807,1.23637,1.48811,1.03139,1.46753,0.984477,1.10487,1.02722,1.00005,1.03373,0.833576,1.16195,0.991468,1.20022,1.08326,1.02703,1.03209,1.11348,1.08455,0.942467,1.09985,1.34141,1.07381,1.29256,1.07877,1.0588,1.18731,1.08996,0.988475,1.06203,1.00116
0.965745,1.4297,1.02875,1.34187,0.927369,1.27788,1.04314,0.904306,1.10996,0.998114,1.00744,1.0171,0.912578,1.13817,0.967054,1.1168,1.17901,0.982378,1.00185,0.960139,1.00446,1.17685,1.09775,1.11268,1.06023,1.12762,1.20065,1.01762,1.17841,1.49648,1.22604,1.26909,1.30928,1.01613,0.951958,1.00932,1.07153,1.14244,0.926562,1.10678,1.11417,1.15147,1.01592,0.991299,1.00426,1.07992,0.907089,1.12232,1.09903,1.07496,1.07813,1.39138,0.997133,0.98305,1.06341,0.966041,1.01172,1.03223,1.05477,1.17996,1.43875,0.920468,0.989871,1.14089,1.27813,1.06721,1.0135,1.05506,0.99514,1.00591,1.23293,1.47784,1.01377,1.44921,1.00033,1.17083,1.05894,0.978516,1.01765,0.88667,1.13096,1.01611,1.21845,1.11871,1.0483,1.00339,1.12504,1.05106,0.908991,1.09526,1.31591,1.05948,1.27338,1.09011,1.05879,1.17066,1.07477,0.962818,1.06911,0.948296
0.976473,1.34526,0.999915,1.37191,0.906078,1.26755,1.04183,0.94716,1.07215,1.00614,0.977003,1.02856,0.917642,1.09777,0.962417,1.1305,1.20789,0.980236,1.02602,0.956839,0.992415,1.21523,1.07691,1.14384,1.07349,1.09431,1.20095,1.0355,1.15179,1.52007,1.20011,1.27506,1.31043,1.02615,0.941533,1.02161,1.04478,1.15217,0.917803,1.11227,1.13078,1.16299,1.01695,1.01302,0.987979,1.05844,0.906838,1.11183,1.10465,1.08921,1.05291,1.38802,1.004,1.00809,1.06691,0.982586,1.02973,1.0215,1.04867,1.17832,1.44774,0.927029,0.963016,1.11652,1.2734,1.04795,0.986771,1.06837,0.965184,0.983873,1.26746,1.45432,1.0059,1.47505,1.00236,1.16941,1.03486,0.97493,1.03583,0.884112,1.14695,1.00424,1.19495,1.12275,1.05794,0.988194,1.09263,1.03551,0.894871,1.11401,1.31433,1.0267,1.28867,1.10675,1.03798,1.18026,1.09097,0.966367,1.04532,0.960594
1.00576,1.33929,0.996596,1.39671,0.920051,1.28308,1.04861,0.939031,1.0469,1.00267,0.963476,1.06908,0.908497,1.09063,0.953093,1.13585,1.21157,0.997471,1.00724,0.949681,0.962072,1.20874,1.06627,1.13938,1.05601,1.08116,1.17602,0.994909,1.14628,1.51603,1.22375,1.26835,1.3292,1.01295,0.946906,1.02954,1.06461,1.15338,0.908692,1.12173,1.12557,1.16802,1.03032,0.998938,0.982854,1.04203,0.915227,1.1012,1.11172,1.07103,1.05642,1.37597,1.00242,1.00044,1.09621,0.965866,1.05862,1.02323,1.05467,1.18513,1.39808,0.932576,1.00015,1.10179,1.26588,1.03007,0.972157,1.04077,0.959362,0.97248,1.28204,1.44586,0.987637,1.44107,1.00759,1.14161,1.00956,0.948264,1.0353,0.922813,1.15566,0.954588,1.17752,1.13034,1.00641,1.00924,1.0782,1.02052,0.88587,1.11613,1.32266,1.02026,1.3037,1.11172,1.04526,1.15927,1.08542,0.973731,1.03497,0.985737
1.00606,1.33979,0.981048,1.3767,0.949001,1.33623,1.03277,0.917131,1.06408,1.03073,0.981897,1.03,0.894662,1.03898,0.95655,1.11435,1.19795,1.04478,0.998839,0.939729,0.942846,1.21002,1.06704,1.1176,1.08736,1.10666,1.20719,1.0195,1.20687,1.54563,1.21268,1.27605,1.32982,0.994313,0.966958,1.05788,1.06042,1.11706,0.888544,1.14778,1.06583,1.12293,1.03338,0.991429,1.00492,1.02532,0.94969,1.11014,1.0973,1.04445,1.04365,1.36395,1.01288,1.00675,1.08651,0.988992,1.04586,1.05255,1.05883,1.22488,1.44754,0.92627,0.985285,1.0428,1.27197,1.06366,0.974928,1.02134,0.932978,0.971165,1.2798,1.45145,0.996805,1.42026,0.965024,1.14103,1.03235,0.940317,1.04384,0.863684,1.17468,0.951564,1.1844,1.13535,1.00444,1.01887,1.08372,1.01752,0.883683,1.09737,1.32359,0.992602,1.28118,1.09176,1.0309,1.13146,1.09774,0.966444,1.03025,1.01314
0.993703,1.35302,0.971067,1.37656,0.94926,1.31553,1.06044,0.881774,1.05723,1.05147,0.987702,1.07457,0.894782,1.05927,0.976659,1.10185,1.19292,1.05641,1.01181,0.948574,0.917774,1.20238,1.05824,1.10167,1.10984,1.11819,1.21296,1.00624,1.21085,1.57536,1.2475,1.29043,1.34245,0.991463,1.00795,1.06797,1.07875,1.10733,0.890707,1.13201,1.0711,1.14629,1.00514,0.977288,1.01413,1.00355,0.973312,1.12966,1.12499,1.01136,1.03162,1.37202,1.02519,0.984916,1.05295,0.954099,1.02949,1.04362,1.0577,1.22409,1.46881,0.948607,0.963512,1.06759,1.29791,1.07985,0.947223,1.00456,0.976916,0.990553,1.24394,1.45168,1.00883,1.43218,0.985816,1.12038,1.03224,0.950637,1.07209,0.855948,1.2219,0.948615,1.21243,1.1729,0.967387,1.0335,1.07245,1.00962,0.90448,1.08453,1.28399,1.00839,1.24902,1.0854,1.00909,1.11075,1.06338,0.909783,1.00277,1.03038
1.00321,1.3621,0.965022,1.37509,0.950779,1.34031,1.0599,0.892383,1.0842,1.05507,1.05174,1.06151,0.868333,1.04167,0.956633,1.10021,1.20925,1.08387,1.04133,0.959429,0.924722,1.20905,1.0823,1.11116,1.07356,1.12991,1.17118,1.01436,1.22801,1.62505,1.25507,1.3091,1.42932,0.989069,1.01962,1.07329,1.06992,1.11535,0.921139,1.13314,1.07883,1.15813,1.0292,0.956822,1.02378,1.01656,0.972831,1.10755,1.10991,1.01708,1.0087,1.38026,1.01813,0.991844,1.03818,0.916959,1.0414,1.05263,1.08256,1.25149,1.51462,0.966752,0.972789,1.06649,1.2916,1.08027,0.936177,0.985677,0.929196,1.00528,1.26822,1.4892,0.990399,1.41648,0.991817,1.17317,1.02683,0.964875,1.06346,0.848289,1.23974,0.959268,1.17724,1.12664,0.983442,1.02597,1.07336,1.05188,0.934196,1.06854,1.30302,1.00734,1.26041,1.05433,1.01206,1.09187,1.03208,0.954949,1.01579,1.00978
