3433,3441,3392,3467,3380,3481,3452,3456,3476,3418,3374,3398,3425,3371,3460,3390,3358,3389,3438,3383,3398,3435,3321,3408,3453,3427,3489,3399,3434,3489,3469,3510,3501,3382,3368,3358,3394,3403,3463,3502,3434,3443,3459,3375,3440,3464,3338,3424,3444,3397,3298,3379,3453,3492,3396,3453,3414,3444,3431,3447,3497,3471,3496,3409,3468,3450,3394,3379,3510,3432,3456,3396,3452,3409,3448,3530,3366,3502,3439,3469,3397,3406,3493,3365,3470,3497,3392,3404,3323,3402,3468,3413,3491,3402,3376,3454,3408,3368,3494,3407
3994,4080,3897,4073,3987,4112,4051,3999,3971,3916,3902,4010,3993,3951,4063,3977,3869,3984,4029,3955,3959,3992,3866,3986,3983,3979,4060,3938,3955,4075,4093,4105,4095,3952,3948,3986,3903,3931,4078,4038,3946,4013,3985,3989,3981,4057,3842,4007,3987,3997,3865,3959,3953,4057,3983,4067,3987,4002,3940,3975,4023,4070,4067,3924,4068,4056,3935,3999,4115,4006,4065,3959,4074,4022,4046,4046,3910,4021,4015,4080,3906,3998,4089,3928,4086,4072,3950,3933,3914,3951,3982,3927,4079,3952,3970,4060,4053,3935,4051,3945
4613,4656,4556,4783,4704,4879,4731,4621,4673,4617,4554,4682,4711,4601,4762,4610,4502,4679,4704,4624,4648,4710,4547,4628,4719,4711,4755,4637,4648,4740,4724,4743,4827,4626,4567,4726,4610,4589,4790,4667,4681,4694,4668,4647,4690,4700,4507,4749,4694,4697,4527,4628,4640,4717,4668,4767,4669,4696,4607,4641,4734,4737,4757,4570,4784,4718,4576,4659,4786,4699,4781,4662,4733,4691,4769,4734,4587,4735,4736,4786,4592,4727,4788,4582,4769,4715,4651,4646,4564,4604,4703,4576,4793,4595,4682,4710,4756,4593,4737,4644
5220,5244,5184,5367,5286,5490,5296,5223,5275,5199,5128,5264,5271,5226,5359,5256,5055,5236,5342,5248,5198,5313,5185,5249,5348,5312,5386,5164,5287,5357,5319,5335,5412,5232,5205,5387,5258,5216,5394,5258,5307,5298,5211,5315,5292,5240,5125,5335,5230,5345,5093,5185,5182,5255,5327,5440,5251,5306,5181,5237,5391,5297,5399,5178,5472,5357,5135,5254,5335,5291,5445,5278,5340,5297,5379,5323,5153,5218,5299,5419,5249,5361,5329,5172,5291,5344,5231,5244,5182,5153,5223,5160,5412,5219,5304,5298,5372,5215,5274,5193
5659,5682,5631,5811,5709,5931,5708,5648,5747,5679,5533,5701,5699,5731,5776,5695,5513,5722,5832,5688,5601,5734,5662,5729,5788,5777,5866,5602,5747,5808,5729,5817,5849,5679,5706,5836,5724,5690,5833,5713,5755,5765,5658,5803,5810,5674,5504,5770,5692,5860,5595,5618,5651,5714,5760,5929,5706,5712,5658,5737,5823,5724,5906,5602,5923,5830,5564,5700,5833,5723,5969,5747,5795,5746,5864,5712,5495,5676,5764,5893,5781,5801,5764,5606,5700,5794,5627,5708,5683,5587,5693,5646,5834,5604,5779,5707,5878,5747,5710,5603
5974,5933,5895,6045,6066,6250,5941,5930,6032,5977,5769,6003,6023,6037,6088,6022,5815,6028,6083,5998,5912,5935,5883,5984,6106,6074,6185,5900,6077,6069,5981,6048,6155,6007,5989,6151,5980,5947,6135,6034,6018,6068,5910,6091,6073,5947,5765,6004,5963,6132,5951,5865,5904,5959,6047,6240,5987,5964,5909,6036,6169,5994,6184,5868,6300,6088,5885,5970,6086,5976,6265,6002,6083,5968,6199,5985,5649,5916,5997,6173,6123,6098,6029,5878,6016,6070,5890,5953,5959,5780,5971,6011,6137,5838,6024,5959,6167,6044,5959,5893
5929,5798,5809,5877,5930,6210,5822,5800,5961,5910,5665,5896,5944,5956,6060,5952,5757,5926,5965,5914,5823,5763,5836,5908,6065,5979,6136,5821,6063,5942,5864,5943,6108,5923,5902,6065,5890,5871,6035,5947,5921,5913,5875,5998,6019,5871,5617,5938,5901,6079,5854,5707,5822,5818,6020,6190,5937,5891,5828,5913,6162,5868,6099,5780,6223,6021,5722,5854,6022,5890,6194,5923,6005,5830,6121,5893,5549,5817,5912,6084,6088,6005,5799,5744,5951,5982,5806,5973,5872,5736,5819,6022,6035,5749,5883,5815,6113,6015,5818,5811
5425,5240,5271,5348,5396,5641,5330,5305,5435,5450,5153,5376,5426,5540,5487,5490,5292,5390,5466,5473,5241,5214,5393,5422,5588,5485,5560,5362,5627,5376,5394,5504,5614,5364,5440,5660,5338,5431,5510,5509,5465,5419,5316,5525,5515,5302,5052,5412,5312,5598,5428,5106,5319,5251,5531,5712,5370,5312,5288,5447,5712,5358,5601,5219,5714,5444,5141,5409,5534,5353,5757,5363,5566,5297,5617,5267,4957,5232,5395,5656,5617,5533,5243,5223,5410,5457,5238,5493,5466,5201,5316,5539,5515,5236,5282,5246,5660,5597,5279,5311
5089,4900,4930,4983,5084,5308,5001,5013,5117,5164,4870,5078,5106,5183,5157,5208,4994,5104,5190,5223,4862,4937,5058,5061,5284,5065,5226,5043,5346,4965,5099,5191,5300,5158,5133,5286,5047,5116,5199,5223,5139,5123,5035,5185,5212,4952,4745,5143,4962,5305,5124,4860,4962,4902,5295,5489,5089,4954,4922,5175,5495,5047,5276,4932,5437,5100,4809,5164,5096,5047,5418,5061,5259,4939,5244,5003,4597,4990,5050,5332,5302,5174,4905,4927,5109,5146,4985,5175,5161,4922,5087,5266,5157,5008,5011,4850,5368,5342,4965,5018
4812,4633,4636,4662,4817,4990,4666,4742,4799,4899,4575,4787,4726,4862,4892,4957,4718,4763,4869,4946,4578,4616,4693,4818,5039,4738,4840,4821,5108,4642,4754,4949,4989,4843,4911,4971,4741,4850,4925,4930,4764,4860,4744,4863,4901,4628,4434,4856,4658,4978,4787,4553,4650,4636,4993,5148,4714,4670,4544,4876,5198,4765,4997,4763,5137,4816,4549,4850,4850,4770,5140,4803,4997,4620,4909,4684,4319,4659,4739,4990,5000,4800,4570,4645,4809,4855,4690,4881,4890,4666,4783,4974,4822,4761,4665,4489,5080,5028,4660,4746
4521,4339,4442,4382,4500,4626,4438,4425,4514,4530,4261,4507,4422,4510,4614,4714,4415,4449,4687,4601,4249,4305,4414,4468,4727,4427,4562,4562,4846,4317,4396,4680,4664,4570,4601,4621,4395,4568,4634,4694,4464,4547,4427,4552,4649,4302,4160,4548,4345,4651,4403,4291,4371,4317,4667,4822,4355,4370,4213,4623,4856,4554,4676,4497,4840,4401,4240,4643,4494,4428,4799,4469,4722,4348,4595,4433,3995,4370,4404,4641,4685,4444,4258,4327,4572,4546,4401,4565,4586,4367,4504,4676,4482,4454,4293,4203,4710,4702,4340,4503
4166,4098,4191,4150,4210,4346,4221,4179,4224,4247,3990,4191,4137,4193,4352,4440,4097,4177,4482,4366,3953,4008,4171,4194,4395,4127,4235,4319,4538,4012,4095,4444,4405,4304,4303,4282,4083,4372,4422,4455,4242,4224,4108,4268,4283,3979,3926,4260,4105,4391,4065,4011,4130,4075,4437,4553,4076,4118,3899,4287,4465,4301,4385,4216,4556,4129,3960,4404,4224,4160,4515,4215,4408,4121,4229,4195,3761,4095,4107,4381,4329,4135,3954,4093,4368,4237,4158,4256,4319,4123,4273,4350,4153,4191,3951,3914,4405,4365,4063,4263
3834,3903,3946,3903,3935,4053,3939,3881,3948,4009,3696,3895,3794,3866,4109,4156,3811,3939,4314,4079,3671,3763,3965,3950,4118,3750,3907,4056,4271,3788,3855,4175,4088,4057,4026,4041,3860,4095,4221,4204,3910,3898,3869,3961,3894,3709,3719,4021,3812,4093,3801,3789,3933,3846,4075,4239,3784,3889,3586,3974,4090,4097,4155,3960,4189,3820,3615,4122,3919,3923,4200,3962,4147,3884,3954,3910,3519,3807,3883,4095,4023,3863,3677,3816,4111,3901,3880,3999,4098,3817,4011,4045,3842,3937,3657,3684,4066,4055,3835,3974
3566,3637,3686,3665,3672,3795,3697,3590,3656,3732,3395,3638,3535,3594,3879,3864,3533,3692,4027,3799,3449,3608,3765,3750,3841,3450,3636,3785,3972,3562,3638,3893,3842,3836,3758,3809,3590,3812,3984,3982,3720,3616,3602,3706,3585,3444,3510,3835,3559,3828,3505,3620,3722,3604,3795,3957,3484,3703,3259,3711,3715,3866,3838,3671,3881,3544,3379,3814,3626,3714,3891,3708,3858,3586,3654,3638,3268,3509,3612,3850,3738,3592,3429,3547,3830,3607,3613,3727,3848,3600,3794,3734,3580,3676,3371,3458,3835,3768,3638,3718
3341,3379,3469,3442,3471,3557,3473,3402,3410,3511,3143,3419,3298,3354,3641,3682,3334,3485,3811,3537,3269,3372,3545,3471,3610,3182,3382,3546,3726,3371,3431,3634,3605,3601,3578,3703,3378,3581,3773,3695,3520,3323,3408,3464,3296,3242,3343,3612,3351,3562,3241,3400,3483,3422,3515,3696,3246,3518,2965,3459,3433,3633,3603,3452,3583,3325,3125,3599,3476,3510,3626,3476,3625,3374,3414,3459,3079,3314,3376,3544,3473,3385,3195,3325,3618,3336,3375,3497,3582,3359,3611,3461,3384,3493,3154,3307,3611,3591,3414,3474
3053,3118,3296,3205,3141,3386,3226,3160,3126,3307,2996,3175,3076,3120,3409,3375,3051,3276,3595,3273,3085,3160,3316,3206,3351,2962,3147,3272,3426,3169,3231,3330,3344,3301,3366,3485,3169,3353,3526,3468,3323,3129,3203,3235,2987,3043,3096,3450,3161,3327,3032,3162,3233,3230,3275,3387,2949,3331,2785,3188,3208,3344,3397,3195,3319,3111,2902,3302,3275,3295,3358,3234,3405,3130,3156,3226,2791,3033,3177,3293,3266,3113,2936,3105,3366,3186,3143,3239,3366,3127,3381,3231,3241,3304,2872,3125,3392,3303,3208,3280
2886,2890,3102,2936,2905,3245,3017,2953,2908,3146,2764,2994,2906,2942,3179,3140,2893,3088,3381,3049,2991,2981,3082,2994,3119,2754,2981,3076,3170,2960,3013,3031,3155,3068,3176,3348,2991,3236,3314,3228,3155,2952,3076,3041,2777,2911,2911,3256,2989,3035,2824,2960,3032,2979,3019,3126,2731,3140,2610,2984,2927,3114,3201,2979,3018,2909,2721,3120,3126,3108,3136,3013,3213,2902,2960,3010,2594,2844,2953,3083,3117,2935,2720,2932,3163,2957,2922,2998,3104,2936,3160,3028,3094,3116,2696,2973,3198,3100,3007,3031
2685,2703,2928,2668,2722,3024,2774,2760,2675,3009,2623,2789,2708,2791,2995,2944,2692,2897,3154,2870,2870,2797,2824,2759,2925,2612,2779,2856,2962,2782,2785,2791,2901,2804,2971,3155,2815,3109,3091,3059,3026,2767,2927,2773,2597,2684,2741,3092,2807,2821,2675,2825,2788,2808,2815,2820,2525,2962,2464,2769,2740,2843,3015,2816,2768,2749,2571,2920,2950,2912,2949,2811,3002,2664,2769,2846,2403,2657,2836,2836,2909,2813,2529,2735,2981,2727,2741,2718,2884,2781,2973,2912,2917,2885,2527,2825,3061,2897,2760,2882
2549,2587,2760,2494,2574,2915,2593,2572,2469,2821,2489,2586,2571,2645,2862,2770,2582,2682,2966,2765,2773,2604,2665,2582,2712,2509,2609,2715,2745,2630,2620,2526,2697,2545,2834,2919,2615,2980,2954,2852,2878,2593,2770,2595,2450,2560,2581,2863,2698,2638,2522,2681,2594,2605,2658,2586,2335,2826,2342,2631,2612,2610,2874,2675,2620,2628,2452,2715,2754,2748,2711,2604,2817,2486,2613,2687,2281,2528,2720,2724,2785,2644,2358,2584,2823,2614,2581,2569,2672,2673,2759,2821,2759,2747,2312,2734,2898,2701,2579,2753
2355,2414,2545,2320,2399,2752,2418,2425,2294,2701,2337,2472,2508,2522,2708,2596,2450,2510,2745,2596,2650,2465,2524,2438,2487,2395,2436,2569,2526,2457,2432,2343,2563,2345,2669,2745,2466,2837,2751,2624,2751,2466,2681,2405,2312,2433,2448,2717,2551,2534,2435,2550,2464,2415,2486,2399,2206,2669,2233,2473,2436,2339,2714,2480,2464,2496,2306,2491,2620,2544,2510,2509,2589,2285,2489,2504,2100,2467,2513,2577,2628,2537,2222,2432,2694,2434,2501,2406,2483,2608,2586,2702,2632,2620,2189,2575,2757,2619,2416,2603
2217,2280,2354,2175,2210,2591,2270,2326,2164,2583,2255,2354,2392,2439,2531,2430,2312,2342,2573,2466,2509,2291,2444,2303,2303,2279,2261,2450,2417,2295,2290,2134,2445,2129,2495,2544,2354,2743,2564,2430,2570,2354,2550,2261,2237,2265,2331,2564,2439,2393,2299,2479,2369,2338,2327,2203,2109,2514,2142,2366,2335,2091,2499,2335,2330,2369,2182,2395,2526,2408,2325,2377,2418,2085,2395,2418,1984,2383,2399,2413,2516,2402,2127,2303,2570,2293,2431,2236,2318,2511,2450,2578,2534,2503,2066,2445,2637,2495,2294,2544
2112,2168,2225,2094,2123,2474,2183,2234,2087,2485,2144,2200,2325,2356,2393,2272,2222,2151,2397,2357,2500,2138,2370,2215,2123,2187,2155,2403,2333,2203,2199,1972,2351,2003,2368,2350,2234,2651,2435,2267,2477,2280,2408,2185,2187,2175,2193,2381,2375,2326,2158,2383,2283,2220,2217,2054,1983,2373,2096,2282,2274,1953,2346,2200,2216,2276,2119,2255,2383,2234,2153,2225,2290,1914,2284,2273,1823,2282,2219,2262,2407,2302,2012,2248,2446,2220,2335,2095,2156,2476,2311,2426,2456,2341,1979,2354,2440,2392,2169,2446
1959,2069,2119,1967,2034,2391,2083,2147,1984,2344,2074,2017,2274,2345,2282,2134,2142,2056,2231,2221,2376,2026,2226,2087,2002,2098,2003,2336,2197,2151,2102,1859,2275,1911,2232,2178,2151,2556,2299,2112,2327,2145,2319,2103,2102,2090,2134,2232,2290,2215,1984,2342,2183,2064,2126,1924,1887,2270,2035,2225,2196,1790,2219,2150,2110,2158,2054,2170,2281,2094,2000,2064,2147,1772,2187,2142,1781,2193,2045,2136,2369,2209,1893,2131,2345,2180,2251,2022,2023,2403,2190,2305,2356,2219,1880,2161,2359,2282,2074,2349
1837,2037,2065,1898,1921,2277,2026,2054,1904,2219,2018,1896,2189,2270,2098,2022,2068,1987,2117,2110,2275,1927,2172,1984,1929,1952,1915,2249,2117,2118,2028,1763,2173,1854,2076,2085,2067,2436,2209,2004,2220,2067,2199,2008,2062,2045,2057,2149,2238,2145,1887,2299,2100,1977,2027,1833,1841,2081,2006,2162,2155,1715,2071,2036,2029,2084,2051,2105,2195,1996,1838,2033,2086,1652,2118,2063,1703,2075,1918,2046,2308,2097,1769,2058,2265,2153,2172,1994,1943,2372,2089,2256,2277,2083,1842,2043,2308,2238,2026,2247
1720,1989,2038,1861,1850,2164,1922,1972,1854,2084,1947,1748,2158,2190,2005,1909,2016,1881,2012,2003,2131,1844,2068,1879,1848,1871,1924,2157,2050,2033,1991,1761,2092,1811,1948,1990,2011,2286,2109,1910,2153,1962,2118,1934,2014,1966,1978,2037,2139,2061,1793,2195,2072,1926,1974,1778,1768,1944,1968,2082,2110,1699,1978,1958,2001,2023,2066,1988,2084,1883,1749,1955,1966,1555,2013,1931,1722,1997,1828,1995,2266,2022,1745,2022,2216,2120,2120,1926,1857,2374,2026,2185,2212,1945,1748,1919,2201,2212,1973,2145
1623,1963,1979,1811,1789,2059,1853,1870,1798,1971,1852,1670,2135,2174,1948,1815,1986,1802,1912,1908,2008,1783,2015,1780,1799,1839,1875,2100,1969,1963,1937,1737,2007,1779,1873,1931,1951,2174,2047,1837,2030,1922,2065,1825,1968,1875,1904,2011,2022,1979,1771,2112,1972,1788,1852,1681,1737,1842,1920,2042,2104,1692,1875,1890,1981,2026,2084,1967,2059,1794,1686,1937,1887,1499,1942,1856,1672,1952,1723,1937,2258,1964,1690,1942,2178,2077,2074,1891,1808,2374,1979,2106,2171,1857,1684,1775,2156,2174,1885,2050
1543,1881,1973,1807,1726,1944,1792,1779,1720,1914,1840,1581,2072,2112,1873,1773,1978,1726,1878,1843,1933,1742,1940,1698,1777,1782,1849,2086,1891,1944,1891,1676,1906,1816,1796,1871,1909,2073,2035,1784,1981,1886,2034,1788,1917,1833,1853,1964,1935,1896,1682,2074,1937,1721,1851,1660,1712,1770,1873,1969,2037,1689,1803,1831,1991,1978,2107,1935,2070,1737,1646,1913,1825,1414,1847,1774,1652,1914,1684,1870,2265,1932,1631,1899,2129,2064,2031,1853,1767,2336,1929,2037,2067,1804,1611,1702,2089,2102,1892,1976
1473,1811,1965,1794,1717,1888,1793,1698,1664,1855,1783,1584,2024,2071,1795,1728,2017,1657,1796,1758,1851,1688,1885,1654,1759,1713,1805,2055,1845,1860,1848,1633,1833,1798,1771,1827,1930,2006,2013,1748,1967,1816,1915,1728,1843,1759,1824,1932,1878,1817,1632,1988,1908,1676,1811,1590,1715,1684,1831,1950,2025,1682,1734,1791,1992,1950,2111,1954,2094,1697,1638,1841,1753,1341,1805,1758,1660,1884,1657,1781,2294,1832,1624,1854,2095,2046,1968,1812,1764,2214,1912,1992,1978,1780,1548,1607,2012,2060,1848,1899
1448,1769,1962,1819,1711,1829,1790,1650,1605,1800,1765,1571,1980,2069,1765,1691,1992,1612,1778,1686,1802,1673,1851,1627,1765,1670,1772,2028,1767,1870,1789,1596,1794,1757,1744,1811,1941,1891,1995,1691,1935,1802,1861,1667,1775,1758,1791,1905,1824,1735,1603,1962,1864,1613,1793,1585,1696,1667,1780,1930,2041,1704,1691,1743,2027,1914,2102,1979,2067,1667,1600,1814,1728,1312,1764,1735,1708,1893,1667,1757,2330,1749,1596,1824,2010,2030,1933,1754,1710,2130,1861,1963,1945,1754,1485,1526,1956,2035,1810,1833
1511,1710,1936,1810,1632,1800,1836,1578,1582,1778,1782,1563,1905,2060,1716,1634,2014,1576,1771,1646,1758,1675,1809,1568,1736,1633,1743,1998,1703,1810,1817,1567,1737,1727,1736,1781,1990,1816,2006,1690,1936,1758,1828,1617,1770,1713,1763,1884,1791,1684,1569,1927,1848,1575,1756,1570,1712,1633,1725,1954,2039,1718,1667,1710,2020,1892,2076,1973,2037,1600,1544,1797,1672,1294,1689,1745,1742,1915,1672,1758,2306,1692,1568,1771,1920,2012,1876,1702,1695,2041,1797,1945,1883,1707,1489,1513,1906,1970,1742,1784
1532,1673,1900,1808,1605,1815,1833,1522,1559,1797,1795,1571,1901,2060,1707,1583,1950,1540,1757,1598,1738,1682,1784,1562,1741,1616,1722,1985,1687,1802,1804,1541,1687,1708,1763,1744,2017,1790,1984,1671,1922,1778,1810,1585,1670,1645,1753,1856,1748,1638,1520,1957,1832,1579,1724,1539,1718,1661,1675,1980,2061,1741,1633,1741,2018,1869,2042,2027,2071,1627,1552,1748,1641,1258,1627,1743,1760,1983,1648,1759,2368,1622,1576,1728,1895,1978,1827,1702,1665,2037,1734,1934,1868,1728,1488,1482,1844,1951,1727,1698
1596,1642,1851,1825,1593,1787,1777,1493,1555,1764,1788,1539,1898,2025,1733,1566,1945,1539,1728,1600,1716,1695,1771,1545,1766,1604,1704,1938,1631,1747,1852,1593,1691,1745,1776,1712,2027,1791,1945,1645,1915,1763,1756,1550,1610,1616,1737,1831,1711,1557,1483,1975,1822,1577,1708,1551,1674,1653,1625,1955,2060,1768,1640,1739,1988,1864,2025,2065,2037,1647,1542,1682,1625,1253,1601,1762,1763,1980,1597,1744,2361,1566,1532,1730,1883,1904,1824,1696,1643,1999,1725,1877,1801,1750,1521,1441,1847,1898,1701,1640
1672,1563,1821,1791,1593,1831,1796,1515,1572,1771,1857,1497,1879,1989,1698,1535,1916,1554,1731,1620,1643,1765,1761,1518,1779,1596,1678,1863,1597,1682,1892,1576,1682,1753,1840,1703,2073,1787,1923,1610,1915,1756,1751,1526,1645,1572,1724,1843,1713,1505,1391,2031,1816,1567,1678,1563,1688,1636,1608,1986,2096,1728,1650,1707,2020,1897,1997,2075,2001,1672,1564,1700,1582,1304,1541,1790,1799,2038,1539,1766,2311,1568,1559,1715,1875,1887,1805,1702,1625,1929,1753,1830,1738,1795,1578,1412,1808,1912,1629,1563
1722,1525,1856,1836,1606,1869,1771,1490,1564,1781,1891,1458,1904,1945,1681,1509,1897,1561,1752,1604,1606,1804,1768,1540,1782,1583,1672,1815,1568,1685,1940,1570,1730,1753,1862,1708,2092,1803,1883,1587,1853,1734,1694,1542,1653,1561,1746,1866,1725,1453,1413,2058,1828,1565,1682,1564,1711,1620,1543,1979,2131,1768,1690,1664,2009,1890,1984,2096,1963,1678,1600,1682,1611,1320,1471,1822,1824,2098,1548,1808,2250,1529,1564,1646,1854,1911,1787,1742,1614,1873,1710,1808,1736,1823,1577,1426,1820,1861,1620,1515
1818,1483,1863,1926,1628,1849,1778,1497,1594,1761,1921,1465,1919,1898,1640,1454,1921,1585,1786,1640,1605,1830,1787,1555,1783,1601,1701,1811,1570,1691,1898,1585,1783,1722,1902,1736,2092,1832,1791,1612,1803,1814,1653,1581,1673,1552,1779,1888,1760,1457,1384,2046,1837,1566,1741,1555,1708,1633,1526,1981,2087,1777,1702,1623,2039,1852,1979,2114,1961,1674,1620,1679,1593,1339,1490,1874,1800,2134,1482,1871,2198,1492,1576,1688,1827,1884,1755,1767,1649,1828,1733,1776,1732,1822,1580,1403,1813,1867,1609,1483
1845,1458,1880,1944,1636,1882,1745,1507,1604,1785,1948,1426,1950,1904,1630,1460,1939,1637,1813,1674,1595,1865,1787,1548,1791,1608,1752,1804,1591,1685,1953,1585,1780,1731,1892,1726,2091,1851,1729,1632,1729,1831,1668,1605,1651,1540,1812,1896,1708,1403,1364,2040,1849,1570,1799,1583,1692,1647,1524,1981,2049,1773,1671,1612,2022,1838,1998,2090,1930,1707,1661,1698,1638,1348,1489,1884,1820,2175,1458,1881,2171,1526,1605,1683,1814,1937,1718,1823,1726,1814,1740,1757,1719,1825,1567,1414,1803,1873,1585,1496
1851,1447,1930,1943,1680,1932,1745,1522,1644,1777,1955,1425,1994,1911,1612,1456,1968,1675,1847,1676,1573,1863,1811,1518,1778,1651,1833,1786,1637,1678,1929,1641,1818,1759,1898,1765,2115,1916,1677,1685,1701,1873,1699,1645,1655,1492,1847,1933,1696,1382,1332,1987,1833,1617,1818,1582,1687,1674,1566,2036,2025,1746,1644,1595,2061,1850,2028,2136,1934,1716,1726,1699,1634,1387,1478,1925,1796,2170,1438,1969,2121,1528,1613,1705,1795,1902,1750,1888,1725,1864,1768,1766,1714,1849,1585,1386,1787,1853,1597,1497
1927,1430,1937,1973,1706,2013,1772,1582,1698,1740,1985,1415,1973,1964,1557,1419,1970,1682,1874,1696,1558,1864,1835,1563,1785,1713,1857,1809,1682,1664,1963,1665,1831,1737,1907,1740,2114,1954,1629,1725,1677,1899,1733,1691,1646,1488,1878,1996,1708,1387,1305,1954,1848,1632,1806,1594,1699,1648,1612,2045,2027,1701,1678,1582,2048,1851,1987,2078,1895,1752,1777,1709,1676,1409,1491,1934,1760,2197,1476,1997,2040,1536,1613,1727,1812,1921,1730,1953,1747,1886,1802,1778,1751,1896,1608,1394,1784,1828,1619,1520
1951,1455,1991,2055,1767,2075,1790,1585,1707,1696,1958,1442,2027,1965,1502,1410,2000,1680,1925,1680,1569,1855,1873,1539,1804,1763,1883,1854,1698,1679,1926,1670,1878,1766,1907,1693,2102,1975,1597,1731,1689,1938,1785,1728,1662,1474,1890,2100,1740,1366,1338,1895,1879,1627,1843,1601,1703,1663,1620,2073,1979,1691,1692,1577,2007,1863,1979,2106,1882,1801,1826,1731,1677,1440,1557,1970,1693,2234,1514,2060,1999,1585,1651,1713,1791,1950,1724,2022,1805,1922,1783,1805,1766,1899,1646,1387,1787,1814,1626,1511
2039,1458,2019,2109,1817,2123,1813,1632,1726,1632,1982,1468,2034,1983,1471,1427,2046,1693,1973,1703,1569,1844,1832,1552,1823,1851,1901,1926,1767,1732,1896,1703,1887,1740,1932,1696,2133,1995,1586,1758,1746,2018,1826,1776,1678,1453,1921,2136,1756,1380,1346,1802,1955,1670,1818,1625,1732,1670,1619,2092,1960,1632,1704,1572,1997,1873,1948,2151,1866,1854,1832,1737,1740,1484,1637,2049,1645,2218,1564,2125,1981,1660,1669,1703,1778,1972,1755,2050,1852,1983,1789,1850,1842,1875,1688,1410,1817,1850,1656,1560
2086,1458,2000,2109,1865,2123,1816,1648,1785,1575,1999,1510,2057,2005,1429,1459,2070,1733,2059,1710,1606,1841,1847,1531,1847,1856,1923,1994,1815,1754,1808,1698,1893,1765,1915,1729,2147,2061,1620,1824,1786,2118,1823,1815,1675,1444,1931,2159,1796,1406,1390,1770,1944,1708,1825,1682,1724,1735,1627,2118,1979,1607,1738,1575,1976,1879,1946,2174,1882,1876,1815,1798,1800,1533,1729,2095,1590,2197,1611,2200,1962,1726,1665,1683,1768,2028,1790,2093,1900,2006,1788,1893,1865,1913,1750,1423,1848,1862,1649,1606
2185,1501,2018,2107,1917,2181,1845,1689,1820,1519,2022,1534,2041,2006,1430,1514,2101,1764,2081,1668,1636,1834,1835,1548,1915,1893,1906,1985,1849,1785,1780,1737,1886,1725,1921,1743,2130,2136,1649,1847,1789,2141,1880,1848,1686,1435,1961,2165,1864,1417,1474,1736,2005,1740,1787,1724,1775,1747,1648,2133,1988,1590,1739,1577,1990,1865,1915,2176,1924,1906,1786,1881,1868,1585,1817,2129,1523,2184,1666,2297,1970,1849,1691,1668,1780,2026,1768,2128,1971,2025,1777,1905,1873,1933,1778,1427,1873,1877,1670,1576
2222,1557,2056,2141,1984,2217,1858,1728,1853,1500,2006,1556,2063,2012,1435,1562,2140,1768,2123,1666,1643,1827,1842,1569,1985,1973,1939,2011,1851,1803,1799,1778,1875,1744,1849,1774,2181,2164,1740,1857,1845,2186,1909,1883,1757,1432,1976,2166,1941,1455,1523,1658,2072,1814,1815,1759,1788,1781,1693,2147,1993,1600,1784,1600,2016,1903,1915,2170,1982,1931,1776,1916,1948,1608,1924,2191,1518,2217,1730,2324,2003,1908,1702,1640,1820,2053,1779,2181,2020,2089,1761,1920,1922,1982,1826,1455,1933,1934,1697,1636
2280,1615,2099,2160,2010,2267,1853,1743,1896,1485,2002,1546,2048,2032,1479,1675,2229,1776,2187,1631,1749,1884,1879,1606,2038,1993,1985,2025,1797,1846,1785,1854,1870,1784,1843,1814,2151,2209,1806,1837,1940,2184,1949,1909,1784,1423,1909,2172,2000,1536,1591,1617,2075,1821,1851,1759,1879,1822,1752,2171,2039,1619,1793,1607,2070,1913,1903,2186,2022,1974,1796,1991,2013,1690,2065,2212,1507,2269,1796,2329,2001,1957,1694,1589,1812,2059,1799,2205,2105,2120,1784,1943,1949,2050,1869,1503,1950,1969,1730,1687
2307,1678,2135,2158,1966,2332,1844,1731,1959,1476,2021,1554,2119,2003,1496,1714,2293,1760,2261,1627,1840,1926,1902,1675,2087,2040,2033,2080,1847,1862,1769,1948,1848,1853,1854,1859,2143,2224,1890,1806,2075,2289,1966,1913,1821,1417,1904,2149,2097,1585,1650,1603,2113,1870,1876,1793,1924,1843,1794,2166,2098,1622,1788,1658,2109,1912,1871,2174,2046,2037,1833,2099,2130,1699,2144,2267,1477,2318,1818,2332,2035,1987,1703,1574,1838,2075,1779,2214,2183,2139,1825,1928,1977,2076,1879,1540,1978,2028,1746,1753
2363,1706,2176,2143,1976,2399,1829,1755,1983,1481,2021,1545,2182,2022,1537,1775,2347,1863,2287,1599,1872,1973,1896,1689,2148,2092,2091,2073,1829,1860,1816,2075,1855,1900,1887,1903,2125,2231,1919,1810,2112,2305,1907,1934,1877,1463,1908,2154,2142,1621,1650,1598,2145,1958,1894,1818,1973,1870,1843,2155,2118,1677,1784,1669,2172,1990,1879,2187,2103,2063,1896,2143,2204,1756,2184,2295,1503,2328,1850,2369,2062,2026,1693,1583,1855,2141,1751,2209,2215,2179,1866,1915,2017,2095,1920,1512,1994,2089,1774,1794
2361,1701,2246,2160,1948,2431,1828,1804,1955,1461,1998,1601,2224,2034,1550,1859,2385,1872,2318,1606,1981,2023,1875,1800,2239,2124,2136,2062,1829,1833,1830,2199,1862,1952,1892,1922,2128,2307,1980,1819,2209,2315,1992,1942,1941,1506,1983,2131,2170,1725,1704,1591,2207,2073,1892,1848,2037,1911,1920,2165,2094,1744,1841,1728,2232,2036,1884,2221,2127,2079,1930,2153,2269,1828,2198,2298,1531,2335,1850,2364,2108,2094,1648,1643,1835,2202,1719,2195,2219,2229,1928,1891,2083,2122,1933,1517,1989,2172,1767,1864
2338,1733,2350,2137,1946,2479,1824,1846,1898,1492,1996,1620,2229,2052,1596,1930,2392,1913,2391,1637,2093,2043,1925,1863,2279,2162,2183,2045,1828,1880,1792,2303,1920,2012,1942,1947,2065,2342,1994,1849,2321,2332,2025,1975,1909,1526,2015,2138,2230,1861,1730,1620,2284,2104,1909,1921,2109,1960,2031,2207,2078,1798,1890,1748,2291,2060,1920,2241,2189,2178,2021,2192,2336,1869,2258,2321,1585,2385,1911,2361,2119,2132,1695,1716,1860,2245,1736,2244,2251,2257,2053,1912,2092,2106,1978,1496,2085,2267,1870,1912
2329,1759,2413,2159,1958,2532,1849,1882,1895,1548,1984,1660,2238,2049,1621,2001,2396,1951,2435,1641,2129,2039,1992,1907,2297,2212,2230,2004,1821,1909,1826,2404,1949,2100,1933,1999,2067,2291,2026,1848,2400,2397,2079,2013,1923,1556,2052,2141,2286,1991,1749,1681,2324,2104,1849,1929,2140,2040,2083,2224,2085,1869,1942,1753,2344,2121,1924,2275,2210,2210,2116,2214,2431,1958,2330,2324,1674,2353,1935,2363,2107,2200,1724,1761,1859,2284,1734,2288,2247,2275,2122,1943,2112,2136,2058,1522,2126,2295,1898,2020
2352,1738,2436,2151,1981,2573,1948,1942,1878,1625,1980,1687,2225,2068,1603,2031,2396,1957,2505,1687,2183,2061,1994,1961,2292,2243,2233,2014,1826,1957,1883,2452,1961,2179,1905,2004,2090,2299,2076,1842,2425,2422,2093,2078,1894,1579,2118,2186,2304,2034,1783,1712,2333,2111,1832,1959,2131,2156,2170,2177,2091,1859,1998,1781,2355,2158,1934,2268,2225,2277,2203,2207,2504,2002,2305,2343,1726,2365,1908,2386,2182,2250,1728,1812,1874,2335,1747,2282,2295,2227,2272,1959,2122,2121,2057,1570,2130,2348,1938,2078
2366,1759,2459,2103,1985,2562,1990,2030,1883,1687,1983,1708,2246,2047,1567,2144,2382,1963,2509,1732,2312,2090,1957,2003,2340,2285,2289,1991,1821,1996,1933,2574,1990,2229,1925,2021,2117,2267,2077,1873,2454,2448,2144,2122,1910,1614,2185,2193,2363,2116,1840,1767,2366,2119,1796,2070,2153,2187,2251,2194,2138,1905,2046,1803,2376,2156,1959,2304,2218,2274,2268,2263,2621,2054,2304,2322,1809,2341,1884,2364,2190,2281,1733,1835,1902,2346,1777,2314,2357,2204,2414,2000,2110,2194,2085,1576,2108,2348,2009,2109
2349,1760,2500,2074,2014,2611,2053,2121,1910,1778,1997,1712,2235,2047,1588,2230,2383,2016,2468,1803,2395,2107,1978,1987,2358,2305,2381,1990,1837,1987,1954,2598,2008,2268,1949,2078,2206,2264,2106,1944,2439,2482,2184,2128,1894,1667,2199,2211,2405,2164,1860,1847,2400,2177,1790,2154,2176,2256,2357,2214,2129,1983,2109,1818,2352,2191,1978,2336,2197,2307,2376,2242,2724,2078,2334,2357,1876,2309,1864,2425,2206,2328,1775,1853,1921,2340,1802,2271,2404,2166,2444,2106,2134,2204,2093,1646,2101,2406,2054,2145
2361,1764,2506,2083,2058,2616,2086,2175,1901,1870,1999,1789,2257,2068,1576,2298,2311,2027,2486,1854,2419,2131,1970,1973,2403,2319,2428,2012,1837,2056,1967,2676,2008,2294,1983,2138,2232,2265,2159,1986,2421,2481,2230,2182,1918,1698,2254,2186,2458,2237,1932,1925,2407,2238,1814,2204,2223,2308,2424,2213,2172,2021,2147,1866,2355,2187,2009,2315,2202,2299,2480,2271,2829,2103,2365,2334,1940,2361,1860,2465,2264,2384,1778,1850,1942,2350,1835,2342,2341,2153,2523,2173,2165,2256,2105,1694,2174,2411,2135,2202
2405,1786,2482,2074,2084,2623,2099,2178,1945,1967,2034,1812,2290,2083,1599,2365,2237,2068,2511,1912,2519,2116,1957,1975,2489,2300,2465,2015,1890,2060,1983,2729,2019,2397,1995,2199,2253,2220,2184,1996,2433,2472,2232,2168,1921,1703,2331,2225,2451,2257,1985,1984,2421,2238,1852,2301,2295,2373,2437,2213,2191,2050,2217,1860,2297,2192,2046,2307,2227,2250,2547,2274,2910,2172,2411,2327,2006,2400,1865,2505,2303,2464,1792,1834,1970,2333,1873,2379,2349,2177,2601,2243,2205,2264,2133,1740,2229,2424,2180,2258
2420,1799,2486,2028,2166,2614,2161,2216,2004,2079,2096,1814,2291,2107,1640,2413,2236,2091,2507,2023,2553,2093,1962,1956,2551,2350,2514,2051,1916,2121,1990,2713,2028,2461,1999,2185,2269,2218,2178,2037,2400,2482,2203,2190,1938,1765,2346,2231,2482,2303,2050,1979,2472,2208,1871,2323,2323,2373,2401,2222,2175,2089,2285,1907,2314,2173,2105,2328,2219,2237,2640,2316,3046,2232,2412,2306,2095,2456,1854,2555,2304,2513,1788,1792,2020,2267,1887,2419,2337,2213,2637,2331,2254,2262,2134,1875,2224,2398,2270,2381
2428,1801,2439,2082,2200,2617,2189,2286,2076,2207,2161,1880,2278,2219,1684,2467,2188,2115,2503,2081,2557,2115,1965,1976,2570,2318,2511,2083,1964,2187,2054,2721,2088,2471,2023,2227,2272,2206,2193,2068,2382,2523,2212,2211,1937,1810,2422,2250,2489,2351,2124,2018,2487,2211,1892,2370,2363,2416,2413,2234,2238,2083,2334,1931,2300,2189,2126,2309,2170,2170,2723,2355,3098,2277,2414,2339,2171,2509,1832,2589,2308,2581,1818,1780,2020,2210,1977,2418,2341,2233,2679,2437,2302,2300,2147,1950,2324,2392,2292,2397
2439,1846,2435,2118,2249,2567,2154,2285,2116,2251,2209,1884,2335,2254,1710,2488,2138,2213,2471,2129,2508,2098,1956,1934,2577,2301,2547,2133,1967,2221,2063,2707,2130,2452,1997,2283,2318,2230,2194,2143,2363,2548,2183,2196,1928,1845,2431,2264,2533,2358,2114,2104,2469,2267,1932,2382,2364,2471,2365,2306,2273,2134,2393,1934,2293,2169,2199,2310,2185,2131,2803,2357,3167,2289,2435,2369,2219,2477,1825,2591,2358,2646,1803,1868,2035,2155,2017,2412,2356,2281,2656,2489,2318,2342,2178,2053,2362,2424,2332,2430
2444,1876,2390,2150,2335,2598,2135,2297,2148,2306,2262,1923,2336,2299,1741,2548,2120,2288,2497,2213,2505,2093,2020,1922,2615,2356,2606,2175,1970,2234,2107,2673,2177,2449,1988,2298,2369,2290,2207,2211,2327,2532,2167,2199,1961,1892,2409,2240,2549,2392,2153,2159,2436,2263,1928,2409,2404,2519,2307,2323,2316,2144,2446,1968,2316,2194,2253,2347,2213,2121,2870,2359,3212,2321,2393,2432,2260,2517,1873,2594,2363,2690,1863,1868,2055,2059,2049,2458,2344,2305,2677,2564,2426,2366,2222,2190,2399,2452,2368,2446
2478,1909,2354,2171,2437,2561,2177,2320,2229,2399,2311,1931,2345,2361,1789,2569,2092,2300,2488,2317,2489,2090,2045,1926,2690,2358,2647,2270,1948,2244,2146,2652,2240,2436,1973,2373,2402,2306,2205,2212,2316,2525,2113,2237,2007,1969,2447,2343,2569,2463,2206,2244,2430,2266,1909,2401,2434,2507,2306,2362,2365,2208,2489,1997,2330,2253,2286,2298,2210,2108,2931,2324,3289,2367,2397,2463,2325,2430,1924,2553,2373,2648,1919,1918,2088,2000,2066,2468,2309,2310,2669,2598,2474,2353,2347,2222,2481,2494,2420,2416
2505,1970,2371,2215,2530,2583,2272,2275,2267,2403,2330,1964,2388,2361,1794,2613,2062,2325,2478,2343,2428,2089,2085,1936,2813,2411,2634,2339,1947,2304,2195,2663,2250,2384,1967,2412,2478,2348,2226,2217,2351,2532,2114,2237,2055,2023,2470,2374,2543,2463,2258,2253,2446,2335,1908,2395,2438,2491,2224,2399,2396,2220,2532,2008,2375,2292,2305,2286,2228,2142,2975,2295,3297,2407,2365,2501,2335,2437,1903,2518,2309,2644,1972,1947,2130,1952,2107,2448,2311,2334,2708,2614,2511,2325,2412,2286,2527,2539,2453,2404
2559,1999,2342,2224,2607,2508,2289,2341,2252,2389,2360,1949,2381,2405,1794,2614,2044,2323,2474,2411,2404,2089,2102,1945,2835,2403,2689,2381,1963,2340,2193,2653,2188,2326,1990,2400,2524,2366,2226,2278,2419,2562,2114,2249,2139,2061,2488,2376,2568,2480,2240,2296,2454,2374,1906,2404,2459,2512,2200,2413,2385,2275,2584,2027,2388,2329,2332,2290,2300,2131,2994,2285,3372,2422,2395,2541,2371,2372,1920,2499,2358,2655,1983,2000,2148,1951,2141,2429,2355,2342,2645,2620,2528,2334,2448,2301,2561,2572,2552,2358
2622,2047,2372,2271,2652,2467,2279,2331,2245,2381,2373,1969,2406,2450,1819,2667,1979,2394,2432,2454,2405,2096,2072,1932,2899,2386,2700,2428,2017,2402,2171,2668,2161,2318,1990,2469,2561,2407,2276,2262,2446,2581,2102,2209,2227,2067,2519,2376,2551,2478,2291,2379,2423,2405,1873,2371,2398,2514,2193,2471,2432,2294,2574,2071,2466,2367,2306,2283,2371,2115,3027,2301,3404,2412,2473,2562,2387,2369,1953,2461,2363,2624,2060,2041,2151,1950,2198,2424,2364,2352,2694,2563,2581,2328,2520,2303,2606,2605,2563,2348
2572,2072,2399,2251,2735,2434,2345,2377,2258,2359,2373,2019,2419,2469,1819,2654,1983,2375,2464,2485,2478,2091,2037,1902,2977,2413,2734,2513,2096,2440,2189,2669,2118,2280,2014,2511,2537,2427,2325,2318,2428,2599,2092,2141,2273,2095,2537,2433,2579,2471,2273,2379,2431,2369,1885,2398,2413,2544,2166,2470,2435,2383,2576,2143,2521,2356,2358,2303,2430,2103,3014,2330,3458,2474,2512,2587,2369,2375,1956,2474,2404,2554,2076,2062,2191,1978,2230,2438,2403,2352,2718,2501,2579,2340,2565,2317,2589,2574,2588,2376
2617,2086,2445,2317,2808,2401,2400,2379,2204,2349,2360,2011,2392,2465,1840,2637,1981,2410,2471,2506,2503,2078,2057,1894,3001,2387,2769,2543,2154,2453,2181,2684,2041,2251,2025,2539,2477,2444,2355,2283,2505,2580,2116,2134,2329,2092,2574,2457,2630,2471,2284,2444,2423,2409,1916,2408,2412,2595,2146,2430,2414,2433,2561,2194,2544,2416,2377,2303,2518,2144,3063,2414,3533,2471,2557,2590,2402,2381,1941,2491,2458,2526,2076,2094,2244,1974,2205,2417,2454,2331,2698,2419,2519,2319,2606,2398,2617,2587,2655,2366
2626,2137,2485,2300,2853,2401,2429,2378,2206,2400,2352,1984,2390,2516,1823,2664,1995,2414,2489,2546,2471,2053,2072,1834,3031,2380,2736,2582,2235,2451,2225,2688,2004,2177,2029,2563,2416,2452,2370,2318,2519,2558,2119,2095,2368,2085,2566,2486,2623,2457,2338,2471,2424,2473,1970,2403,2439,2625,2157,2407,2358,2524,2516,2258,2607,2450,2463,2345,2572,2162,3036,2434,3530,2501,2594,2578,2407,2410,1969,2462,2465,2510,2053,2124,2251,2065,2193,2398,2500,2285,2733,2388,2463,2288,2613,2417,2605,2659,2643,2349
2624,2157,2514,2305,2866,2392,2427,2386,2212,2322,2340,1977,2364,2575,1851,2684,2023,2425,2488,2502,2542,2020,2039,1808,3060,2365,2663,2596,2299,2433,2265,2726,1963,2134,2071,2562,2328,2485,2394,2343,2572,2492,2186,2072,2432,2100,2581,2529,2634,2435,2337,2496,2361,2460,2006,2418,2374,2543,2151,2391,2354,2565,2478,2290,2635,2399,2473,2368,2634,2217,3035,2449,3482,2488,2608,2591,2419,2390,1973,2430,2548,2492,2020,2136,2317,2104,2172,2427,2533,2287,2726,2399,2385,2285,2667,2460,2572,2627,2646,2349
2615,2142,2558,2282,2887,2512,2448,2399,2217,2279,2347,1935,2309,2570,1878,2701,2053,2451,2455,2478,2555,2007,2049,1806,3078,2346,2607,2575,2336,2439,2229,2694,1956,2099,2117,2550,2265,2475,2443,2363,2612,2538,2241,2086,2477,2126,2582,2527,2631,2387,2344,2502,2332,2447,2050,2399,2409,2593,2118,2389,2368,2650,2392,2341,2670,2386,2559,2377,2664,2227,3064,2457,3432,2506,2652,2586,2408,2462,1941,2466,2596,2491,2030,2174,2306,2123,2187,2451,2525,2255,2696,2366,2319,2254,2715,2506,2572,2618,2680,2341
2594,2166,2576,2314,2844,2546,2496,2401,2203,2283,2378,1969,2275,2620,1914,2677,2116,2468,2504,2431,2554,2032,2017,1821,3021,2371,2554,2557,2371,2411,2268,2747,1960,2068,2081,2544,2204,2488,2523,2384,2626,2524,2262,2083,2511,2120,2602,2544,2683,2385,2385,2518,2327,2445,2131,2427,2434,2642,2119,2475,2431,2634,2322,2382,2656,2352,2588,2420,2719,2247,3049,2454,3419,2462,2674,2631,2428,2517,1972,2463,2639,2512,2012,2247,2297,2151,2212,2483,2507,2269,2655,2386,2296,2278,2762,2455,2636,2630,2676,2374
2579,2209,2646,2290,2783,2600,2508,2366,2229,2303,2358,1968,2197,2631,1929,2652,2173,2444,2528,2436,2569,2052,2030,1835,3001,2348,2495,2492,2408,2403,2297,2763,2016,2076,2119,2571,2144,2531,2547,2370,2637,2502,2370,2070,2565,2182,2653,2559,2682,2408,2409,2575,2322,2445,2153,2426,2413,2698,2105,2524,2403,2672,2304,2404,2676,2319,2560,2415,2756,2258,3040,2441,3283,2481,2696,2646,2422,2509,1958,2424,2620,2602,2027,2289,2335,2185,2220,2556,2461,2265,2574,2381,2297,2315,2718,2471,2594,2601,2700,2381
2620,2287,2661,2347,2700,2673,2478,2297,2264,2311,2363,1978,2186,2616,1920,2618,2275,2475,2537,2425,2594,2071,2086,1887,2916,2379,2441,2483,2474,2416,2381,2804,2050,2048,2090,2574,2148,2434,2538,2366,2660,2487,2444,2064,2595,2180,2657,2561,2647,2404,2408,2566,2384,2455,2203,2379,2422,2733,2107,2550,2381,2663,2246,2412,2741,2352,2570,2436,2767,2218,2977,2451,3172,2460,2687,2703,2406,2549,1939,2397,2639,2597,2071,2263,2420,2233,2224,2611,2449,2320,2508,2409,2259,2316,2709,2493,2622,2557,2712,2343
2712,2274,2693,2374,2646,2688,2456,2305,2302,2277,2354,1989,2229,2661,1923,2572,2291,2439,2556,2433,2609,2132,2166,1887,2836,2399,2405,2499,2505,2421,2397,2789,2077,2074,2072,2621,2131,2438,2525,2330,2745,2429,2511,2028,2592,2211,2668,2588,2670,2411,2448,2532,2397,2500,2231,2353,2455,2731,2089,2569,2389,2723,2248,2434,2792,2309,2588,2480,2826,2207,2963,2453,3135,2441,2686,2722,2400,2568,1964,2365,2595,2607,2089,2325,2406,2296,2255,2646,2401,2364,2388,2481,2262,2349,2750,2489,2679,2548,2775,2336
2767,2371,2704,2388,2565,2682,2480,2246,2324,2276,2365,2016,2261,2682,1941,2572,2329,2445,2550,2406,2599,2122,2196,1949,2778,2453,2399,2517,2547,2371,2418,2813,2113,2085,2082,2605,2117,2465,2497,2320,2815,2404,2573,2050,2632,2227,2651,2581,2678,2469,2489,2555,2417,2561,2308,2314,2482,2749,2087,2649,2445,2686,2178,2447,2823,2273,2625,2515,2840,2208,3014,2531,3004,2414,2697,2763,2418,2575,1991,2348,2560,2623,2127,2314,2404,2346,2250,2705,2371,2377,2354,2538,2290,2367,2773,2527,2694,2555,2859,2344
2824,2425,2681,2389,2519,2676,2449,2256,2359,2235,2425,2028,2233,2746,1922,2610,2322,2513,2589,2390,2599,2165,2243,1991,2702,2508,2372,2497,2610,2305,2413,2788,2199,2073,2116,2614,2104,2468,2507,2300,2803,2389,2664,2047,2671,2238,2676,2536,2717,2493,2534,2563,2432,2577,2408,2299,2468,2816,2121,2676,2466,2673,2205,2502,2849,2227,2631,2529,2804,2191,3033,2609,2916,2362,2665,2730,2462,2585,2022,2368,2523,2630,2167,2371,2406,2357,2259,2708,2319,2395,2239,2581,2297,2414,2782,2536,2747,2517,2900,2316
2852,2476,2698,2356,2426,2670,2445,2368,2400,2237,2445,2044,2269,2775,1944,2584,2300,2529,2584,2387,2504,2164,2309,1996,2655,2531,2390,2518,2619,2256,2417,2800,2236,2076,2106,2628,2141,2546,2482,2274,2814,2332,2696,2089,2667,2275,2675,2502,2738,2577,2577,2564,2422,2581,2456,2289,2453,2816,2167,2729,2454,2626,2238,2488,2844,2243,2628,2503,2810,2211,2975,2617,2855,2270,2743,2710,2428,2581,2071,2353,2520,2621,2188,2337,2413,2429,2291,2708,2253,2396,2192,2660,2248,2424,2755,2551,2814,2486,2882,2340
2879,2478,2686,2362,2352,2667,2435,2421,2406,2284,2437,2039,2253,2795,1949,2549,2341,2582,2623,2414,2471,2194,2323,1996,2615,2564,2380,2515,2626,2205,2386,2795,2239,2141,2132,2655,2186,2592,2446,2283,2812,2297,2709,2091,2653,2268,2699,2472,2711,2550,2646,2587,2417,2580,2577,2278,2382,2833,2195,2750,2523,2656,2241,2566,2843,2274,2632,2521,2865,2197,2974,2609,2785,2214,2771,2712,2391,2607,2100,2361,2536,2691,2226,2325,2387,2476,2295,2728,2220,2376,2087,2681,2222,2460,2739,2588,2910,2425,2958,2324
2915,2462,2680,2363,2295,2699,2463,2423,2400,2288,2473,2051,2250,2797,1964,2553,2309,2581,2587,2392,2473,2189,2293,2016,2569,2554,2385,2566,2614,2159,2375,2818,2315,2157,2132,2585,2194,2678,2477,2292,2773,2258,2773,2070,2699,2245,2654,2495,2757,2490,2642,2574,2449,2560,2630,2239,2433,2886,2263,2704,2535,2656,2248,2599,2802,2283,2633,2505,2805,2209,2989,2610,2724,2174,2857,2724,2394,2648,2167,2388,2590,2747,2232,2295,2363,2520,2261,2680,2225,2417,2062,2725,2184,2483,2641,2578,2936,2343,2932,2300
2931,2460,2701,2364,2291,2711,2514,2410,2408,2299,2465,2054,2245,2858,1970,2527,2280,2640,2576,2368,2488,2183,2278,2028,2475,2521,2416,2527,2585,2107,2435,2768,2298,2152,2159,2557,2220,2707,2452,2324,2727,2277,2799,2096,2719,2262,2630,2501,2724,2482,2670,2528,2407,2563,2689,2241,2419,2847,2317,2650,2509,2705,2247,2623,2784,2316,2639,2524,2826,2209,2992,2578,2663,2129,2856,2710,2357,2698,2213,2412,2599,2783,2263,2263,2265,2494,2271,2651,2285,2407,2064,2780,2183,2570,2587,2591,2944,2303,2862,2304
2843,2463,2652,2327,2292,2717,2552,2367,2407,2316,2512,2009,2225,2827,1951,2540,2272,2612,2542,2362,2502,2147,2237,2010,2453,2442,2419,2558,2592,2097,2443,2763,2278,2139,2193,2524,2176,2765,2476,2353,2733,2239,2840,2135,2755,2298,2631,2454,2712,2429,2681,2557,2381,2574,2741,2223,2449,2876,2401,2648,2516,2739,2300,2629,2690,2392,2654,2550,2831,2204,3002,2535,2543,2097,2864,2716,2296,2771,2260,2446,2653,2790,2265,2237,2226,2506,2276,2607,2295,2428,2100,2847,2165,2565,2519,2591,2940,2252,2853,2261
2816,2449,2636,2303,2282,2760,2468,2351,2391,2341,2521,1989,2204,2849,1961,2541,2237,2564,2558,2362,2450,2185,2184,2041,2422,2381,2417,2510,2631,2075,2424,2741,2262,2124,2243,2508,2256,2771,2450,2383,2656,2210,2853,2116,2790,2290,2614,2451,2723,2378,2679,2608,2377,2526,2814,2286,2461,2907,2431,2675,2508,2740,2346,2631,2632,2363,2692,2540,2837,2208,2956,2506,2495,2086,2835,2709,2273,2777,2286,2426,2637,2772,2278,2249,2173,2496,2309,2566,2311,2455,2039,2858,2142,2529,2445,2584,2946,2246,2805,2230
2738,2455,2587,2324,2265,2761,2460,2324,2412,2406,2569,1988,2232,2825,1984,2553,2198,2582,2525,2425,2461,2159,2167,2073,2457,2267,2421,2485,2654,2071,2432,2739,2277,2123,2293,2420,2289,2748,2458,2394,2669,2197,2809,2141,2862,2227,2531,2458,2707,2332,2683,2574,2392,2530,2828,2292,2436,2816,2475,2652,2537,2826,2397,2631,2575,2398,2687,2511,2847,2230,2934,2465,2434,2057,2793,2674,2239,2759,2352,2466,2580,2734,2289,2252,2133,2497,2283,2530,2328,2534,2058,2842,2134,2493,2448,2602,2888,2247,2739,2176
2699,2488,2577,2351,2262,2762,2440,2275,2378,2424,2622,1979,2311,2850,2033,2530,2178,2579,2495,2439,2443,2186,2133,2097,2455,2186,2378,2451,2691,2080,2407,2730,2284,2155,2370,2356,2261,2752,2446,2392,2575,2215,2772,2149,2902,2209,2484,2454,2716,2276,2690,2568,2389,2529,2877,2325,2425,2758,2472,2628,2576,2823,2449,2659,2590,2459,2715,2556,2809,2241,2896,2491,2392,2102,2714,2696,2229,2751,2372,2453,2614,2730,2273,2287,2093,2456,2201,2429,2313,2577,2102,2842,2144,2517,2462,2603,2839,2240,2733,2203
2636,2506,2584,2348,2170,2737,2480,2181,2352,2516,2607,1998,2382,2911,2065,2476,2150,2520,2441,2422,2405,2168,2129,2116,2459,2146,2355,2424,2684,2044,2388,2725,2278,2165,2420,2383,2275,2720,2434,2336,2530,2212,2782,2174,2924,2186,2426,2390,2662,2322,2717,2563,2403,2524,2810,2364,2438,2723,2441,2619,2615,2791,2477,2613,2581,2461,2750,2629,2819,2253,2895,2544,2405,2156,2625,2710,2171,2747,2471,2469,2630,2754,2231,2304,2110,2424,2199,2407,2317,2673,2107,2816,2154,2519,2466,2614,2769,2262,2706,2192
2619,2495,2508,2389,2188,2754,2461,2206,2315,2572,2519,2003,2386,2895,2119,2493,2177,2462,2426,2467,2416,2149,2138,2104,2466,2114,2348,2419,2711,2099,2383,2678,2279,2231,2417,2403,2272,2670,2458,2369,2446,2210,2846,2198,2869,2215,2374,2362,2609,2298,2732,2624,2457,2549,2780,2404,2410,2697,2419,2623,2633,2800,2543,2591,2618,2487,2755,2654,2795,2270,2845,2510,2359,2144,2523,2711,2192,2709,2484,2512,2623,2759,2214,2256,2138,2384,2210,2405,2359,2709,2169,2744,2224,2546,2511,2575,2733,2297,2674,2205
2593,2483,2469,2394,2183,2654,2426,2224,2293,2600,2529,2014,2441,2902,2179,2468,2251,2381,2424,2499,2426,2181,2125,2102,2494,2101,2284,2406,2713,2123,2377,2670,2300,2270,2487,2377,2313,2615,2463,2360,2419,2169,2862,2209,2804,2221,2349,2370,2570,2279,2700,2627,2468,2538,2676,2436,2395,2685,2421,2619,2661,2755,2587,2535,2636,2500,2766,2692,2773,2292,2760,2548,2384,2180,2456,2675,2144,2615,2427,2508,2657,2741,2205,2268,2213,2351,2173,2438,2382,2791,2209,2728,2299,2504,2537,2577,2726,2320,2681,2220
2592,2492,2442,2432,2196,2650,2405,2221,2288,2638,2483,2017,2519,2924,2234,2470,2303,2352,2400,2477,2331,2191,2165,2102,2490,2128,2243,2367,2713,2131,2405,2598,2355,2326,2489,2366,2309,2600,2452,2314,2398,2133,2896,2204,2740,2166,2283,2355,2501,2280,2706,2621,2486,2556,2592,2427,2367,2674,2394,2608,2651,2706,2599,2552,2690,2512,2761,2678,2687,2312,2684,2687,2404,2166,2381,2677,2133,2500,2419,2522,2639,2748,2204,2218,2259,2368,2161,2398,2398,2856,2228,2712,2354,2516,2585,2501,2697,2377,2620,2277
2562,2534,2420,2516,2184,2638,2405,2184,2268,2674,2467,2068,2577,2925,2297,2476,2313,2297,2338,2492,2291,2230,2224,2141,2582,2094,2245,2362,2667,2160,2411,2550,2334,2359,2512,2386,2311,2593,2471,2355,2416,2099,2881,2198,2699,2181,2269,2348,2382,2279,2688,2566,2510,2539,2542,2396,2351,2676,2340,2611,2703,2637,2606,2514,2705,2499,2760,2656,2564,2319,2605,2690,2408,2205,2346,2674,2124,2460,2413,2574,2634,2734,2183,2208,2279,2399,2159,2442,2372,2920,2300,2770,2412,2499,2598,2484,2637,2439,2512,2287
2610,2510,2392,2541,2206,2633,2396,2159,2300,2714,2471,2129,2566,2885,2360,2456,2340,2268,2333,2517,2285,2213,2249,2210,2646,2112,2243,2331,2593,2119,2394,2517,2385,2381,2507,2342,2338,2552,2475,2391,2441,2083,2904,2209,2694,2162,2221,2316,2324,2296,2672,2543,2469,2533,2484,2433,2363,2674,2292,2620,2671,2585,2537,2485,2695,2546,2773,2641,2528,2304,2535,2719,2459,2240,2282,2644,2143,2409,2401,2609,2677,2738,2193,2173,2331,2347,2168,2464,2382,2885,2356,2818,2423,2490,2677,2446,2631,2473,2491,2360
2570,2455,2372,2588,2228,2611,2341,2155,2272,2763,2428,2103,2578,2837,2433,2446,2376,2254,2358,2576,2239,2220,2286,2216,2622,2177,2230,2290,2563,2090,2380,2467,2407,2434,2541,2302,2342,2549,2473,2420,2441,2062,2909,2230,2675,2096,2255,2301,2208,2277,2702,2531,2432,2565,2439,2411,2385,2687,2293,2625,2749,2510,2520,2521,2702,2488,2752,2589,2488,2329,2465,2758,2461,2264,2241,2684,2194,2364,2371,2668,2675,2662,2188,2122,2383,2300,2186,2514,2435,2930,2417,2890,2472,2452,2677,2403,2590,2525,2514,2378
2554,2458,2336,2619,2240,2558,2338,2196,2307,2838,2404,2175,2620,2762,2452,2383,2435,2216,2340,2567,2223,2182,2318,2270,2606,2181,2312,2274,2537,2127,2369,2414,2415,2475,2536,2322,2326,2538,2502,2464,2439,2061,2949,2220,2669,2065,2287,2325,2152,2275,2678,2481,2391,2553,2414,2405,2408,2690,2283,2643,2765,2422,2484,2509,2686,2529,2718,2533,2416,2325,2324,2751,2481,2281,2261,2711,2221,2297,2384,2726,2687,2670,2170,2115,2365,2260,2250,2555,2465,2922,2457,2884,2491,2440,2688,2298,2565,2601,2460,2403
2525,2459,2330,2641,2215,2541,2301,2182,2342,2832,2440,2141,2583,2748,2480,2385,2455,2223,2319,2530,2211,2198,2333,2302,2594,2233,2363,2285,2531,2133,2398,2386,2437,2518,2552,2370,2316,2482,2520,2481,2431,2074,2915,2258,2590,2056,2298,2335,2132,2273,2638,2413,2345,2526,2336,2399,2376,2604,2261,2559,2844,2404,2488,2543,2622,2484,2694,2471,2303,2327,2254,2705,2483,2250,2219,2733,2188,2231,2387,2740,2600,2661,2153,2134,2404,2255,2327,2600,2501,2878,2510,2858,2527,2433,2714,2317,2531,2629,2465,2455
2460,2425,2348,2703,2214,2480,2298,2141,2321,2868,2450,2120,2569,2666,2546,2338,2437,2252,2339,2505,2196,2228,2343,2303,2592,2211,2401,2266,2549,2165,2367,2365,2432,2518,2582,2406,2325,2451,2536,2498,2452,2097,2947,2271,2523,2031,2293,2380,2077,2205,2662,2365,2298,2520,2330,2446,2414,2566,2266,2514,2891,2349,2479,2576,2671,2488,2613,2407,2286,2392,2190,2675,2506,2230,2253,2731,2242,2210,2428,2774,2620,2629,2164,2134,2365,2215,2362,2620,2517,2827,2539,2910,2548,2459,2725,2332,2462,2691,2457,2450
2430,2391,2319,2714,2219,2440,2286,2132,2367,2907,2429,2157,2567,2589,2645,2314,2438,2266,2374,2502,2184,2253,2384,2365,2602,2249,2450,2256,2565,2173,2322,2343,2434,2538,2612,2356,2324,2453,2528,2538,2405,2133,2907,2278,2511,2011,2290,2398,2042,2220,2683,2336,2269,2529,2362,2427,2369,2450,2305,2457,2934,2266,2454,2595,2682,2507,2583,2329,2219,2393,2123,2627,2582,2257,2238,2707,2247,2222,2481,2805,2616,2664,2121,2091,2375,2164,2403,2680,2548,2784,2545,2889,2483,2429,2716,2325,2436,2680,2479,2456
2409,2372,2319,2733,2178,2368,2270,2127,2394,2933,2428,2183,2562,2569,2646,2298,2450,2253,2354,2519,2155,2289,2388,2359,2585,2315,2477,2219,2605,2205,2280,2291,2452,2516,2608,2308,2299,2436,2556,2533,2368,2146,2820,2315,2497,1957,2297,2456,2013,2169,2674,2261,2238,2541,2353,2442,2389,2395,2330,2431,2921,2206,2459,2587,2709,2491,2565,2313,2207,2455,2054,2552,2660,2241,2198,2672,2234,2200,2568,2797,2586,2690,2114,2025,2342,2157,2467,2716,2581,2655,2500,2842,2457,2477,2731,2347,2398,2714,2483,2438
2445,2380,2328,2760,2168,2360,2250,2133,2432,2926,2393,2150,2579,2511,2696,2251,2422,2317,2379,2489,2163,2276,2400,2348,2546,2339,2469,2198,2574,2234,2351,2255,2421,2503,2575,2292,2319,2395,2603,2519,2342,2178,2724,2323,2455,1949,2317,2446,2040,2141,2666,2265,2228,2576,2364,2476,2434,2353,2352,2310,2865,2170,2424,2605,2673,2511,2511,2256,2209,2485,2041,2487,2699,2229,2223,2696,2273,2203,2580,2784,2591,2753,2163,2005,2333,2173,2547,2715,2612,2688,2471,2841,2452,2505,2678,2288,2346,2762,2472,2470
2449,2396,2304,2757,2148,2331,2258,2201,2462,2964,2418,2196,2590,2449,2691,2223,2456,2373,2389,2460,2159,2267,2418,2368,2518,2379,2510,2196,2564,2257,2389,2224,2446,2545,2548,2264,2316,2419,2554,2511,2298,2211,2623,2333,2455,1938,2344,2452,2049,2085,2687,2258,2202,2607,2312,2577,2451,2262,2365,2257,2843,2124,2414,2595,2647,2554,2469,2266,2198,2523,1991,2428,2745,2215,2246,2688,2289,2281,2523,2766,2604,2796,2154,2002,2335,2174,2553,2681,2706,2658,2502,2808,2456,2465,2652,2270,2333,2772,2473,2474
2431,2410,2316,2772,2133,2271,2278,2226,2481,2943,2426,2163,2617,2442,2734,2209,2476,2450,2388,2483,2180,2291,2434,2344,2507,2452,2499,2185,2546,2305,2380,2236,2479,2502,2543,2234,2295,2441,2576,2498,2281,2230,2604,2378,2435,1942,2371,2516,2083,2051,2682,2232,2189,2635,2372,2667,2407,2225,2341,2152,2828,2095,2373,2489,2612,2585,2471,2215,2156,2550,1982,2363,2773,2191,2215,2672,2322,2316,2507,2807,2585,2840,2206,1980,2366,2155,2604,2686,2742,2674,2489,2870,2448,2457,2603,2219,2306,2832,2457,2545
2414,2433,2312,2780,2118,2284,2226,2264,2537,2901,2425,2199,2650,2398,2720,2198,2465,2462,2393,2535,2208,2314,2461,2291,2533,2486,2539,2193,2534,2324,2408,2259,2490,2477,2526,2174,2294,2470,2547,2522,2291,2289,2555,2352,2445,1985,2399,2507,2083,2068,2626,2252,2221,2612,2439,2684,2369,2211,2353,2129,2763,2040,2397,2425,2601,2635,2475,2248,2124,2543,1935,2310,2830,2261,2204,2642,2319,2396,2518,2759,2562,2943,2225,1947,2405,2183,2628,2678,2738,2644,2522,2828,2390,2478,2478,2188,2313,2813,2381,2609
2382,2473,2288,2810,2134,2306,2208,2258,2569,2873,2395,2244,2663,2318,2743,2189,2429,2507,2430,2543,2234,2321,2445,2275,2507,2530,2528,2168,2499,2400,2403,2282,2498,2463,2487,2141,2347,2438,2556,2560,2309,2254,2563,2356,2459,2007,2421,2461,2092,2092,2570,2274,2208,2640,2471,2717,2313,2180,2317,2099,2715,2041,2347,2422,2588,2669,2471,2227,2078,2550,1904,2273,2819,2298,2160,2634,2304,2452,2436,2696,2563,2991,2256,1923,2435,2195,2668,2703,2717,2630,2476,2812,2449,2426,2412,2211,2334,2858,2342,2643
2355,2441,2280,2825,2145,2322,2178,2245,2562,2885,2406,2273,2674,2259,2727,2164,2433,2536,2396,2531,2274,2334,2433,2247,2489,2516,2525,2144,2481,2462,2438,2300,2522,2433,2447,2128,2279,2378,2558,2522,2352,2281,2496,2339,2459,2027,2452,2438,2147,2092,2499,2278,2220,2630,2474,2733,2278,2162,2282,2139,2658,2069,2359,2363,2607,2736,2458,2192,2111,2570,1908,2251,2877,2323,2112,2657,2288,2518,2361,2735,2561,3046,2280,1876,2469,2185,2660,2697,2656,2539,2438,2829,2449,2471,2366,2201,2363,2871,2291,2670
2362,2443,2220,2821,2189,2329,2166,2294,2546,2955,2391,2322,2664,2203,2727,2183,2389,2531,2447,2518,2284,2300,2413,2235,2473,2577,2542,2131,2488,2505,2443,2324,2564,2437,2398,2090,2291,2355,2564,2593,2421,2302,2453,2358,2480,2079,2485,2447,2184,2175,2489,2303,2167,2661,2426,2737,2278,2185,2252,2180,2646,2068,2366,2289,2649,2746,2458,2154,2146,2595,1908,2207,2888,2353,2120,2619,2329,2562,2270,2722,2607,2985,2318,1874,2477,2218,2682,2635,2643,2574,2425,2812,2462,2480,2308,2220,2431,2832,2288,2680
2333,2465,2201,2827,2227,2340,2157,2308,2571,2944,2390,2337,2672,2172,2763,2218,2366,2546,2437,2549,2339,2344,2384,2256,2440,2582,2538,2126,2439,2548,2416,2338,2582,2424,2373,2080,2302,2301,2547,2600,2508,2297,2467,2362,2439,2088,2544,2402,2175,2197,2416,2351,2155,2632,2394,2766,2238,2200,2228,2220,2648,2080,2399,2283,2620,2849,2423,2128,2154,2610,1913,2208,2908,2406,2121,2577,2284,2603,2253,2729,2581,2968,2282,1878,2439,2252,2678,2586,2599,2509,2400,2771,2465,2486,2238,2219,2433,2836,2273,2663
2305,2467,2215,2869,2295,2318,2160,2308,2579,2986,2375,2381,2684,2157,2760,2313,2372,2520,2429,2613,2389,2398,2340,2253,2418,2591,2527,2097,2410,2596,2424,2334,2600,2432,2358,2099,2253,2250,2611,2633,2552,2338,2412,2354,2455,2077,2565,2409,2198,2174,2399,2385,2141,2639,2361,2722,2247,2217,2180,2243,2625,2136,2441,2254,2671,2916,2388,2068,2250,2536,1962,2192,2909,2453,2155,2557,2267,2553,2268,2726,2534,2964,2372,1865,2462,2235,2682,2559,2602,2528,2365,2716,2431,2479,2219,2256,2428,2850,2298,2690
2266,2442,2184,2834,2350,2333,2161,2333,2635,2971,2361,2420,2663,2164,2752,2343,2337,2510,2460,2610,2382,2498,2371,2235,2446,2634,2508,2073,2431,2569,2484,2371,2614,2434,2372,2114,2289,2209,2667,2660,2608,2386,2348,2340,2477,2095,2606,2373,2187,2188,2380,2449,2159,2575,2324,2684,2179,2226,2184,2304,2621,2188,2441,2237,2759,2970,2395,2042,2281,2514,1949,2233,2888,2502,2134,2568,2278,2517,2230,2729,2548,2952,2333,1870,2461,2256,2680,2552,2553,2524,2288,2738,2361,2487,2140,2249,2384,2869,2339,2660
2282,2410,2219,2775,2393,2434,2132,2362,2651,2973,2360,2426,2616,2170,2763,2361,2311,2499,2480,2664,2375,2589,2346,2268,2463,2646,2518,2092,2498,2539,2465,2401,2659,2530,2420,2060,2269,2200,2652,2632,2587,2437,2325,2338,2467,2052,2664,2390,2254,2316,2351,2511,2142,2549,2277,2622,2215,2225,2186,2359,2667,2236,2454,2214,2782,2988,2396,2032,2275,2556,1969,2262,2882,2575,2166,2616,2246,2542,2187,2708,2533,2932,2401,1869,2416,2215,2652,2543,2523,2484,2272,2734,2343,2469,2104,2273,2369,2901,2409,2598
2352,2420,2284,2750,2440,2465,2131,2349,2640,2946,2363,2438,2607,2194,2772,2405,2288,2459,2478,2716,2362,2638,2310,2232,2497,2635,2500,2062,2522,2524,2506,2422,2655,2573,2420,2044,2243,2218,2631,2665,2591,2434,2254,2346,2401,2050,2655,2450,2316,2336,2350,2535,2150,2483,2295,2577,2221,2234,2199,2418,2640,2260,2490,2196,2834,3058,2341,2018,2283,2529,1986,2284,2857,2643,2182,2621,2231,2542,2163,2746,2526,2951,2428,1889,2362,2212,2657,2538,2520,2450,2248,2690,2290,2443,2116,2264,2357,2855,2435,2543
2360,2462,2324,2713,2453,2540,2148,2335,2699,2889,2411,2415,2627,2208,2791,2424,2255,2413,2466,2732,2390,2696,2297,2224,2542,2674,2483,2074,2573,2490,2486,2480,2666,2588,2464,2074,2252,2201,2645,2672,2627,2500,2201,2386,2363,2028,2638,2495,2293,2434,2375,2515,2184,2481,2317,2561,2196,2255,2226,2404,2631,2266,2503,2178,2834,3141,2343,2022,2242,2506,2003,2351,2818,2680,2262,2632,2269,2553,2163,2706,2511,2981,2389,1873,2282,2251,2625,2549,2493,2504,2199,2694,2249,2443,2105,2243,2324,2888,2526,2499
2356,2519,2387,2666,2452,2552,2149,2334,2681,2870,2423,2385,2622,2193,2775,2416,2241,2423,2463,2770,2370,2698,2284,2186,2526,2620,2447,2051,2615,2547,2502,2471,2674,2608,2511,2134,2280,2136,2665,2667,2588,2499,2126,2461,2306,2045,2659,2509,2331,2449,2357,2548,2230,2440,2398,2544,2192,2228,2236,2411,2628,2247,2533,2146,2863,3158,2369,1988,2244,2506,2008,2414,2807,2752,2315,2659,2321,2595,2169,2642,2511,3005,2395,1867,2247,2292,2558,2519,2467,2482,2184,2696,2191,2428,2074,2247,2322,2892,2554,2439
2393,2562,2394,2632,2438,2571,2152,2313,2728,2853,2420,2374,2649,2220,2730,2443,2233,2385,2449,2795,2343,2697,2271,2142,2550,2595,2405,2041,2653,2554,2500,2518,2720,2641,2543,2182,2260,2133,2613,2670,2571,2534,2092,2523,2327,2024,2636,2591,2359,2480,2362,2520,2281,2372,2429,2490,2165,2268,2213,2412,2646,2246,2582,2117,2842,3158,2378,1982,2239,2482,2040,2441,2757,2745,2331,2635,2301,2606,2183,2651,2502,2969,2468,1835,2226,2282,2539,2471,2420,2476,2167,2693,2183,2380,2068,2293,2338,2921,2596,2418
2466,2554,2455,2562,2411,2578,2079,2312,2687,2882,2463,2325,2662,2207,2753,2513,2287,2366,2463,2786,2283,2702,2224,2118,2553,2581,2402,2095,2705,2526,2410,2578,2688,2699,2551,2250,2186,2131,2596,2615,2535,2625,2043,2505,2274,1997,2649,2562,2330,2534,2447,2525,2325,2307,2501,2506,2096,2262,2192,2366,2668,2233,2580,2093,2854,3181,2392,1971,2247,2487,2107,2444,2727,2776,2337,2634,2278,2629,2151,2609,2484,2978,2441,1828,2191,2263,2502,2466,2367,2504,2158,2681,2124,2355,2056,2347,2369,2896,2582,2400
2509,2518,2531,2537,2441,2643,2030,2293,2688,2895,2492,2287,2665,2256,2724,2507,2347,2373,2449,2750,2383,2678,2209,2071,2556,2565,2377,2129,2772,2515,2409,2651,2662,2763,2569,2308,2249,2177,2595,2590,2493,2653,1993,2533,2274,2031,2650,2590,2306,2590,2467,2501,2375,2276,2540,2494,2043,2217,2214,2315,2671,2224,2624,2066,2893,3187,2389,1986,2200,2411,2163,2442,2655,2720,2321,2634,2308,2649,2144,2584,2451,2966,2449,1814,2160,2287,2438,2449,2337,2470,2129,2626,2164,2365,2079,2383,2342,2851,2645,2395
2513,2490,2555,2493,2508,2641,1975,2256,2645,2949,2549,2303,2657,2286,2686,2457,2325,2376,2456,2740,2425,2656,2197,2059,2572,2588,2384,2135,2772,2502,2386,2682,2620,2789,2543,2364,2197,2265,2618,2563,2500,2657,1982,2565,2250,2039,2625,2588,2285,2629,2463,2550,2374,2204,2591,2480,1993,2183,2261,2247,2660,2202,2662,2014,2904,3105,2389,2015,2213,2457,2178,2481,2613,2773,2363,2586,2309,2600,2114,2582,2462,2960,2427,1774,2156,2255,2422,2414,2338,2428,2138,2546,2176,2321,2053,2454,2361,2825,2710,2371
2484,2554,2580,2468,2517,2673,1981,2235,2657,2976,2584,2312,2623,2272,2645,2472,2360,2434,2497,2656,2459,2605,2201,2086,2551,2554,2385,2169,2796,2480,2420,2711,2582,2791,2525,2436,2193,2308,2620,2528,2453,2693,1949,2526,2221,2034,2676,2661,2267,2677,2511,2592,2365,2161,2631,2416,1955,2225,2245,2220,2617,2225,2741,1960,2905,3111,2458,2054,2250,2434,2207,2404,2618,2769,2417,2602,2281,2612,2119,2592,2480,2937,2411,1781,2140,2235,2383,2388,2343,2442,2136,2517,2178,2289,2052,2443,2396,2764,2779,2347
2539,2569,2619,2463,2556,2660,1952,2216,2673,2980,2565,2370,2570,2278,2663,2459,2397,2453,2537,2668,2474,2590,2217,2056,2540,2478,2420,2224,2846,2463,2448,2703,2542,2810,2517,2435,2161,2422,2649,2467,2421,2731,1962,2536,2193,2046,2668,2675,2275,2656,2493,2610,2355,2181,2628,2381,1889,2231,2229,2245,2557,2282,2839,1936,2899,3076,2479,2073,2321,2380,2256,2425,2688,2783,2394,2631,2321,2631,2166,2588,2472,2891,2442,1792,2100,2252,2360,2307,2303,2447,2128,2436,2190,2291,2053,2517,2418,2781,2830,2339
2574,2527,2643,2448,2551,2702,1923,2259,2644,2993,2619,2375,2502,2252,2610,2478,2421,2500,2543,2635,2471,2567,2219,2102,2543,2458,2465,2292,2865,2446,2475,2719,2521,2801,2506,2476,2057,2492,2687,2411,2402,2729,1986,2524,2105,2026,2663,2691,2253,2645,2514,2634,2351,2177,2689,2332,1894,2174,2230,2283,2550,2295,2859,1900,2944,3001,2486,2080,2333,2432,2269,2419,2703,2737,2408,2639,2284,2600,2211,2627,2465,2841,2440,1810,2121,2270,2325,2248,2356,2452,2140,2384,2176,2298,2053,2540,2431,2737,2883,2317
2615,2522,2656,2427,2536,2689,1945,2269,2634,2969,2621,2381,2464,2263,2570,2539,2440,2554,2614,2547,2514,2567,2202,2110,2556,2455,2550,2391,2896,2382,2503,2730,2500,2762,2421,2487,1985,2519,2704,2330,2385,2724,1967,2490,2085,2009,2676,2692,2220,2671,2499,2647,2319,2167,2668,2328,1934,2180,2215,2337,2527,2334,2928,1912,2992,2913,2541,2074,2392,2429,2294,2408,2694,2785,2411,2700,2241,2568,2257,2575,2438,2792,2403,1830,2086,2321,2360,2213,2340,2420,2150,2372,2210,2240,2032,2600,2448,2669,2978,2326
2691,2486,2632,2378,2497,2670,1960,2286,2604,2907,2617,2422,2456,2305,2545,2546,2471,2561,2670,2460,2492,2551,2201,2133,2523,2428,2570,2439,2930,2328,2543,2697,2489,2726,2367,2496,1968,2597,2696,2333,2410,2740,1960,2459,2083,1980,2665,2738,2218,2685,2493,2641,2313,2200,2642,2289,1951,2163,2158,2363,2468,2354,2903,1934,2983,2833,2598,2058,2462,2425,2339,2328,2726,2781,2426,2726,2211,2557,2315,2577,2423,2776,2429,1846,2080,2292,2351,2185,2319,2370,2113,2331,2232,2269,1992,2613,2527,2570,2997,2364
2727,2501,2590,2301,2528,2655,1960,2294,2585,2910,2592,2369,2448,2331,2556,2542,2448,2567,2732,2384,2467,2550,2210,2156,2464,2405,2588,2528,2899,2289,2533,2689,2460,2719,2313,2554,1973,2633,2690,2341,2454,2728,1983,2429,2053,2002,2680,2742,2211,2706,2483,2620,2379,2245,2640,2303,1980,2137,2082,2413,2400,2375,2948,1951,3005,2746,2664,2089,2575,2473,2372,2322,2695,2743,2394,2724,2134,2576,2359,2613,2412,2731,2415,1904,2103,2325,2395,2202,2329,2355,2147,2280,2288,2235,1988,2655,2624,2549,2983,2400
2767,2473,2552,2307,2536,2635,2019,2317,2611,2883,2589,2375,2468,2361,2564,2598,2452,2590,2831,2331,2466,2576,2225,2159,2465,2382,2629,2543,2883,2289,2526,2712,2479,2697,2253,2566,1945,2655,2626,2353,2435,2774,1981,2414,2076,1992,2663,2785,2277,2708,2487,2558,2389,2275,2637,2296,2030,2166,2061,2459,2338,2443,2913,1979,3051,2737,2701,2111,2631,2431,2424,2317,2680,2692,2427,2782,2090,2543,2394,2609,2377,2752,2363,1992,2085,2384,2398,2271,2301,2378,2133,2257,2261,2207,1986,2673,2691,2523,3027,2455
2856,2446,2527,2284,2515,2634,2043,2287,2618,2923,2569,2337,2414,2368,2564,2654,2429,2547,2874,2282,2414,2555,2239,2193,2434,2397,2659,2532,2803,2308,2498,2710,2462,2637,2204,2619,1935,2703,2578,2362,2417,2705,2003,2385,2085,1963,2673,2748,2314,2705,2467,2541,2473,2332,2648,2284,2087,2208,2049,2513,2358,2477,2879,2017,3065,2654,2731,2141,2644,2408,2484,2259,2682,2661,2416,2767,2063,2553,2385,2643,2378,2725,2369,2068,2051,2469,2418,2352,2314,2345,2103,2236,2275,2194,1940,2670,2697,2486,3015,2471
2865,2409,2525,2259,2489,2600,2075,2258,2570,2866,2561,2316,2400,2403,2493,2664,2462,2557,2938,2281,2398,2459,2266,2248,2410,2461,2660,2587,2877,2315,2466,2706,2460,2646,2178,2643,1958,2773,2504,2358,2418,2722,2041,2361,2062,1913,2663,2730,2318,2751,2446,2470,2555,2321,2632,2311,2107,2244,2030,2528,2374,2526,2803,2037,3066,2589,2750,2146,2657,2346,2518,2282,2646,2548,2444,2747,2061,2515,2424,2587,2359,2671,2343,2133,2083,2468,2368,2388,2319,2302,2079,2250,2321,2243,1976,2687,2765,2476,3002,2472
2850,2402,2525,2224,2469,2562,2096,2244,2587,2862,2553,2220,2427,2400,2485,2694,2488,2551,2974,2295,2359,2417,2295,2233,2420,2481,2651,2600,2855,2333,2467,2770,2468,2640,2128,2673,1957,2761,2472,2380,2410,2689,2008,2328,2081,1915,2659,2693,2356,2758,2402,2423,2613,2343,2600,2373,2124,2312,2039,2491,2376,2554,2672,2059,3038,2474,2772,2160,2649,2295,2587,2310,2641,2530,2529,2655,2067,2537,2434,2684,2359,2659,2323,2243,2095,2510,2411,2449,2269,2289,2109,2240,2364,2247,1997,2730,2839,2459,3002,2475
2855,2381,2504,2240,2441,2536,2071,2172,2533,2777,2543,2221,2443,2400,2459,2714,2468,2475,3070,2285,2308,2468,2321,2211,2424,2506,2653,2611,2835,2421,2434,2710,2426,2631,2082,2668,1985,2782,2434,2392,2423,2612,2020,2330,2086,1940,2685,2623,2380,2746,2362,2398,2614,2290,2566,2426,2130,2357,2088,2465,2377,2574,2599,2057,3014,2394,2777,2151,2667,2223,2573,2319,2569,2468,2595,2617,2055,2554,2445,2677,2367,2670,2310,2383,2077,2580,2435,2486,2284,2257,2116,2264,2419,2278,2052,2737,2909,2422,2952,2538
2836,2387,2502,2193,2419,2485,2077,2151,2514,2766,2522,2184,2415,2361,2423,2726,2448,2423,3122,2305,2284,2502,2349,2226,2448,2545,2603,2599,2766,2456,2354,2732,2417,2543,2075,2747,1992,2863,2435,2380,2448,2584,2044,2301,2105,2018,2676,2595,2424,2745,2350,2348,2656,2246,2547,2465,2142,2386,2072,2482,2380,2605,2536,2066,3023,2345,2815,2187,2716,2181,2594,2382,2548,2456,2660,2598,2053,2558,2407,2681,2357,2642,2266,2518,2097,2615,2462,2562,2246,2228,2109,2267,2438,2308,2064,2765,2968,2429,2856,2474
2823,2377,2438,2170,2339,2488,2023,2106,2501,2668,2569,2169,2441,2354,2399,2731,2457,2328,3147,2332,2281,2506,2298,2261,2467,2536,2593,2635,2720,2426,2377,2719,2410,2509,2054,2790,2043,2787,2425,2370,2473,2504,2105,2303,2084,2079,2647,2569,2423,2749,2327,2356,2699,2213,2543,2453,2155,2450,2076,2470,2405,2614,2448,2100,3012,2367,2843,2209,2679,2136,2552,2426,2527,2427,2728,2587,2001,2553,2413,2700,2306,2641,2237,2633,2160,2675,2478,2555,2250,2156,2073,2300,2474,2341,2119,2791,2977,2425,2793,2439
2834,2396,2401,2195,2310,2462,2004,2143,2486,2622,2514,2119,2491,2272,2464,2686,2448,2264,3202,2400,2302,2517,2247,2258,2500,2605,2564,2700,2676,2417,2386,2703,2372,2460,2055,2872,2091,2805,2417,2384,2509,2505,2152,2282,2066,2130,2626,2516,2434,2807,2293,2356,2730,2192,2560,2490,2178,2440,2122,2471,2428,2570,2430,2104,2918,2374,2773,2244,2707,2108,2567,2440,2525,2377,2788,2548,1992,2547,2437,2704,2286,2606,2206,2735,2183,2665,2470,2576,2277,2123,2118,2361,2552,2300,2169,2865,2991,2373,2662,2445
2827,2412,2380,2212,2256,2433,1992,2121,2478,2611,2479,2114,2532,2224,2484,2679,2396,2212,3261,2419,2341,2502,2248,2252,2516,2652,2546,2745,2683,2445,2366,2720,2379,2441,2036,2854,2157,2808,2385,2427,2511,2476,2189,2209,2041,2214,2585,2410,2487,2804,2273,2366,2767,2186,2561,2515,2196,2444,2105,2479,2440,2590,2429,2108,2845,2347,2765,2224,2712,2126,2565,2472,2510,2340,2799,2520,1986,2558,2434,2676,2245,2612,2152,2849,2197,2666,2481,2601,2283,2126,2126,2451,2618,2307,2210,2858,2980,2356,2540,2501
2789,2440,2454,2204,2243,2415,1952,2132,2474,2611,2436,2081,2527,2216,2505,2704,2361,2175,3283,2448,2394,2481,2208,2251,2517,2644,2503,2768,2696,2450,2406,2740,2426,2383,2055,2868,2193,2833,2340,2417,2474,2455,2294,2190,2017,2310,2511,2397,2521,2790,2240,2321,2788,2226,2584,2528,2248,2480,2159,2507,2438,2550,2458,2153,2764,2425,2741,2257,2709,2082,2526,2449,2530,2324,2814,2462,1980,2566,2389,2647,2220,2573,2155,2887,2218,2669,2526,2662,2271,2091,2131,2533,2631,2324,2249,2821,3001,2333,2445,2479
2786,2416,2472,2172,2250,2442,1897,2163,2451,2585,2475,2104,2581,2275,2558,2653,2340,2169,3257,2418,2443,2496,2149,2242,2552,2661,2450,2834,2632,2453,2422,2728,2405,2363,2071,2859,2223,2823,2362,2419,2377,2404,2310,2133,2011,2370,2475,2350,2518,2764,2205,2422,2817,2240,2630,2526,2299,2501,2183,2516,2390,2552,2465,2200,2733,2490,2742,2297,2696,2131,2485,2408,2516,2256,2819,2424,1995,2539,2420,2612,2194,2535,2157,2970,2253,2679,2491,2649,2245,2049,2155,2582,2669,2354,2329,2730,2995,2341,2379,2438
2795,2479,2482,2210,2220,2447,1919,2157,2447,2577,2435,2126,2552,2222,2565,2659,2315,2166,3159,2390,2532,2515,2126,2214,2592,2627,2467,2851,2582,2421,2490,2652,2458,2354,2086,2764,2247,2773,2342,2443,2314,2379,2363,2115,1999,2438,2433,2327,2516,2751,2211,2400,2818,2268,2629,2527,2289,2583,2256,2599,2371,2578,2495,2262,2644,2545,2715,2334,2746,2191,2486,2408,2495,2164,2790,2432,2043,2554,2352,2568,2195,2544,2167,3053,2295,2652,2429,2597,2271,2009,2178,2675,2651,2399,2415,2730,2989,2328,2368,2395
2793,2527,2532,2227,2239,2429,1959,2116,2502,2524,2432,2112,2498,2260,2587,2628,2323,2147,3081,2343,2608,2550,2082,2201,2655,2624,2463,2920,2587,2440,2534,2629,2482,2355,2097,2736,2208,2737,2349,2480,2303,2342,2376,2090,2043,2530,2433,2311,2456,2716,2182,2405,2856,2318,2710,2506,2331,2629,2272,2628,2363,2504,2522,2313,2597,2573,2689,2396,2738,2228,2401,2396,2506,2117,2797,2442,2025,2565,2321,2554,2261,2572,2186,3027,2314,2648,2389,2565,2313,2004,2216,2752,2679,2420,2462,2756,2976,2341,2317,2372
2823,2562,2545,2270,2246,2446,2046,2156,2494,2465,2474,2110,2534,2275,2597,2623,2304,2219,2984,2385,2689,2580,2049,2219,2678,2640,2460,2970,2586,2478,2521,2626,2514,2397,2096,2648,2233,2688,2366,2526,2298,2283,2378,2152,2091,2581,2370,2293,2463,2714,2153,2408,2816,2327,2734,2465,2283,2611,2312,2676,2322,2461,2575,2382,2545,2590,2686,2457,2710,2316,2319,2401,2472,2033,2724,2366,2074,2607,2318,2543,2318,2522,2239,3002,2365,2622,2312,2538,2305,2013,2295,2844,2695,2447,2482,2750,3018,2373,2289,2358
2861,2619,2565,2364,2331,2397,2169,2171,2525,2500,2528,2147,2465,2310,2565,2609,2256,2251,2910,2354,2766,2597,2000,2252,2705,2663,2493,2981,2612,2495,2494,2599,2547,2445,2133,2590,2246,2665,2379,2578,2263,2200,2353,2235,2151,2668,2431,2269,2430,2660,2129,2395,2849,2368,2730,2435,2313,2616,2332,2692,2381,2447,2616,2423,2495,2644,2662,2505,2674,2372,2267,2397,2492,2032,2640,2358,2105,2614,2278,2556,2334,2560,2243,2974,2409,2597,2284,2555,2296,2026,2325,2900,2704,2493,2520,2699,3027,2383,2281,2387
2820,2607,2627,2435,2325,2396,2291,2178,2592,2439,2600,2130,2444,2325,2499,2619,2204,2273,2830,2310,2826,2609,1939,2261,2718,2684,2540,3044,2635,2535,2462,2592,2580,2434,2141,2598,2232,2657,2426,2567,2309,2174,2416,2351,2208,2697,2455,2250,2433,2636,2128,2434,2804,2374,2755,2414,2312,2622,2394,2753,2400,2414,2626,2510,2507,2571,2566,2533,2722,2420,2251,2408,2516,2034,2590,2318,2143,2610,2286,2532,2387,2555,2263,2891,2484,2606,2265,2543,2334,2058,2394,2974,2729,2552,2521,2655,3044,2450,2248,2428
2864,2609,2587,2513,2362,2327,2398,2151,2609,2491,2665,2116,2468,2408,2442,2528,2153,2308,2826,2255,2885,2595,1884,2246,2723,2669,2605,3001,2655,2629,2440,2553,2594,2392,2160,2542,2267,2640,2470,2549,2346,2199,2471,2427,2294,2704,2463,2216,2473,2638,2096,2415,2819,2343,2766,2354,2332,2737,2401,2774,2373,2390,2681,2516,2541,2587,2491,2595,2696,2469,2206,2407,2557,2037,2546,2363,2155,2570,2230,2537,2443,2526,2266,2857,2502,2568,2241,2546,2388,2068,2475,3055,2714,2603,2550,2625,3023,2469,2266,2435
2874,2581,2626,2539,2397,2373,2497,2131,2683,2458,2699,2136,2406,2430,2375,2574,2122,2368,2784,2266,2917,2558,1900,2247,2691,2656,2613,2980,2677,2650,2396,2472,2596,2389,2134,2520,2314,2678,2464,2605,2403,2187,2516,2503,2340,2662,2487,2238,2507,2559,2081,2384,2812,2362,2764,2366,2354,2731,2409,2763,2419,2359,2740,2488,2575,2608,2464,2629,2718,2521,2168,2424,2552,2073,2530,2387,2221,2552,2208,2539,2507,2543,2277,2793,2499,2585,2209,2531,2420,2055,2549,3092,2729,2629,2507,2563,3017,2447,2302,2435
2868,2583,2652,2601,2440,2381,2578,2120,2719,2445,2645,2174,2348,2427,2327,2542,2129,2387,2742,2219,2959,2547,1880,2245,2684,2665,2625,2952,2732,2635,2407,2419,2618,2338,2106,2470,2361,2696,2505,2595,2482,2177,2543,2575,2374,2653,2561,2241,2529,2573,2113,2412,2815,2370,2772,2267,2357,2750,2381,2825,2446,2335,2778,2471,2528,2628,2448,2605,2710,2553,2163,2509,2545,2057,2515,2345,2222,2484,2231,2535,2583,2489,2269,2766,2511,2587,2149,2516,2425,2074,2585,3085,2771,2608,2534,2505,2957,2463,2299,2448
2921,2566,2655,2651,2475,2389,2643,2142,2687,2486,2611,2188,2265,2457,2320,2556,2089,2419,2691,2285,2911,2528,1895,2243,2684,2684,2634,2937,2666,2628,2342,2404,2593,2287,2077,2438,2398,2706,2497,2571,2579,2196,2565,2631,2398,2637,2626,2191,2547,2587,2133,2397,2786,2361,2818,2212,2384,2755,2372,2798,2477,2351,2757,2464,2532,2622,2401,2586,2722,2536,2141,2570,2593,2091,2435,2349,2222,2409,2230,2570,2639,2439,2273,2740,2529,2540,2154,2474,2463,2123,2600,3099,2819,2611,2555,2392,2865,2471,2343,2457
2919,2587,2659,2627,2508,2424,2666,2164,2652,2498,2545,2198,2234,2513,2300,2538,2089,2474,2681,2281,2878,2517,1858,2209,2689,2612,2613,2905,2653,2600,2315,2391,2607,2235,2043,2409,2441,2728,2461,2614,2622,2226,2614,2698,2484,2679,2640,2157,2595,2586,2165,2388,2826,2329,2898,2194,2415,2693,2450,2859,2539,2389,2794,2467,2511,2619,2355,2627,2707,2541,2176,2616,2646,2127,2394,2351,2226,2408,2224,2618,2675,2436,2307,2675,2543,2559,2180,2450,2500,2160,2595,2990,2798,2553,2509,2340,2857,2422,2365,2460
2892,2602,2665,2707,2581,2439,2673,2193,2647,2507,2472,2201,2199,2530,2253,2540,2124,2500,2659,2349,2922,2490,1857,2230,2708,2565,2640,2892,2617,2597,2330,2400,2601,2245,2065,2403,2432,2727,2507,2601,2697,2266,2708,2768,2463,2739,2673,2140,2660,2579,2168,2418,2772,2304,2952,2185,2441,2712,2490,2842,2536,2350,2787,2478,2534,2598,2307,2635,2736,2551,2201,2649,2678,2171,2378,2391,2255,2387,2236,2648,2781,2432,2359,2659,2551,2582,2158,2394,2467,2217,2702,3017,2826,2535,2490,2297,2831,2411,2419,2442
2888,2641,2687,2731,2618,2457,2665,2225,2666,2534,2394,2241,2208,2550,2262,2568,2123,2617,2569,2337,2941,2494,1825,2198,2694,2492,2673,2862,2535,2606,2302,2417,2653,2247,2021,2403,2447,2733,2513,2601,2793,2287,2765,2782,2515,2767,2632,2149,2647,2621,2178,2418,2753,2269,2981,2181,2424,2733,2544,2836,2539,2347,2762,2452,2498,2608,2306,2683,2711,2568,2285,2650,2681,2186,2311,2443,2290,2356,2283,2644,2845,2453,2363,2697,2498,2626,2140,2331,2467,2289,2770,3031,2811,2563,2459,2299,2809,2377,2484,2422
2895,2708,2690,2746,2676,2530,2701,2272,2721,2604,2348,2285,2203,2627,2214,2567,2165,2622,2519,2312,2906,2543,1830,2216,2775,2432,2704,2867,2484,2537,2328,2451,2637,2236,2054,2343,2487,2701,2567,2614,2831,2302,2784,2758,2516,2809,2699,2121,2670,2679,2202,2365,2771,2295,2979,2202,2372,2677,2612,2865,2525,2371,2739,2525,2505,2596,2317,2742,2673,2552,2349,2704,2660,2214,2246,2483,2274,2344,2313,2649,2863,2448,2390,2740,2441,2648,2193,2340,2471,2295,2790,2960,2839,2532,2514,2275,2739,2383,2546,2408
2861,2802,2656,2722,2670,2553,2607,2309,2769,2612,2278,2328,2202,2733,2245,2544,2168,2642,2463,2294,2886,2535,1850,2166,2785,2369,2726,2915,2420,2527,2345,2432,2643,2251,2123,2305,2477,2654,2576,2617,2843,2317,2779,2771,2522,2836,2708,2142,2682,2610,2240,2345,2755,2281,3015,2224,2378,2731,2644,2864,2509,2347,2662,2510,2466,2587,2332,2766,2665,2513,2428,2738,2610,2266,2218,2526,2314,2370,2353,2685,2947,2501,2321,2727,2498,2718,2197,2330,2381,2335,2819,2940,2833,2573,2492,2301,2730,2358,2587,2435
2853,2928,2613,2750,2667,2538,2612,2357,2759,2576,2239,2347,2219,2801,2230,2586,2193,2626,2419,2315,2911,2553,1865,2152,2800,2370,2728,2881,2388,2582,2379,2449,2619,2234,2147,2268,2436,2597,2607,2634,2845,2367,2793,2778,2557,2802,2691,2157,2704,2544,2292,2315,2757,2321,2997,2219,2319,2734,2606,2844,2494,2320,2625,2534,2499,2618,2326,2811,2650,2478,2345,2767,2633,2285,2189,2588,2398,2362,2337,2654,2989,2505,2349,2717,2475,2771,2239,2304,2375,2368,2809,2914,2832,2586,2477,2292,2652,2349,2614,2478
2829,2985,2623,2777,2710,2602,2618,2422,2800,2543,2219,2332,2244,2843,2224,2661,2250,2574,2434,2296,2921,2536,1881,2125,2818,2343,2738,2893,2319,2645,2438,2514,2566,2252,2158,2214,2437,2536,2576,2577,2880,2424,2766,2772,2518,2787,2679,2150,2722,2555,2312,2351,2809,2295,2973,2312,2321,2731,2601,2875,2441,2289,2610,2534,2474,2643,2360,2860,2598,2511,2358,2825,2641,2297,2220,2632,2432,2389,2379,2683,2943,2476,2304,2732,2453,2799,2206,2273,2395,2393,2750,2961,2830,2602,2451,2337,2630,2352,2593,2443
2808,3046,2643,2815,2755,2581,2657,2504,2800,2561,2224,2346,2296,2839,2237,2677,2210,2547,2412,2320,2906,2542,1925,2109,2827,2316,2772,2917,2226,2712,2454,2548,2554,2245,2169,2211,2386,2526,2614,2612,2871,2457,2803,2735,2512,2823,2688,2155,2745,2556,2311,2353,2802,2289,2881,2366,2297,2780,2616,2879,2399,2248,2589,2513,2449,2609,2437,2920,2599,2474,2347,2816,2662,2296,2236,2668,2489,2390,2374,2704,2925,2467,2269,2700,2399,2822,2152,2260,2409,2424,2744,2922,2774,2600,2450,2317,2555,2375,2541,2502
2782,3054,2628,2804,2769,2604,2700,2545,2812,2533,2231,2397,2354,2867,2199,2720,2204,2539,2421,2326,2904,2535,1926,2134,2825,2353,2770,2895,2169,2774,2461,2520,2550,2279,2190,2212,2436,2529,2658,2637,2886,2515,2767,2745,2478,2781,2635,2161,2749,2562,2337,2358,2772,2304,2868,2410,2282,2780,2646,2823,2373,2220,2644,2476,2500,2631,2491,2990,2607,2442,2386,2814,2607,2323,2232,2705,2500,2355,2415,2703,2936,2421,2281,2646,2377,2832,2116,2253,2423,2477,2729,2877,2702,2658,2436,2329,2522,2328,2508,2498
2797,3033,2639,2809,2768,2631,2740,2566,2811,2451,2224,2366,2405,2871,2214,2716,2229,2497,2475,2301,2925,2470,1913,2101,2888,2375,2723,2883,2122,2836,2474,2580,2534,2282,2187,2202,2468,2567,2669,2621,2854,2519,2803,2760,2490,2779,2647,2124,2765,2538,2385,2398,2724,2289,2843,2397,2260,2806,2645,2803,2410,2240,2694,2465,2510,2596,2497,3068,2598,2442,2415,2800,2609,2312,2232,2767,2518,2334,2445,2717,2894,2405,2277,2641,2371,2844,2095,2281,2431,2555,2701,2845,2691,2679,2488,2331,2461,2318,2506,2512
2767,3047,2618,2776,2697,2662,2762,2599,2731,2416,2229,2354,2434,2834,2188,2743,2202,2512,2528,2302,2916,2392,1922,2159,2850,2413,2727,2904,2058,2874,2461,2605,2460,2266,2202,2159,2485,2598,2655,2630,2766,2525,2778,2770,2453,2739,2623,2108,2781,2479,2357,2458,2714,2259,2825,2443,2253,2771,2678,2763,2417,2208,2684,2446,2496,2569,2558,3096,2578,2409,2446,2767,2676,2302,2247,2808,2558,2338,2489,2738,2842,2365,2289,2623,2317,2835,2121,2261,2436,2583,2626,2833,2641,2687,2482,2305,2398,2320,2481,2483
2718,3066,2626,2802,2688,2692,2777,2592,2645,2365,2267,2352,2476,2817,2175,2751,2234,2470,2561,2271,2881,2370,1947,2196,2867,2478,2724,2845,2041,2886,2455,2554,2437,2240,2190,2149,2512,2671,2634,2620,2713,2551,2737,2791,2433,2717,2582,2124,2734,2534,2410,2555,2671,2265,2788,2505,2237,2769,2693,2717,2410,2219,2693,2450,2467,2534,2629,3106,2602,2391,2482,2733,2722,2309,2235,2836,2589,2353,2524,2698,2847,2364,2307,2563,2317,2798,2156,2248,2491,2614,2552,2884,2599,2676,2485,2286,2366,2285,2501,2457
2675,3032,2630,2807,2588,2750,2726,2610,2649,2329,2280,2344,2454,2847,2155,2728,2232,2461,2596,2258,2838,2335,1935,2196,2862,2473,2775,2841,2047,2882,2380,2571,2430,2262,2196,2168,2516,2631,2636,2558,2704,2477,2662,2743,2418,2703,2559,2131,2658,2551,2401,2597,2639,2268,2762,2577,2224,2753,2701,2652,2404,2193,2692,2395,2459,2493,2719,3084,2613,2391,2495,2700,2800,2334,2237,2823,2619,2352,2602,2613,2791,2322,2331,2536,2320,2767,2169,2271,2554,2630,2476,2870,2557,2683,2511,2276,2348,2277,2536,2455
2623,3045,2620,2806,2505,2794,2692,2630,2638,2280,2282,2312,2472,2845,2139,2770,2287,2491,2615,2285,2782,2339,1936,2203,2867,2447,2705,2823,2047,2879,2372,2537,2464,2278,2213,2151,2532,2631,2630,2562,2600,2505,2629,2717,2405,2630,2525,2134,2651,2568,2399,2682,2651,2256,2682,2614,2230,2698,2750,2600,2388,2157,2688,2411,2457,2496,2778,3102,2579,2379,2543,2689,2821,2358,2238,2823,2618,2348,2605,2620,2756,2312,2367,2549,2313,2794,2220,2261,2538,2670,2378,2881,2536,2663,2463,2285,2300,2241,2555,2474
2624,3041,2595,2782,2433,2792,2642,2634,2650,2227,2254,2314,2448,2813,2118,2761,2320,2494,2638,2281,2792,2343,1932,2253,2912,2425,2673,2816,2008,2783,2346,2538,2431,2291,2259,2127,2573,2668,2659,2610,2558,2482,2577,2724,2412,2576,2502,2149,2608,2502,2397,2664,2621,2259,2726,2665,2200,2650,2761,2501,2384,2103,2717,2379,2419,2506,2796,3107,2570,2380,2565,2618,2900,2337,2253,2823,2515,2314,2610,2567,2784,2334,2357,2543,2307,2803,2260,2285,2599,2698,2331,2905,2495,2617,2464,2313,2244,2201,2629,2455
2536,2959,2649,2803,2386,2759,2628,2633,2678,2171,2270,2270,2450,2786,2157,2802,2306,2497,2624,2287,2804,2286,1980,2274,2974,2422,2663,2738,2028,2745,2307,2521,2455,2296,2269,2136,2624,2644,2695,2595,2452,2521,2497,2725,2419,2560,2467,2214,2598,2460,2406,2712,2641,2291,2746,2687,2209,2597,2779,2484,2352,2119,2711,2403,2427,2503,2803,3104,2521,2373,2577,2598,2968,2303,2274,2747,2505,2297,2622,2508,2768,2344,2322,2557,2240,2809,2332,2217,2590,2722,2284,2999,2444,2562,2462,2351,2238,2174,2736,2447
2543,2927,2630,2774,2401,2712,2588,2596,2653,2137,2227,2279,2479,2761,2162,2804,2308,2469,2620,2305,2790,2292,2034,2329,3023,2380,2727,2689,2044,2718,2329,2495,2442,2323,2348,2157,2651,2688,2726,2653,2418,2544,2521,2751,2408,2582,2437,2235,2618,2409,2390,2769,2618,2289,2785,2705,2166,2545,2775,2501,2337,2164,2695,2462,2380,2518,2835,3063,2532,2382,2560,2556,3013,2253,2291,2672,2484,2316,2594,2466,2791,2294,2270,2541,2223,2794,2361,2165,2592,2709,2301,2992,2452,2531,2446,2346,2262,2158,2818,2501
2505,2955,2648,2718,2351,2711,2594,2604,2677,2111,2256,2278,2475,2719,2163,2815,2263,2488,2593,2325,2770,2286,2103,2371,3018,2348,2721,2613,2051,2666,2283,2414,2459,2345,2411,2133,2675,2641,2753,2664,2402,2517,2496,2745,2439,2532,2408,2225,2642,2395,2387,2720,2665,2271,2761,2744,2133,2588,2829,2558,2336,2174,2719,2453,2373,2514,2854,3102,2417,2406,2556,2527,3036,2231,2277,2620,2440,2323,2589,2380,2845,2365,2246,2521,2196,2805,2409,2164,2609,2715,2316,3026,2460,2475,2454,2384,2217,2142,2915,2486
2459,2904,2695,2672,2338,2738,2591,2617,2701,2083,2290,2248,2459,2730,2211,2797,2246,2509,2580,2334,2694,2258,2122,2415,3057,2347,2690,2553,2023,2591,2351,2388,2472,2353,2498,2145,2710,2692,2809,2705,2369,2523,2455,2762,2458,2476,2378,2208,2673,2410,2345,2678,2661,2286,2675,2759,2074,2570,2752,2577,2363,2157,2721,2441,2418,2526,2812,3033,2367,2446,2556,2560,3042,2203,2280,2532,2424,2333,2527,2363,2928,2393,2214,2442,2159,2751,2379,2182,2662,2700,2325,3035,2466,2498,2483,2425,2215,2168,2949,2452
2434,2851,2693,2651,2318,2833,2609,2600,2718,2032,2293,2163,2497,2689,2241,2770,2224,2479,2584,2308,2602,2280,2147,2449,3106,2391,2671,2553,2041,2582,2404,2389,2510,2388,2572,2104,2673,2725,2835,2775,2357,2568,2436,2736,2451,2382,2288,2239,2699,2408,2342,2677,2722,2272,2655,2751,2067,2547,2767,2569,2360,2183,2751,2440,2427,2587,2778,3013,2336,2486,2567,2566,3050,2159,2276,2510,2436,2309,2478,2320,2934,2435,2173,2368,2141,2682,2409,2154,2607,2671,2394,2993,2442,2494,2451,2428,2248,2188,2935,2453
2436,2788,2654,2599,2316,2867,2649,2618,2718,2038,2319,2161,2496,2625,2289,2752,2225,2486,2541,2285,2555,2257,2211,2517,3139,2356,2652,2538,2012,2549,2442,2426,2524,2413,2555,2077,2636,2764,2863,2824,2312,2596,2451,2712,2448,2355,2277,2279,2690,2418,2336,2659,2653,2279,2662,2699,2034,2540,2734,2566,2390,2190,2745,2463,2442,2639,2753,2986,2328,2512,2561,2529,3036,2132,2264,2492,2470,2348,2454,2335,2971,2507,2155,2304,2115,2677,2397,2207,2668,2648,2407,2942,2397,2461,2443,2475,2255,2182,2938,2463
2417,2712,2661,2577,2363,2946,2673,2610,2723,2052,2328,2204,2510,2620,2370,2645,2215,2424,2523,2276,2496,2244,2202,2516,3160,2382,2649,2498,2037,2543,2442,2445,2519,2394,2552,2055,2628,2735,2908,2858,2287,2560,2471,2695,2445,2332,2246,2304,2750,2461,2358,2690,2610,2305,2639,2661,1993,2564,2737,2545,2377,2236,2765,2461,2497,2666,2736,2963,2283,2543,2589,2524,3043,2102,2259,2456,2454,2372,2439,2327,3009,2590,2160,2279,2079,2658,2384,2226,2687,2610,2476,2977,2327,2493,2419,2462,2207,2229,2891,2444
2424,2744,2688,2575,2408,3022,2722,2627,2682,2053,2357,2194,2570,2627,2416,2660,2265,2403,2467,2269,2426,2275,2201,2545,3169,2354,2669,2458,2064,2533,2444,2447,2496,2422,2567,2048,2545,2721,2906,2878,2275,2582,2464,2640,2440,2320,2228,2309,2742,2455,2312,2695,2588,2298,2602,2624,1971,2641,2721,2485,2416,2298,2820,2460,2614,2677,2709,2936,2270,2589,2586,2532,2935,2054,2274,2480,2504,2380,2447,2342,3043,2662,2188,2188,2051,2687,2456,2228,2672,2596,2581,2967,2276,2481,2372,2475,2266,2245,2880,2456
2450,2667,2679,2562,2426,3072,2773,2682,2622,2059,2332,2178,2598,2585,2431,2581,2310,2395,2399,2242,2380,2253,2214,2558,3200,2341,2620,2465,2077,2486,2477,2443,2557,2479,2521,2078,2541,2753,2918,2835,2262,2550,2481,2693,2473,2337,2218,2361,2675,2503,2372,2658,2611,2236,2524,2630,1956,2602,2667,2447,2470,2356,2858,2448,2639,2698,2730,2912,2221,2575,2596,2545,2925,2070,2265,2454,2550,2402,2495,2372,3041,2739,2212,2137,2043,2704,2437,2282,2704,2641,2627,2957,2233,2518,2372,2452,2343,2234,2832,2438
2472,2675,2641,2523,2473,3126,2762,2593,2609,1982,2296,2152,2609,2545,2449,2513,2345,2449,2438,2229,2368,2209,2253,2535,3249,2334,2587,2520,2113,2490,2502,2474,2570,2479,2512,2101,2559,2760,2944,2817,2285,2461,2502,2701,2444,2331,2223,2359,2722,2496,2436,2641,2592,2282,2418,2602,1974,2614,2631,2389,2492,2376,2804,2436,2635,2691,2706,2952,2168,2585,2569,2577,2886,2058,2231,2498,2528,2413,2489,2380,2990,2791,2240,2152,2009,2674,2462,2292,2730,2626,2664,2969,2254,2572,2399,2424,2359,2195,2808,2451
2496,2620,2634,2512,2534,3131,2773,2595,2561,2004,2280,2196,2642,2575,2513,2458,2361,2426,2384,2234,2395,2195,2264,2488,3305,2297,2521,2545,2169,2484,2503,2478,2550,2470,2440,2160,2578,2784,2979,2868,2260,2377,2559,2685,2497,2329,2256,2377,2745,2546,2485,2644,2597,2285,2403,2547,1983,2576,2647,2334,2482,2441,2844,2422,2675,2666,2689,2953,2163,2585,2571,2597,2822,2083,2227,2435,2558,2440,2443,2415,2931,2826,2215,2137,2015,2631,2476,2291,2772,2625,2706,2930,2256,2575,2340,2421,2398,2175,2786,2507
2493,2665,2615,2512,2543,3093,2788,2604,2561,2042,2262,2218,2619,2564,2500,2443,2376,2443,2304,2233,2373,2208,2282,2418,3297,2259,2551,2588,2148,2485,2521,2458,2491,2492,2388,2143,2529,2791,2977,2825,2307,2316,2593,2669,2516,2369,2293,2351,2698,2574,2507,2610,2581,2305,2407,2520,2000,2561,2582,2266,2433,2488,2848,2439,2715,2648,2705,2995,2140,2570,2531,2584,2808,2135,2165,2473,2562,2496,2510,2479,2915,2909,2272,2134,2007,2658,2471,2320,2770,2622,2742,2950,2296,2566,2329,2361,2515,2206,2746,2474
2490,2647,2636,2531,2604,3098,2738,2604,2524,2069,2226,2279,2650,2565,2528,2433,2427,2459,2302,2226,2390,2219,2304,2418,3286,2227,2499,2552,2172,2497,2540,2458,2495,2500,2369,2165,2538,2773,2996,2806,2359,2312,2573,2654,2628,2322,2355,2361,2647,2602,2594,2540,2611,2321,2428,2469,2006,2607,2572,2252,2478,2569,2858,2447,2723,2613,2697,2943,2114,2552,2500,2595,2782,2158,2126,2463,2607,2499,2503,2514,2866,2928,2307,2133,2048,2601,2551,2355,2748,2600,2707,2929,2285,2557,2307,2360,2577,2198,2743,2521
2498,2631,2678,2503,2662,3064,2728,2620,2519,2078,2192,2299,2671,2577,2568,2405,2447,2465,2308,2206,2432,2178,2326,2377,3234,2207,2491,2566,2153,2479,2491,2486,2496,2493,2336,2140,2553,2750,2983,2797,2394,2352,2567,2633,2662,2347,2427,2384,2613,2645,2602,2488,2619,2277,2417,2469,2022,2621,2562,2216,2478,2594,2787,2458,2717,2627,2687,2942,2100,2562,2469,2627,2736,2191,2139,2435,2611,2529,2539,2614,2801,2901,2337,2092,2101,2615,2527,2417,2691,2597,2725,2899,2307,2522,2283,2339,2620,2180,2717,2496
2514,2692,2755,2500,2707,3042,2735,2611,2504,2071,2153,2348,2689,2549,2589,2353,2416,2487,2370,2188,2473,2170,2314,2391,3142,2176,2490,2515,2176,2493,2565,2482,2479,2508,2321,2189,2570,2698,2951,2721,2400,2302,2577,2612,2725,2363,2484,2381,2592,2684,2638,2483,2660,2287,2413,2441,2065,2635,2555,2273,2480,2607,2742,2490,2699,2591,2683,2932,2097,2481,2423,2635,2741,2161,2185,2455,2610,2587,2539,2710,2778,2900,2405,2080,2084,2636,2571,2416,2743,2615,2721,2854,2350,2476,2231,2293,2661,2190,2666,2496
2494,2728,2785,2493,2761,3020,2744,2640,2504,2113,2146,2441,2734,2479,2608,2425,2452,2438,2400,2154,2488,2155,2310,2369,3093,2182,2460,2471,2165,2485,2543,2487,2522,2496,2369,2218,2597,2642,2919,2663,2396,2356,2552,2573,2717,2319,2508,2372,2586,2750,2628,2397,2675,2215,2403,2436,2079,2638,2515,2268,2481,2650,2716,2508,2737,2556,2668,2868,2073,2532,2404,2698,2664,2210,2161,2489,2606,2616,2561,2776,2797,2894,2437,2074,2138,2661,2554,2383,2724,2631,2714,2836,2389,2445,2209,2287,2595,2165,2591,2547
2492,2718,2751,2454,2830,3022,2730,2689,2505,2161,2200,2554,2729,2431,2682,2459,2511,2401,2458,2114,2501,2185,2336,2350,3006,2206,2405,2476,2214,2535,2529,2512,2588,2470,2365,2245,2601,2610,2880,2649,2372,2388,2529,2535,2741,2322,2551,2419,2527,2799,2596,2386,2648,2244,2429,2396,2090,2689,2506,2307,2516,2593,2726,2499,2730,2533,2651,2875,2125,2469,2264,2685,2650,2248,2106,2555,2621,2663,2605,2805,2790,2937,2553,2061,2157,2690,2520,2426,2665,2695,2691,2790,2466,2410,2158,2286,2615,2131,2459,2551
2501,2692,2713,2417,2842,2929,2727,2683,2543,2239,2193,2573,2735,2410,2682,2483,2481,2368,2517,2095,2564,2232,2382,2381,2949,2232,2330,2430,2306,2480,2548,2510,2606,2488,2390,2241,2547,2603,2819,2625,2381,2417,2450,2532,2771,2312,2594,2426,2538,2847,2584,2378,2626,2184,2386,2410,2086,2687,2442,2332,2474,2538,2729,2495,2719,2581,2594,2797,2148,2454,2272,2697,2700,2246,2083,2579,2598,2659,2602,2796,2808,2898,2600,2034,2113,2664,2521,2411,2596,2668,2663,2700,2507,2397,2105,2298,2653,2125,2375,2552
2515,2700,2683,2336,2919,2860,2626,2693,2566,2287,2120,2640,2752,2446,2678,2459,2513,2385,2524,2053,2566,2226,2415,2319,2860,2195,2386,2414,2333,2463,2543,2536,2662,2509,2383,2243,2551,2625,2766,2649,2373,2403,2393,2477,2748,2287,2596,2473,2508,2853,2587,2396,2592,2178,2380,2337,2092,2649,2437,2345,2448,2526,2740,2497,2719,2602,2578,2715,2127,2418,2145,2682,2718,2228,2098,2613,2590,2672,2576,2816,2813,2886,2605,2011,2111,2711,2453,2358,2560,2714,2680,2614,2493,2388,2018,2330,2610,2069,2294,2552
2514,2615,2630,2277,2828,2810,2614,2724,2600,2322,2138,2624,2708,2432,2667,2474,2500,2377,2541,2016,2574,2156,2397,2222,2740,2211,2383,2335,2359,2424,2508,2498,2689,2444,2355,2208,2517,2572,2753,2565,2309,2392,2330,2386,2671,2245,2584,2463,2503,2734,2570,2420,2499,2136,2397,2277,2108,2609,2380,2384,2391,2508,2689,2441,2698,2577,2466,2634,2134,2396,2099,2654,2722,2140,2071,2610,2506,2697,2559,2821,2804,2863,2631,1957,2114,2709,2458,2305,2488,2700,2587,2533,2463,2374,1930,2259,2559,1986,2171,2501
2454,2529,2542,2189,2773,2737,2566,2692,2560,2290,2003,2630,2599,2443,2638,2428,2419,2287,2527,1895,2520,2085,2359,2106,2642,2188,2301,2195,2397,2395,2469,2426,2615,2346,2325,2200,2427,2496,2689,2461,2297,2292,2309,2267,2593,2186,2588,2471,2431,2620,2479,2400,2446,2104,2359,2262,2099,2566,2350,2353,2363,2457,2656,2419,2625,2542,2352,2594,2194,2348,2022,2565,2632,2078,2039,2606,2437,2638,2492,2741,2692,2802,2590,1909,2069,2622,2390,2300,2481,2610,2527,2428,2430,2270,1897,2209,2543,1952,2085,2461
2365,2406,2370,2110,2709,2614,2500,2626,2457,2233,1898,2538,2488,2383,2567,2309,2333,2159,2511,1833,2409,2049,2270,1964,2501,2160,2157,2071,2369,2273,2443,2337,2568,2313,2286,2175,2320,2414,2541,2350,2184,2193,2208,2182,2446,2072,2511,2374,2348,2490,2390,2389,2360,2075,2298,2157,2051,2511,2241,2223,2286,2408,2580,2324,2488,2489,2219,2441,2093,2232,1923,2442,2539,1983,1960,2539,2373,2480,2387,2639,2609,2701,2516,1844,2045,2565,2321,2233,2388,2467,2446,2311,2397,2179,1779,2194,2481,1861,1977,2420
2299,2236,2290,1995,2538,2467,2370,2462,2388,2194,1793,2443,2300,2349,2463,2205,2220,2021,2433,1761,2264,1948,2161,1868,2334,2105,2063,1931,2318,2195,2296,2207,2520,2213,2197,2152,2152,2325,2462,2248,2121,2109,2119,2035,2257,1983,2425,2270,2256,2345,2237,2280,2196,2039,2189,2019,2003,2360,2176,2106,2177,2315,2467,2176,2330,2370,2104,2311,2003,2162,1840,2335,2430,1869,1904,2387,2214,2300,2265,2461,2443,2508,2409,1791,1947,2498,2231,2130,2236,2313,2338,2148,2242,2061,1706,2126,2393,1750,1846,2278
2159,2040,2079,1890,2346,2301,2251,2327,2217,2084,1651,2233,2094,2245,2332,2097,2080,1843,2281,1678,2106,1864,2023,1768,2165,2025,1926,1791,2204,2028,2121,2062,2371,2088,2095,1974,1990,2258,2306,2127,2020,1988,1970,1873,2138,1877,2283,2144,2094,2120,2127,2105,2030,1948,2091,1905,1918,2239,2063,1960,1993,2169,2289,2061,2160,2258,1933,2188,1935,2045,1762,2157,2306,1746,1836,2262,2005,2199,2101,2295,2230,2343,2302,1648,1877,2327,2097,2026,2086,2069,2132,2018,2088,1929,1583,1973,2246,1614,1736,2114
1963,1869,1939,1736,2158,2142,2110,2177,2019,1979,1503,2049,1908,2108,2213,1963,1971,1725,2122,1561,1999,1743,1875,1610,1996,1876,1802,1656,2033,1845,1969,1990,2196,1923,1933,1916,1847,2166,2186,1985,1882,1860,1875,1737,1977,1744,2107,1946,1993,1908,2006,1937,1912,1871,1928,1784,1817,2107,1913,1837,1853,2010,2100,1938,1957,2074,1760,2071,1837,1959,1670,2019,2129,1573,1773,2060,1853,2013,1953,2150,2042,2140,2163,1524,1771,2208,1976,1915,2009,1865,2003,1867,1960,1814,1518,1880,2147,1488,1670,1959
1846,1705,1789,1599,1972,2032,1949,2007,1839,1859,1382,1924,1749,1954,2024,1848,1915,1568,2030,1471,1814,1623,1740,1530,1870,1753,1665,1523,1856,1703,1848,1899,1990,1764,1788,1823,1678,2070,2059,1840,1751,1743,1763,1613,1857,1649,1956,1770,1847,1764,1848,1793,1752,1744,1776,1660,1683,1995,1793,1753,1713,1891,1976,1787,1831,1911,1603,1929,1710,1864,1606,1876,1961,1465,1694,1979,1709,1862,1755,2041,1842,2001,1955,1398,1662,2041,1827,1804,1889,1716,1796,1803,1821,1688,1447,1808,1981,1353,1562,1841
1680,1547,1668,1490,1757,1944,1800,1863,1644,1735,1289,1720,1551,1811,1858,1733,1793,1449,1874,1377,1670,1506,1586,1387,1784,1650,1492,1397,1768,1544,1684,1780,1772,1663,1664,1765,1531,1951,1933,1695,1615,1600,1645,1519,1698,1538,1845,1663,1711,1590,1731,1629,1631,1582,1613,1512,1574,1880,1692,1611,1600,1742,1830,1632,1695,1792,1459,1778,1629,1773,1487,1748,1758,1335,1590,1798,1568,1726,1618,1907,1679,1792,1830,1302,1555,1880,1681,1735,1704,1541,1698,1622,1719,1615,1366,1703,1851,1235,1458,1673
1536,1405,1548,1384,1628,1844,1629,1742,1473,1639,1204,1577,1468,1700,1719,1588,1667,1387,1747,1291,1520,1381,1429,1260,1701,1540,1376,1289,1617,1428,1554,1676,1653,1519,1601,1658,1408,1841,1823,1601,1509,1475,1545,1446,1540,1483,1717,1533,1603,1478,1595,1482,1543,1489,1522,1383,1478,1738,1577,1510,1480,1624,1662,1529,1604,1650,1327,1659,1577,1657,1396,1647,1646,1202,1526,1663,1445,1605,1474,1793,1534,1633,1664,1240,1488,1721,1542,1596,1542,1435,1584,1542,1621,1486,1293,1649,1701,1139,1408,1523
1409,1290,1438,1299,1480,1762,1471,1641,1343,1526,1097,1406,1348,1575,1567,1464,1571,1292,1620,1168,1383,1299,1299,1171,1619,1448,1267,1187,1535,1314,1482,1526,1499,1404,1511,1549,1335,1756,1692,1498,1375,1377,1426,1337,1403,1416,1608,1409,1509,1419,1508,1361,1478,1389,1395,1241,1390,1614,1511,1440,1370,1431,1518,1375,1530,1505,1200,1536,1468,1579,1302,1561,1521,1124,1472,1551,1348,1472,1393,1645,1379,1497,1530,1158,1436,1540,1422,1519,1428,1311,1460,1461,1522,1400,1198,1547,1542,1054,1342,1431
1290,1228,1322,1266,1308,1650,1348,1567,1275,1425,998,1334,1257,1465,1453,1381,1463,1166,1475,1144,1283,1198,1189,1110,1515,1330,1191,1101,1438,1210,1358,1430,1416,1319,1418,1481,1241,1653,1628,1445,1240,1289,1327,1275,1322,1327,1472,1334,1380,1329,1403,1254,1390,1292,1306,1189,1322,1537,1389,1317,1263,1328,1388,1269,1424,1418,1147,1419,1418,1510,1207,1434,1387,1072,1362,1427,1260,1415,1339,1554,1275,1398,1418,1070,1340,1432,1288,1459,1292,1205,1397,1389,1423,1323,1142,1390,1386,990,1309,1343
1252,1136,1235,1211,1204,1521,1221,1468,1211,1311,964,1240,1195,1426,1383,1290,1381,1115,1417,1106,1198,1150,1084,1028,1429,1252,1165,1021,1345,1138,1293,1267,1333,1248,1305,1424,1170,1563,1529,1350,1139,1211,1258,1212,1228,1315,1367,1265,1305,1252,1337,1143,1296,1256,1223,1125,1221,1452,1301,1248,1191,1218,1265,1166,1370,1352,1076,1336,1394,1466,1161,1335,1246,1018,1319,1339,1173,1295,1247,1470,1218,1326,1312,1018,1262,1346,1220,1418,1187,1125,1331,1323,1355,1222,1064,1297,1282,958,1248,1246
1177,1080,1159,1136,1097,1416,1128,1402,1128,1219,923,1173,1144,1341,1286,1183,1290,1047,1332,1008,1103,1110,987,958,1370,1172,1104,965,1301,1104,1227,1210,1276,1183,1242,1388,1059,1493,1432,1248,1044,1126,1212,1135,1125,1243,1294,1152,1198,1196,1266,1100,1221,1176,1096,1033,1151,1342,1237,1139,1105,1130,1182,1064,1270,1291,1026,1249,1345,1401,1094,1292,1177,924,1268,1258,1116,1245,1186,1416,1180,1246,1214,936,1212,1228,1100,1313,1123,1077,1243,1244,1263,1142,1037,1192,1233,908,1192,1217
1104,1067,1072,1066,1000,1366,1058,1318,1057,1111,889,1116,1089,1293,1220,1088,1207,964,1227,954,1038,1083,927,897,1302,1086,1016,932,1230,1070,1159,1129,1235,1109,1180,1337,982,1357,1325,1223,959,1055,1143,1086,1086,1179,1195,1087,1131,1153,1199,1031,1111,1120,1018,963,1106,1243,1195,1094,1075,1016,1103,1005,1195,1233,975,1154,1325,1377,1029,1210,1083,837,1179,1158,1083,1133,1117,1314,1084,1187,1126,904,1131,1149,1038,1229,1058,1039,1212,1195,1148,1055,981,1098,1151,864,1127,1161
1036,998,1014,1002,924,1297,971,1207,986,1038,867,1061,1047,1245,1132,1008,1103,906,1157,909,1000,1028,830,830,1226,1017,968,878,1159,1026,1067,1040,1185,1018,1068,1252,924,1270,1226,1151,877,975,1091,1047,1038,1092,1128,1042,1084,1118,1143,975,1088,1047,949,917,1029,1158,1144,1023,1004,957,1034,913,1092,1190,895,1077,1274,1348,998,1106,1049,797,1122,1076,1009,1025,1048,1202,1066,1115,1047,848,1056,1110,963,1147,984,994,1135,1154,1071,1028,942,1005,1055,844,1073,1105
968,972,988,959,884,1230,907,1122,907,994,878,1048,980,1164,1032,947,1010,829,1063,851,961,1012,769,777,1181,971,927,830,1106,974,1010,978,1144,931,1016,1205,858,1176,1118,1115,813,923,1016,970,947,1017,1057,979,1024,1092,1056,916,1020,998,886,884,963,1069,1072,965,928,886,1000,834,1039,1130,847,991,1230,1265,951,1060,992,749,1068,1030,952,971,969,1095,1021,1070,989,824,984,1032,941,1062,924,956,1082,1126,988,970,893,930,1003,785,1019,1050
935,906,963,889,830,1168,879,1029,806,935,860,1003,929,1100,932,883,947,773,1052,820,925,959,703,742,1107,920,864,776,1057,969,978,952,1085,883,956,1175,804,1112,1064,1061,758,889,957,911,886,956,991,908,961,1077,1009,855,962,949,812,867,933,1013,1020,900,863,806,974,756,995,1075,826,909,1197,1243,908,1007,951,722,1007,970,901,925,886,981,1015,993,937,751,942,967,901,1009,894,926,1013,1084,909,909,844,870,928,794,931,992
928,834,916,835,755,1106,821,971,732,862,809,975,881,1036,874,820,863,751,1020,782,875,913,661,730,1057,887,811,729,1028,919,950,905,1056,856,862,1131,761,1064,980,1009,722,841,919,869,789,894,948,843,892,1016,934,810,921,902,776,809,928,946,985,825,853,760,964,730,955,1013,761,859,1204,1203,842,981,911,680,938,900,851,873,831,911,964,933,919,717,886,923,885,970,815,911,932,1022,840,871,793,824,843,748,907,948
899,799,858,799,701,1077,788,906,692,804,804,933,860,982,823,821,835,722,970,736,829,882,617,730,1038,828,766,705,977,888,906,858,996,810,829,1089,717,999,910,936,686,782,874,819,745,849,888,798,860,956,898,806,880,858,720,755,946,898,952,775,803,728,935,679,908,974,727,804,1135,1182,798,949,862,665,866,824,798,851,745,826,914,903,890,662,840,912,857,929,770,861,892,987,768,832,732,784,817,704,902,878
874,794,817,782,646,979,747,895,673,763,811,934,845,962,737,787,806,727,904,695,807,840,572,712,1000,813,701,699,903,891,874,779,951,796,806,1035,689,945,871,872,664,792,864,837,716,804,834,770,794,927,838,793,816,831,675,698,900,859,930,738,764,716,895,655,915,942,668,758,1116,1137,756,915,808,639,829,773,770,819,666,765,891,827,903,610,798,890,828,863,727,827,846,965,714,770,694,730,750,691,874,845
847,785,797,771,607,941,710,855,657,770,785,891,797,922,704,785,769,711,871,666,750,810,523,676,915,800,636,680,835,855,846,742,886,782,765,975,670,941,824,803,640,772,845,835,666,770,822,738,743,890,810,818,802,803,600,674,872,823,917,686,715,700,868,612,893,876,670,712,1089,1083,717,886,767,592,726,720,762,786,596,717,851,763,872,571,769,879,804,854,693,800,773,924,681,739,661,672,695,666,842,769
838,767,804,781,537,909,686,815,632,702,738,879,746,890,659,750,738,690,820,638,721,781,490,670,911,788,539,691,779,815,824,692,857,738,747,964,636,912,810,791,630,767,855,816,601,737,774,718,713,878,781,795,752,782,534,629,829,815,914,650,671,674,841,579,889,808,629,661,1057,1060,678,893,719,556,685,673,762,780,550,683,794,703,859,548,746,857,785,834,697,801,728,888,646,706,622,626,617,665,827,721
799,741,782,771,502,825,684,782,628,670,722,869,702,890,594,754,695,649,799,623,677,740,464,636,902,793,467,700,690,813,824,645,812,707,735,942,621,890,804,748,614,765,835,814,573,693,759,677,672,877,746,784,699,779,478,599,787,759,882,632,618,636,795,558,874,786,590,634,984,1026,612,883,711,546,664,644,731,738,516,644,744,639,835,514,679,848,775,836,643,770,697,873,645,701,586,593,587,638,777,691
791,677,754,767,493,757,672,725,621,664,670,800,708,859,548,732,628,616,733,584,671,731,446,661,896,769,410,717,665,799,800,616,777,663,696,896,602,871,742,723,575,785,820,795,564,662,777,636,617,852,732,763,664,768,428,595,766,739,846,611,596,633,801,548,848,785,579,623,947,979,583,864,682,537,621,603,729,705,493,647,709,587,814,536,646,835,780,789,595,766,681,823,648,691,562,569,571,641,788,650
771,618,738,750,462,733,659,684,627,663,618,776,710,851,524,685,571,594,688,563,661,711,428,646,866,754,351,709,606,778,758,549,751,609,689,867,577,829,690,705,544,783,808,761,553,654,768,608,574,857,717,739,646,741,375,569,720,703,814,600,576,598,762,552,855,777,559,584,922,936,549,828,641,488,608,564,698,688,490,590,684,559,808,504,625,808,742,781,587,745,669,819,607,694,539,535,564,613,753,593
751,595,694,749,443,696,656,645,628,668,597,714,719,802,499,649,494,577,638,558,635,703,393,621,867,762,334,723,571,737,719,535,712,560,652,834,556,781,662,700,517,776,779,760,536,626,747,649,502,850,719,695,630,720,353,542,691,664,789,585,539,529,737,550,859,757,548,539,868,912,513,774,636,491,587,559,690,654,487,578,641,527,782,497,616,760,701,750,551,729,611,790,616,707,551,515,574,587,720,555
717,577,695,715,428,674,654,620,611,647,562,682,710,747,467,652,460,564,579,568,635,687,378,588,851,791,308,717,523,756,673,483,702,526,621,789,537,754,642,671,493,746,749,771,509,619,765,649,462,851,688,655,640,713,333,529,643,664,743,551,516,494,689,535,856,748,513,502,841,878,503,740,602,486,586,520,660,616,486,586,611,528,735,485,575,686,701,737,504,711,592,763,624,729,520,506,574,598,676,504
698,533,654,713,397,644,638,561,601,639,559,674,708,706,448,666,447,569,538,537,601,685,371,560,848,762,297,729,484,718,656,457,684,476,596,769,527,743,597,680,479,736,740,717,514,612,754,655,448,845,675,637,595,715,298,510,621,660,710,528,490,461,652,507,858,723,506,487,781,855,444,756,587,485,594,487,624,608,460,588,583,492,723,504,543,646,663,690,457,695,589,751,610,728,500,499,576,615,639,479
672,508,655,691,363,650,609,531,573,620,559,666,718,655,413,655,425,555,526,537,605,641,352,530,814,740,292,749,476,685,605,440,662,454,581,757,533,735,574,658,469,721,727,711,501,605,754,622,401,820,682,611,579,719,273,520,578,660,643,512,478,447,651,476,849,712,491,477,740,868,415,725,608,494,606,467,612,576,459,589,555,495,707,516,520,615,640,667,428,662,557,735,594,729,475,501,590,607,627,465
632,493,672,621,346,639,618,495,540,584,544,647,689,639,388,611,442,571,519,540,568,600,340,500,757,706,298,754,483,668,562,418,652,427,537,736,536,743,545,689,474,718,703,691,504,576,735,619,390,796,670,613,612,672,263,530,538,657,593,486,457,418,647,465,837,729,459,469,689,888,411,665,573,518,632,470,572,532,437,584,506,527,666,539,492,598,611,605,409,664,527,697,588,734,457,523,583,607,613,463
615,495,646,623,338,600,607,470,531,571,532,607,671,556,382,607,447,570,526,534,557,584,313,504,695,694,307,746,448,649,534,411,650,398,507,685,525,751,516,695,474,706,660,712,525,587,736,598,358,765,669,621,598,647,249,530,506,653,549,475,453,395,644,437,834,677,466,457,643,891,395,622,571,507,658,447,558,526,419,573,455,492,633,518,451,596,593,574,393,635,495,672,590,721,438,548,577,589,589,474
617,478,631,589,306,596,584,439,498,543,541,572,616,541,354,569,446,573,517,499,556,552,285,476,655,706,283,739,442,598,493,418,655,369,488,634,512,740,483,706,478,684,632,727,524,608,757,579,359,737,662,593,606,626,207,535,469,640,507,453,432,350,660,434,800,664,476,436,605,913,366,588,550,483,660,413,540,533,395,593,452,491,620,497,427,548,594,541,370,613,482,658,557,731,402,565,578,560,599,476
591,448,621,552,292,588,575,446,461,504,539,562,583,509,324,546,463,583,484,466,544,535,274,456,621,662,279,725,414,583,470,402,653,358,480,638,509,730,483,723,468,670,602,677,559,592,741,550,355,674,660,564,578,615,188,511,439,656,457,446,420,347,632,428,812,640,471,427,567,906,368,573,540,477,676,385,510,523,369,603,438,456,609,518,388,555,577,494,352,576,467,662,550,708,378,534,573,543,560,449
590,422,624,521,260,564,567,417,447,455,517,526,539,521,313,520,485,585,464,442,514,519,279,462,579,675,255,751,404,557,455,374,683,338,450,608,485,729,467,755,453,657,568,653,564,563,728,522,353,648,649,531,571,589,165,497,418,635,421,423,410,325,648,417,784,651,473,422,561,879,367,543,534,474,684,357,527,516,349,617,428,448,574,532,358,543,608,450,338,545,432,649,528,658,369,512,553,504,553,467
565,400,584,520,250,588,541,392,411,432,539,491,491,524,301,489,501,536,473,407,509,520,259,456,536,650,249,750,384,537,421,358,639,310,455,580,450,717,464,761,434,648,532,633,575,523,732,504,333,611,632,522,557,575,155,466,394,645,381,406,396,324,660,408,776,639,468,410,561,878,369,526,522,484,660,327,511,507,326,643,429,409,547,506,320,523,646,444,331,543,403,638,483,625,355,469,551,491,551,459
555,347,577,514,241,575,544,394,394,401,530,456,459,520,266,458,471,523,448,396,510,520,263,437,504,604,254,737,377,529,404,387,653,305,451,588,423,705,454,769,410,621,511,602,596,488,698,500,318,579,634,499,545,553,128,441,379,627,343,391,384,302,669,383,760,626,447,402,568,875,355,494,522,472,644,326,493,477,311,630,431,395,538,498,299,506,653,420,316,513,396,635,473,597,332,458,534,474,548,430
553,341,563,491,234,559,513,383,406,368,536,459,451,488,235,445,459,504,419,360,510,511,272,429,493,581,267,766,381,512,403,359,638,303,453,565,399,681,439,777,370,595,501,573,618,454,713,487,294,527,608,509,528,539,116,427,357,603,349,356,356,279,665,367,755,590,433,399,562,857,367,473,488,481,641,316,466,468,284,601,443,371,512,500,277,469,671,396,295,504,379,613,440,565,337,420,537,430,529,404
563,301,530,475,219,585,491,384,382,360,526,429,458,494,217,432,437,477,393,381,458,481,277,407,457,559,262,736,382,490,386,340,627,283,433,544,355,632,439,744,370,595,473,531,616,447,707,467,279,517,585,484,514,535,114,408,349,596,324,328,330,240,634,351,736,569,412,383,594,844,415,454,501,453,642,313,426,461,268,595,489,352,505,481,252,465,666,402,274,480,380,594,436,541,318,404,545,396,521,402
562,288,510,481,226,576,489,368,365,327,509,414,456,490,220,436,433,453,388,353,425,454,271,410,423,539,248,740,366,482,360,352,643,314,415,543,326,606,426,717,358,603,439,495,654,425,695,480,271,483,552,488,540,540,112,384,320,558,310,303,305,217,597,335,697,570,396,378,616,827,399,445,503,423,626,307,395,466,257,563,513,336,481,482,231,465,662,395,272,444,377,570,411,537,319,363,535,383,520,398
568,281,495,457,228,598,475,359,370,296,506,412,436,481,201,400,409,432,374,326,414,455,264,408,422,517,237,729,393,448,348,356,626,314,410,573,294,566,402,717,353,573,406,466,661,414,693,468,250,456,539,492,526,531,112,360,302,550,291,298,286,200,605,335,684,545,374,356,608,854,388,429,476,425,618,310,378,473,235,546,523,314,459,490,212,459,647,411,258,425,366,555,394,530,304,353,523,377,510,370
590,271,488,455,233,582,460,346,369,287,512,379,445,457,197,374,365,425,357,307,401,447,249,392,388,504,235,710,383,424,328,347,603,321,401,573,265,533,413,706,358,559,365,464,684,424,686,494,239,439,529,519,520,512,108,331,275,527,280,280,274,181,593,310,682,554,361,348,638,825,372,404,490,427,632,311,356,449,212,525,515,295,430,530,185,455,613,429,264,415,363,545,383,513,300,313,485,369,524,339
592,251,462,421,231,550,450,320,366,299,519,344,433,444,203,357,345,423,316,298,387,428,235,407,389,492,234,714,373,412,285,363,594,291,400,575,236,501,410,669,363,551,344,445,665,427,668,487,231,416,518,508,518,506,109,296,273,541,264,252,278,165,554,309,655,565,353,346,654,838,370,384,489,400,627,285,335,441,224,522,489,284,421,532,184,461,604,437,234,395,375,554,364,502,281,310,485,368,529,331
595,245,452,392,225,548,416,335,372,306,517,337,425,443,198,353,326,391,295,275,374,443,211,385,367,478,232,685,349,414,269,361,580,279,378,597,213,468,438,687,353,561,325,423,644,412,664,486,222,409,501,514,538,500,114,279,254,570,265,235,268,143,535,304,629,568,351,342,670,838,373,374,498,382,602,270,317,432,205,502,487,292,375,529,190,475,535,437,242,377,370,530,344,467,265,290,458,353,538,335
623,242,427,363,233,548,392,318,406,301,510,328,410,434,190,356,308,378,282,252,361,438,210,394,373,466,227,664,342,416,249,366,550,292,381,597,214,427,457,688,343,531,312,421,629,386,639,468,218,392,514,525,516,504,109,263,245,591,251,210,254,130,508,308,614,539,342,320,673,816,382,366,491,363,572,251,312,405,210,475,472,307,347,539,200,514,508,450,243,377,383,549,311,434,262,276,434,351,538,320
618,240,426,335,220,532,381,297,401,307,505,290,406,446,179,323,290,397,261,240,372,449,198,389,363,433,226,667,338,434,225,365,529,288,355,584,222,390,465,690,344,530,303,408,642,363,627,470,224,394,491,511,518,491,111,217,238,608,240,201,265,134,472,288,593,530,335,301,655,810,390,355,483,334,543,223,323,390,227,470,482,296,333,569,198,543,463,440,233,376,358,556,295,428,264,263,420,325,543,323
632,245,411,283,220,537,360,297,433,314,499,256,418,430,181,295,260,419,251,218,381,445,203,372,356,411,204,637,322,424,199,378,489,272,352,599,228,371,487,694,355,525,268,379,630,348,626,435,210,400,496,492,518,489,99,178,225,611,224,196,259,127,443,286,584,489,315,276,633,798,365,334,467,335,510,214,325,382,235,456,437,294,306,575,194,560,445,415,220,368,346,555,269,398,257,253,408,310,546,329
654,235,410,265,223,524,336,293,423,312,476,220,405,415,167,297,241,428,245,227,398,426,208,347,347,405,205,636,323,447,166,363,451,267,331,561,222,342,482,712,345,516,267,362,604,324,584,396,195,377,487,495,503,513,99,151,230,636,220,181,263,126,386,277,567,482,310,259,616,777,360,352,450,317,500,203,330,354,229,466,417,288,289,548,188,594,468,403,211,367,356,563,257,381,253,262,388,287,532,351
657,230,396,262,221,507,330,273,459,302,435,213,405,420,154,301,222,436,237,217,406,418,221,328,350,380,211,625,308,450,156,370,433,264,334,550,217,297,470,681,347,495,262,336,573,298,563,384,171,359,483,497,490,506,93,144,234,630,222,183,253,129,376,261,553,454,308,241,605,747,342,349,437,307,500,194,345,334,218,434,412,275,271,528,183,580,441,395,205,366,336,551,247,355,241,275,373,274,539,346
674,218,389,250,220,492,303,269,483,276,431,182,390,439,147,303,216,444,243,202,420,411,233,312,336,351,215,612,301,438,148,378,407,262,298,533,220,285,449,648,361,475,252,323,553,280,508,391,159,346,456,494,499,503,96,138,223,607,220,177,253,136,353,245,530,452,299,214,567,724,316,364,436,291,514,191,341,302,201,418,399,282,294,531,183,587,422,389,208,347,330,541,250,337,225,276,383,276,537,372
671,233,376,237,219,462,293,267,488,249,445,169,407,432,149,300,178,435,241,211,417,376,235,296,337,338,221,593,315,458,146,367,403,241,291,517,196,284,447,628,363,450,234,297,520,287,493,376,148,344,453,488,485,510,88,129,219,590,218,177,254,142,331,230,549,455,302,212,546,720,289,363,393,284,505,185,338,281,183,412,368,277,290,534,164,589,401,394,206,358,355,533,240,297,210,284,383,275,543,404
682,220,373,229,221,438,272,292,472,260,444,153,392,442,154,283,164,420,221,216,408,352,240,279,325,325,208,598,328,449,156,326,401,230,269,486,181,283,425,590,369,411,229,284,494,275,434,378,134,338,427,470,485,525,83,120,212,566,214,165,262,142,326,208,554,474,296,197,555,689,277,382,385,305,497,206,335,279,165,402,359,271,307,541,154,613,377,372,185,372,362,497,249,277,207,275,370,285,509,385
702,214,356,235,227,419,263,319,482,249,436,137,378,448,159,287,145,415,215,226,392,346,239,250,311,344,239,590,337,440,166,310,393,214,254,493,174,295,409,542,373,373,228,255,463,256,423,376,131,342,409,453,482,536,80,120,207,561,222,167,268,140,335,172,557,480,293,183,523,675,257,389,372,304,531,222,359,264,146,414,349,279,295,533,153,597,374,366,174,383,378,459,240,258,197,295,370,273,489,382
702,198,333,234,232,410,261,350,481,250,418,127,376,444,177,299,140,405,205,240,371,312,243,255,316,327,244,593,341,439,165,284,375,203,240,499,171,290,399,505,356,362,240,259,411,240,397,362,124,338,398,469,482,564,83,123,200,573,226,175,273,138,319,157,532,481,296,188,512,638,227,392,368,306,532,236,377,249,139,395,344,276,293,521,153,581,374,382,172,371,387,444,240,251,190,309,350,282,471,371
704,191,322,242,238,411,245,393,452,249,410,121,382,432,172,308,131,401,195,252,365,303,237,271,302,309,250,577,346,435,159,258,364,188,221,493,174,279,410,463,366,350,239,259,379,246,389,370,118,356,363,448,509,562,85,131,205,557,236,156,253,153,311,133,500,469,288,182,502,614,206,389,342,308,544,238,388,232,130,393,332,270,287,514,167,569,350,394,168,373,391,436,232,237,177,311,342,309,459,367
675,172,308,236,240,375,236,441,438,241,406,102,384,418,176,328,126,374,179,261,363,299,233,260,296,307,243,573,355,435,153,248,355,196,208,461,165,303,407,445,366,342,259,252,373,237,365,367,134,340,339,431,519,548,84,122,190,550,237,153,246,158,310,113,490,486,268,175,493,599,209,374,320,306,544,235,384,235,116,378,331,279,280,528,182,559,351,408,157,368,405,432,250,231,167,297,350,308,425,368
695,154,304,225,225,349,220,466,425,239,389,96,360,384,197,313,116,378,180,270,358,263,229,249,288,303,229,546,351,446,161,235,343,172,196,447,180,307,413,433,362,334,269,247,368,227,355,371,121,322,307,407,525,548,90,124,190,529,249,159,247,168,313,104,470,451,257,178,488,569,209,384,306,317,533,241,408,242,121,386,340,259,259,519,191,562,327,443,151,401,362,461,240,214,171,288,332,323,397,364
676,150,294,230,232,343,208,487,389,235,383,98,365,373,205,301,109,347,179,275,357,246,221,256,275,307,240,531,356,432,146,213,367,156,192,428,199,290,394,438,370,302,281,232,398,211,328,373,109,326,302,394,503,544,97,131,184,525,276,149,255,180,319,84,469,436,241,162,469,544,195,360,283,306,517,233,413,249,121,370,305,249,235,518,189,548,342,432,143,396,348,444,233,219,176,289,312,334,350,364
661,141,255,243,218,310,193,511,380,230,364,87,372,396,206,311,107,340,182,267,369,242,210,251,288,303,239,539,331,438,137,211,382,151,181,422,203,293,415,406,385,288,290,228,386,204,330,384,100,340,309,352,517,546,103,125,191,525,302,144,244,190,325,68,448,423,229,152,485,524,182,379,254,308,509,217,422,230,127,379,301,253,223,518,194,536,347,425,139,401,340,430,233,228,172,274,305,356,343,356
654,132,256,245,210,290,193,523,392,242,361,92,370,398,199,316,114,354,178,267,353,217,202,248,273,302,234,546,333,444,114,209,412,146,166,407,217,293,390,390,393,278,298,225,385,177,305,395,101,331,319,342,502,534,115,130,199,531,312,134,219,205,350,64,441,387,208,145,464,477,190,394,239,316,493,221,428,228,135,358,289,263,206,498,191,539,333,418,136,400,321,426,251,221,174,263,301,377,333,358
630,122,267,231,198,276,186,538,371,241,369,95,379,392,199,311,120,339,164,263,343,214,208,234,259,304,214,538,350,433,102,210,432,142,166,388,217,303,396,373,384,256,295,223,415,164,294,402,90,344,305,339,482,544,119,129,186,503,324,131,213,213,336,60,445,355,199,149,477,465,190,385,234,317,502,222,428,215,125,346,288,243,183,504,191,527,326,411,140,385,312,424,239,226,154,235,303,385,331,363
597,104,261,241,205,277,174,550,369,229,362,91,390,386,198,314,114,339,144,255,339,200,212,212,254,295,204,550,333,425,89,194,436,124,162,380,225,300,397,346,384,248,294,218,378,148,283,396,78,341,303,330,476,544,131,114,187,495,340,132,199,222,325,63,428,357,186,152,474,448,191,385,251,324,484,212,408,208,123,328,288,240,164,484,176,507,282,422,153,401,312,399,256,203,153,227,310,383,332,342
565,113,258,250,210,263,179,573,386,233,387,102,383,385,192,312,123,347,135,260,339,181,217,206,250,286,194,546,320,425,81,184,419,115,148,374,224,301,382,326,369,228,294,204,397,150,277,416,66,323,288,344,454,527,123,113,184,481,363,141,202,240,315,65,431,319,177,138,470,428,205,379,238,338,489,202,394,202,123,315,269,237,136,472,180,506,281,389,156,406,288,409,261,199,147,215,310,402,342,328
545,113,235,239,216,284,170,590,377,236,370,108,384,402,189,324,127,355,129,234,347,165,212,190,240,289,191,532,297,410,79,166,419,107,130,362,221,314,364,298,378,222,289,217,388,163,277,418,65,312,273,341,435,543,122,117,173,456,376,137,184,254,304,67,412,292,173,148,464,419,196,384,226,331,497,196,388,194,128,308,260,249,121,470,174,464,264,377,164,417,273,411,245,197,136,207,322,414,354,331
524,115,241,223,202,273,178,604,406,236,384,113,379,387,190,326,138,359,120,221,337,154,212,197,221,309,184,531,282,413,72,158,407,89,136,351,222,303,377,292,356,208,291,223,379,156,279,438,74,304,270,358,416,530,138,111,164,407,377,144,180,263,286,63,399,269,159,127,465,437,199,393,235,355,532,192,378,167,118,285,237,258,93,469,174,430,251,382,169,424,241,396,230,198,138,197,326,396,387,307
464,110,235,229,204,287,179,602,428,242,388,117,382,388,190,325,143,370,113,195,334,145,214,198,203,315,180,526,257,411,69,153,390,83,135,348,226,306,374,268,362,207,281,212,362,155,290,452,79,298,265,382,405,504,137,105,153,348,381,134,173,264,257,60,380,273,137,124,486,417,198,433,232,367,557,206,379,161,114,292,221,257,85,474,161,400,243,391,182,441,247,381,217,198,149,193,337,402,397,277
450,106,238,231,211,296,179,586,440,239,365,121,400,374,192,312,150,363,119,186,334,126,205,212,184,321,175,510,254,412,69,148,394,66,144,325,216,317,377,261,388,208,270,208,369,156,296,468,84,288,269,390,393,490,138,92,146,310,384,123,186,266,227,59,366,265,135,119,516,393,193,446,225,370,555,208,383,150,112,293,204,260,69,475,159,363,226,376,178,458,245,369,212,187,153,194,346,428,412,254
438,107,240,220,202,283,188,573,452,261,353,120,380,401,185,325,155,370,124,168,319,128,207,192,165,333,174,512,247,400,72,139,380,60,142,311,219,315,356,250,389,197,272,211,376,159,293,442,82,280,260,389,384,479,124,84,154,292,371,114,191,283,207,62,347,269,114,112,514,383,189,440,222,372,573,217,356,130,109,302,199,232,68,483,158,338,221,377,167,429,236,359,191,185,145,186,355,446,430,221
411,105,226,210,207,283,194,533,458,264,323,131,345,395,188,322,156,360,132,149,300,116,207,188,163,347,166,490,247,404,67,141,366,60,148,302,205,298,344,261,405,186,259,192,371,161,302,404,88,269,246,381,401,477,112,84,142,260,372,113,176,308,186,62,331,245,102,104,523,377,167,447,221,377,573,234,362,112,106,306,178,217,65,490,157,305,216,376,158,447,235,343,175,179,137,192,349,478,448,209
386,105,226,216,211,268,179,511,471,276,315,134,347,390,190,334,154,362,150,142,301,127,212,192,160,362,184,467,262,384,70,135,338,51,146,293,202,294,340,252,397,179,256,189,373,147,307,379,92,269,246,355,403,466,104,78,135,268,365,102,167,316,167,59,315,224,83,90,554,389,157,440,217,375,571,234,370,107,108,315,176,202,63,463,148,281,206,368,145,450,236,357,163,177,136,187,357,492,443,188
362,110,229,227,206,276,179,491,497,255,299,118,334,375,190,338,165,334,176,140,299,122,208,181,150,408,174,470,241,383,76,124,330,50,128,280,216,283,327,269,397,176,262,176,389,142,291,372,81,256,250,322,404,451,99,68,134,258,363,104,161,317,154,59,308,222,69,95,567,384,145,449,212,360,586,239,340,91,104,293,158,187,64,450,145,282,211,368,140,478,246,333,166,157,121,172,341,509,431,169
346,113,218,224,205,277,180,495,492,251,289,119,340,382,178,347,155,301,186,152,301,115,209,186,133,400,172,468,211,359,84,121,310,50,123,278,217,287,309,261,388,171,251,155,402,132,269,360,75,247,257,320,377,448,101,74,128,248,352,90,153,299,141,55,299,231,69,91,569,366,143,438,195,324,578,233,340,91,97,281,146,182,79,423,133,264,205,383,142,501,251,332,180,136,109,168,336,527,412,149
353,117,229,214,199,286,176,478,462,241,296,126,351,364,164,387,146,287,193,163,298,116,204,179,117,404,162,470,199,363,90,125,293,46,116,266,212,277,304,256,366,157,235,135,380,133,261,351,67,229,257,311,361,436,97,74,123,238,340,90,150,277,121,54,281,232,59,94,573,364,131,407,189,305,592,243,318,85,97,281,143,174,86,413,138,274,211,382,140,506,239,336,194,116,109,159,337,532,397,129
353,123,236,199,204,296,166,478,452,239,299,123,329,354,154,417,146,277,209,174,302,119,209,171,113,391,153,454,202,360,97,124,249,49,112,240,209,280,290,251,364,144,237,129,382,118,271,336,58,217,267,325,365,421,81,83,124,217,332,85,145,269,128,46,283,218,53,99,611,338,118,401,178,302,547,234,326,79,96,281,142,173,92,388,140,280,214,377,120,525,233,339,192,93,107,172,326,566,374,137
363,134,229,188,205,290,155,489,445,235,301,113,336,335,144,444,149,286,199,182,294,111,209,158,102,389,159,460,180,356,114,125,227,52,102,245,210,268,292,260,371,146,231,121,368,120,270,319,54,210,277,346,346,407,75,95,119,219,314,87,134,272,126,44,276,212,52,111,613,325,121,366,167,298,529,245,345,72,99,267,123,175,92,353,135,291,230,377,118,540,233,346,210,87,106,171,320,590,364,141
352,132,223,183,207,291,156,519,451,242,259,122,361,323,137,451,157,267,198,191,304,106,221,154,99,360,161,456,164,350,120,119,215,57,99,231,205,278,280,243,372,128,230,110,347,112,260,300,47,187,280,355,333,399,71,103,105,209,303,94,139,263,129,38,265,200,51,135,615,319,123,328,168,280,516,244,350,68,102,246,112,174,85,333,129,288,245,383,131,525,238,354,219,84,110,170,314,595,352,137
351,134,202,173,202,304,157,530,437,250,249,129,370,281,122,467,156,260,191,202,301,108,230,144,93,356,155,433,156,349,118,127,200,59,100,224,205,265,251,248,372,106,219,100,340,103,263,293,34,186,279,353,310,379,66,97,102,213,299,96,137,259,131,40,263,188,53,140,585,304,117,317,162,266,509,241,338,55,98,233,106,179,84,302,129,303,262,404,131,536,217,342,244,84,112,175,307,619,310,145
371,143,195,171,204,311,163,536,405,232,236,122,381,255,120,456,151,243,181,205,310,105,229,146,93,349,156,449,147,377,120,138,179,67,102,219,209,265,240,258,372,92,215,91,316,94,259,280,30,187,280,369,295,361,62,104,94,216,317,106,145,243,139,36,263,191,59,143,575,280,117,292,171,254,492,235,327,55,99,207,94,184,78,291,141,316,266,384,128,527,222,344,244,92,120,184,296,594,282,149
390,143,188,168,199,295,158,536,402,221,231,124,396,238,108,428,162,237,165,196,312,110,243,146,87,327,165,459,137,387,127,139,162,71,102,213,216,266,229,264,360,78,201,84,297,94,236,257,23,185,286,385,255,344,60,113,81,214,300,113,142,230,146,30,269,176,59,159,549,260,109,279,185,267,480,223,324,46,94,208,92,186,75,268,148,327,286,397,113,507,201,339,240,96,127,185,293,600,281,139
388,136,174,157,188,303,174,537,376,212,214,128,404,212,104,416,162,250,148,204,315,105,254,155,88,311,170,423,135,386,118,141,166,62,105,213,211,266,212,293,371,74,192,85,288,89,220,249,25,173,292,394,246,340,57,113,67,200,286,117,139,236,155,27,271,163,53,163,490,248,103,279,195,274,475,211,283,41,95,203,84,168,66,280,154,337,294,385,110,470,186,332,233,98,128,187,293,588,266,152
394,128,172,168,167,295,178,548,364,203,217,146,390,188,102,382,174,238,157,220,321,108,265,155,83,292,171,407,128,397,98,158,160,69,104,213,214,258,197,296,366,68,192,80,265,103,207,239,25,165,280,399,232,342,57,121,62,199,264,117,136,244,151,29,259,161,51,169,480,242,90,268,199,292,459,210,277,38,91,193,77,165,69,264,171,334,302,380,111,436,179,322,206,95,134,205,273,567,247,164
392,118,162,160,154,277,162,545,334,186,229,157,381,185,97,353,178,248,148,218,334,115,252,148,76,269,178,380,122,399,98,159,168,68,112,203,221,236,186,313,350,60,189,76,250,105,204,246,24,157,269,405,218,354,63,106,53,194,254,111,131,242,145,31,283,148,54,175,445,250,94,251,214,302,423,204,268,38,90,183,66,164,64,259,172,340,289,362,108,425,180,325,208,105,135,212,244,557,247,164
409,106,157,160,139,277,161,555,299,187,237,165,396,164,104,348,179,254,150,245,342,127,254,149,74,258,172,358,127,378,93,167,185,64,121,215,224,214,188,304,364,50,182,82,228,117,184,233,29,156,253,412,207,341,60,100,49,189,265,111,125,240,143,28,273,141,62,167,410,249,101,248,203,310,392,187,251,35,84,172,71,151,63,252,172,353,287,356,101,410,175,319,181,100,137,214,243,578,233,180
417,105,161,154,129,276,151,544,276,186,220,168,386,158,100,347,191,256,154,259,330,134,243,144,76,263,178,363,133,342,74,163,187,61,110,219,228,196,192,291,381,52,164,92,212,119,188,207,34,149,239,370,197,334,63,100,41,179,256,103,117,239,121,31,302,143,53,167,368,249,99,224,202,336,350,171,237,32,80,165,66,148,65,246,173,359,280,353,100,371,185,320,174,97,132,218,242,545,221,183
409,92,160,155,132,277,153,557,273,181,222,192,376,153,100,339,198,265,142,260,341,134,230,152,68,251,171,362,146,326,68,160,205,67,101,213,240,182,196,275,371,46,158,107,203,115,183,204,35,135,236,350,199,340,75,110,40,179,255,101,114,235,117,27,299,125,48,154,349,264,103,222,202,349,340,184,235,32,78,162,73,141,65,240,172,355,275,355,99,343,170,320,168,107,140,206,228,577,228,201
402,87,151,140,135,264,168,585,254,166,218,196,383,152,102,336,202,263,141,254,354,133,214,144,68,255,164,383,133,316,64,145,200,70,100,217,245,170,186,268,368,46,160,113,198,108,178,191,40,131,227,328,206,325,80,103,48,174,250,92,112,219,106,28,322,121,50,145,313,262,105,215,208,340,324,174,235,37,78,173,72,146,69,232,163,363,276,337,103,344,171,323,151,91,152,198,207,581,240,205
394,83,164,139,125,266,175,595,248,169,221,185,383,155,98,305,204,252,140,258,344,124,230,147,67,255,151,374,137,296,64,136,189,75,93,213,238,157,192,263,380,43,147,129,206,102,167,181,45,128,214,303,214,313,84,106,56,160,244,86,108,225,96,31,333,110,46,135,306,262,113,227,212,319,314,178,242,39,65,170,71,143,71,229,149,376,260,319,117,323,175,336,159,90,152,199,206,603,227,210
370,76,163,140,135,261,171,612,236,172,215,188,399,154,99,302,199,256,134,261,347,125,214,149,64,237,150,362,142,278,67,115,181,68,88,206,251,141,207,267,366,38,142,127,201,101,160,170,44,129,202,290,219,311,87,94,55,147,245,85,112,215,102,30,335,110,43,121,304,275,107,230,195,306,313,183,226,50,64,171,81,160,80,241,149,402,255,321,111,302,189,333,143,83,153,175,199,594,233,193
365,81,164,142,138,259,187,634,224,169,212,184,392,141,89,292,196,254,126,248,345,118,225,144,59,225,131,353,139,277,60,105,177,71,86,217,251,137,187,260,366,38,131,130,196,110,162,168,44,126,196,269,220,288,90,92,61,143,232,86,109,214,96,34,334,114,47,112,293,304,118,222,199,295,306,185,211,51,60,178,79,167,79,230,156,430,250,310,115,296,184,354,131,84,150,172,205,625,239,199
353,82,162,144,156,265,181,624,215,141,206,172,406,141,83,287,171,246,130,247,340,112,227,135,55,219,124,335,123,266,53,83,154,69,78,214,268,140,179,246,358,41,130,132,195,126,153,168,43,120,185,245,224,274,86,94,71,149,227,94,115,197,95,40,347,123,47,102,287,286,119,217,201,300,296,179,197,54,60,174,88,170,69,211,157,451,240,293,112,280,171,348,146,81,151,152,200,630,230,192
342,81,158,158,153,261,184,618,195,138,207,165,416,129,77,282,162,255,150,247,337,109,237,128,46,216,116,295,117,266,67,75,144,76,81,210,261,132,169,248,359,44,136,124,196,117,153,155,49,133,170,233,230,271,88,94,64,138,220,100,119,195,96,43,339,128,43,96,278,288,117,228,193,293,285,200,197,56,57,185,108,188,67,210,156,462,237,272,123,289,170,368,134,87,153,154,219,646,229,183
332,83,153,172,164,268,186,621,190,134,207,145,418,127,81,277,151,253,154,215,325,102,244,127,44,203,108,284,109,271,64,56,135,72,73,207,258,127,171,231,346,41,121,119,201,136,163,146,47,128,170,212,220,261,87,94,63,136,214,103,126,183,89,48,350,131,45,107,272,284,119,228,174,286,261,207,186,57,57,168,117,208,57,189,169,469,236,280,128,279,176,363,123,91,156,156,212,631,218,190
317,90,144,170,161,274,190,642,196,119,210,124,433,127,84,289,145,261,151,201,315,106,250,119,38,206,105,258,104,255,75,53,132,65,70,204,245,118,168,241,360,39,110,119,198,150,163,151,52,147,147,204,221,274,81,85,66,131,215,108,130,194,81,53,366,121,42,117,273,269,122,218,175,290,247,209,173,53,59,149,129,233,53,177,175,464,236,259,137,278,160,364,113,96,149,161,202,652,202,180
319,82,129,161,162,271,201,645,197,100,192,114,427,122,85,298,132,265,152,199,308,108,244,118,40,203,113,242,102,249,77,48,125,63,74,198,239,113,157,244,363,37,92,116,174,157,160,157,52,160,141,197,216,277,78,84,70,123,222,125,130,182,89,53,364,119,42,125,310,283,135,214,164,281,225,207,162,51,74,144,139,234,50,166,181,454,234,248,139,270,151,359,120,87,147,149,170,624,187,175
337,77,130,157,173,292,199,619,210,89,192,112,410,112,91,309,124,260,162,195,312,106,240,112,38,191,121,211,99,247,77,39,126,80,69,188,227,102,143,251,376,40,76,105,180,165,164,146,48,168,140,187,204,282,78,76,66,125,227,137,138,185,78,51,370,119,38,133,311,270,133,206,163,266,205,202,149,48,80,143,147,240,48,164,190,459,252,247,146,259,143,348,125,90,152,135,155,619,178,174
334,66,133,163,171,276,201,611,210,81,174,100,389,108,84,312,128,240,169,212,313,95,233,117,31,170,133,201,110,244,81,38,122,97,72,179,209,105,139,260,400,39,67,99,161,175,167,141,47,160,127,187,188,269,70,71,70,126,234,154,141,163,66,46,388,118,38,135,281,278,135,199,165,250,182,203,136,47,87,147,163,258,42,164,199,454,252,235,156,245,135,346,134,92,143,126,131,631,167,156
360,60,144,149,179,275,199,621,211,75,162,81,375,100,85,305,125,257,176,211,302,88,223,108,37,158,146,198,115,244,76,36,106,111,75,168,180,101,123,260,401,35,55,98,159,178,174,148,50,148,124,181,181,274,75,62,70,122,222,166,138,166,57,39,395,116,35,143,275,291,133,194,162,250,166,203,126,50,86,150,159,276,39,155,204,452,275,220,175,230,127,330,140,95,146,122,125,637,144,143
373,60,144,149,184,266,199,642,235,74,169,79,361,100,82,326,135,254,195,211,296,85,208,98,41,160,151,196,125,235,82,38,108,122,78,159,156,99,124,277,428,39,50,96,140,193,171,151,47,152,119,182,154,294,83,49,72,120,229,166,138,150,53,35,403,99,26,153,253,304,134,184,169,252,148,192,111,54,100,143,157,284,42,160,197,473,271,216,179,217,124,317,145,100,142,111,113,640,130,150
371,62,152,150,192,263,209,637,249,68,170,96,363,94,80,324,136,251,184,207,276,75,198,90,45,162,153,200,125,246,84,40,104,133,78,149,138,86,121,290,431,36,46,94,124,194,172,145,47,155,112,182,138,302,76,55,79,118,222,168,143,154,48,37,413,103,24,159,245,324,123,154,176,221,142,185,99,52,111,156,156,264,44,176,203,457,280,198,189,219,115,308,143,106,137,106,101,634,126,144
372,63,154,149,196,273,221,642,263,59,152,100,338,92,71,345,154,240,181,228,264,69,200,87,38,162,150,201,144,251,83,51,106,143,74,146,131,89,112,270,432,41,49,95,98,198,171,141,41,152,119,167,129,300,69,57,75,118,215,169,140,148,53,38,418,102,23,174,228,346,120,135,182,210,128,183,89,56,104,151,165,253,48,190,212,450,298,196,185,228,111,277,143,104,150,99,100,620,117,149
365,75,157,146,185,265,218,637,274,58,147,103,335,100,69,355,135,235,164,238,255,64,198,82,36,169,142,207,134,241,78,54,101,144,80,132,129,81,116,246,462,40,46,95,104,200,184,140,37,153,116,167,132,309,76,56,77,118,200,159,142,152,56,25,422,96,22,175,202,327,107,115,179,188,132,178,85,64,101,143,170,255,45,203,221,430,294,175,203,217,104,255,141,118,147,88,100,627,99,123
354,71,153,143,194,272,214,631,273,52,155,102,322,113,58,362,130,228,169,224,249,67,212,77,34,169,144,198,141,241,84,60,92,150,86,119,126,77,108,226,467,39,43,89,107,189,207,136,42,148,105,169,119,292,74,46,74,111,190,146,144,161,54,25,418,101,18,175,197,321,101,101,166,190,130,171,84,64,97,147,160,240,44,212,223,402,302,164,206,201,100,250,140,110,146,82,93,625,94,126
364,77,163,149,199,269,203,598,278,54,143,98,321,109,59,349,126,202,168,228,237,76,209,87,30,163,137,209,143,209,91,71,96,152,83,113,126,74,100,212,454,36,40,85,107,203,202,139,38,153,93,173,113,275,69,44,70,92,164,137,151,169,50,24,446,89,20,163,190,332,95,95,166,187,122,164,87,67,95,152,150,232,59,203,211,399,309,149,209,196,98,230,138,114,157,81,86,606,94,132
340,76,145,152,197,271,191,589,282,51,144,112,330,105,61,348,118,189,163,223,237,79,201,77,22,160,143,196,143,184,90,78,90,171,82,108,121,75,99,197,462,36,36,89,106,205,205,134,32,143,86,174,115,278,63,36,58,88,153,130,134,161,50,25,437,80,21,169,197,327,87,85,172,187,115,162,86,61,94,145,137,228,64,184,222,376,311,149,208,187,92,238,144,106,165,80,81,599,96,137
312,75,133,154,194,261,167,581,292,49,153,119,312,108,58,330,98,176,173,222,238,70,211,74,24,165,144,195,144,170,78,85,89,185,81,114,118,83,105,193,482,38,34,91,101,214,230,123,32,129,91,151,110,260,60,42,53,81,134,118,114,166,51,23,438,65,25,158,198,315,80,89,181,172,120,176,81,58,88,145,134,208,59,185,220,352,297,132,209,180,101,232,157,107,170,83,82,596,94,141
304,71,124,139,180,244,141,551,276,54,150,121,301,107,57,328,83,146,173,216,224,64,201,82,28,164,144,182,148,147,74,93,86,194,76,112,116,83,103,193,508,38,32,89,93,191,237,124,28,127,72,148,107,251,62,47,54,75,123,118,115,156,54,22,433,63,32,152,208,299,74,80,188,175,122,166,67,53,83,139,137,199,66,167,236,328,293,141,191,173,104,231,187,105,168,71,85,594,89,137
288,77,118,137,194,235,134,554,277,57,148,110,279,117,61,326,76,135,190,213,209,73,200,83,33,158,133,204,148,140,82,110,89,204,82,120,127,92,107,199,514,48,24,92,87,182,243,111,29,122,67,150,109,243,66,52,50,71,110,128,92,171,51,22,420,58,40,158,192,279,73,79,173,189,121,158,69,38,79,137,132,205,66,156,223,306,291,145,173,172,107,235,212,117,159,76,75,593,90,144
279,78,107,132,194,233,117,529,291,61,137,103,275,117,57,324,69,127,183,207,196,66,183,76,34,149,125,208,153,134,84,104,92,208,85,118,131,98,106,215,524,57,26,97,78,174,248,106,30,111,58,152,99,239,57,61,44,67,102,128,88,171,46,24,402,67,48,138,186,275,75,76,182,193,126,149,69,35,71,133,150,200,59,144,232,298,290,140,155,152,109,236,228,110,138,71,76,579,87,137
267,78,105,117,196,231,93,531,300,58,131,106,247,132,53,308,60,120,198,201,194,63,185,74,45,154,115,215,159,136,82,104,90,220,84,118,133,103,112,224,542,64,26,104,69,163,241,95,31,101,50,142,103,232,61,62,42,59,106,139,91,172,49,32,378,56,58,127,174,260,73,67,180,202,113,142,77,31,64,129,156,209,58,138,220,267,299,141,133,146,107,229,247,108,129,74,70,593,75,152
248,76,103,113,205,205,87,483,288,59,126,93,237,138,55,303,58,100,183,206,189,65,178,75,42,148,112,240,151,137,86,112,94,230,78,128,129,105,134,241,538,59,25,111,64,160,233,97,35,104,49,129,93,229,59,70,39,59,99,152,81,181,48,32,355,58,60,120,171,270,64,75,178,204,125,133,77,30,70,115,158,197,58,130,231,247,280,146,120,144,102,238,262,93,113,78,65,571,65,151
239,78,105,107,209,194,81,455,286,62,117,77,249,140,48,286,51,94,164,196,201,66,176,66,44,148,104,261,159,138,82,115,93,230,72,126,120,107,120,244,545,58,24,106,60,156,238,91,33,100,53,123,88,225,60,71,33,62,100,146,68,168,46,38,337,58,66,115,163,267,66,62,174,202,134,134,90,27,65,108,169,191,53,108,248,245,267,156,109,155,89,232,281,88,115,73,69,559,58,131
236,69,114,113,221,184,83,442,268,65,105,70,252,144,45,285,50,87,152,173,200,56,176,62,49,144,97,273,160,140,88,115,85,229,74,133,129,103,123,247,531,74,21,114,57,153,234,90,37,95,48,112,80,220,62,74,30,70,91,154,66,169,48,43,322,51,64,119,152,262,59,63,140,197,139,136,86,27,61,95,149,183,46,116,227,229,258,165,95,169,87,217,312,89,103,86,57,547,52,114
225,61,113,115,242,170,81,414,267,69,102,72,242,140,43,280,42,77,153,171,194,59,174,64,56,125,94,260,156,144,99,116,83,222,72,126,132,99,137,232,521,78,19,118,58,156,253,83,38,93,52,100,81,223,68,68,30,72,92,160,64,173,52,46,283,52,68,117,142,267,53,63,122,203,136,121,92,23,64,93,136,182,44,103,229,216,252,173,82,182,93,216,325,83,101,92,60,557,51,115
229,53,121,106,250,157,85,400,262,67,90,70,246,143,39,273,44,66,141,161,194,63,191,60,56,111,83,274,152,152,116,103,78,215,77,122,128,97,146,238,521,82,17,128,60,148,244,96,39,85,59,102,81,208,73,65,33,80,95,160,60,158,57,49,262,46,79,116,130,267,55,63,119,207,132,116,89,24,67,91,131,168,53,100,238,198,228,176,70,174,92,209,337,71,102,92,60,561,42,118
232,42,122,96,266,143,86,401,253,73,77,65,218,139,36,260,46,61,126,162,194,71,192,63,62,109,77,267,159,144,113,105,73,210,72,108,130,83,161,222,499,80,20,124,58,132,237,106,45,87,62,97,80,221,79,71,31,104,94,147,67,155,62,57,228,42,77,116,112,251,65,56,107,212,131,117,81,25,67,91,124,176,61,91,239,198,207,176,68,180,99,196,371,73,107,88,57,553,35,109
234,38,122,98,286,138,94,388,243,71,73,63,212,136,35,250,49,54,125,155,188,76,211,60,63,104,72,264,157,140,118,102,73,202,73,104,135,74,148,200,500,81,18,120,62,135,239,89,48,97,69,93,84,230,67,63,41,112,104,141,71,151,54,74,204,40,73,124,103,231,64,54,111,205,143,123,77,25,65,98,113,159,68,92,238,211,191,177,69,204,111,191,378,73,99,93,60,565,36,114
230,37,126,94,301,142,102,378,235,68,69,62,197,145,35,255,54,56,113,147,177,76,212,70,71,109,66,255,162,137,131,108,70,177,65,92,139,77,153,183,500,77,16,123,68,133,229,91,51,89,71,96,84,225,73,72,45,110,105,145,73,161,52,81,167,41,72,133,102,222,58,58,108,204,132,110,77,27,77,98,98,160,73,86,255,223,188,168,68,217,114,200,405,75,95,80,56,573,36,106
241,43,120,98,298,149,86,384,211,71,65,58,175,140,37,256,64,51,111,150,167,82,205,68,68,107,67,243,160,141,140,107,57,168,60,78,134,70,162,165,499,72,19,125,67,134,238,88,57,98,81,92,88,226,71,73,46,116,128,152,74,157,52,94,146,41,77,128,97,221,59,55,103,197,129,107,71,28,81,92,100,179,76,78,263,237,180,152,59,242,127,187,436,78,96,70,54,579,29,98
219,46,116,97,282,151,83,396,207,69,68,56,167,132,33,241,71,49,104,163,161,81,194,65,75,101,72,223,157,137,138,104,57,171,58,72,121,71,156,155,510,75,27,127,70,122,248,82,58,96,72,92,79,220,68,85,48,120,137,139,74,162,47,116,145,37,73,112,83,216,61,63,111,187,115,111,69,33,80,94,96,190,73,66,269,246,167,139,51,261,127,187,447,77,87,69,52,609,28,109
216,50,105,89,277,164,77,397,195,66,68,41,157,124,37,242,74,47,95,165,154,83,191,60,82,95,75,209,160,126,139,98,53,160,50,71,127,71,149,148,549,68,26,121,65,121,241,83,63,93,75,98,79,228,65,91,52,128,152,161,77,168,45,125,125,45,69,100,79,209,55,62,109,177,116,110,74,35,79,88,82,200,68,55,250,267,181,124,48,250,130,178,469,73,85,71,50,624,29,108
204,59,109,85,265,167,77,396,180,69,79,42,152,123,41,242,86,50,90,155,143,88,200,62,78,97,79,212,161,129,141,91,48,164,45,80,127,83,154,143,557,65,26,103,71,115,249,86,58,87,72,98,74,222,65,102,53,135,151,162,76,162,45,139,128,47,62,91,67,200,54,64,111,178,106,116,82,35,76,96,72,216,64,49,231,274,178,120,41,239,136,170,484,75,86,69,52,660,26,115
197,66,111,85,247,172,70,398,183,69,92,35,164,136,45,233,97,48,97,141,147,92,197,57,80,103,83,190,152,128,136,90,44,165,39,81,120,83,137,141,585,55,29,103,74,106,245,87,66,91,68,84,78,221,53,109,49,129,159,152,72,161,42,153,122,45,64,100,63,180,45,63,116,179,111,110,78,36,75,95,70,209,62,41,237,271,169,120,39,226,134,162,474,69,94,75,52,679,26,92
176,69,112,83,224,173,76,387,191,77,90,33,160,127,47,226,103,38,89,127,144,101,193,53,92,98,85,198,136,120,135,76,44,163,43,81,111,87,128,144,601,63,30,92,75,101,241,92,74,84,60,78,77,236,57,113,51,117,176,143,69,144,43,159,107,49,65,100,56,167,41,64,122,169,106,108,85,35,76,92,62,229,59,39,243,283,168,126,37,211,134,147,493,70,99,63,50,690,25,87
159,71,116,80,213,163,70,381,192,79,82,34,162,117,51,225,116,33,91,127,141,119,187,49,98,102,90,183,121,123,134,78,39,142,43,83,103,80,125,131,623,77,29,77,76,90,238,84,67,75,57,73,67,242,54,115,48,125,178,129,57,140,39,151,110,51,69,96,54,173,43,63,135,165,95,122,86,33,76,82,61,232,56,36,234,278,175,125,34,200,141,135,523,77,108,62,44,714,23,70
141,73,120,78,205,167,66,372,172,87,78,33,162,121,64,229,123,29,91,125,133,117,183,46,98,102,89,187,116,125,134,78,46,154,41,90,100,83,127,140,629,93,29,72,83,89,222,96,67,77,53,71,74,245,51,126,50,135,183,132,55,128,38,147,105,49,73,97,53,166,48,55,143,168,99,104,86,25,81,79,70,236,61,31,247,279,181,124,39,200,130,147,566,84,111,62,45,758,22,65
135,74,128,76,201,153,68,354,166,86,66,29,174,129,77,208,121,26,93,128,130,120,179,44,104,97,86,183,117,120,138,80,48,156,40,86,104,90,134,143,619,101,30,63,81,80,200,106,72,75,47,60,69,249,50,127,58,132,179,139,50,131,39,149,120,45,87,105,52,145,46,53,152,172,112,97,77,28,82,80,64,222,50,28,244,272,177,120,31,182,131,151,529,79,108,67,43,781,21,59
129,82,136,70,210,158,65,347,170,88,58,29,161,139,80,196,128,23,98,121,116,134,197,43,101,94,80,193,118,118,126,80,46,138,45,90,98,87,135,140,608,100,29,63,76,80,204,110,72,75,42,60,61,252,43,128,61,125,196,141,44,153,50,143,131,49,102,119,48,145,46,48,154,171,119,95,77,25,85,76,60,231,48,27,226,257,178,120,36,188,127,169,529,89,126,68,36,774,21,51
133,80,139,68,202,141,60,328,157,96,46,24,158,142,96,202,138,28,98,118,101,146,189,41,99,99,74,188,125,114,122,72,51,132,51,81,97,86,133,140,587,105,30,59,77,76,172,122,63,68,46,68,52,265,40,100,49,130,188,142,40,157,51,135,139,49,119,111,43,152,45,43,153,162,114,92,80,26,79,73,60,230,44,29,223,240,172,108,46,191,137,177,504,84,135,73,36,768,21,41
125,85,128,62,197,132,64,334,147,100,38,25,159,137,107,205,144,24,105,114,95,150,198,43,103,98,65,186,126,99,134,66,51,125,50,70,98,85,129,136,568,102,35,59,76,67,151,122,66,72,49,66,48,298,42,104,47,127,201,132,39,172,57,120,141,53,124,107,41,152,49,44,153,163,114,84,82,26,86,69,56,240,43,26,220,241,174,110,53,189,138,200,487,90,145,73,41,759,24,34
116,88,128,58,197,143,61,337,150,108,34,27,163,131,115,191,137,29,112,133,91,158,197,41,107,86,57,177,124,84,134,65,52,122,52,66,94,88,130,129,555,111,37,59,81,68,127,117,59,75,51,71,47,331,38,103,44,126,200,143,42,173,66,113,151,58,138,106,36,156,48,42,157,153,119,80,85,35,84,70,52,237,41,26,197,227,172,102,53,177,144,222,461,90,143,71,47,763,24,33
118,93,129,53,186,149,66,325,139,111,37,25,140,124,123,208,137,32,112,132,84,155,202,45,101,86,52,170,122,78,132,59,52,137,45,61,88,90,124,135,545,122,43,64,81,86,120,120,59,68,51,72,38,330,36,102,52,124,193,149,45,174,64,117,156,51,141,105,35,155,44,39,149,154,121,76,81,35,78,71,53,225,43,27,192,217,163,92,61,186,148,240,439,89,148,71,53,767,25,36
111,91,123,49,167,163,64,311,138,128,37,25,137,133,121,204,133,37,122,139,79,169,204,41,111,88,45,170,116,83,133,61,44,148,41,54,82,86,126,128,517,124,52,66,75,91,111,129,56,76,54,74,50,331,35,98,57,119,206,157,39,172,65,113,161,52,149,102,25,157,39,36,143,145,135,66,84,40,78,72,54,217,44,28,179,191,153,79,65,187,154,235,423,87,158,72,50,794,26,35
105,88,121,52,162,154,61,302,136,138,38,31,121,124,125,200,128,38,135,139,85,172,205,39,101,79,37,164,109,83,144,61,37,142,43,46,83,89,134,123,472,113,51,64,72,84,112,117,51,66,51,68,50,342,35,105,57,106,220,149,45,172,68,110,162,55,165,106,24,149,37,36,126,145,142,61,92,42,67,78,54,223,49,28,152,184,161,72,69,182,150,224,416,84,158,65,51,782,23,34
93,84,118,63,145,162,57,296,141,163,35,31,111,138,125,193,128,35,152,134,89,191,203,37,95,83,40,155,103,87,146,62,42,149,46,46,84,92,149,113,455,105,50,69,66,87,111,107,56,67,47,71,43,346,43,110,69,93,222,152,46,177,74,116,158,57,173,101,24,130,29,38,113,149,135,58,95,48,67,70,47,235,48,26,154,171,181,74,64,184,142,208,423,82,145,69,63,804,23,35
89,84,113,67,140,162,61,258,133,162,30,31,118,152,117,200,126,39,158,128,95,199,198,39,91,86,39,150,95,95,143,51,38,156,38,42,76,91,140,118,448,115,49,82,61,90,109,112,49,73,47,67,43,339,46,111,77,81,227,145,47,174,72,128,155,57,174,92,20,128,35,33,110,141,139,55,96,46,60,62,46,226,48,29,151,163,192,68,75,179,142,215,424,69,151,68,65,836,26,36
78,84,109,66,142,153,64,257,121,170,30,31,111,152,112,195,122,40,158,123,104,209,210,36,88,77,41,152,93,98,143,50,39,147,37,40,80,86,140,119,457,120,50,93,57,78,103,118,48,75,46,71,42,316,42,120,90,77,226,142,46,168,77,123,168,54,157,89,21,137,32,32,108,128,122,53,97,52,63,53,44,237,49,34,145,143,204,63,69,185,137,204,429,66,135,62,71,805,30,36
70,88,109,67,135,153,73,252,115,185,28,32,113,166,101,194,114,38,166,110,118,209,222,29,75,74,34,158,83,107,136,47,43,144,37,41,94,86,143,114,433,135,44,96,62,76,100,121,52,88,47,60,38,324,41,108,101,68,220,132,40,180,80,129,142,49,153,98,18,144,28,40,91,109,130,49,93,49,65,50,41,255,48,37,142,129,208,53,79,192,122,187,421,72,124,51,57,798,32,40
62,82,109,70,137,147,82,240,97,197,28,33,101,190,100,193,103,38,177,99,115,212,221,29,71,74,38,171,77,102,129,49,46,146,29,46,98,87,131,108,442,130,45,98,67,75,98,119,56,86,46,64,34,301,44,101,112,71,229,129,37,163,79,127,139,48,140,96,22,132,21,39,92,96,120,45,90,46,65,44,41,268,48,41,139,126,210,54,80,211,123,193,432,75,118,48,63,793,32,35
59,72,111,64,145,148,87,248,87,219,25,29,108,206,93,185,90,42,174,88,118,216,229,23,59,71,41,169,67,89,121,45,48,128,25,56,107,87,133,103,446,139,40,99,85,77,109,105,60,90,45,70,27,285,43,94,112,64,225,131,31,159,91,126,132,52,135,100,23,142,21,37,91,88,116,50,78,41,68,43,46,285,56,47,128,117,210,58,83,214,116,183,428,72,111,51,63,819,28,40
60,70,113,66,146,155,84,241,73,240,24,31,125,216,86,176,77,45,166,82,107,209,230,22,51,73,43,166,70,94,119,44,49,118,27,62,116,96,136,103,443,150,39,101,79,87,104,98,59,92,47,72,24,250,38,92,119,72,214,129,31,148,98,119,140,56,125,106,29,139,22,39,94,76,110,53,72,39,62,37,44,288,54,51,137,103,199,60,92,221,113,181,395,72,120,51,65,820,30,50
66,63,104,71,149,142,81,224,67,272,21,34,134,234,88,182,60,44,167,73,118,196,227,24,51,63,44,175,69,93,112,47,49,115,29,66,124,99,133,102,465,155,37,104,82,99,120,86,50,101,50,70,26,216,38,94,116,63,202,132,24,144,93,112,143,55,119,123,38,126,24,35,95,59,98,57,65,41,64,38,39,286,62,51,140,99,201,68,85,217,113,173,395,66,106,48,63,827,31,54
58,65,100,64,145,133,81,232,62,283,25,32,134,242,81,163,59,40,154,75,129,177,229,18,45,60,44,167,65,101,115,41,49,112,32,70,124,98,142,101,475,161,37,102,91,104,125,77,53,93,47,82,24,227,29,97,119,60,206,120,25,136,87,113,140,48,125,127,39,136,29,36,95,47,95,58,62,33,67,39,38,291,62,51,133,101,210,70,85,219,112,162,386,70,114,44,57,839,27,58
46,62,101,69,133,131,79,230,66,306,23,29,130,254,88,167,58,33,152,75,153,167,212,23,35,59,43,165,74,122,116,38,44,107,38,68,135,84,148,97,487,166,34,92,91,114,143,73,52,95,51,87,22,218,32,92,114,63,198,115,30,128,79,109,127,44,119,135,40,129,29,28,90,34,96,64,58,32,70,32,37,291,70,51,144,98,203,71,96,221,114,150,381,67,119,39,64,815,27,60
38,65,103,66,139,133,82,220,70,338,28,33,134,265,74,152,61,30,168,72,178,155,211,23,36,60,48,156,79,129,117,42,43,112,41,75,133,87,146,92,515,151,32,88,86,112,161,73,42,96,53,90,22,205,29,88,106,64,200,116,44,104,68,128,114,52,134,140,44,110,31,24,85,30,99,62,59,32,72,32,35,307,74,56,134,107,188,72,106,221,121,149,370,62,124,33,60,839,29,63
36,62,104,70,138,125,92,236,71,366,26,29,120,255,68,152,62,30,171,63,196,146,209,21,36,69,52,154,80,144,139,39,43,117,42,81,138,94,149,90,524,145,30,79,81,120,168,77,39,88,47,89,20,195,29,90,98,59,207,101,42,98,68,155,104,56,139,158,42,100,30,26,90,29,100,55,56,29,74,37,34,294,74,61,133,123,191,61,114,229,123,150,356,61,119,30,62,854,31,62
32,61,106,57,128,123,96,241,77,385,24,34,114,255,74,136,65,32,164,60,187,129,214,20,33,69,64,150,82,140,169,33,47,110,41,69,148,87,147,83,519,140,25,76,80,130,160,71,43,92,46,94,23,210,29,94,98,59,197,112,42,88,56,180,98,49,144,170,45,85,32,25,97,29,100,53,58,28,83,35,35,285,71,67,138,120,180,66,138,236,118,146,371,65,114,24,66,869,34,59
28,60,103,54,119,127,104,254,85,380,22,34,112,267,71,112,64,29,166,67,184,119,214,22,34,77,80,144,106,145,185,32,44,97,39,79,149,87,155,78,522,136,19,62,78,127,175,70,47,96,47,89,25,190,30,84,88,59,205,110,39,78,49,191,92,51,150,172,41,62,34,26,103,28,95,54,53,24,86,34,30,260,83,70,128,129,195,66,146,266,107,143,379,57,116,22,73,855,35,56
29,57,91,57,120,116,110,268,89,373,23,42,108,281,68,105,71,34,174,66,188,115,205,22,40,78,95,141,116,144,193,27,45,91,37,80,156,86,139,73,537,128,15,53,78,131,195,71,44,92,54,85,24,191,32,81,84,65,197,96,42,81,46,195,77,52,148,180,41,62,35,22,110,26,97,52,52,29,78,37,31,268,89,77,132,139,197,61,146,275,106,146,377,62,109,16,70,866,34,58
29,49,88,53,113,113,114,281,83,361,22,40,108,289,68,92,82,42,188,58,190,97,197,22,47,83,105,147,125,143,190,30,42,92,36,85,161,84,139,65,550,115,18,45,81,138,196,73,42,105,59,85,29,184,34,80,81,76,195,103,43,84,41,207,63,52,149,190,37,56,40,25,111,20,93,53,59,26,82,47,34,258,97,83,125,143,188,53,154,286,112,135,385,61,99,25,74,846,32,66
31,43,86,47,102,101,121,287,101,359,20,37,97,293,68,74,87,50,201,52,174,93,186,23,51,79,116,140,127,151,181,31,47,93,30,84,157,83,143,51,561,116,13,39,77,127,192,79,39,108,60,87,29,182,35,77,72,83,206,102,37,71,38,221,55,46,155,198,42,58,39,24,108,23,89,50,56,24,85,50,36,271,104,77,110,143,187,52,153,303,111,143,386,63,92,26,60,871,32,63
30,45,76,46,102,93,120,287,109,355,23,38,85,289,80,64,87,55,214,42,172,89,190,24,55,89,116,129,125,146,175,29,53,82,28,89,145,88,139,53,568,119,15,35,74,137,206,75,42,112,64,93,34,183,36,66,65,89,222,116,36,62,33,221,58,53,147,209,38,52,42,31,125,28,84,54,48,26,87,52,33,284,113,68,102,132,192,46,153,301,109,144,374,57,87,24,61,853,33,79
31,44,78,50,97,79,122,277,109,328,27,43,84,286,85,61,96,65,230,45,164,99,185,27,59,85,122,115,143,142,170,32,66,87,28,82,135,85,154,48,561,121,17,35,70,145,199,74,44,116,76,89,32,176,32,62,64,98,234,119,31,67,31,198,58,53,141,224,36,58,49,29,136,32,83,47,45,24,82,50,36,289,112,63,97,124,179,48,137,311,103,140,394,56,80,23,58,779,29,73
28,39,81,49,86,74,125,286,110,328,30,38,82,279,87,52,96,71,252,48,164,98,181,28,51,87,119,107,131,148,158,34,69,85,26,84,130,89,157,47,563,131,20,36,71,167,207,65,41,108,84,86,31,173,29,55,60,105,248,120,32,73,31,200,50,51,133,226,40,54,53,37,126,29,81,46,43,24,74,48,39,274,111,57,103,128,165,50,129,325,105,139,429,58,75,30,62,760,30,80
32,37,77,48,69,64,128,282,120,333,32,41,80,267,73,48,87,74,248,47,166,95,185,30,51,78,117,110,117,131,158,38,78,96,28,91,113,82,145,50,539,137,19,37,69,177,213,57,41,113,89,91,30,176,28,56,62,118,259,117,36,71,24,211,46,48,133,237,38,50,45,39,124,26,86,41,44,31,73,45,31,278,99,59,111,123,164,52,117,332,116,132,418,68,65,35,63,743,28,82
39,39,73,53,77,65,126,289,124,317,33,35,75,253,66,50,98,73,258,51,161,103,185,32,42,82,112,113,108,139,162,45,92,91,29,99,106,77,142,59,528,126,26,39,61,177,187,57,42,106,90,88,24,168,23,53,52,130,249,110,37,66,25,211,42,47,134,249,42,45,42,43,125,27,86,40,47,31,67,50,30,267,110,59,112,102,158,53,103,323,126,120,408,63,64,41,69,754,30,86
37,36,77,56,86,71,118,291,120,309,38,40,72,240,60,46,89,78,269,46,160,112,173,35,44,79,103,101,109,136,160,46,96,92,30,96,101,81,142,66,493,134,26,44,66,170,179,52,47,107,90,91,24,156,27,54,51,140,241,116,34,68,28,200,44,46,145,249,47,36,45,43,131,28,89,45,53,34,66,42,27,259,103,63,114,100,146,67,97,334,128,112,407,59,59,48,73,728,36,92
42,32,68,52,89,67,109,301,129,304,38,47,75,215,51,48,84,72,268,52,165,116,177,31,44,78,88,87,102,135,164,44,104,89,30,87,89,90,141,64,502,141,28,47,67,152,176,49,44,107,95,94,21,151,25,54,57,129,236,113,33,70,29,187,42,44,159,262,48,37,43,44,130,35,88,51,44,35,61,53,28,246,99,54,112,100,139,66,104,335,135,111,396,51,52,44,71,709,35,110
37,31,66,50,106,66,112,313,130,302,38,51,69,203,47,44,72,74,255,51,168,124,164,32,39,84,78,86,92,130,158,43,108,84,29,84,93,96,134,65,475,154,29,47,76,146,175,46,39,101,97,87,17,148,32,58,61,126,237,109,32,62,32,171,41,41,161,255,49,36,39,51,128,34,87,56,46,31,61,58,23,223,111,53,110,102,127,73,101,330,125,111,390,50,51,41,75,690,40,104
38,33,66,48,120,72,111,329,134,304,38,48,63,204,51,40,69,69,260,57,181,136,147,34,39,92,77,82,81,118,155,45,108,81,31,72,91,106,116,67,494,154,27,49,76,148,169,43,39,105,107,85,14,153,39,64,61,135,222,103,35,56,37,171,37,38,168,285,49,41,41,57,117,32,85,60,46,31,68,56,26,202,117,50,116,103,120,71,102,313,136,102,412,55,47,37,83,672,49,109
43,27,68,42,120,71,115,356,143,287,36,45,61,188,54,43,73,67,263,54,184,128,124,35,37,109,65,72,72,105,152,52,113,86,24,65,90,99,117,72,520,147,25,47,75,142,165,47,36,104,109,76,19,157,44,74,58,149,227,97,33,52,37,176,38,36,180,302,49,44,41,61,110,29,82,71,51,37,66,59,26,196,121,48,104,108,119,68,109,299,125,103,371,58,50,33,83,647,48,120
44,29,67,44,128,71,108,357,154,286,32,38,71,185,55,48,66,62,251,55,175,117,119,33,39,128,62,68,68,93,139,55,109,89,22,57,86,99,127,74,551,137,29,46,75,136,156,49,37,98,115,76,17,170,50,76,58,162,223,86,29,49,47,174,43,29,181,316,48,50,33,64,101,30,71,71,50,36,71,69,26,197,111,53,103,115,109,61,122,298,131,98,374,55,52,30,65,629,40,128
43,31,71,43,126,71,116,366,152,282,31,38,65,171,53,43,67,69,236,56,187,114,116,34,43,140,61,65,60,85,130,57,98,90,22,50,80,98,121,69,596,137,23,49,73,138,158,46,34,92,121,76,19,156,58,83,51,156,245,87,26,54,49,181,36,28,181,313,45,49,32,75,94,31,61,66,50,33,72,57,24,180,123,56,96,127,104,66,137,290,130,93,381,53,55,32,63,603,38,125
40,28,73,41,126,72,115,373,144,279,31,40,66,182,53,39,65,74,231,53,188,108,104,32,47,148,54,63,47,74,127,59,90,99,24,43,82,90,134,69,612,135,18,57,74,134,169,49,37,100,129,87,19,149,55,77,48,168,240,84,22,59,45,187,35,25,177,329,43,55,28,66,85,25,57,64,48,33,63,47,26,177,129,49,101,120,91,62,139,304,135,90,370,53,63,35,59,574,35,133
37,32,76,39,126,67,114,368,149,280,31,38,63,183,51,41,65,82,218,49,186,97,99,35,45,132,56,62,37,67,125,55,92,100,25,37,79,82,139,66,653,121,13,60,71,126,165,47,38,91,135,94,16,148,62,80,46,171,241,81,22,58,44,184,38,23,165,345,47,51,22,71,82,26,62,67,46,38,56,55,23,172,123,41,96,119,81,60,141,296,128,94,356,71,74,38,59,526,35,126
30,34,89,39,133,72,126,360,146,269,28,40,62,188,43,36,56,74,224,47,196,95,104,34,41,127,56,61,34,48,114,52,93,110,26,32,72,83,129,62,668,134,13,67,65,115,175,51,35,83,147,102,20,171,69,73,48,173,236,74,19,60,48,189,41,22,155,356,45,45,20,76,70,26,65,62,53,46,53,60,27,168,123,41,104,111,84,54,144,290,133,91,346,80,81,37,61,496,39,127
26,34,89,41,146,72,134,358,152,261,27,39,67,180,40,34,51,78,251,47,200,91,109,32,37,128,56,69,28,42,114,53,88,114,32,37,68,76,122,64,652,140,17,72,60,115,178,44,34,72,164,110,17,183,76,65,44,185,231,74,21,64,54,170,43,24,153,349,46,42,23,79,68,30,63,58,48,48,57,54,28,167,127,44,109,102,76,52,130,292,131,96,323,95,87,42,55,478,37,137
22,36,99,47,142,74,123,342,148,264,30,40,72,169,39,35,41,81,230,46,208,101,99,27,37,125,59,74,26,34,91,49,79,121,33,36,68,68,124,52,648,137,22,75,65,115,195,42,31,77,167,115,24,189,80,64,44,183,221,76,21,65,57,168,36,24,137,355,50,37,22,84,67,29,57,55,49,39,62,59,27,173,126,47,107,103,72,50,125,279,131,98,286,104,92,48,51,456,37,131
20,29,96,45,153,71,132,351,144,260,32,46,70,171,36,43,41,78,222,49,192,98,98,25,40,128,57,83,21,33,89,41,87,116,36,31,66,74,111,47,659,127,22,82,66,114,192,37,29,77,184,112,23,193,88,70,42,183,197,84,25,69,57,158,33,27,122,360,46,36,19,78,66,27,62,56,38,41,60,53,24,170,123,48,104,83,68,46,114,300,126,102,259,118,92,45,48,427,37,142
21,25,94,46,149,69,134,347,153,259,30,48,67,184,36,48,38,68,200,44,179,102,104,22,36,132,50,84,18,29,84,36,79,111,37,31,67,78,109,40,633,120,25,84,68,123,191,38,27,72,197,121,21,225,88,72,40,193,205,83,27,76,63,145,29,31,121,373,45,34,22,76,65,26,68,51,38,34,55,60,23,172,113,45,106,88,66,50,114,295,129,104,256,122,87,43,51,399,39,147
21,22,88,39,146,72,130,341,156,267,30,49,68,180,38,54,38,69,195,37,172,108,108,21,28,133,51,87,20,27,79,39,72,113,37,34,70,69,114,34,630,110,30,92,64,118,196,34,23,74,204,129,20,235,99,68,38,191,201,94,32,63,58,138,26,31,108,362,41,34,23,76,65,30,63,51,36,35,60,58,25,181,107,44,105,79,61,56,111,295,124,105,246,134,91,36,44,389,44,146
17,15,88,43,137,68,148,340,150,268,27,45,71,184,47,47,39,61,183,37,157,109,107,24,28,143,47,91,26,26,62,50,78,114,36,33,73,68,110,32,618,105,34,89,70,128,202,31,15,77,228,137,22,231,112,65,35,211,195,100,39,71,57,132,23,30,109,344,39,32,24,73,63,37,56,43,32,34,62,53,24,178,95,51,88,81,59,55,94,277,124,120,243,143,98,32,41,372,49,144
19,18,85,45,133,65,153,385,152,276,28,45,70,182,56,44,46,62,176,35,149,105,106,28,24,140,49,83,34,30,60,49,76,122,36,28,76,70,113,27,629,100,39,100,74,137,222,25,20,75,254,140,19,243,118,63,29,211,214,118,40,69,64,123,24,33,104,331,40,34,27,66,58,36,54,43,35,31,73,49,23,178,80,48,74,80,62,55,82,269,115,122,232,132,113,28,34,353,47,132
17,18,72,51,117,65,165,398,149,269,25,42,64,177,54,52,45,59,174,38,144,117,98,33,26,153,44,78,43,33,61,48,67,144,32,33,75,73,109,31,641,88,45,98,74,131,230,21,19,72,259,144,20,245,115,72,26,211,220,126,38,76,58,125,22,33,101,315,46,39,35,60,56,31,56,38,32,30,72,45,25,195,73,52,69,81,63,55,72,276,119,129,220,137,110,23,31,339,47,128
15,18,66,49,106,75,170,396,135,259,23,40,60,164,67,50,48,53,166,41,147,114,94,31,28,147,42,81,52,37,59,44,70,149,37,37,81,68,106,31,643,89,45,99,85,126,260,21,21,68,288,138,20,248,116,71,27,227,221,114,39,80,63,124,23,33,107,304,49,39,38,54,48,34,52,33,26,32,70,47,27,198,72,50,73,85,74,52,69,254,113,117,203,128,103,26,31,338,42,121
13,18,66,43,94,83,174,388,125,248,21,41,58,168,67,47,49,45,171,37,155,119,97,34,21,150,43,84,56,39,55,47,76,145,38,37,80,62,94,40,630,83,47,112,95,112,293,21,20,65,294,148,23,233,124,70,32,238,223,109,40,89,59,117,23,29,110,293,56,35,37,49,44,47,51,34,28,33,74,47,28,209,69,49,63,87,83,49,63,259,102,128,202,120,102,30,33,364,37,123
10,22,70,41,91,84,177,402,125,249,21,36,59,159,76,45,56,49,180,37,161,113,99,31,22,157,50,89,68,42,54,43,81,142,38,39,80,60,85,44,612,86,52,106,110,108,295,24,22,67,312,138,29,212,130,67,28,249,215,96,41,89,62,118,26,22,117,292,65,35,28,45,43,45,46,38,32,33,60,47,27,225,73,54,53,96,83,44,52,245,95,127,190,130,103,31,31,394,34,106
11,24,71,45,90,92,175,416,135,254,20,34,60,150,82,50,57,47,192,32,159,109,86,32,23,159,53,84,70,52,54,39,85,151,41,40,83,63,74,45,603,88,51,111,120,96,300,28,22,66,304,133,28,200,135,69,30,256,219,93,42,88,61,104,30,22,116,266,62,39,29,45,43,47,47,37,29,30,55,52,29,230,73,46,50,98,88,38,46,252,104,132,197,124,100,30,28,382,27,107
9,26,66,41,95,95,160,428,120,270,21,31,68,151,74,51,58,48,198,31,170,119,81,36,27,178,48,78,70,54,50,37,97,159,37,41,82,56,69,46,588,85,61,115,145,88,302,32,24,65,295,128,29,194,125,88,26,250,222,92,44,95,60,93,33,23,120,277,61,37,25,44,41,51,48,36,30,28,52,53,32,217,73,42,45,100,84,38,51,227,104,150,198,132,94,30,24,388,25,105
14,26,71,39,106,98,151,425,111,259,23,25,68,152,86,65,61,39,201,39,190,113,68,41,29,176,45,76,69,49,51,33,112,175,35,42,91,64,63,48,602,98,64,124,160,84,312,37,23,59,284,129,32,182,129,89,29,255,221,90,36,96,57,80,37,21,124,271,63,38,27,39,47,56,47,35,29,29,51,60,33,209,72,45,46,108,84,31,49,221,100,153,200,132,76,35,25,417,19,103
18,27,74,43,118,99,139,419,114,259,24,23,70,147,95,61,64,40,204,34,197,104,72,42,25,178,43,70,66,49,46,23,111,165,33,42,89,72,64,47,584,113,59,129,173,81,321,39,26,47,279,133,37,163,147,89,33,251,226,101,35,117,56,81,42,20,120,280,63,37,30,40,48,53,41,34,32,24,57,67,31,195,70,38,44,105,84,27,49,227,101,173,194,129,74,37,29,437,17,99
20,26,67,46,113,92,133,425,101,242,24,31,70,145,99,55,62,44,211,33,202,100,75,35,25,214,47,71,63,49,44,23,124,171,30,46,90,91,59,46,564,137,61,130,182,72,356,41,26,51,265,144,45,178,155,95,33,253,222,103,32,124,54,68,57,22,131,286,62,43,27,40,44,49,38,32,32,24,56,77,31,186,64,37,44,106,79,27,49,212,91,180,176,120,68,41,36,429,19,118
24,32,76,44,118,100,126,388,97,245,26,29,70,140,98,54,63,43,211,30,225,94,74,29,32,232,45,69,67,54,34,25,135,171,29,51,94,87,63,46,546,165,64,136,181,78,371,38,28,55,261,143,47,181,158,105,29,245,213,118,30,139,49,71,65,21,127,276,51,33,28,45,43,56,34,30,27,29,57,82,29,185,60,30,32,115,73,27,50,209,84,192,180,118,61,43,36,430,19,119
23,34,75,44,110,91,113,387,94,236,21,28,57,140,100,55,59,43,205,28,236,90,83,27,32,255,48,73,63,53,34,25,136,155,27,52,92,92,61,44,536,191,63,140,188,77,397,36,27,54,254,157,49,187,155,115,30,250,200,122,26,149,48,65,69,24,124,282,48,35,34,47,41,63,31,36,26,32,65,78,30,186,53,31,29,118,87,25,47,205,73,201,182,119,50,43,38,456,22,120
23,39,82,44,108,85,107,344,87,234,21,34,54,135,107,52,59,45,194,28,239,104,98,30,33,277,52,67,58,48,28,24,134,142,29,56,86,87,62,48,516,233,62,132,203,84,429,32,30,61,267,170,56,183,152,112,30,252,190,137,28,145,48,64,78,24,141,278,53,43,37,57,36,61,30,28,27,32,70,74,34,182,46,30,30,108,91,23,44,211,75,224,202,112,41,40,39,475,22,131
29,35,74,45,105,72,107,334,80,224,18,38,48,133,102,53,52,40,189,25,236,101,121,27,32,293,61,68,56,48,29,25,143,136,25,58,75,95,64,53,507,252,58,124,203,91,446,31,29,66,268,168,52,186,151,124,28,260,167,139,29,153,42,65,85,24,148,275,53,48,43,64,34,70,27,34,26,34,77,72,32,174,50,34,30,116,89,21,42,208,71,235,207,124,37,37,42,483,25,134
35,38,65,40,100,61,100,291,80,215,20,39,39,130,105,48,48,41,196,20,233,110,124,23,35,316,62,71,57,45,28,25,136,130,27,52,78,88,66,66,501,288,55,131,207,81,449,36,36,67,279,169,57,183,143,118,35,262,138,144,28,155,42,77,77,29,147,272,54,54,48,61,34,71,21,38,24,35,79,75,29,160,57,37,24,108,88,20,45,221,73,250,207,125,39,31,42,472,25,147
29,41,60,36,94,57,90,280,74,222,19,44,40,126,101,49,40,53,217,21,228,109,132,18,35,328,70,71,56,44,24,34,152,118,29,55,83,83,57,68,507,305,53,128,196,84,443,35,34,80,270,161,67,183,124,130,28,258,137,144,27,148,35,77,78,30,158,285,63,64,50,56,30,79,21,44,22,30,82,75,32,158,60,40,21,101,87,22,51,233,73,285,201,124,30,30,41,491,28,137
31,43,47,32,77,53,91,256,65,230,20,44,38,125,102,45,42,48,225,25,244,109,131,13,31,324,70,67,54,47,25,36,140,103,28,57,92,74,49,71,511,331,50,125,199,87,431,34,36,79,276,178,63,178,131,126,33,246,130,165,28,138,38,81,74,28,147,302,65,65,46,60,32,80,26,40,26,20,81,73,35,154,57,40,20,96,96,25,53,235,77,276,173,127,32,29,36,493,27,125
31,53,38,33,73,40,89,232,60,242,22,44,46,122,121,41,46,49,215,24,263,110,123,17,33,328,80,62,50,46,26,35,130,94,33,55,85,80,54,72,510,347,43,128,191,80,423,38,37,88,287,180,58,177,131,118,28,233,127,168,35,148,46,93,83,28,144,293,66,71,48,62,34,78,33,43,28,24,85,74,37,148,61,42,20,93,85,23,59,237,71,287,176,124,27,27,36,518,28,117
30,55,29,32,64,40,97,221,60,241,23,45,53,110,111,36,43,50,201,26,285,106,117,23,34,327,74,57,49,40,26,43,144,84,36,51,99,82,53,67,514,366,47,128,187,81,421,32,38,88,289,172,58,179,141,105,25,244,120,176,40,143,50,103,91,29,151,294,63,71,50,68,35,74,29,36,30,21,87,68,41,142,54,50,16,87,85,21,63,248,67,278,153,124,27,26,39,510,23,108
33,61,24,29,52,42,96,226,70,264,27,46,53,125,119,36,44,51,189,27,319,91,121,25,32,327,71,59,45,32,27,43,148,84,44,46,99,87,49,60,528,368,44,124,193,84,414,34,36,86,288,177,53,153,164,95,23,224,115,176,40,145,58,104,99,35,150,287,57,68,51,64,31,72,29,32,30,20,89,66,46,142,49,60,20,91,80,22,62,248,68,268,138,129,24,27,36,555,26,98
30,58,22,29,40,39,102,237,60,253,26,46,63,138,125,36,50,53,190,31,347,72,111,30,36,334,71,59,40,30,26,44,142,91,59,44,102,95,57,52,553,362,45,126,179,81,401,36,34,84,284,185,52,140,180,81,22,214,121,183,36,134,58,100,90,42,148,271,58,76,42,70,33,63,32,28,29,20,88,54,48,151,50,74,22,97,82,22,60,247,70,264,120,119,30,25,31,555,27,83
27,63,25,26,38,35,111,238,55,265,31,44,67,140,121,33,50,50,166,35,373,78,107,35,40,322,64,62,39,29,28,44,142,96,63,49,100,112,67,47,570,347,41,124,183,76,407,33,30,77,272,188,43,130,186,79,23,205,103,187,45,124,56,100,93,38,153,262,58,75,43,79,27,58,37,22,37,24,77,51,51,150,44,71,24,95,90,24,56,236,71,242,106,115,31,25,34,552,25,66
26,65,30,24,32,36,112,224,54,257,36,42,69,134,115,33,50,45,160,32,402,81,114,37,38,305,65,67,38,25,28,40,137,92,83,48,102,115,67,33,559,356,44,128,196,75,409,33,29,67,281,190,35,129,195,71,22,209,93,187,50,106,55,90,92,38,156,279,63,79,42,94,25,50,36,21,41,26,69,49,45,141,42,78,25,100,90,24,64,240,74,251,97,105,30,26,38,542,25,54
23,58,32,25,30,35,117,224,54,260,38,37,76,136,107,35,53,42,141,35,429,86,112,45,44,317,60,70,40,19,31,36,128,100,92,43,90,118,81,32,567,360,40,137,206,73,400,34,33,70,279,196,28,128,209,66,19,209,83,193,57,100,53,89,88,37,177,276,65,80,41,101,24,45,34,21,46,28,60,44,43,150,37,81,29,103,93,22,67,239,63,261,87,99,29,20,34,552,28,52
20,51,38,26,31,29,119,230,49,254,37,38,73,125,106,43,54,38,152,38,435,87,117,49,45,309,63,64,42,20,31,32,123,112,97,40,90,121,85,27,571,375,38,146,197,65,401,36,30,67,277,198,24,124,213,63,20,217,74,190,56,91,51,84,78,43,183,277,70,83,36,112,26,38,30,22,53,32,51,48,45,143,35,92,27,102,102,24,71,229,63,248,81,88,22,20,38,557,29,46
20,48,42,31,27,28,139,231,47,261,39,39,68,116,91,55,61,37,154,46,449,81,109,49,45,292,62,67,39,21,34,32,117,119,102,37,86,123,85,30,593,384,31,150,200,57,392,38,29,67,283,191,21,123,219,64,22,202,70,172,69,97,52,85,73,37,188,300,86,91,34,118,26,34,29,19,49,29,46,49,49,140,26,96,24,101,105,21,72,238,67,268,77,89,27,21,37,556,31,45
21,40,45,38,26,28,147,216,51,235,40,41,65,96,82,60,59,46,149,57,463,76,111,47,39,290,65,61,41,23,37,32,124,115,107,41,81,130,86,31,581,393,29,143,205,49,371,39,31,56,299,180,19,116,225,68,26,196,64,161,78,79,50,81,76,36,198,325,98,82,31,112,27,38,33,20,49,31,43,49,52,140,25,89,25,90,104,24,71,236,63,284,83,97,31,25,40,547,26,43
19,42,43,44,23,26,159,198,57,234,39,35,59,98,77,62,58,43,164,63,498,81,111,50,36,287,62,67,40,24,35,29,114,119,104,42,74,142,88,36,584,403,25,130,232,40,367,44,31,58,294,169,19,97,230,69,26,183,63,146,83,76,53,91,72,38,197,343,108,82,31,115,23,36,30,21,46,25,33,42,62,140,20,95,24,89,108,24,70,240,67,277,96,97,33,27,40,545,28,36
18,43,45,51,21,27,159,177,53,225,42,29,57,106,77,61,70,44,186,69,498,84,109,45,41,275,61,65,38,28,43,29,109,115,106,47,58,146,89,41,581,411,30,115,237,39,348,43,34,57,306,170,18,99,233,71,28,166,62,146,73,78,55,99,61,38,197,360,117,79,34,116,22,38,37,21,37,29,36,37,67,140,16,93,21,98,113,20,68,236,60,272,86,96,37,26,46,550,30,42
20,50,38,59,16,29,146,180,54,205,42,30,63,118,76,58,74,45,198,70,517,85,102,50,39,267,61,64,34,34,39,31,109,115,104,49,56,144,81,45,578,405,33,97,257,40,332,39,39,53,346,145,19,98,246,75,29,178,62,139,70,75,58,109,61,38,205,366,116,87,34,134,27,41,38,23,35,27,34,36,68,136,16,91,19,103,103,18,67,239,56,279,95,103,43,29,50,553,30,36
20,48,41,58,11,32,159,168,50,200,41,30,55,119,76,53,71,54,209,64,531,96,93,48,39,253,58,64,42,38,37,31,104,117,99,45,50,157,90,41,576,389,35,81,261,26,295,34,46,48,377,138,24,95,237,71,29,168,63,145,62,78,68,114,59,34,207,386,128,89,34,126,29,51,35,20,39,25,29,37,71,147,12,95,19,118,88,18,74,244,53,283,91,112,46,31,50,530,40,43
26,64,36,54,10,43,178,151,47,188,38,31,50,130,65,53,68,49,200,51,578,105,84,48,42,252,57,57,40,38,34,30,93,116,99,40,51,150,82,37,602,371,44,68,292,33,284,33,46,38,415,134,25,93,248,62,29,167,57,151,62,88,80,116,58,34,219,403,131,97,38,133,30,54,33,17,41,27,34,37,72,154,12,89,19,117,82,19,83,241,54,274,95,114,50,30,57,532,41,36
26,70,34,59,8,45,176,140,44,170,34,27,51,133,60,57,71,42,198,44,599,109,77,44,46,241,65,54,41,42,39,28,86,110,92,36,48,149,87,44,607,341,47,65,319,34,264,34,55,36,457,121,30,94,276,68,28,172,62,148,58,87,78,126,51,33,228,390,147,97,36,147,34,56,32,16,49,29,33,39,70,151,13,90,18,137,78,21,83,237,53,270,84,102,52,33,58,500,43,39
24,79,38,52,9,50,171,134,39,151,36,25,43,144,60,54,78,37,181,36,607,119,65,44,46,225,70,52,34,42,44,30,85,106,90,37,60,153,87,43,616,341,48,68,317,35,257,29,60,35,515,120,33,95,272,64,27,181,64,154,52,90,79,131,59,36,260,401,164,105,40,147,34,55,30,17,52,32,31,32,59,150,16,84,22,157,69,19,81,248,51,250,86,105,59,35,53,487,44,39
32,73,32,45,13,50,170,122,32,145,34,26,42,149,56,55,75,34,162,30,604,124,67,40,45,228,80,52,35,41,44,28,89,97,85,41,56,161,87,41,650,314,51,62,313,34,262,27,61,29,554,119,38,86,263,64,34,186,64,141,53,85,81,140,63,30,279,405,176,102,41,159,35,49,28,18,57,35,31,25,47,154,20,76,23,180,69,23,79,263,45,248,83,112,65,35,52,475,41,35
36,79,29,46,12,47,166,114,28,141,31,26,39,156,57,53,66,34,149,32,611,117,64,34,43,217,83,54,37,45,44,23,85,97,82,41,55,144,77,41,670,331,50,57,318,37,254,27,63,23,577,118,41,78,244,66,32,191,64,137,47,88,73,132,63,35,312,388,179,101,48,171,40,54,22,16,57,39,29,26,47,159,24,84,19,194,64,29,77,256,43,253,83,104,66,36,50,459,37,45
36,83,30,38,15,46,168,114,26,139,29,23,46,159,61,53,65,31,153,25,617,108,72,30,49,209,76,44,35,48,46,25,88,98,85,41,56,139,78,40,696,344,52,52,320,39,266,29,70,24,620,110,45,66,238,69,43,179,55,137,42,86,75,131,74,31,317,401,173,90,46,177,35,52,21,18,54,43,33,32,40,167,27,76,23,198,49,38,74,242,40,245,81,111,63,36,51,455,30,49
42,91,34,40,20,47,151,122,27,142,32,20,50,184,75,56,67,27,147,28,595,104,66,32,48,201,70,41,29,49,46,28,93,101,84,42,58,126,74,39,683,358,57,59,304,37,273,28,74,20,651,111,46,63,232,69,46,176,50,145,38,83,66,121,85,31,319,398,178,84,44,194,33,51,22,23,54,49,31,32,39,182,35,74,24,192,55,37,72,237,42,235,78,112,60,41,58,444,29,53
48,96,37,31,23,41,148,130,31,147,27,21,50,194,84,57,64,27,125,29,578,96,69,31,52,190,76,42,25,58,43,32,89,86,77,42,61,128,72,38,684,386,59,52,303,37,282,27,72,15,686,112,48,54,236,63,46,180,50,154,38,89,56,113,101,28,337,411,189,78,43,216,31,50,21,26,52,46,33,34,40,191,31,76,23,199,56,46,71,226,40,214,73,114,59,39,65,436,24,50
46,100,43,36,26,45,142,128,37,143,25,29,50,202,94,57,58,28,127,27,561,97,60,38,54,181,81,46,21,54,43,32,93,89,72,53,57,135,66,34,680,379,67,51,294,34,298,25,71,18,702,109,41,50,234,65,44,183,45,161,37,83,43,115,102,30,319,403,179,84,46,202,26,51,22,29,47,53,36,32,45,198,31,72,24,194,53,53,60,235,41,201,82,118,56,42,83,425,29,54
45,94,45,27,27,44,141,125,38,138,27,29,52,213,88,58,48,24,135,29,536,87,59,33,58,170,82,41,19,58,43,35,95,90,71,46,47,143,71,25,684,392,71,50,308,43,320,28,66,20,728,108,35,51,245,58,45,185,40,152,38,76,35,101,107,33,318,403,189,84,48,205,27,49,23,33,37,57,40,31,59,189,38,74,20,189,56,58,64,228,36,192,77,113,56,41,85,425,30,62
40,91,43,26,23,43,136,128,48,117,33,33,51,223,82,55,48,26,135,24,523,81,52,29,59,152,81,42,18,51,46,36,93,93,72,47,43,146,68,26,667,422,67,51,324,53,328,28,64,22,793,98,37,46,257,57,43,192,37,144,31,69,34,90,107,32,313,404,217,81,47,212,27,49,19,39,29,51,45,33,66,206,37,59,23,185,57,63,55,230,36,188,78,111,49,51,90,408,35,68
41,103,45,27,26,46,126,143,53,114,36,33,52,225,82,47,53,28,128,25,521,68,45,29,56,139,84,43,21,54,47,41,96,85,72,52,38,165,69,25,677,438,67,46,352,48,310,31,60,24,823,107,50,38,265,59,38,189,32,138,36,59,42,84,110,31,300,401,239,85,52,227,24,47,25,43,29,47,49,28,71,211,42,58,20,165,44,66,50,229,40,181,71,112,42,59,99,412,39,73
34,94,36,28,27,49,124,136,63,107,36,37,46,221,79,44,55,30,132,26,528,62,37,32,60,121,80,43,21,51,48,39,100,86,86,54,39,163,65,23,668,443,65,42,348,52,315,36,51,21,827,105,50,45,303,55,37,179,29,140,48,60,44,84,121,29,287,397,230,95,50,237,24,50,28,47,28,43,49,28,72,226,46,53,19,166,41,75,44,232,35,191,63,110,36,58,101,414,46,65
32,92,37,31,29,50,132,148,64,97,35,39,52,216,73,37,49,28,123,22,529,60,35,31,56,129,86,44,22,51,45,40,110,78,106,59,34,160,61,25,675,454,75,45,365,56,313,36,46,22,850,95,52,48,333,56,37,184,30,139,56,58,46,84,121,27,262,396,248,92,44,244,27,43,29,52,24,38,48,29,75,241,43,44,26,159,39,72,45,226,27,189,64,106,30,54,98,418,44,61
31,92,39,29,30,53,127,146,68,99,30,40,50,216,71,32,42,36,106,20,542,68,37,34,56,107,93,40,22,45,44,45,113,73,122,59,33,141,61,26,680,434,79,38,385,57,320,32,47,22,867,98,54,53,335,61,38,188,27,134,58,48,41,74,118,25,265,409,265,95,47,262,26,44,32,52,17,39,50,32,82,250,46,40,31,168,34,66,45,227,26,190,63,110,30,52,84,400,42,62
26,91,39,33,28,50,129,161,74,105,30,40,43,202,63,28,36,42,95,24,562,74,42,30,50,98,96,38,21,42,42,46,105,72,142,57,31,145,58,26,683,428,70,42,408,60,324,35,48,22,894,87,50,50,347,66,39,190,28,145,68,41,43,76,126,24,253,429,273,99,46,275,26,41,29,63,16,36,42,31,77,263,47,44,28,160,26,63,47,227,27,198,58,97,31,56,85,400,40,55
28,88,34,31,32,44,138,157,67,101,32,42,46,182,62,34,36,43,98,25,575,71,37,31,47,93,90,33,25,41,43,43,103,67,160,65,31,141,52,28,686,388,68,39,433,59,313,44,41,20,927,83,53,55,348,67,36,178,30,137,73,42,40,82,144,23,263,448,267,106,42,274,23,44,31,71,17,42,39,39,79,276,51,40,29,147,24,58,43,233,36,199,54,101,28,58,80,396,38,49
27,83,36,36,41,45,137,172,55,107,32,44,47,180,59,34,31,45,99,24,582,79,32,30,54,90,93,30,24,40,47,45,101,72,162,71,33,122,48,28,709,352,70,43,461,60,290,38,40,23,953,77,51,51,337,71,40,173,32,123,79,42,41,80,151,25,263,458,265,108,34,290,24,43,29,74,15,38,45,33,91,264,53,44,34,145,23,67,53,239,28,184,50,92,25,61,75,386,42,48
25,85,33,39,36,38,137,158,56,107,31,45,50,152,54,41,29,42,102,25,562,82,33,35,58,83,104,29,24,39,37,44,90,69,167,69,38,109,40,28,709,332,82,49,456,59,291,40,38,21,984,77,49,54,332,74,35,169,38,116,84,50,50,91,171,25,266,489,271,107,31,294,24,47,30,73,14,38,50,33,99,259,57,51,35,151,23,74,46,241,29,165,46,89,24,53,71,379,46,45
24,79,34,43,31,40,146,150,56,99,34,48,44,143,55,41,26,47,93,25,538,81,47,37,60,85,112,27,29,39,36,43,95,60,146,73,45,99,40,28,744,323,86,53,504,58,282,40,39,22,982,62,46,52,309,68,36,173,39,101,80,50,48,98,176,23,254,506,274,95,33,295,26,50,28,75,16,42,57,36,102,249,52,50,36,158,20,69,58,248,30,166,44,91,26,54,72,371,44,47
25,79,34,45,26,47,147,155,51,104,45,49,42,137,57,37,24,43,92,26,514,81,54,37,64,85,124,29,27,40,42,39,96,60,138,76,49,80,35,30,762,299,78,63,524,60,294,39,35,21,958,58,45,45,290,79,38,156,40,100,81,46,49,96,183,24,242,509,268,103,27,269,27,57,27,74,17,43,57,37,97,237,49,56,31,169,21,69,55,255,27,154,39,91,29,51,69,358,39,48
28,76,29,51,26,50,152,164,44,122,52,45,44,137,55,35,23,39,99,26,522,80,63,38,67,86,127,34,33,36,45,47,98,60,111,76,51,81,35,31,766,290,83,76,547,57,281,38,26,21,932,55,33,36,298,85,40,150,48,97,79,48,47,104,192,26,247,513,269,104,25,259,22,69,26,84,18,46,67,38,99,223,49,56,27,174,21,69,64,263,24,137,40,97,28,52,70,377,41,50
33,73,28,48,27,56,162,164,48,131,59,42,43,134,58,38,24,42,96,25,504,79,68,36,67,82,130,37,32,34,49,46,98,62,104,81,63,69,29,28,770,270,81,74,588,61,278,37,30,26,956,53,38,31,305,84,42,152,48,87,75,46,50,109,198,22,238,506,267,96,22,247,32,74,26,81,20,46,65,35,93,245,46,58,27,170,22,64,69,263,24,126,43,88,25,60,65,373,47,54
32,60,29,50,25,50,150,154,57,144,60,45,39,118,63,37,26,42,92,26,490,78,65,39,68,88,133,36,31,27,47,49,101,61,88,79,77,72,26,35,758,272,78,79,603,61,257,34,34,28,935,51,36,28,314,94,44,145,48,77,74,47,43,117,181,23,237,524,260,92,28,228,33,75,32,87,21,48,60,37,103,238,39,56,28,168,23,61,71,254,18,126,47,80,33,57,63,372,59,53
38,57,35,54,21,46,150,136,62,147,66,45,37,115,69,36,28,40,98,27,478,77,70,40,64,96,120,35,33,27,44,56,93,62,76,76,88,68,29,37,759,259,64,86,647,62,246,35,42,31,926,48,40,29,337,102,50,140,45,75,68,45,37,118,173,23,227,523,260,85,27,221,32,72,35,89,20,49,55,42,104,247,35,55,26,179,24,52,73,265,17,138,46,74,39,50,61,376,69,57
43,62,35,55,21,40,151,132,64,140,64,45,37,113,67,34,28,41,93,24,479,64,79,38,57,93,114,34,31,25,38,64,80,66,73,79,100,65,33,41,752,269,61,85,651,65,231,28,43,32,881,49,38,29,349,101,52,133,42,76,63,49,33,107,158,22,217,530,253,87,27,236,30,83,38,97,21,45,51,45,99,247,29,61,23,178,29,52,75,260,14,158,44,73,41,50,58,382,69,53
38,75,38,57,24,39,151,127,63,149,62,54,41,114,66,35,29,34,98,23,487,61,84,37,64,95,106,36,30,29,44,67,81,60,77,75,106,64,38,41,725,255,49,90,648,70,219,24,43,38,887,47,44,25,364,98,57,141,46,78,61,42,35,98,156,28,219,543,229,83,25,235,31,84,40,100,28,56,46,45,103,250,27,61,25,177,32,52,79,261,17,153,44,68,45,47,61,372,74,49
36,76,36,45,24,40,148,113,68,142,59,55,48,112,62,36,29,30,94,19,495,54,87,41,64,87,102,30,26,33,43,74,77,53,72,73,105,62,44,45,713,258,50,85,633,77,223,24,43,39,890,55,50,29,353,94,55,146,43,78,68,44,40,93,155,34,225,571,223,85,28,236,27,80,43,102,35,55,47,39,94,261,27,62,29,182,30,50,78,261,20,157,42,69,48,42,65,366,85,45
42,76,38,43,23,43,142,89,69,138,61,52,54,106,64,37,31,29,88,21,481,59,96,44,56,89,81,24,25,28,39,71,69,55,78,68,112,62,46,47,670,268,55,88,635,81,220,26,44,41,883,57,54,34,352,88,47,137,48,75,64,44,39,95,150,37,222,590,220,76,28,251,28,73,46,101,34,58,49,45,97,276,23,67,28,188,27,50,80,272,20,151,35,69,54,35,62,366,95,44
44,89,40,31,21,48,131,79,66,112,64,49,51,103,68,38,33,26,94,19,483,56,91,40,52,85,68,19,23,30,41,71,75,54,79,70,127,61,53,49,659,239,58,88,639,76,246,32,41,49,907,61,57,43,363,85,46,151,50,72,66,37,41,90,137,48,213,575,221,81,29,250,24,63,45,89,36,60,50,46,106,258,21,68,29,192,27,49,85,275,18,136,39,66,56,32,58,376,95,43
45,93,38,33,25,41,139,73,56,108,69,45,56,90,73,38,35,26,82,20,463,52,107,44,45,91,73,16,24,28,47,78,77,61,68,60,140,52,53,48,626,241,70,88,654,83,265,39,34,49,939,68,74,43,381,90,45,155,49,71,71,38,48,79,131,53,196,554,217,73,25,264,26,62,40,88,40,62,53,55,112,233,17,68,34,183,33,48,77,266,19,113,38,66,52,31,58,399,104,41
45,101,43,26,24,37,136,77,53,102,76,45,58,87,77,40,34,20,75,20,456,51,114,43,52,99,70,15,24,23,51,81,70,72,63,43,153,51,55,54,587,246,74,85,681,79,306,38,34,59,968,76,71,48,408,86,50,153,52,74,68,36,51,75,136,54,196,571,215,66,29,263,25,60,39,85,40,73,50,47,127,227,18,66,32,186,39,46,75,269,21,100,39,71,52,35,68,398,109,42
45,105,43,31,23,33,144,76,53,96,77,38,61,79,83,39,38,20,72,20,423,49,113,44,49,101,68,13,28,25,54,67,67,72,68,36,155,47,52,56,570,235,80,86,686,67,322,36,33,65,1022,78,63,48,399,75,49,161,52,76,65,39,56,66,137,52,209,555,203,67,35,262,28,48,40,78,41,79,48,47,132,230,21,66,33,188,41,46,74,276,20,91,39,70,51,44,70,423,120,43
46,109,37,35,24,32,151,79,55,88,81,40,62,79,89,35,36,19,67,22,434,52,115,44,44,109,67,13,30,28,59,68,71,80,74,37,142,48,57,59,552,222,81,83,704,62,339,45,37,64,1071,72,62,57,425,74,48,174,58,73,60,44,61,61,145,41,190,554,203,65,31,261,32,49,36,75,38,83,44,45,135,219,23,58,31,186,38,41,72,284,20,81,39,77,50,46,78,433,132,43
50,107,39,34,22,32,163,83,45,92,84,35,57,94,89,40,43,21,67,26,398,49,113,44,43,113,65,11,34,32,62,67,81,89,77,37,146,54,51,53,529,226,76,75,696,54,360,46,39,66,1124,79,67,53,424,77,49,176,62,68,54,43,65,61,146,39,185,574,191,62,33,233,25,44,34,77,38,85,38,45,135,201,26,53,37,189,49,42,56,282,24,75,43,77,46,45,70,430,139,48
45,99,34,33,25,44,156,85,43,87,76,38,52,92,91,45,43,24,61,29,415,48,109,46,44,119,65,13,34,30,65,75,80,89,83,35,150,55,53,54,499,208,71,78,717,46,363,44,41,61,1175,79,67,53,438,74,51,175,56,60,48,39,81,65,148,37,184,585,189,60,42,222,27,42,40,83,35,91,36,44,135,180,28,55,39,191,54,37,54,266,23,61,40,75,41,53,71,427,151,47
45,90,30,36,23,50,157,89,46,82,77,45,64,93,96,42,44,28,53,31,427,45,101,46,49,138,64,14,35,32,67,88,76,82,72,30,164,57,44,48,461,214,82,75,747,45,376,45,41,56,1209,75,60,47,439,65,52,175,63,63,47,42,83,60,145,32,196,599,179,56,46,216,27,41,49,85,31,90,27,49,145,169,27,57,42,202,51,36,65,261,24,52,40,75,39,53,70,456,167,48
