0,0,0,0,0,0,0,0,0,0,0,0,0,0,0,0,0,0,0,0,0,0,0,0,0,0,0,0,0,0,0,0,0,0,0,0,0,0,0,0,0,0,0,0,0,0,0,0,0,0,0,0,0,0,0,0,0,0,0,0,0,0,0,0,0,0,0,0,0,0,0,0,0,0,0,0,0,0,0,0,0,0,0,0,0,0,0,0,0,0,0,0,0,0,0,0,0,0,0,0,0,0,0,0,0,0,0,0,0,0,0,0,0,0,0,0,0,0,0,0,0,0,0,0,0,0,0,0,0,0,0,0,0,0,0,0,0,0,0,0,0,0,0,0,0,0,0,0,0,0,0,0,0,0,0,0,0,0,0,0,0,0,0,0,0,0,0,0,0,0,0,0,0,0,0,0,0,0,0,0,0,0,0,0,0,0,0,0,0,0,0,0,0,0,0,0,0,0,0,0,0,0,0,0,0,0,0,0,0,0,0,0,0,0,0,0,0,0,0,0,0,0,0,0,0,0,0,0,0,0,0,0,0,0,0,0,0,0,0,0,0,0,0,0,0,0,0,0,0,0,0,0,0,0,0,0,0,0,0,0,0,0,0,0,0,0,0,0,0,0,0,0,0,0,0,0,0,0,0,0,0,0,0,0,0,0,0,0,0,0,0,0,0,0,0,0,0,0,0,0,0,0,0,0,0,0,0,0,0,0,0,0,0,0,0,0,0,0,0,0,0,0,0,0,0,0,0,0,0,0,0,0,0,0,0,0,0,0,0,0,0,0,0,0,0,0,0,0,0,0,0,0,0,0,0,0,0,0,0,0,0,0,0,0,0,0,0,0,0,0,0,0,0,0,0,0,0,0,0,0,0,0,0,0,0,0,0,0,0,0,0,0,0,0,0,0,0,0,0,0,0,0,0,0,0,0,0,0,0,0,0,0,0,0,0,0,0,0,0,0,0,0,0,0,0,0,0,0,0,0,0,0,0,0,0,0,0,0,0,0,0,0,0,0,0,0,0,0,0,0,0,0,0,0,0,0,0,0,0,0,0,0,0,0,0,0,0,0,0,0,0,0,0,0,0,0,0,0,0,0,0,0,0,0,0,0,0,0,0,0,0,0,0,0,0,0,0,0,0,0,0,0,0,0,0,0,0,0,0,0,0,0,0,0,0,0,0,0,0,0,0,0,0,0,0,0,0,0,0,0,0,0,0,0,0,0,0,0,0,0,0,0,0,0,0,0,0,0,0,0,0,0,0,0,0,0,0,0,0,0,0,0,0,0,0,0,0,0,0,0,0,0,0,0,0,0,0,0,0,0,0,0,0,0,0,0,0,0,0,0,0,0,0,0,0,0,0,0,0,0,0,0,0,0,0,0,0,0,0,0,0,0,0,0,0,0,0,0,0,0,0,0,0,0,0,0,0,0,0,0,0,0,0,0,0,0,0,0,0,0,0,0,0,0,0,0,0,0,0,0,0,0,0,0,0,0,0,0,0,0,0,0,0,0,0,0,0,0,0,0,0,0,0,0,0,0,0,0,0,0,0,0,0,0,0,0,0,0,0,0,0,0,0,0,0,0,0,0,0,0,0,0,0,0,0,0,0,0,0,0,0,0,0,0,0,0,0,0,0,0,0,0,0,0,0,0,0,0,0,0,0,0,0,0,0,0,0,0,0,0,0,0,0,0,0,0,0,0,0,0,0,0,0,0,0,0,0,0,0,0,0,0,0,0,0,0,0,0,0,0,0,0,0,0,0,0,0,0,0,0,0,0,0,0,0,0,0,0,0,0,0,0,0,0,0,0,0,0,0,0,0,0,0,0,0,0,0,0,0,0,0,0,0,0,0,0,0,0,0,0,0,0,0,0,0,0,0,0,0,0,0,0,0,0,0,0,0,0,0,0,0,0,0,0,0,0,0,0,0,0,0,0,0,0,0,0,0,0,0,0,0,0,0,0,0,0,0,0,0,0,0,0,0,0,0,0,0,0,0,0,0,0,0,0,0,0,0,0,0,0,0,0,0,0,0,0,0,0,0,0,0,0,0,0,0,0,0,0,0,0,0,0,0,0,0,0,0,0,0,0,0,0,0,0,0,0,0,0,0,0,0,0,0,0,0,0,0,0,0,0,0,0,0,0,0,0,0,0,0,0,0,0,0,0,0,0,0,0,0,0,0,0,0,0,0,0,0,0,0,0,0,0,0,0,0,0,0,0,0,0,0,0,0,0,0,0,0,0,0,0,0,0,0,0,0,0,0,0,0,0
8749,8668,8813,8689,8605,8698,8544,8474,8501,8680,8562,8578,8628,8621,8456,8669,8551,8700,8809,8790,8535,8740,8702,8623,8728,8822,8735,8531,8717,8610,8479,8707,8529,8755,8633,8616,8595,8491,8573,8831,8467,8227,8754,8661,8698,8377,8685,8758,8600,8654,8459,8666,8722,8775,8692,8718,8772,8712,8771,8590,8686,8606,8409,8601,8691,8533,8609,8655,8624,8598,8842,8489,8538,8807,8586,8502,8612,8656,8824,8659,8674,8764,8672,8574,8638,8701,8630,8967,8508,8683,8597,8571,8528,8504,8410,8713,8796,8702,8666,8768,8671,8837,8644,8603,8676,8639,8700,8723,8511,8856,8829,8550,8778,8648,8528,8723,8764,8628,8590,8583,8561,8617,8942,8747,8737,8490,8584,8913,8436,8524,8668,8676,8722,8534,8614,8441,8618,8526,8419,8573,8919,8564,8679,8716,8494,8572,8610,8615,8685,8534,8761,8768,8596,8680,8649,8495,8577,8732,8719,8500,8776,8512,8587,8389,8648,8710,8535,8825,8767,8868,8613,8707,8489,8679,8737,8819,8942,8664,8831,8502,8904,8555,8609,8894,8617,8716,8713,8562,8670,8359,8903,8506,8547,8791,8617,8678,8639,8651,8559,8851,8741,8728,8695,8545,8552,8766,8423,8690,8556,8763,8717,8424,8674,8583,8643,8412,8713,8560,8578,8745,8614,8705,8839,8882,8382,8684,8723,8721,8581,8780,8608,8776,8547,8720,8618,8595,8654,8955,8655,8568,8520,8846,9007,8480,8641,8538,8688,8636,8844,8519,8827,8782,8768,8632,8795,8615,8625,8583,8746,8532,8644,8757,8631,8665,8583,8434,8561,8804,8417,8778,8754,8436,8802,8595,8792,8647,8618,8802,8589,8614,8646,8703,8611,8558,8602,8762,8727,8785,8734,8528,8628,8791,8750,8867,8744,8639,8562,8332,8758,8633,8836,8621,8777,8811,8713,8611,8787,8881,8684,8636,8659,8479,8738,8518,8597,8633,8310,8835,8789,8787,8687,8537,8604,8606,8694,8669,8442,8657,8539,8588,8527,8910,8744,8859,8585,8625,8602,8568,8825,8822,8725,8649,8559,8604,8500,8620,8563,8570,8633,8670,8785,8630,8667,8677,8695,8696,8655,8591,8539,8756,8653,8667,8547,8574,8729,8589,8522,8671,8658,8561,8619,8724,8663,8503,8725,8871,8683,8692,8320,8691,8712,8652,8547,8690,8693,8756,8684,8715,8918,8787,8752,8782,8786,8674,8703,8601,8589,8745,8591,8633,8470,8721,8505,8611,8805,8752,8781,8679,8815,8620,8433,8412,8513,8802,8539,8812,8820,8547,8690,8657,8745,8547,8636,8777,8728,8679,8751,8568,8888,8753,8619,8701,8566,8895,8789,8503,8730,8726,8627,8699,8780,8920,8663,8532,8529,8684,8624,8573,8678,8787,8471,8713,8530,8806,8847,8737,8771,8814,8749,8702,8664,8674,8707,8422,8799,8634,8659,8739,8575,8657,8787,8460,8765,8685,8621,8623,8806,8575,8666,8791,8729,8535,8572,8564,8676,8793,8561,8558,8712,8689,8598,8655,8596,8841,8636,8317,8571,8589,8633,8550,8709,8545,8669,8687,8580,8703,8642,8590,8704,8932,8727,8470,8754,8610,8412,8822,8660,8623,8545,8819,8606,8785,8723,8589,8749,8643,8631,8627,8804,8674,8684,8709,8503,8835,8654,8641,8841,8462,8421,8585,8714,8738,8640,8639,8668,8849,8506,8677,8761,8705,8576,8771,8574,8723,8576,8713,8566,8723,8690,8743,8565,8587,8689,8310,8600,8727,8529,8842,8575,8604,8763,8697,8695,8560,8860,8788,8813,8690,8509,8500,8669,8675,8649,8658,8852,8550,8708,8757,8570,8793,8789,8684,8748,8532,8827,8673,8768,8790,8611,8489,8646,8640,8262,8644,8907,8618,8618,8779,8845,8620,8620,8712,8623,8563,8494,8872,8665,8821,8679,8666,8468,8675,8425,8692,8416,8767,8752,8510,8686,8728,8691,8817,8606,8588,8669,8712,8487,8475,8685,8721,8477,8848,8714,8606,8622,8316,8633,8881,8553,8610,8730,8813,8688,8644,8463,8743,8561,8641,8625,8653,8675,8634,8790,8928,8718,8648,8571,8517,8707,8772,8770,8714,8584,8796,8601,8594,8713,8727,8486,8582,8705,8546,8684,8539,8733,8365,9004,8790,8614,8646,8669,8674,8473,8874,8705,8597,8678,8763,8520,8751,8770,8662,8661,8551,8591,8639,8545,8850,8795,8478,8820,8522,8548,8752,8688,8723,8623,8935,8763,8693,8615,8674,8627,8687,8572,8761,8329,8661,8808,8721,8690,8646,8670,8595,8922,8577,8543,8341,8544,8581,8718,8864,8848,8698,8686,8701,8600,8514,8652,8450,8671,8635,8493,8642,8889,8577,8577,8593,8805,8693,8661,8707,8582,8573,8516,8719,8591,8643,8679,8730,8910,8517,8697,8637,8772,8757,8557,8802,8427,8768,8711,8699,8557,8581,8703,8621,8524,8665,8836,8647,8580,8634,8638,8653,8556,8687,8649,8667,8427,8725,8752,8783,8774,8496,8773,8436,8824,8897,8480,8342,8498,8610,8602,8689,8810,8542,8605,8560,8670,8901,8702,8401,8631,8609,8741,8593,8693,8854,8582,8732,8639,8721,8834,8625,8694,8606,8825,8692,8762,8732,8700,8525,8759,8480,8605,8942,9042,8655,8586,8417,8881,8830,8716,8487,8861,8676,8878,8815,8607,8549,8735,8819,8369,8723,8504,8517,8755,8538,8673,8630,8724,8563,8533,8708,8512,8467,8484,8476,8804,8743,8760,8577,8691,8694,8602,8521,8444,8708,8700,8538,8573,8504,8534,8695,8795,8842,8786,8820,8637,8732,8659,8551,8563,8760,8651,8996,8659,8771,8866,8558,8770,8895,8432,8440,8676,8635,8802,8568,8769,8728,8724,8644,8729,8759,8497,8804,8724,8589,8429,8586,8760,8759,8702,8830,8677,8690,8639,8558,8564,8681,8763,8514,8436,8883,8654,8502,8795,8629,8872,8651,8755,8566,8534,8632,8580,8612,8523,8641,8497,8550,8722,8565,8952,8600,8605,8667,8577,8549,8526,8287,8537,8763,8562,8770,8698,8699,8746,8685,8809,8646,8984,8661,8515,8657,8870,8579,8808,8697,8804,8683,8637,8682,8613,8755,8739,8835,8512,8692,8498,8747
6254,6388,6160,6346,6273,6406,6269,6186,6214,6221,6335,6178,6190,6066,6329,6407,6331,6223,6297,6324,6403,6323,6157,6360,6239,6369,6289,6317,6324,6261,6213,6322,6246,6304,6103,6123,6305,6056,6203,6403,6288,6130,6218,6303,6231,5997,6259,6356,6312,6225,6364,6454,6194,6259,6297,6411,6232,6502,6410,6268,6177,6217,6115,6289,6221,6177,6173,6211,6226,6263,6272,6139,6127,6206,6241,6181,6076,6307,6299,6273,6354,6542,6149,6122,6283,6261,6256,6355,6176,6391,6264,6057,6146,6333,6171,6264,6470,6342,6345,6321,6161,6210,6392,6243,6242,6175,6217,6349,6155,6286,6261,6281,6205,6223,6238,6237,6389,6166,6208,6272,6323,6400,6379,6293,6230,6286,6082,6318,6031,6106,6300,6045,6264,6187,6208,6135,6003,6216,6258,6326,6385,6174,6307,6283,6127,6251,6194,6242,6288,6175,6334,6444,6245,6294,6162,6186,6179,6314,6289,6199,6311,6112,6235,6147,6135,5986,6196,6320,6283,6330,6266,6351,6297,6169,6217,6497,6358,6108,6423,6202,6462,5930,6267,6366,6207,6229,6062,6254,6348,6138,6542,6278,6161,6315,6336,6364,6390,6181,6283,6312,6266,6259,6261,6215,6163,6485,6050,6244,6238,6279,6310,6179,6379,6112,6240,6228,6370,6139,6365,6403,6305,6509,6486,6293,6137,6227,6242,6104,6303,6217,6145,6477,6136,6407,6158,6426,6281,6381,6282,6189,6224,6219,6483,6068,6302,5866,6287,6210,6352,6184,6241,6478,6268,6380,6375,6142,6252,6185,6210,6281,6233,6256,6467,6246,6103,6067,6200,6209,6141,6539,6320,6130,6502,6168,6299,6352,6202,6350,6287,6219,6276,6382,6198,6151,6192,6376,6185,6402,6300,6144,6208,6158,6298,6291,6153,6329,6191,6101,6289,6299,6325,6085,6504,6550,6331,6258,6274,6531,6425,6068,6338,6201,6270,6190,6279,6284,6026,6445,6300,6261,6274,6242,6238,6224,6273,6318,5904,6197,6169,6202,6154,6601,6292,6436,6343,6273,6226,6205,6274,6370,6306,6220,6231,6132,6067,6043,6208,6114,6129,6218,6473,6283,6235,6257,6064,6273,6148,6174,6184,6458,6211,6263,6061,6268,6345,6239,6250,6268,6419,6102,6240,6125,6296,6228,6215,6189,6205,6094,6253,6239,6243,6266,6242,6259,6467,6058,6284,6318,6320,6385,6423,6345,6380,6348,6339,6124,6069,6248,6194,6323,6169,6193,6141,6267,6421,6261,6311,6210,6457,6130,6227,6092,6015,6330,6304,6215,6445,6287,6242,6349,6408,6102,6375,6339,6194,6447,6327,6274,6425,6377,6268,6166,6257,6330,6371,6225,6291,6169,6129,6320,6419,6270,6390,6176,6133,6291,6347,6293,6364,6388,6115,6451,6065,6418,6364,6310,6299,6259,6288,6219,6309,6317,6448,6314,6241,6296,6273,6242,6159,6098,6397,6041,6467,6269,6306,6392,6194,6298,6438,6208,6345,6219,6295,6121,6285,6322,6264,6156,6186,6302,6228,6257,6163,6243,6267,5951,6175,6283,6226,6075,6255,6192,6365,6376,6501,6248,6302,6169,6167,6395,6021,6262,6319,6234,6335,6418,6297,6277,6147,6199,6190,6130,6160,6115,6223,6143,6177,6292,6263,6358,6389,6317,6182,6347,6041,6064,6315,6112,6164,6007,6167,6095,6344,6191,6223,6212,6109,6227,6419,6286,6241,6129,6227,6305,6174,6238,6159,6372,6243,6188,6316,6301,6328,6064,6158,6227,6084,6285,6071,6273,6316,6158,6143,6210,6414,6245,6410,6372,6164,6179,6272,6278,6289,6235,6360,6093,6232,6206,6140,6275,6337,6305,6154,6156,6197,6165,6365,6359,6258,6146,6158,6360,6002,6013,6501,6117,6281,6368,6359,6190,6296,6255,6289,6081,6110,6318,6242,6427,6274,6271,6252,6260,6150,6285,6082,6182,6300,6004,6369,6456,6403,6428,6213,6110,6205,6319,6076,6094,6251,6384,6317,6327,6304,6268,6151,6200,6148,6194,6162,6341,6295,6497,6218,6252,6155,6437,6221,6361,6055,6256,6209,6340,6351,6411,6127,6268,6195,6212,6262,6441,6514,6088,6058,6421,6328,6157,6283,6229,6023,6196,6382,6091,6290,6141,6268,6282,6325,6404,6358,6476,6251,6393,6099,6327,6242,6267,6253,6394,6191,6217,6422,6143,6195,6241,6213,6155,6232,6395,6329,6346,6290,6211,6189,6299,6346,6223,6363,6391,6230,6237,6249,6266,6238,6210,6188,6212,5899,6185,6298,6350,6190,6331,6240,6199,6385,6215,6399,6157,6243,6110,6436,6318,6293,6226,6176,6224,6288,6236,6234,6080,6299,6386,6229,6270,6330,6212,6271,6199,6408,6448,6154,6242,6166,6256,6051,6256,6293,6225,6275,6409,6442,6183,6334,6234,6369,6151,6219,6293,6185,6243,6264,6432,6252,6253,6366,6237,6310,6418,6335,6249,6134,6316,6150,6174,6187,6362,6250,6380,6135,6381,6206,6171,6358,6229,6350,6290,6380,6341,6108,6025,6196,6407,6145,6129,6313,6153,6170,6206,6352,6424,6325,6202,6271,6240,6307,6219,6311,6431,6316,6307,6240,6125,6326,6287,6228,6219,6276,6278,6271,6100,6451,6180,6368,6014,6083,6324,6282,6276,6031,6122,6410,6454,6213,6213,6363,6265,6283,6284,6340,6123,6205,6184,6101,6280,6232,6266,6354,6118,6225,6311,6207,6104,6047,6119,6004,6205,6148,6054,6239,6391,6370,6324,6196,6233,6277,6202,6250,6349,6312,6181,6228,6098,6061,6250,6390,6337,6367,6328,6148,6318,6237,6377,6220,6350,6279,6669,6287,6153,6398,6226,6159,6377,6214,5927,6225,6286,6258,6266,6242,6376,6316,6185,6390,6233,6049,6357,6305,6132,5984,6256,6386,6194,6344,6327,6406,6386,6280,6337,6240,6406,6201,6246,6106,6191,6209,6059,6420,6315,6322,6177,6323,6141,6087,6244,6232,6196,6202,6275,6269,6142,6419,6261,6388,6355,6152,6156,6256,6089,6191,6199,6127,6270,6407,6369,6222,6263,6254,6171,6208,6265,6478,6376,6105,6259,6381,6254,6285,6162,6369,6234,6439,6405,6235,6291,6272,6384,6219,6288,6101,6263
6780,6952,6979,6912,6763,7017,6744,6700,6552,6870,6915,6934,6718,6820,6905,7043,6785,7121,6924,6738,7159,6875,6824,6725,6868,6970,6879,6725,6928,6887,6725,6887,6911,6988,6551,6704,6902,6817,6719,6893,6867,6834,6893,6911,6823,6545,6862,7149,6782,6995,6869,6852,6784,6902,6778,6891,6863,6879,6908,6716,6718,6890,6665,6861,6971,6748,6722,6802,6917,6832,6879,6723,6858,6865,6825,6523,6721,6869,6845,6879,6887,6970,6946,6943,6828,6825,6811,6910,6772,6809,6749,6671,6567,6868,6679,7016,7166,6869,6723,6982,6724,6774,6944,6845,6847,6602,6786,6775,6842,6902,7115,6779,6918,6870,6766,6890,6901,6807,6802,6851,6970,6803,6952,6918,6891,6817,6830,6823,6555,6714,6763,6775,6974,6745,6813,6807,6535,6680,6685,6845,7032,6397,6861,6849,6707,6777,6751,6860,6883,7003,6936,6932,6884,6837,6715,6726,6805,6907,6909,6915,6976,6793,6626,6737,6695,6769,6621,7045,6851,7111,6732,6866,6664,7062,6548,6944,7016,6836,7005,6794,7180,6712,6812,7081,6813,7063,6894,6843,6978,6654,7072,6696,6874,7010,6718,6917,6846,6731,6877,6901,6990,6822,6952,6827,6797,6939,6635,6857,6836,7001,6862,6729,7024,6789,6738,6955,6966,6782,6710,6875,6867,7067,7162,7036,6585,6812,6789,6699,6863,6897,6719,6969,6770,6959,6703,7169,6971,7079,7021,6675,6731,6696,6881,6717,6999,6739,6874,6739,7028,6807,6867,6919,6882,6981,6920,6738,6823,6848,6872,6858,6810,6847,7028,6951,6753,6750,6626,6905,6506,7183,6877,6679,6901,6725,6874,6833,6841,6897,6913,6938,6807,6904,7018,6700,6799,6751,6643,6986,6912,6814,6908,6865,6952,7080,6789,7034,6611,6624,7027,6831,6924,6841,7101,7138,7056,6943,6803,6936,6889,6755,6878,6730,6900,6752,6606,6858,6561,7008,6723,6900,6665,6885,6795,6913,7003,6933,6559,6784,6759,6807,6831,6978,6831,6977,6803,6929,6949,6625,6918,6874,6885,6950,6849,6702,6628,6627,6824,6955,6837,6899,7013,6746,6661,6957,6866,6998,6678,6926,6756,6964,6726,6928,6559,6765,7100,6774,6938,6939,6814,6643,6775,6724,6943,6732,6657,6698,6775,6847,6685,6910,6806,6810,6673,6854,6890,6778,6830,6823,6960,6913,6952,6875,6915,6917,6880,6660,6699,6875,6860,7032,6614,6846,6820,6694,6907,6842,6764,6766,7108,6960,6676,6575,6561,6825,6704,6700,6893,6738,6965,7024,6943,6780,6906,6896,6937,7101,6994,6638,7052,6721,6939,6973,6968,6831,6829,6752,6831,6714,6841,6868,7079,6857,6905,6771,6623,6793,6892,6762,6744,7109,6669,6960,6621,6897,7065,6977,7035,6817,6750,6840,6794,6732,6816,6847,6912,6956,6968,6612,6977,6830,7005,6598,7245,6726,6811,6759,6872,6850,6799,6843,6830,6772,6799,6860,6805,6778,6827,6864,6978,6889,6868,6783,6595,7018,6880,6532,6783,6880,6761,6715,6814,6744,6822,6951,6840,6735,6752,6737,6904,6934,6769,6798,6888,6792,6824,6999,6817,6801,6784,7059,6589,6737,6847,6870,6945,6709,6776,7024,6928,6833,6773,6911,6807,7047,6819,6739,6787,6663,6710,6745,6789,6739,6849,6678,6859,6915,6467,6647,7012,6744,6712,6774,6785,6790,6689,7002,6798,6813,6749,6853,6802,6823,6927,6706,6737,6926,6755,6808,6772,6771,6886,6970,6735,6850,6958,7020,6988,7038,6760,6644,6887,7075,6716,6875,7148,6656,6994,6872,6731,6961,6926,7000,6797,6800,6909,6716,6905,6982,6840,6730,6704,6748,6610,6837,7055,6680,6974,6966,6882,6609,6737,6865,6795,6799,6690,6985,6812,6913,6810,7021,7009,7037,6757,6777,6572,6875,6880,6754,6973,6994,6946,6814,6932,6667,6978,6828,6657,6752,6997,6836,6804,6911,6875,6767,6756,6547,6707,6911,6844,6851,6836,7262,6838,6825,6670,6867,6903,6910,6733,6798,6811,6982,7161,7000,6923,6851,6732,6802,6906,7066,6992,6670,6585,6930,7075,6753,7041,6904,6566,6740,6889,6862,6915,6662,6689,6718,7008,6791,6833,6939,6893,7057,6715,7110,6765,6753,6971,6926,6804,6826,6945,6888,6706,6814,6872,6812,6711,7126,6893,6781,6868,6812,6719,6876,6961,6868,6907,6979,6929,6959,6679,6800,6810,6744,6853,6748,6599,6683,6943,6841,6930,6880,7023,6719,7157,6668,6934,6678,6703,6845,7064,6925,6795,6897,6929,6812,6809,6890,6707,6672,7001,6872,6895,6690,6842,6627,6950,6773,6994,6946,6798,6807,6625,6894,6755,6684,6915,6891,6857,7008,7190,6696,6820,6740,6932,6836,6754,6815,6687,6512,6882,6797,6708,6793,6808,6757,6884,6829,7093,6666,6730,6802,6711,6778,6739,6920,6878,6898,6846,6835,6649,6852,6697,6819,6866,6721,7094,6867,6859,6567,6840,6938,6866,6950,6981,6614,6891,6890,7062,7030,7080,6830,6784,6931,6876,6825,6938,7096,6730,6990,6767,6716,6979,6694,6811,6840,7031,6787,6934,6589,6759,6807,6941,6682,6852,6920,6917,6817,6683,6625,7053,7147,6807,6608,6894,6806,6900,6936,6683,6794,6926,6803,6710,6876,6744,6707,6901,6785,6878,6678,6694,6617,6724,6854,6620,6654,6757,6733,6899,7107,6941,6973,6685,6750,6834,6719,6841,7072,6779,6767,6722,6721,6875,6728,6951,7119,6884,6970,6690,6723,6716,6802,6700,6869,6874,6982,6934,6865,6875,6753,6773,7130,6820,6712,6959,6572,6798,6868,6833,6949,7021,6844,6904,6866,6769,6759,6955,6744,6544,6768,6859,6745,6698,7089,7016,6895,6840,6767,6913,6915,6873,6683,6646,6827,6671,6595,6945,6851,6838,6960,6974,6766,6797,6683,6853,6720,6782,6960,6807,6760,7132,6959,7065,6884,6689,6774,6948,6694,6758,6605,6706,7009,7002,6906,6917,7105,6875,6902,6865,6814,6973,6908,6659,6873,6966,6847,6780,6841,7023,7003,6835,6960,6845,6917,6880,6705,6692,6842,6713,6990
6075,6375,6232,6208,6217,6212,6024,5954,5893,6319,5951,6074,5990,6104,6085,6283,6148,6136,6115,6122,6242,6136,6023,5984,6085,6153,6026,6147,6126,6234,6036,6066,6212,6181,5907,6019,6298,6070,5943,6255,6154,5867,6081,6265,6290,5824,6202,6286,6138,6052,6155,6347,6091,6152,6225,6253,6142,6105,6123,6054,5823,6267,5898,6015,6250,5971,6054,6189,6138,6113,6200,6082,6009,5956,6138,5988,6026,6162,6138,6225,6181,6230,6171,6249,6132,6118,6106,6034,6071,6008,5914,5799,6046,5982,5897,6277,6488,6115,5869,6168,6077,6159,6161,6117,6171,5929,6173,6167,6084,6125,6225,6008,6114,5969,6090,6008,6252,6084,6010,6193,6171,5973,6102,6145,6158,6057,6002,6178,5859,5967,6032,6048,6147,6146,6162,6020,5800,6065,6011,6146,6120,5940,6025,6044,5970,6152,6090,6073,6160,6113,6336,6240,6408,6175,6010,5951,6228,6258,6237,6166,6337,5993,6004,5923,5995,6066,5950,6338,6094,6237,6132,6218,5918,6160,5989,6306,6068,6039,6206,6148,6275,6014,5939,6295,6080,6182,6049,6128,6269,6001,6233,5992,5981,6174,6045,6178,6065,6049,6173,6162,6042,6023,6176,5996,5999,6164,5910,6060,6096,6178,6154,6052,6189,6100,5950,6196,6206,5980,6100,6150,6081,6411,6258,6195,5931,6164,6036,6001,6151,6176,5874,6255,5982,6142,6178,6337,5958,6151,6258,5980,5950,6009,6179,6055,6228,5886,6286,6032,6208,6277,6235,6231,6147,6185,6190,6067,6069,6036,6114,6230,6161,6181,6268,6204,6133,6149,5872,5959,5861,6122,6096,5947,6131,6034,6185,6198,6050,5978,6183,6168,6272,6089,6182,6084,6083,6068,6111,6201,6156,6168,6082,5996,6298,6169,5977,6186,5876,5908,6126,6044,6259,6005,6156,6229,6244,6155,6147,6126,6112,6152,6213,6036,6221,5951,6128,5970,5937,6394,5948,6180,5716,6053,6112,6126,6030,6226,5847,6055,5939,6089,6063,6379,6082,6322,6068,6277,6174,5974,6023,6072,6230,6117,5915,6029,5880,5801,6144,6255,5928,6197,6330,6066,6138,6189,5982,6184,5994,6213,6034,6143,6189,6244,5842,6147,6406,6098,6006,6160,6270,6194,6054,6083,6114,5965,6224,6038,6116,5939,6036,6272,6036,5919,6121,6073,6178,5876,6250,6099,6056,6209,6230,6244,6246,6180,6155,6026,6046,6085,6073,6172,5893,5957,6120,6015,6068,5918,6236,6035,6272,5980,6085,6010,5927,6177,6103,6074,6275,6066,6161,6143,6423,6034,6305,6220,6068,6163,6213,6143,6384,5876,6137,6157,6074,6029,6314,5964,6230,5911,6071,6203,6279,6033,6270,5998,6024,6094,6140,6104,6026,6363,6062,6327,6084,6172,6408,6211,6246,5985,5947,6134,6286,6122,6153,6093,6074,6327,6222,5912,6179,5993,6187,5682,6448,6195,6009,6202,6031,6228,6166,6275,6136,5968,6074,6124,6147,6061,6288,6083,6239,6089,5949,5984,5993,6174,6198,5861,6008,6203,5935,6034,6114,6199,6193,6264,6185,6178,6192,6032,6225,6151,6021,6110,6192,6035,5973,6227,5917,5996,6048,6267,5948,6032,6290,6045,6311,5956,6089,6175,5989,6079,6233,6127,6051,6237,5930,5843,6166,5971,5974,6013,6179,6053,6184,6016,5976,6119,5712,6074,6351,6162,5959,6178,6123,6129,6001,6176,6017,6059,6070,6047,6201,6077,6129,5992,5983,6133,5999,6136,5934,6117,6068,6106,5997,6089,6285,6246,6132,6460,6085,5944,6081,6146,5987,6119,6306,5970,6336,6129,5848,6279,6224,6191,6004,6109,5891,6079,6181,6341,5995,6006,6015,6103,5757,6058,6168,6056,6151,6262,6209,5884,6190,6200,6142,5997,5950,6216,5979,6173,6185,6225,6258,6177,6198,6108,6006,6229,6227,5956,6169,6301,6078,6142,5984,5781,6151,6084,6048,6104,6224,6288,5937,6143,6331,6160,6087,6082,5931,6275,6100,6085,6089,6556,6021,6070,5934,6234,6135,6133,6077,6217,6043,6227,6239,6116,6050,6024,6180,6083,5990,6386,6315,5933,5982,6257,6202,6112,6355,6094,5917,6084,6043,5931,6083,6009,6161,6019,6179,6232,6141,6336,6071,6283,5982,6132,5810,6021,6304,6246,6112,6075,6068,5937,5960,6113,6070,6006,5992,6290,6001,6081,6183,6192,6074,5980,6212,6103,6086,6332,6102,6186,6017,6039,6105,6061,6095,6009,5967,5971,6140,6082,5989,6322,6136,6038,6311,5986,6229,5851,6065,6072,6089,6223,6038,6085,6194,6159,6211,6096,5871,5871,6259,6059,6036,5858,6018,6037,6185,5916,6440,6120,6110,6030,5886,6054,6070,5972,6059,6293,6057,6354,6296,6097,6229,6005,6290,5953,6019,6234,6064,6069,6140,6424,5953,5898,6080,6068,6139,6134,6261,5986,6060,6128,5992,6052,5832,6331,6160,6241,6161,6189,6086,6016,6074,6068,6122,6038,6275,6127,6144,5846,6095,6125,6114,6056,6051,6031,6002,6141,6382,6149,6091,6157,6078,6210,6137,6043,6103,6154,5981,6068,6143,6041,6178,5955,6123,6053,6054,5936,6168,5878,6166,6044,6333,5877,6213,6262,5974,6143,6016,5987,6376,6490,6107,6002,6118,6089,6070,5990,6053,6095,6139,6148,5982,6192,6036,6165,6220,6135,6174,5967,6097,5946,5996,6150,6040,6039,5917,6052,6059,6340,6264,6036,5964,6155,6120,5992,6121,6220,6010,5980,6092,6013,6043,6058,6267,6083,6183,6330,5983,6242,6173,6053,5990,6245,6183,6389,6175,6081,6039,5918,6036,6178,6063,6050,6086,5867,6092,6163,6140,6187,6277,6210,6066,6107,5887,6245,6245,6009,5546,6160,6118,6015,6107,6299,6318,6155,6315,6100,6163,6280,6248,6107,5876,6083,6113,5980,6214,6152,6194,5992,6087,5939,6049,5995,6340,5977,6053,6191,6058,5985,6195,5972,6251,6151,5918,6094,6121,5865,6128,5956,5830,6150,6124,6096,6119,6225,6163,6146,6049,6012,6239,6137,5986,6117,6172,6059,6078,6129,6068,6232,6113,6156,6133,6069,6111,6015,6057,6079,5908,6102
5986,6047,6167,5974,6192,6182,6036,5665,5615,6181,5824,6036,5876,5974,6132,6252,6145,6014,6075,5944,6179,6017,5979,5847,5950,5906,5979,6067,6131,6142,5945,6041,6037,6039,5741,5763,6162,5903,5939,6217,6024,5808,5955,5993,6037,5762,6086,6165,5982,5970,6008,5972,5897,5842,6047,6134,5907,6047,5982,5944,5781,5996,5989,5868,5908,5975,5978,5930,5979,6026,6111,5955,5995,6006,5856,5747,5954,5952,5933,6204,6012,6040,6024,6134,5971,5995,5956,5901,5817,5918,5763,5828,5816,6068,5821,6333,6152,5922,5882,6084,5961,5900,6067,6047,5911,5808,5952,5869,6001,5965,6150,5925,5926,5985,5965,5856,6015,5917,5948,5979,5930,5992,6054,6108,5940,6004,5966,5981,5898,5881,5977,5794,5912,5833,6042,6145,5554,5930,5851,5896,6106,5736,5945,6039,5968,6020,6117,5898,6140,6038,6060,6043,5982,6088,5810,5851,5898,6161,6050,6056,6182,5949,5963,5825,5773,5974,5777,6033,5997,6154,5942,6057,5896,6009,5855,6134,5992,6011,5918,5997,6235,5806,5815,6076,5980,6073,5901,5808,6141,5773,6245,5829,5891,6024,6014,5932,6162,5840,6035,6142,6107,5889,6099,6015,5731,5940,5824,6056,6051,6018,5690,5889,6074,5768,5907,5986,6037,5975,5882,6114,5930,6244,6120,6134,5747,6003,5828,5938,5982,6012,5874,6110,5827,6059,6042,6191,5918,6249,6217,5747,5799,5738,6041,5834,5997,5756,6087,5871,5948,6077,5893,5948,6044,6098,5917,5860,5821,6041,5969,6112,6029,6060,6146,5935,5810,5996,5789,5929,5876,6105,5816,5732,6050,5874,6060,6026,6066,5836,6018,6110,6010,5857,5922,5745,5827,5908,5878,6072,6111,5989,6035,5863,6109,6001,5947,5934,5685,5723,6026,5903,5910,5857,6022,6157,6035,5971,5903,6077,6053,5960,6031,5858,6160,6069,5955,5814,5815,6174,5729,5934,5699,5988,5794,6143,5966,5985,5736,5789,5827,5975,5992,6253,5907,6226,5891,6083,6031,5649,5934,6052,6097,6014,5976,5869,5866,5767,5923,6049,5877,6215,6234,6069,5656,6113,5845,6200,5984,6014,5992,6138,5865,5972,5693,6041,6103,5925,5938,6005,5963,5928,5838,5966,5842,5924,6071,5878,5897,6184,5844,5998,6037,5934,6025,5966,6045,5753,5996,5856,6077,6202,6011,6076,6122,6086,6040,5918,5752,5916,5847,6090,5913,5867,5790,5756,6096,5883,6101,5980,6139,6063,5833,5611,5929,6003,5852,5885,5980,5854,6099,6019,6049,5922,6141,5976,5930,5933,5884,5955,6319,5914,6101,6070,5894,5939,6121,5772,6196,5737,6001,6032,6111,5984,6078,5962,6028,5952,6007,6067,6010,6173,5786,6232,5889,5903,6200,5975,6245,5982,5663,5884,5879,5966,6048,5943,6074,6074,6170,5785,5995,5939,5951,5825,6389,5944,6133,5857,5963,6012,6106,6141,6116,5801,5877,5820,5970,6008,6061,6088,6210,6080,5896,5970,5941,6088,5838,5771,5772,6100,5810,5920,5964,6092,5915,6063,6076,6163,5861,5972,6112,6077,5925,5996,5940,5761,5946,6083,5921,5969,5923,6108,5830,6008,5990,5947,6315,5705,6001,6112,6025,5825,5939,5980,5876,6287,5824,5799,5946,6038,5856,5832,5994,5972,6001,5680,5922,5905,5709,6021,6211,5901,5829,6128,6010,6029,5975,6081,5925,5831,5913,5779,6075,5993,6190,5917,5740,5980,5933,5938,5872,6024,5972,5913,5957,5835,6077,6014,6041,6076,5831,5803,6025,6053,5995,5790,6146,5817,6094,6056,5716,6074,6076,6077,5914,5918,5866,6126,6085,6120,5904,5932,5920,5953,5560,5866,6028,5697,6152,6125,6257,5882,5898,6168,5903,5885,5862,6147,5953,6116,5915,5983,6243,6192,6102,6038,5712,6087,6185,5908,6215,5964,6017,5835,5846,5604,6021,5996,5813,6083,5973,5992,6060,6077,6147,5943,5978,5892,5830,6017,5980,5967,5917,6503,5928,5989,5795,5953,5811,6061,6107,6109,5902,6066,6156,5911,5920,5938,6082,5885,5781,6108,6100,5831,5929,6125,6043,5859,6191,5922,5623,6034,6077,5971,6046,5868,6028,5907,6093,5928,5996,6000,6067,6082,5904,6060,5845,6037,6030,6172,5963,5891,5990,6035,6068,5962,6047,5952,5868,6237,6046,6047,5943,6009,5915,5974,6048,6056,6002,6221,5993,5996,5878,5933,6021,5930,5986,5733,5919,5677,5991,5989,5962,6219,6129,5833,6130,5789,5963,5770,5975,5987,5964,6010,6098,6021,6126,6047,5967,5991,5736,5733,6253,5981,5909,5748,5927,5683,6176,5861,6158,6061,5938,6052,5804,5885,5980,5779,6043,5924,5985,6058,6245,5829,5858,6008,6028,5990,5868,6077,5716,5682,6009,6226,5837,5959,5889,5860,6124,6074,6134,5893,5771,5952,5830,5961,5829,6200,6236,6126,5932,6017,6115,5901,5667,5976,5926,5882,6005,5916,6120,5832,5932,5911,5913,5983,5926,5905,5899,6073,6138,6047,6070,5984,6008,6157,5915,5910,6052,5919,5885,5969,5846,5833,6128,5865,5962,6075,6009,6054,6140,5731,5921,5882,5968,5732,5962,5948,5940,5899,5863,5909,6331,6206,5982,5810,5968,5874,5922,5974,5943,5799,5952,6053,5886,5986,5848,6056,5907,5963,6109,6040,6017,5738,5796,6056,5726,5897,5843,5961,5891,6143,6043,6016,5688,5981,5969,5807,5945,6069,5851,5848,5963,5832,5725,5967,6037,6111,5896,6107,5852,6231,5976,5862,5808,5992,5935,6183,6039,5913,5839,5723,5913,6098,5896,5924,5906,5810,5956,5944,6002,6046,5997,6015,6242,6006,5871,6137,6093,5811,5566,5808,6180,5969,6109,6228,6109,6064,6063,6148,6026,6065,6064,5779,5924,5979,5959,5762,6089,6037,6123,5931,5926,5821,5922,5925,5992,5938,5826,6123,6057,5852,6117,5937,6104,6014,5859,5906,6144,5818,5971,5803,5814,6017,6028,5997,5985,6185,6002,6051,5913,5938,5860,6141,6060,5980,6107,5932,5880,6024,6088,6135,5830,6160,6167,5894,6151,5724,5993,5953,5837,6103
5562,5524,5701,5430,5574,5543,5427,5289,5216,5496,5429,5392,5360,5228,5506,5522,5681,5451,5526,5367,5544,5490,5448,5321,5433,5402,5455,5472,5572,5399,5401,5506,5324,5375,5315,5233,5591,5360,5443,5525,5441,5316,5480,5521,5551,5271,5503,5608,5515,5388,5475,5437,5453,5454,5519,5507,5407,5340,5471,5388,5131,5588,5450,5294,5322,5366,5439,5332,5379,5523,5560,5254,5456,5450,5315,5295,5389,5532,5356,5525,5575,5442,5434,5584,5490,5395,5421,5350,5398,5278,5219,5218,5360,5371,5285,5587,5663,5397,5346,5512,5436,5394,5588,5485,5428,5249,5443,5482,5490,5477,5516,5380,5353,5394,5487,5376,5573,5423,5412,5436,5528,5489,5469,5520,5467,5465,5352,5396,5224,5466,5527,5393,5371,5433,5650,5481,5013,5308,5401,5364,5563,5260,5453,5413,5453,5581,5505,5548,5449,5438,5536,5467,5506,5470,5422,5260,5430,5462,5476,5514,5632,5428,5364,5339,5323,5194,5189,5468,5423,5315,5338,5670,5355,5368,5281,5492,5390,5313,5479,5493,5666,5358,5540,5605,5445,5539,5405,5461,5468,5263,5657,5301,5364,5538,5509,5601,5399,5259,5485,5602,5581,5096,5527,5358,5231,5489,5298,5590,5501,5516,5362,5448,5616,5182,5382,5559,5485,5349,5599,5432,5327,5648,5494,5513,5304,5506,5235,5313,5458,5338,5230,5521,5090,5336,5442,5655,5487,5515,5527,5266,5225,5403,5485,5326,5506,5258,5492,5380,5416,5580,5495,5395,5330,5480,5422,5274,5194,5313,5294,5506,5507,5484,5458,5547,5407,5453,5292,5284,5386,5268,5273,5142,5484,5272,5615,5424,5609,5258,5423,5469,5251,5427,5410,5285,5357,5429,5281,5552,5594,5565,5518,5285,5508,5360,5594,5522,5137,5319,5622,5316,5460,5509,5524,5540,5428,5456,5428,5450,5440,5497,5719,5283,5592,5405,5342,5289,5253,5620,5064,5423,5318,5429,5418,5597,5458,5389,5210,5414,5441,5364,5532,5692,5509,5695,5487,5505,5476,5149,5446,5461,5614,5334,5386,5346,5490,5149,5572,5522,5360,5615,5607,5323,5250,5559,5502,5459,5428,5571,5271,5602,5397,5467,5139,5440,5605,5378,5537,5535,5439,5565,5310,5550,5235,5373,5477,5255,5387,5528,5483,5394,5457,5276,5382,5469,5601,5368,5339,5319,5497,5623,5563,5412,5334,5434,5453,5353,5314,5491,5389,5440,5377,5328,5353,5419,5429,5389,5506,5390,5529,5419,5417,5161,5289,5512,5545,5636,5489,5455,5615,5419,5687,5406,5563,5431,5279,5333,5448,5536,5569,5271,5361,5690,5384,5474,5699,5197,5497,5182,5370,5486,5441,5374,5398,5472,5312,5520,5485,5528,5392,5675,5391,5563,5330,5407,5673,5444,5436,5423,5273,5312,5498,5591,5339,5452,5512,5432,5598,5269,5423,5345,5365,5376,5812,5406,5504,5302,5405,5482,5448,5487,5455,5256,5258,5296,5402,5384,5657,5295,5654,5430,5239,5294,5272,5392,5336,5212,5373,5568,5396,5410,5518,5368,5448,5502,5362,5505,5455,5436,5395,5408,5446,5448,5512,5440,5396,5480,5346,5402,5456,5440,5281,5275,5480,5426,5602,5307,5193,5470,5390,5429,5510,5409,5420,5445,5334,5326,5494,5475,5427,5391,5421,5317,5570,5328,5394,5402,5337,5523,5625,5431,5349,5486,5505,5510,5238,5546,5475,5452,5524,5280,5527,5357,5542,5378,5242,5392,5490,5602,5332,5585,5444,5425,5431,5372,5486,5508,5401,5425,5291,5264,5363,5356,5483,5221,5472,5386,5485,5502,5347,5612,5523,5395,5418,5433,5344,5561,5498,5610,5289,5378,5409,5511,5272,5361,5525,5308,5434,5574,5705,5360,5345,5714,5360,5409,5329,5549,5476,5396,5455,5496,5719,5442,5574,5564,5244,5527,5505,5423,5700,5506,5361,5326,5196,5049,5468,5575,5263,5390,5450,5405,5459,5453,5581,5444,5281,5455,5204,5595,5332,5417,5243,5746,5418,5434,5253,5366,5320,5530,5473,5516,5395,5541,5604,5397,5416,5473,5471,5313,5338,5510,5570,5307,5327,5750,5490,5396,5576,5422,5299,5531,5452,5587,5541,5444,5579,5579,5433,5465,5343,5490,5567,5524,5322,5470,5376,5347,5497,5594,5343,5428,5503,5569,5572,5295,5424,5496,5376,5598,5349,5444,5540,5449,5320,5423,5611,5453,5289,5724,5405,5480,5360,5476,5453,5373,5554,5352,5191,5229,5444,5541,5404,5688,5446,5286,5510,5302,5505,5104,5293,5472,5578,5414,5417,5528,5596,5454,5497,5272,5192,5272,5641,5415,5464,5170,5376,5245,5497,5064,5565,5502,5297,5372,5105,5599,5411,5399,5294,5394,5360,5497,5688,5280,5408,5374,5553,5383,5216,5614,5295,5362,5442,5618,5159,5259,5409,5399,5358,5663,5712,5335,5417,5239,5428,5400,5398,5637,5582,5535,5459,5501,5431,5282,5393,5409,5524,5296,5424,5353,5593,5385,5267,5518,5548,5446,5457,5275,5408,5428,5649,5453,5644,5506,5514,5593,5386,5455,5350,5444,5383,5341,5401,5291,5506,5405,5332,5463,5637,5387,5618,5289,5150,5359,5464,5095,5461,5236,5347,5503,5309,5270,5710,5758,5459,5320,5373,5398,5447,5440,5384,5270,5559,5372,5459,5485,5356,5433,5591,5335,5397,5422,5451,5243,5513,5502,5278,5206,5246,5444,5304,5605,5496,5507,5275,5438,5571,5342,5217,5510,5393,5372,5462,5273,5285,5388,5655,5471,5376,5495,5241,5611,5456,5230,5410,5406,5580,5613,5541,5421,5285,5311,5509,5601,5262,5365,5433,5285,5475,5468,5463,5531,5450,5484,5350,5504,5496,5535,5602,5254,5132,5371,5499,5469,5482,5653,5490,5471,5604,5568,5457,5606,5403,5394,5371,5383,5574,5156,5590,5472,5542,5446,5271,5271,5487,5231,5417,5287,5211,5666,5516,5392,5595,5235,5474,5506,5077,5359,5500,5331,5609,5386,5352,5533,5571,5498,5451,5489,5485,5398,5560,5387,5525,5481,5481,5492,5626,5365,5350,5506,5400,5456,5336,5496,5458,5280,5536,5354,5382,5563,5271,5319
5296,5425,5483,5269,5392,5498,5344,5133,5134,5350,5245,5217,5318,5168,5313,5270,5427,5391,5320,5342,5301,5421,5277,5162,5231,5207,5238,5349,5352,5298,5185,5167,5254,5263,5169,5060,5531,5253,5377,5429,5337,4930,5340,5402,5412,5229,5340,5346,5275,5066,5228,5414,5138,5190,5397,5116,5212,5210,5232,5197,5084,5354,5177,5248,5320,5244,5383,5338,5286,5255,5371,5197,5182,5312,5163,5090,5187,5356,5131,5372,5202,5194,5290,5247,5147,5135,5342,5241,5135,5033,5064,5063,5227,5318,5145,5450,5490,5246,5106,5255,5299,5066,5374,5258,5195,5010,5290,5360,5488,5436,5221,5120,5097,5307,5186,5081,5393,5248,5141,5230,5400,5197,5394,5358,5225,5186,5201,5214,5261,5246,5252,5180,5219,5183,5411,5435,4933,5216,5175,5164,5402,4851,5220,5150,5063,5261,5192,5235,5526,5365,5243,5204,5290,5368,5289,5076,5250,5393,5529,5310,5369,5272,5369,5116,5107,5067,5066,5272,5192,5329,5218,5432,5119,5151,5148,5382,5092,5198,5214,5461,5446,5171,5270,5457,5051,5244,5177,5111,5417,4961,5477,5148,5132,5230,5367,5295,5352,5147,5247,5424,5315,5139,5453,5273,4976,5215,5205,5369,5331,5389,5082,5384,5441,5154,5181,5119,5300,5211,5284,5293,4975,5451,5181,5254,5218,5259,5047,5256,5273,5290,5004,5391,5084,5044,5198,5550,5314,5339,5229,4989,4991,5197,5202,5299,5310,5167,5226,5138,5207,5274,5353,5155,5294,5238,5222,5172,5064,5186,5227,5412,5186,5287,5328,5380,5221,5196,5018,5217,5160,5166,5179,5132,5281,4996,5238,5281,5332,5152,5277,5357,5319,5066,5285,5108,5164,5121,5090,5398,5267,5445,5448,5183,5302,5287,5118,5244,5018,5010,5360,5066,5384,5206,5216,5294,5318,5458,5186,5011,5280,5346,5442,5218,5443,5337,5167,5150,5227,5352,5079,5217,5172,5100,5139,5427,5302,5352,4944,5194,5064,5061,5298,5410,5237,5540,5317,5297,5180,4913,5238,5332,5443,5239,5241,5091,5228,5002,5303,5303,5039,5330,5355,5319,5017,5413,5203,5210,5333,5288,5159,5361,5162,5318,4948,5157,5464,5067,5296,5408,5322,5423,4990,5195,5133,5271,5380,5145,5296,5379,5101,5160,5247,5278,5198,5207,5448,5097,5245,5186,5112,5480,5210,5322,5299,5277,5393,5032,5125,5191,5153,5278,5204,5215,5173,5341,5381,5220,5371,5283,5352,5363,5238,5083,5163,5192,5331,5269,5383,5299,5315,5182,5182,5170,5362,5269,5185,5190,5213,5306,5499,5162,5401,5351,5213,5202,5513,5164,5065,4982,5082,5235,5296,5273,5234,5297,5282,5307,5295,5284,5418,5348,5210,5389,5137,5257,5502,5216,5157,5431,5050,5056,5298,5312,5253,5236,5207,5349,5310,5093,5110,5153,5226,5070,5410,5250,5411,5113,5350,5279,5363,5375,5526,4987,5107,5179,5191,5112,5270,5353,5361,5345,5111,5345,5178,5360,5065,5167,5253,5542,5285,5208,5338,5209,5148,5286,5393,5359,5204,5281,5351,5214,5284,5286,5306,5200,5141,5318,5144,5123,5404,5207,5179,5303,5194,5216,5360,5187,5214,5154,5227,5307,5179,5282,5204,5244,5135,5327,5316,5235,5134,5177,5084,5245,5280,5203,5247,5149,5100,5356,5237,5440,5042,5190,5296,5218,5131,5393,5389,5273,5280,5116,5105,5106,5278,5149,5081,5287,5120,5185,5176,5311,5299,5256,5278,5150,5263,5225,5226,5188,5160,5144,5099,5118,5288,5225,5252,5147,5116,5378,5179,5430,5540,5243,5327,5261,5118,5478,5280,5280,5142,5154,5130,5340,5112,5104,5223,5138,5362,5341,5508,5187,5081,5607,5212,5271,5275,5272,5234,5381,5367,5375,5474,5410,5379,5311,5122,5274,5306,5201,5418,5162,5234,5246,5128,4910,5274,5320,5139,5208,5183,5178,5360,5318,5430,5262,5356,5218,4945,5320,5149,5210,5106,5487,5291,5271,5060,5290,4900,5303,5195,5381,5209,5232,5399,5220,4978,5334,5389,5100,5125,5146,5387,5198,5075,5520,5306,5141,5220,5149,4998,5338,5355,5330,5275,5273,5370,5260,5330,5353,5154,5380,5457,5340,5237,5158,5096,5174,5378,5401,5194,5458,5255,5360,5219,5105,5238,5219,5150,5380,5195,5258,5355,5381,5034,5129,5326,5300,5242,5390,5174,5177,5019,5363,5348,5223,5338,5159,5188,5051,5109,5258,5171,5418,5477,5057,5312,4965,5154,5112,5134,5195,5211,5280,5415,5246,5295,5117,5282,5069,5134,5021,5471,5200,5245,5024,5483,5092,5472,5094,5225,5269,5133,5385,5160,5141,5304,5065,5093,5281,5200,5330,5554,4994,5231,5234,5488,5337,5162,5349,5123,5009,5194,5412,5118,5160,5241,5160,5352,5428,5333,5196,5230,5199,5226,5314,5189,5471,5376,5295,5096,5180,5336,5156,5137,5343,5165,5145,5344,5154,5504,5058,4958,5273,5300,5265,5250,5000,5218,5161,5542,5147,5374,5361,5193,5392,5274,5287,5126,5242,5322,5126,5017,5027,5288,5117,5253,5213,5328,5452,5419,5146,5038,5263,5366,5106,5213,5165,5221,5322,5153,5132,5461,5616,5268,5128,5288,5257,5256,5176,5231,5166,5490,5124,5284,5309,5302,5364,5213,5095,5299,5156,5292,5072,5148,5222,5039,5202,5117,5308,5240,5339,5323,5315,4981,5096,5318,5204,5178,5371,5231,5289,5154,5139,5045,5205,5402,5258,5270,5325,5177,5452,5234,5050,5217,5241,5349,5617,5284,5261,5161,5054,5296,5287,5027,5133,5195,5140,5358,5230,5141,5358,5197,5443,5029,5148,5297,5308,5304,5013,5114,5134,5346,5164,5420,5459,5347,5224,5188,5308,5281,5335,5257,5171,5088,5110,5336,5045,5278,5164,5358,5243,4968,5144,5294,5123,5368,5166,5130,5328,5318,5140,5430,5156,5282,5184,5079,5200,5291,5289,5397,5114,5207,5128,5326,5480,5270,5246,5386,5379,5161,5082,5156,5333,5308,5493,5355,5031,5077,5367,5260,5188,5057,5313,5400,5189,5254,5112,5127,5227,5050,5232
5018,4879,4991,4773,4964,4851,4814,4740,4855,4796,4828,4915,4725,4597,4849,4976,5034,4889,4981,4756,4953,4856,4802,4815,4800,4869,4811,4770,5042,4854,4698,4881,4801,4885,4819,4702,5014,4951,4868,5024,4997,4671,4863,4844,4891,5079,5041,4917,4953,4788,4851,5083,4719,4859,4860,4805,4857,4832,4915,4662,4719,5015,4887,4757,4808,4781,4948,4885,4748,4878,4903,4726,4866,4986,4648,4866,4934,4925,4849,5008,4820,4844,4877,4968,4862,4656,4966,4601,4666,4702,4846,4807,4759,4837,4904,4952,5049,5011,4755,4917,4892,4738,4936,4802,4969,4657,4786,5010,4967,5031,4883,4700,4712,4827,4953,4639,5050,4785,4900,4915,5031,4888,4908,4956,4915,4738,4865,4672,4643,4882,4950,4712,4801,4781,5054,5061,4596,4813,4860,4857,4848,4696,4987,4787,4699,4935,4759,4855,5130,4943,4839,4767,4779,4972,4862,4711,4880,4771,4950,4995,5100,4799,4878,4945,4681,4756,4644,4873,4783,4890,4868,5001,4750,4727,4711,4945,4886,4876,4781,4906,5058,4892,4790,5110,4833,4766,4837,4887,5057,4702,4996,4780,4782,4868,4999,4817,4884,4825,4863,5023,5192,4652,5000,4959,4598,4883,4698,4939,4953,4944,4943,4898,4916,4660,4833,4773,4913,4812,4786,4929,4715,4961,4870,5054,4736,4853,4849,4892,4879,4657,4787,4952,4722,4687,4861,5140,4846,4948,4853,4766,4610,4779,4860,4929,5071,4745,4787,4738,4885,5040,4973,4865,4981,4861,4798,4874,4662,4773,4872,4843,4900,4908,4970,4926,4890,4820,4577,4781,4828,4820,4722,4667,4880,4707,4841,4893,4986,4808,5017,4870,4753,4712,4892,4800,4662,4791,4631,4981,4834,5007,4981,4839,4816,4903,4896,4853,4570,4747,4913,4762,4982,4716,4904,4749,4878,5020,4801,4753,4851,4991,5022,4811,4950,4919,4759,4705,4725,5069,4705,4709,4826,4817,4690,4991,4769,5001,4582,4743,4761,4700,4961,5013,4896,5176,5000,4837,4786,4571,4843,4852,5028,4805,4760,4825,4967,4561,4911,4922,4700,4940,4914,4880,4587,5059,4780,4743,4726,4891,4857,5105,4904,4871,4601,4749,4948,4661,4768,4803,4874,5005,4716,4779,4591,4930,4798,4710,4885,4911,4844,4799,4841,4712,4865,4780,5031,4697,4892,4871,4726,5003,4747,4941,4800,4872,4959,4806,4782,4863,4769,4998,4887,4860,4767,4789,4768,4822,4902,4907,4935,4874,4811,4669,4717,5029,4837,4863,4757,4803,5027,4905,4993,4899,5126,4847,4833,4697,4923,4823,4974,4657,4920,4977,4777,4689,5051,4774,4808,4702,4759,4850,4901,4795,4863,4743,4934,5018,4980,4988,4860,4926,4909,5025,4780,4832,5150,4825,4882,4934,4712,4774,5053,4998,4730,4877,4923,4691,4868,4632,4792,4897,4822,4544,5182,4769,5186,4753,4931,4866,4911,4875,5095,4728,4715,4821,4890,4951,5056,4890,4968,4817,4715,4820,4806,4903,4745,4787,4826,5012,5086,4828,5034,4813,4721,4779,4887,4928,4750,4888,4923,4838,4878,4906,4934,4725,4808,4887,4717,4923,5028,4853,4777,4704,4889,4828,5017,4892,4673,4916,4823,5012,4829,4872,4997,4935,4791,4998,4908,4943,4853,4903,4870,4814,4766,4943,4834,4835,4728,4841,4953,4952,4781,4884,4925,4925,4716,4991,4844,4845,4879,4786,4784,4791,4805,4914,4752,4722,4846,5045,4847,4877,5037,5002,4924,4724,4935,4837,4929,4878,4850,4655,4718,4698,4785,4889,4878,4827,4687,4959,4732,5054,4993,4793,4874,5002,4798,4947,4943,4889,4857,4800,4842,4933,4696,4795,4878,4765,4857,4877,5183,4672,4812,5126,4699,4972,4887,4867,4943,5064,4869,4873,5052,5005,4888,5003,4539,4887,4956,4980,5006,4820,4949,4857,4628,4462,4816,4891,4598,4729,4802,4844,4891,4943,4984,4964,4943,4878,4529,4917,4776,4819,4747,5159,4931,4776,4688,4827,4591,4832,4709,4933,4883,4976,4915,4876,4629,4978,5026,4708,4890,4781,4977,4828,4757,5093,4804,4713,4971,4783,4662,5031,5052,4878,4833,4865,4943,4973,4923,4998,4830,4909,5012,5062,4748,4868,4851,4706,5042,4931,4676,5047,5069,4917,4916,4832,4880,4855,4621,4866,4744,4975,4961,4908,4746,4831,4910,4970,4723,5119,4779,4911,4776,5065,4815,4893,4940,4865,4879,4698,4791,5108,4849,5021,4997,4709,4913,4675,4808,4627,4790,4854,4792,4983,4971,4881,5044,4682,4858,4734,4785,4552,4981,4809,4832,4644,4848,4697,5004,4579,4913,4846,4969,4895,4676,5015,4791,4804,4774,4962,4829,5016,4991,4897,4866,4905,4946,4937,4675,5118,4665,4752,4857,4960,4706,4778,4789,4835,4954,4895,4942,4823,4777,4687,4962,4790,4994,5165,5142,4922,4679,4859,4778,4825,4723,4797,4906,4816,4914,4770,5141,4785,4786,4889,4769,4860,4680,4698,4858,4940,5233,4936,4930,4997,4984,4997,4846,4885,4831,4760,4906,4836,4671,4798,4860,4911,4938,4744,4812,5038,5001,4773,4626,4877,4815,4793,4726,4750,4785,4877,4928,4801,5192,5194,4853,4642,4876,4794,4952,4662,4871,4870,5165,4862,4905,4735,4905,4956,4948,4812,5012,4701,4961,4695,4813,5010,4706,4830,4763,4958,4730,4900,4905,4967,4702,4759,4952,4698,4785,4906,4783,4910,4843,4753,4690,4800,4958,4679,4959,4808,4662,4924,4745,4630,4853,4888,4947,5040,4997,4851,4586,4648,4925,4915,4760,4683,4955,4775,4930,4697,4874,4813,4754,5074,4881,4855,5009,4906,4897,4714,4769,4843,5062,4813,5039,4942,4881,4938,4743,5033,4797,5083,4857,4841,4867,4836,5029,4701,4949,4919,4921,4747,4779,4885,4907,4656,4913,4797,4806,4997,4851,4844,4945,4656,4771,4916,4581,4891,4968,4822,4976,4816,5033,4955,4973,5014,4966,4880,5007,5000,4808,4675,4807,4943,4901,4929,5145,4807,4835,4905,4820,4869,4796,5005,4899,4747,4855,4733,4803,4760,4683,4865
4535,4358,4506,4251,4464,4336,4275,4103,4329,4288,4367,4356,4310,4178,4366,4533,4473,4328,4494,4290,4370,4389,4352,4319,4260,4462,4275,4297,4583,4266,4171,4365,4500,4422,4335,4209,4510,4397,4480,4569,4588,4201,4260,4336,4397,4592,4489,4429,4439,4356,4369,4579,4306,4376,4358,4291,4408,4318,4343,4265,4240,4572,4331,4308,4322,4285,4442,4273,4220,4265,4477,4252,4376,4399,4272,4196,4434,4313,4363,4283,4272,4340,4384,4545,4448,4195,4425,4056,4167,4319,4291,4226,4106,4488,4296,4401,4420,4394,4251,4385,4315,4134,4396,4351,4424,4252,4332,4400,4374,4413,4390,4278,4156,4542,4402,4188,4410,4377,4463,4248,4527,4228,4523,4616,4375,4346,4268,4162,4275,4322,4411,4316,4384,4278,4579,4489,4069,4327,4383,4382,4230,3952,4304,4195,4229,4386,4325,4391,4510,4210,4344,4194,4328,4493,4328,4302,4332,4232,4423,4401,4555,4265,4464,4343,4197,4278,4101,4346,4387,4275,4269,4521,4167,4311,4253,4423,4197,4266,4371,4554,4432,4296,4398,4614,4272,4360,4380,4413,4480,4265,4520,4240,4395,4385,4538,4305,4516,4311,4336,4512,4423,4165,4414,4378,4171,4389,4261,4432,4456,4490,4285,4521,4544,4395,4273,4351,4363,4200,4249,4303,4251,4347,4155,4331,4337,4286,4270,4310,4302,4290,4299,4514,4301,4214,4299,4488,4245,4397,4369,4192,4039,4303,4471,4352,4552,4203,4324,4274,4437,4541,4388,4261,4414,4400,4198,4272,4162,4165,4302,4378,4347,4402,4489,4452,4377,4418,4185,4152,4261,4314,4198,4220,4284,4046,4147,4401,4461,4294,4531,4414,4382,4264,4472,4219,4179,4245,4134,4355,4406,4334,4522,4408,4362,4389,4249,4306,4118,4244,4513,4198,4381,4203,4390,4314,4439,4446,4346,4074,4314,4479,4503,4418,4604,4465,4414,4226,4291,4566,4283,4245,4218,4396,4082,4386,4393,4448,4112,4301,4228,4291,4338,4516,4413,4688,4494,4333,4389,4004,4429,4316,4503,4334,4385,4240,4301,4143,4385,4291,4136,4596,4424,4372,4331,4413,4169,4145,4282,4407,4369,4400,4400,4335,4233,4289,4417,4171,4356,4316,4333,4460,4216,4414,4240,4215,4438,4234,4403,4442,4465,4196,4358,4159,4342,4285,4422,4200,4428,4413,4266,4445,4274,4504,4349,4300,4502,4264,4305,4404,4248,4425,4459,4174,4280,4490,4293,4311,4475,4438,4499,4443,4394,4140,4249,4393,4478,4389,4279,4405,4320,4301,4519,4385,4474,4284,4378,4109,4253,4328,4672,4257,4398,4409,4397,4213,4579,4244,4183,4164,4168,4374,4314,4280,4294,4388,4377,4671,4341,4540,4289,4374,4396,4453,4406,4299,4539,4283,4386,4416,4252,4207,4459,4483,4279,4372,4288,4387,4359,4232,4162,4444,4282,4174,4399,4305,4611,4218,4477,4301,4523,4548,4493,4263,4203,4307,4344,4522,4571,4251,4441,4395,4214,4203,4216,4298,4250,4294,4285,4446,4436,4341,4507,4368,4246,4349,4293,4511,4364,4303,4439,4413,4447,4412,4561,4284,4360,4248,4279,4199,4522,4272,4091,4390,4140,4308,4363,4367,4295,4388,4355,4429,4533,4298,4331,4543,4237,4385,4372,4380,4204,4194,4206,4465,4411,4517,4378,4383,4210,4393,4341,4425,4391,4351,4440,4520,4216,4463,4340,4447,4259,4098,4192,4326,4443,4276,4269,4444,4194,4381,4301,4382,4477,4374,4385,4226,4467,4395,4397,4241,4456,4314,4240,4237,4395,4393,4466,4118,4196,4375,4343,4712,4444,4255,4282,4399,4125,4436,4422,4449,4200,4472,4305,4383,4312,4238,4247,4278,4280,4377,4522,4261,4315,4553,4421,4334,4336,4321,4381,4486,4422,4415,4527,4468,4557,4388,4001,4335,4404,4522,4480,4246,4446,4279,4273,4133,4393,4377,4214,4127,4168,4348,4464,4508,4395,4456,4329,4302,4206,4406,4156,4347,4241,4509,4448,4252,4202,4379,3999,4337,4309,4287,4331,4441,4254,4338,4184,4410,4538,4247,4299,4278,4430,4255,4395,4570,4342,4177,4456,4351,4050,4436,4482,4393,4347,4363,4456,4383,4423,4498,4207,4293,4505,4440,4331,4200,4414,4188,4351,4533,4361,4344,4420,4451,4434,4354,4338,4336,4211,4476,4307,4446,4514,4539,4163,4378,4411,4499,4258,4419,4432,4202,4100,4584,4388,4478,4510,4321,4296,4214,4298,4471,4241,4313,4447,4196,4284,4125,4413,4060,4189,4289,4386,4441,4544,4371,4370,4205,4363,4237,4291,4161,4355,4351,4357,4102,4466,4243,4486,4141,4325,4396,4274,4341,4251,4352,4385,4222,4220,4480,4344,4562,4483,4269,4403,4460,4476,4505,4215,4580,4283,4209,4375,4490,4302,4359,4258,4455,4525,4566,4435,4310,4301,4317,4401,4473,4346,4590,4582,4235,4124,4383,4365,4259,4361,4380,4390,4286,4437,4229,4601,4463,4166,4460,4342,4252,4304,4118,4347,4473,4631,4357,4461,4366,4383,4418,4364,4386,4131,4391,4435,4304,4251,4367,4232,4361,4407,4201,4370,4339,4462,4201,4222,4252,4338,4187,4269,4249,4402,4446,4288,4252,4549,4600,4382,4181,4423,4461,4384,4341,4358,4363,4470,4345,4431,4252,4371,4467,4402,4137,4344,4245,4492,4233,4271,4490,4218,4368,4301,4418,4293,4420,4310,4287,4172,4317,4348,4295,4391,4282,4404,4449,4318,4206,4174,4399,4264,4493,4326,4363,4313,4365,4136,4216,4439,4353,4434,4607,4554,4386,4199,4261,4369,4403,4295,4313,4401,4278,4522,4413,4264,4506,4371,4559,4371,4313,4338,4381,4550,4230,4278,4363,4557,4267,4628,4292,4395,4367,4268,4425,4322,4429,4448,4220,4303,4438,4441,4358,4323,4412,4499,4247,4236,4369,4430,4161,4353,4272,4293,4451,4317,4344,4605,4097,4422,4410,4138,4345,4425,4145,4390,4167,4479,4217,4311,4422,4400,4308,4400,4333,4352,4115,4416,4307,4430,4460,4514,4288,4292,4380,4318,4445,4233,4325,4576,4369,4377,4308,4176,4425,4280,4249
4265,4251,4257,4267,4269,4089,4063,4031,4086,4097,4267,4113,4199,3935,4158,4279,4210,4198,4307,4238,4075,4204,4098,4193,4159,4197,4103,4057,4409,4110,4106,4207,4344,4160,3990,4178,4327,4215,4211,4305,4322,4033,4181,3920,4177,4372,4224,4136,4202,4194,4103,4341,4156,4144,4177,4287,4124,4155,4173,3975,3874,4268,4170,4147,4162,4116,4259,4144,4107,4142,4121,4132,4111,4199,4010,3920,4265,4015,4082,4064,4101,4157,4145,4272,4216,3987,4269,4007,4004,4096,4116,4038,4114,4084,4180,4198,4128,4002,4029,4231,4077,3890,4232,4051,4165,3929,4144,4304,4239,4166,4068,4066,3947,4166,4302,4029,4246,4097,4187,4090,4340,4143,4403,4416,4161,4211,4108,4045,4151,4108,4153,4126,4129,4144,4436,4295,3852,4026,4152,4195,4070,3854,4192,4052,4039,4184,4150,4246,4340,4182,4108,4039,4169,4247,4126,4030,4221,4052,4131,4167,4268,4070,4292,4083,3986,4203,3890,4101,4144,4098,4026,4396,3900,3936,3996,4316,3965,4094,4094,4283,4279,4174,4207,4308,4006,4102,4088,4122,4354,3995,4334,4087,4202,4100,4270,4134,4201,4168,4234,4347,4221,4124,4192,4280,3993,4082,3962,4191,4240,4165,4185,4226,4217,4161,4012,4079,4130,4150,3972,4076,3975,4259,4050,4269,4227,4180,4092,4092,4133,4081,3951,4214,4058,4047,4148,4118,4103,4425,4156,3884,3918,4063,4281,4204,4235,4070,4145,4041,4225,4398,4241,4128,4248,4204,4000,4174,4043,4137,4139,4180,4163,4236,4306,4200,4099,4273,4003,3982,4082,4137,4044,3948,4237,4004,4052,4273,4365,3996,4135,4112,4073,4150,4224,4040,4042,3963,3968,4254,4065,4202,4298,4190,4213,4138,4146,3926,3840,3892,4231,4027,4110,4102,4133,4174,4231,4209,4004,3990,4037,4317,4347,4365,4390,4353,4131,4004,4145,4292,4148,4055,4052,4166,4015,4191,4258,4287,3875,4073,3866,4040,4192,4306,4390,4364,4232,4202,4107,3862,4071,4190,4229,4026,4007,4158,4240,4007,4124,4034,4064,4351,4238,4182,4078,4152,4066,3908,4131,4184,4136,4315,4144,4175,3888,4147,4307,4018,4065,4018,4094,4285,3940,4068,3966,4187,4107,3979,4280,4284,4107,4112,4133,4080,4119,3969,4317,3901,4268,4322,4068,4415,4229,4272,4177,4223,4254,4032,4108,4288,4147,4206,4147,4085,4013,4181,3949,4110,4238,4169,4216,4238,4162,4090,4048,4213,4242,4171,3987,4300,4083,4173,4183,4149,4300,4237,4116,3994,4244,4156,4358,4041,4228,4126,4075,3912,4377,4056,4137,3902,4013,4223,4046,4054,4072,4163,4393,4304,4078,4238,4161,4207,4157,4238,4221,4052,4414,4083,4178,4192,4075,4072,4209,4261,3994,4198,4196,4072,4202,4164,3916,4281,4021,3908,4128,4113,4367,3967,4330,4036,4226,4246,4272,3904,3984,4045,4202,4243,4309,4069,4195,4177,3968,4077,4098,4204,4113,4032,4240,4327,4163,4241,4255,4182,4143,4107,4010,4327,4133,4135,4155,4274,3951,4139,4343,4037,4040,4121,4084,4015,4330,4109,4059,4078,4099,4227,4261,4172,4008,4013,4054,4190,4198,4276,4117,4284,4004,4262,4137,4130,4135,4135,4118,4270,4028,4218,4067,4071,4075,4204,3994,4087,4111,4126,4297,4309,3999,4236,4069,4224,4129,3964,4099,4243,4190,4084,4075,4227,4086,4145,4079,4223,4356,4177,4220,4245,4432,4170,4174,4139,4088,3917,4009,3935,4109,4094,4376,4022,4140,4243,4214,4435,4276,4027,4100,4222,4030,4107,4221,4309,4034,4208,4049,4152,3926,4145,4261,4117,4006,4049,4450,4108,4140,4422,3975,4279,4235,4150,4165,4300,4185,4109,4211,4217,4250,4164,3893,4151,4189,4339,4204,4072,4215,4140,4054,3971,4161,4158,4014,4039,4161,4063,4237,4261,4144,4134,4138,4049,4117,4182,3976,4119,4038,4371,4141,3984,4036,4245,3942,4049,4110,4041,4050,4279,4207,4134,4025,4367,4251,4018,4051,4198,4315,4084,4034,4180,4260,4002,4120,4005,4089,4358,4244,4199,4065,4180,4198,4273,4062,4241,3990,4146,4285,4208,4219,3939,4144,4080,4204,4263,4119,4144,4214,4138,4128,4155,4173,4276,3893,4359,4042,4208,4284,4237,4003,4131,4209,4514,4018,4223,4120,4194,4063,4327,4182,4204,4293,4239,4182,3956,4161,4280,4127,4261,4354,3990,4167,4021,4193,3849,3962,3996,4071,4335,4227,4229,4356,3970,4149,3985,4078,3994,4169,4037,4249,3957,4173,4123,4295,3924,4209,4203,4118,4038,4103,4144,4131,3925,4033,4196,4178,4212,4095,4279,4146,4223,4269,4292,4077,4267,3941,3953,4171,4254,4015,4241,4105,4278,4231,4189,4148,4082,4174,4067,4217,4070,4137,4495,4343,4127,4046,4222,4092,4038,4101,4070,4131,4037,4195,4048,4368,4152,4018,4436,4119,4027,4182,4034,4080,4232,4468,4197,4103,4178,4255,4129,4104,4237,4093,4183,4137,4014,4067,4155,4206,4150,4223,4104,4098,4170,4304,4044,4015,4031,4199,4173,4111,4003,4050,4175,4169,4080,4436,4582,4117,3935,4224,4293,4336,4063,4066,4119,4295,4213,4300,4130,4146,4153,4091,4030,4237,3969,4244,4096,4194,4237,4088,4096,4090,4357,4044,4182,4170,4200,3960,4177,4173,4183,4214,4118,4197,4138,4136,4073,4014,4180,4071,4159,4165,4067,4020,4173,4147,3930,4190,4113,4146,4352,4430,4197,4024,3911,4146,4108,4199,4100,4196,4053,4266,4151,4129,4205,4147,4361,4158,4023,4180,4028,4173,3949,4216,4072,4358,4086,4256,4117,4208,4130,4068,4300,3996,4268,4361,4132,4123,4034,4170,4139,4053,4113,4337,4081,3969,4080,4117,3899,4169,4181,4109,4286,4148,4055,4421,3866,4212,4165,3925,4261,4231,4252,4287,3999,4228,4015,4048,4214,4223,3928,4253,4147,4195,3859,4070,4250,4200,4305,4232,4240,4031,4172,4095,4180,4013,4269,4480,4210,4310,4092,4060,4205,3947,4194
3781,3678,3751,3746,3710,3780,3577,3685,3775,3653,3658,3680,3618,3689,3636,3829,3818,3869,3874,3709,3621,3838,3642,3771,3600,3797,3756,3535,3904,3545,3679,3713,3784,3745,3702,3669,3764,3825,3793,3766,3895,3518,3652,3688,3804,3848,3817,3760,3885,3810,3683,3925,3637,3778,3759,3872,3797,3604,3751,3602,3535,3914,3630,3652,3709,3674,3774,3635,3681,3614,3754,3716,3697,3612,3582,3518,3876,3810,3663,3762,3646,3603,3724,3831,3676,3607,3901,3586,3544,3659,3625,3559,3688,3683,3804,3708,3696,3637,3629,3655,3672,3441,3838,3680,3735,3492,3683,3797,3815,3752,3760,3532,3471,3805,3830,3520,3866,3589,3878,3631,3753,3488,3980,3945,3716,3633,3630,3516,3713,3610,3781,3700,3719,3674,3894,3726,3440,3565,3639,3650,3732,3492,3696,3500,3575,3748,3702,3715,3763,3638,3691,3640,3555,3789,3546,3520,3628,3722,3658,3857,3776,3661,3720,3561,3531,3807,3483,3556,3555,3637,3554,3754,3571,3477,3538,3916,3542,3648,3681,3926,3818,3742,3774,3915,3581,3671,3682,3715,3841,3589,3761,3672,3694,3754,3979,3522,3872,3518,3749,3851,3792,3660,3766,3658,3636,3653,3558,3752,3846,3685,3744,3862,3769,3790,3543,3596,3739,3563,3577,3671,3695,3824,3592,3861,3744,3633,3595,3658,3604,3612,3608,3763,3493,3578,3694,3743,3670,3790,3682,3429,3403,3681,3723,3703,3862,3743,3794,3459,3964,3935,3880,3687,3762,3681,3484,3699,3515,3727,3598,3687,3650,3898,3781,3767,3659,3807,3736,3661,3477,3655,3443,3533,3741,3511,3539,3897,3742,3612,3788,3734,3691,3662,3829,3753,3639,3661,3525,3764,3697,3738,3878,3728,3712,3784,3664,3583,3504,3566,3775,3545,3722,3738,3772,3750,3778,3732,3783,3494,3708,3917,3877,3786,3923,3868,3726,3644,3610,3849,3765,3624,3578,3705,3589,3723,3758,3801,3528,3654,3424,3568,3749,3845,3802,3795,3618,3622,3740,3532,3575,3706,3870,3633,3534,3620,3720,3705,3815,3730,3545,3895,3726,3805,3553,3691,3444,3559,3911,3794,3676,3764,3675,3689,3611,3655,3741,3646,3680,3531,3558,3740,3528,3696,3603,3728,3633,3668,3720,3692,3672,3690,3712,3739,3729,3604,3907,3598,3832,3852,3581,3926,3714,3854,3789,3727,3784,3533,3577,3684,3581,3743,3685,3766,3690,3780,3526,3612,3679,3700,3677,3827,3712,3591,3662,3737,3720,3779,3638,3739,3632,3720,3830,3738,3894,3775,3701,3507,3785,3721,3816,3648,3606,3796,3802,3505,3817,3728,3570,3544,3698,3798,3580,3730,3624,3900,3989,3805,3773,3700,3716,3640,3624,3936,3759,3745,3758,3789,3687,3868,3632,3594,3838,3844,3563,3809,3619,3720,3785,3689,3658,3868,3613,3412,3662,3618,3820,3612,3853,3664,3895,3672,3800,3597,3494,3515,3809,3739,3918,3545,3654,3926,3582,3635,3753,3735,3659,3511,3837,3916,3762,3721,3780,3640,3709,3642,3629,3759,3778,3645,3827,3926,3494,3873,3943,3604,3622,3541,3515,3525,3763,3617,3563,3687,3509,3678,3617,3618,3657,3719,3675,3843,3688,3763,3800,3787,3548,3752,3651,3779,3698,3687,3616,3768,3633,3815,3636,3779,3749,3666,3669,3630,3721,3688,3702,3835,3554,3807,3712,3703,3722,3497,3639,3606,3790,3694,3652,3677,3610,3783,3659,3699,3803,3693,3833,3745,3916,3893,3807,3705,3751,3468,3655,3626,3616,3643,3923,3620,3573,3731,3715,3849,3856,3571,3565,3747,3558,3787,3849,3828,3647,3776,3575,3695,3637,3645,3728,3618,3681,3630,3933,3654,3606,3947,3538,3601,3784,3661,3543,3807,3692,3702,3810,3685,3788,3902,3627,3740,3786,3929,3758,3681,3782,3675,3753,3574,3660,3800,3490,3591,3597,3651,3855,3779,3681,3665,3718,3746,3626,3720,3650,3740,3529,3768,3784,3575,3547,3747,3443,3507,3722,3714,3565,3660,3691,3750,3637,3731,3904,3634,3660,3530,3967,3643,3544,3733,3794,3591,3903,3735,3473,3782,3689,3739,3619,3714,3751,3764,3761,3809,3591,3703,3739,3572,3777,3576,3662,3590,3720,3703,3795,3686,3819,3754,3744,3873,3771,3829,3481,3795,3764,3723,3903,3711,3627,3652,3745,3866,3729,3803,3624,3650,3541,3640,3682,3792,3800,3699,3637,3626,3794,3894,3590,3656,3842,3573,3612,3609,3722,3466,3568,3551,3705,3889,3836,3828,3819,3447,3670,3655,3600,3503,3722,3651,3733,3663,3767,3650,3773,3531,3734,3788,3740,3589,3634,3694,3734,3601,3439,3659,3757,3806,3753,3816,3554,3685,3704,3715,3653,3867,3563,3634,3712,3839,3625,3797,3531,3785,3777,3673,3647,3697,3671,3597,3646,3743,3717,3942,3999,3697,3557,3759,3594,3589,3629,3843,3666,3691,3839,3642,3799,3765,3613,3876,3658,3547,3597,3619,3759,3772,3922,3708,3699,3779,3835,3707,3685,3769,3669,3862,3768,3684,3623,3789,3652,3712,3740,3583,3675,3613,3928,3655,3672,3505,3708,3621,3605,3575,3844,3703,3559,3614,3881,3920,3645,3489,3802,3846,3884,3709,3624,3689,3737,3844,3982,3645,3702,3717,3693,3657,3758,3566,3728,3596,3656,3624,3694,3662,3844,3841,3620,3701,3772,3744,3471,3691,3893,3646,3691,3685,3660,3828,3676,3735,3608,3759,3692,3647,3768,3685,3682,3598,3602,3533,3874,3773,3794,3914,3884,3693,3696,3471,3616,3672,3764,3789,3681,3569,3752,3788,3673,3668,3689,3744,3753,3666,3754,3601,3784,3584,3737,3627,3772,3588,3750,3589,3690,3691,3639,3723,3617,3887,3829,3716,3765,3628,3782,3772,3630,3938,3720,3641,3550,3659,3676,3475,3728,3729,3663,3834,3654,3639,3903,3469,3769,3669,3456,3599,3652,3783,3828,3601,3816,3599,3649,3674,3817,3685,3691,3653,3639,3487,3693,3730,3741,3787,3760,3567,3643,3643,3708,3737,3513,3745,3863,3718,3910,3701,3670,3679,3483,3743
3661,3469,3511,3648,3545,3473,3527,3436,3660,3501,3605,3512,3685,3393,3597,3558,3653,3620,3625,3609,3483,3555,3548,3678,3459,3634,3572,3525,3787,3422,3526,3461,3733,3547,3528,3566,3757,3626,3639,3464,3649,3358,3670,3471,3653,3621,3718,3465,3687,3589,3424,3658,3494,3611,3528,3565,3553,3533,3516,3444,3408,3710,3478,3430,3683,3566,3548,3409,3379,3476,3429,3461,3642,3532,3487,3347,3774,3572,3462,3383,3597,3498,3546,3641,3427,3450,3578,3520,3541,3446,3549,3452,3512,3603,3531,3505,3642,3412,3497,3506,3495,3206,3706,3495,3582,3223,3433,3593,3570,3622,3597,3408,3276,3527,3701,3359,3688,3408,3638,3419,3525,3447,3606,3680,3629,3551,3516,3392,3506,3602,3559,3452,3581,3529,3588,3574,3218,3453,3476,3473,3378,3295,3540,3382,3460,3610,3579,3586,3693,3409,3531,3496,3375,3688,3445,3296,3566,3551,3527,3536,3495,3500,3449,3435,3420,3623,3512,3502,3422,3445,3490,3698,3380,3369,3421,3666,3334,3422,3547,3683,3678,3621,3597,3662,3410,3427,3641,3506,3666,3464,3567,3447,3627,3515,3689,3414,3611,3491,3567,3540,3477,3407,3515,3565,3495,3414,3381,3625,3612,3536,3598,3701,3577,3613,3465,3530,3516,3414,3352,3548,3378,3613,3439,3572,3507,3538,3437,3432,3523,3545,3414,3429,3294,3456,3563,3748,3470,3779,3420,3246,3325,3441,3610,3611,3517,3516,3536,3308,3683,3640,3615,3507,3504,3515,3377,3641,3430,3539,3568,3592,3468,3731,3566,3580,3499,3645,3432,3376,3448,3506,3311,3420,3624,3449,3367,3541,3649,3493,3542,3470,3470,3462,3605,3502,3571,3563,3352,3590,3408,3644,3617,3442,3623,3516,3442,3344,3283,3425,3738,3407,3579,3522,3455,3510,3434,3551,3554,3387,3523,3731,3668,3563,3726,3718,3465,3500,3349,3596,3516,3544,3472,3552,3397,3513,3690,3661,3363,3442,3224,3411,3475,3619,3621,3662,3566,3407,3562,3421,3507,3582,3785,3443,3448,3399,3638,3579,3596,3442,3466,3636,3552,3543,3447,3457,3230,3326,3558,3560,3585,3502,3517,3415,3478,3415,3682,3386,3401,3381,3359,3529,3357,3596,3328,3463,3366,3456,3630,3586,3572,3471,3633,3585,3591,3463,3761,3389,3583,3740,3473,3668,3665,3643,3567,3670,3642,3417,3438,3568,3444,3598,3601,3543,3620,3618,3261,3573,3533,3518,3562,3540,3561,3598,3565,3526,3520,3589,3374,3635,3467,3674,3700,3405,3678,3595,3492,3305,3578,3516,3747,3417,3526,3611,3534,3356,3787,3439,3481,3243,3370,3677,3396,3418,3530,3677,3808,3535,3632,3556,3556,3502,3520,3627,3698,3481,3852,3492,3491,3557,3529,3444,3525,3669,3450,3666,3539,3639,3552,3581,3419,3607,3486,3237,3453,3531,3596,3374,3699,3597,3569,3650,3566,3398,3277,3468,3611,3561,3670,3448,3547,3608,3473,3493,3545,3614,3493,3420,3638,3644,3510,3645,3659,3509,3460,3438,3396,3632,3575,3508,3546,3686,3450,3477,3677,3576,3412,3462,3413,3388,3627,3444,3377,3560,3404,3456,3549,3517,3461,3492,3407,3569,3469,3732,3482,3643,3367,3661,3474,3536,3574,3519,3472,3591,3462,3577,3443,3558,3615,3538,3404,3441,3524,3584,3434,3538,3442,3613,3485,3607,3559,3418,3524,3507,3524,3574,3525,3615,3533,3626,3549,3441,3557,3526,3599,3716,3719,3533,3478,3569,3523,3368,3493,3333,3466,3499,3616,3424,3359,3572,3572,3729,3813,3495,3424,3537,3424,3640,3697,3636,3336,3620,3448,3536,3522,3611,3464,3426,3607,3432,3725,3577,3562,3783,3419,3545,3822,3535,3517,3681,3585,3526,3532,3711,3603,3698,3452,3433,3487,3670,3547,3457,3661,3498,3399,3498,3534,3721,3518,3268,3378,3396,3743,3556,3484,3546,3463,3608,3595,3613,3467,3546,3413,3741,3521,3465,3313,3614,3267,3392,3420,3492,3476,3665,3652,3508,3544,3532,3675,3482,3503,3371,3808,3454,3312,3554,3521,3339,3654,3490,3464,3722,3531,3481,3521,3599,3684,3590,3736,3663,3322,3479,3622,3482,3460,3440,3498,3480,3577,3589,3531,3612,3577,3585,3590,3535,3451,3639,3367,3796,3489,3573,3659,3613,3485,3561,3658,3729,3413,3549,3462,3380,3381,3565,3488,3601,3575,3650,3467,3439,3657,3728,3343,3566,3712,3459,3558,3427,3566,3359,3351,3431,3564,3611,3646,3518,3675,3188,3495,3414,3429,3376,3451,3602,3563,3402,3649,3396,3579,3237,3568,3509,3438,3417,3591,3504,3629,3447,3470,3582,3594,3670,3619,3705,3492,3580,3582,3620,3455,3706,3422,3518,3597,3687,3389,3591,3444,3584,3597,3581,3351,3578,3507,3514,3548,3490,3487,3779,3679,3498,3502,3607,3436,3531,3406,3601,3523,3473,3642,3434,3690,3503,3456,3481,3397,3417,3424,3370,3572,3592,3690,3540,3543,3603,3626,3488,3511,3568,3466,3491,3666,3396,3542,3672,3418,3588,3517,3524,3532,3555,3773,3421,3491,3415,3580,3425,3500,3297,3654,3503,3401,3508,3696,3759,3401,3405,3581,3698,3758,3449,3596,3477,3587,3635,3635,3430,3531,3691,3454,3457,3546,3384,3551,3494,3554,3595,3564,3417,3362,3606,3530,3623,3515,3596,3442,3334,3665,3494,3439,3538,3514,3646,3399,3426,3420,3635,3480,3473,3592,3406,3478,3461,3523,3423,3609,3470,3498,3622,3670,3538,3457,3281,3538,3449,3580,3438,3521,3420,3531,3537,3426,3609,3519,3712,3716,3412,3568,3487,3508,3549,3425,3534,3540,3489,3612,3531,3584,3511,3537,3479,3385,3729,3711,3531,3445,3511,3499,3588,3486,3701,3498,3385,3432,3448,3434,3391,3498,3590,3508,3657,3361,3580,3705,3336,3549,3494,3351,3370,3477,3558,3617,3469,3646,3348,3525,3544,3618,3566,3551,3665,3452,3310,3429,3627,3490,3668,3634,3478,3396,3603,3523,3400,3266,3665,3647,3685,3464,3597,3435,3740,3344,3572
3264,3273,3279,3428,3256,3169,3283,3280,3283,3356,3142,3148,3351,3194,3145,3324,3327,3342,3261,3338,3206,3397,3181,3464,3210,3348,3300,3250,3437,3091,3219,3255,3374,3261,3228,3262,3397,3253,3548,3275,3372,3188,3245,3204,3280,3377,3505,3277,3525,3316,3175,3360,3211,3182,3192,3302,3207,3227,3099,3173,3196,3465,3309,3229,3366,3187,3343,3125,3245,3206,3184,3247,3264,3287,3266,3100,3289,3203,3379,3094,3260,3190,3307,3311,3257,3273,3295,3202,3269,3250,3287,3122,3335,3282,3373,3335,3355,3123,3107,3221,3285,3045,3382,3197,3334,3070,3319,3213,3397,3393,3292,3127,3122,3220,3534,3078,3403,3177,3359,3284,3281,3288,3361,3303,3306,3382,3155,3054,3282,3246,3306,3305,3360,3240,3397,3319,3096,3150,3219,3295,3146,2974,3313,3068,3184,3192,3233,3323,3373,3081,3111,3243,3266,3191,3068,3189,3267,3405,3293,3364,3353,3207,3222,3082,3143,3315,3143,3198,3171,3132,3234,3356,3112,3093,3161,3439,3235,3199,3294,3315,3466,3343,3184,3292,3191,3244,3351,3307,3477,3152,3390,3180,3357,3179,3323,3124,3337,3227,3320,3383,3289,3156,3425,3118,3195,3112,3158,3248,3344,3140,3330,3315,3325,3293,3271,3260,3325,3222,3284,3338,3130,3341,3231,3421,3327,3325,3239,3284,3187,3207,3188,3266,2980,3234,3382,3472,3274,3454,3252,3085,3076,3178,3313,3408,3461,3211,3287,3058,3313,3386,3372,3210,3158,3132,3229,3398,3155,3413,3289,3221,3242,3341,3227,3361,3260,3316,3294,3288,3156,3208,3059,3274,3382,3086,3232,3398,3371,3223,3251,3327,3196,3293,3398,3287,3295,3280,3121,3361,3266,3269,3356,3305,3365,3237,3157,2982,3014,3269,3355,3191,3246,3246,3277,3191,3225,3137,3249,3084,3351,3455,3373,3337,3402,3491,3247,3303,3158,3262,3269,3182,3264,3274,3201,3231,3312,3430,3076,3184,2893,3053,3337,3325,3366,3243,3097,3257,3218,3140,3203,3160,3399,3081,3066,3125,3328,3364,3390,3164,3258,3375,3307,3352,3270,3184,3105,3049,3276,3244,3363,3245,3341,3071,3252,3075,3366,3075,3185,3084,3102,3228,3108,3300,3190,3181,3178,3178,3455,3278,3230,3123,3294,3315,3383,3277,3413,3169,3379,3535,3109,3342,3174,3370,3257,3471,3311,3172,3150,3316,3233,3295,3292,3325,3379,3418,3007,3334,3158,3171,3186,3202,3261,3267,3371,3218,3158,3255,3218,3201,3224,3273,3389,3261,3435,3316,3350,3206,3254,3295,3355,3138,3193,3268,3188,3182,3573,3198,3148,3041,3049,3415,3273,3191,3383,3313,3461,3396,3444,3346,3403,3235,3278,3333,3390,3192,3576,3369,3236,3225,3172,3172,3435,3482,3158,3256,3376,3388,3433,3166,3249,3440,3234,2912,3183,3294,3280,3096,3428,3323,3324,3432,3461,3040,3051,3199,3207,3225,3289,3071,3301,3445,3228,3233,3328,3233,3072,3084,3401,3433,3348,3388,3423,3258,3141,3079,3226,3344,3279,3139,3432,3387,3179,3298,3387,3200,3179,3251,3087,3157,3390,3232,3102,3236,3190,3175,3208,3117,3294,3169,3203,3325,3164,3277,3207,3455,3013,3394,3241,3336,3212,3281,3245,3239,3260,3276,3189,3313,3370,3254,3323,3058,3250,3233,3326,3283,3225,3326,3262,3254,3229,3173,3189,3258,3310,3361,3180,3384,3140,3497,3261,3188,3191,3365,3477,3392,3482,3340,3173,3302,3406,3066,3166,3124,3114,3231,3390,3149,2955,3379,3309,3369,3559,3230,3273,3188,3170,3326,3435,3213,3151,3328,3142,3247,3316,3280,3347,3138,3305,3103,3231,3323,3311,3495,3101,3200,3408,3274,3268,3298,3390,3272,3227,3276,3187,3325,3201,3205,3215,3444,3225,3311,3298,3203,3175,3292,3217,3356,3313,3186,3214,3185,3420,3408,3257,3358,3230,3397,3362,3328,3191,3374,3049,3483,3303,3073,3085,3306,3071,3178,3065,3272,3073,3370,3215,3317,3201,3329,3333,3218,3332,3236,3476,3337,3069,3215,3232,3168,3355,3145,3112,3443,3286,3211,3369,3272,3368,3394,3184,3381,3178,3294,3321,3198,3260,3188,3319,3100,3315,3323,3326,3310,3184,3305,3279,3265,3259,3453,3197,3461,3261,3296,3236,3224,3210,3245,3364,3459,3251,3291,3280,3195,3145,3290,3310,3346,3402,3313,3206,3232,3244,3362,3132,3210,3406,3199,3236,3268,3284,3076,3200,3055,3272,3387,3379,3304,3434,2879,3281,3233,3270,3177,3184,3218,3299,3192,3343,3269,3328,3095,3161,3258,3130,3178,3242,3198,3392,3182,3180,3269,3274,3305,3317,3383,3218,3326,3274,3265,3248,3566,3183,3224,3244,3348,3102,3453,3204,3346,3294,3209,3100,3301,3174,3263,3367,3222,3237,3342,3351,3213,3285,3379,3158,3216,3263,3397,3235,3161,3368,3269,3210,3316,3176,3365,3258,3205,3105,3116,3374,3328,3410,3170,3255,3199,3428,3244,3395,3336,3257,3253,3359,3130,3194,3463,3085,3248,3113,3311,3210,3284,3494,3256,3166,3088,3283,3223,3223,3154,3371,3189,3205,3233,3506,3417,3264,3077,3334,3358,3316,3235,3203,3213,3486,3337,3285,3179,3205,3391,3158,3264,3325,3070,3337,3259,3263,3223,3314,3128,3286,3321,3327,3332,3250,3243,3134,3102,3234,3247,3335,3279,3233,3359,3259,3108,3143,3256,3363,3266,3219,3195,3124,3188,3052,3167,3360,3122,3228,3332,3316,3229,3137,3127,3346,3265,3300,3191,3337,3244,3360,3257,3194,3344,3372,3239,3315,3103,3287,3166,3314,3272,3258,3426,3340,3085,3318,3273,3164,3127,3102,3128,3192,3354,3548,3212,3240,3198,3087,3326,3323,3435,3283,3244,3129,3226,3231,3182,3242,3499,3159,3426,3170,3281,3347,3123,3340,3310,3058,3183,3139,3196,3293,3165,3489,3082,3262,3262,3318,3206,3176,3348,3250,2947,3243,3266,3308,3317,3356,3291,3199,3241,3186,3362,3047,3362,3339,3294,3339,3342,3283,3404,3075,3414
2565,2656,2683,2888,2827,2627,2735,2681,2870,2726,2739,2631,2802,2715,2611,2794,2802,2738,2762,2760,2732,2875,2683,2882,2787,2752,2726,2692,2989,2866,2704,2765,2841,2785,2590,2679,2870,2771,2963,2796,2859,2678,2704,2687,2752,2802,2906,2751,2954,2731,2665,2859,2777,2716,2744,2757,2705,2692,2672,2679,2621,2886,2761,2779,2894,2737,2797,2606,2680,2683,2672,2675,2729,2748,2705,2567,2897,2735,2704,2480,2677,2658,2744,2669,2681,2740,2677,2778,2808,2622,2638,2572,2763,2772,2834,2902,2723,2696,2591,2667,2719,2583,2883,2739,2840,2526,2648,2769,2804,2721,2671,2731,2594,2743,2865,2746,2912,2623,2846,2654,2832,2783,2748,2880,2786,2840,2670,2488,2736,2787,2754,2680,2680,2795,2834,2783,2582,2657,2776,2575,2557,2617,2744,2424,2606,2664,2691,2840,2839,2581,2666,2715,2719,2771,2594,2601,2695,2799,2703,2844,2768,2757,2712,2683,2620,2754,2702,2695,2721,2702,2715,2946,2617,2556,2722,2765,2739,2545,2735,2837,2897,2776,2782,2894,2652,2621,2710,2768,2743,2779,2867,2704,2870,2636,2802,2774,2860,2676,2844,2897,2654,2657,2659,2724,2643,2655,2661,2801,2703,2668,2727,2796,2781,2800,2721,2628,2713,2728,2724,2768,2632,2876,2698,2923,2811,2709,2678,2770,2751,2623,2683,2685,2561,2678,2794,2940,2655,3059,2753,2648,2547,2705,2747,2813,2841,2750,2756,2554,2836,2894,2806,2655,2694,2741,2553,2791,2635,2825,2780,2753,2691,2790,2633,2763,2750,2764,2722,2677,2696,2739,2564,2678,2786,2680,2652,2724,2775,2707,2743,2758,2720,2718,2784,2708,2761,2779,2581,2705,2685,2774,2864,2771,2768,2774,2722,2447,2528,2625,2830,2656,2749,2784,2776,2645,2751,2801,2706,2556,2719,2873,2857,2732,2922,2942,2697,2683,2614,2752,2778,2705,2731,2779,2680,2700,2803,2797,2591,2661,2556,2546,2748,2740,2873,2806,2751,2748,2610,2651,2772,2650,2927,2631,2705,2573,2827,2781,2701,2707,2726,2858,2666,2720,2728,2663,2490,2503,2747,2699,2742,2730,2752,2571,2763,2671,2850,2598,2683,2662,2620,2745,2527,2753,2642,2665,2652,2720,2989,2842,2677,2699,2760,2764,2738,2708,2861,2699,2884,2905,2625,2785,2672,2896,2718,2851,2836,2695,2681,2810,2746,2785,2740,2731,2700,2915,2592,2765,2647,2763,2685,2675,2741,2819,2800,2748,2610,2650,2610,2717,2672,2762,2860,2676,2845,2784,2751,2594,2648,2699,2817,2604,2726,2748,2691,2621,2915,2667,2727,2694,2602,2854,2675,2658,2802,2827,2927,2828,2773,2868,2756,2673,2687,2806,2869,2846,2970,2778,2656,2785,2653,2677,2737,2915,2572,2796,2836,2722,2913,2667,2730,2841,2711,2417,2712,2780,2732,2598,2798,2809,2869,2759,2766,2448,2496,2658,2715,2659,2924,2570,2759,2909,2645,2718,2843,2795,2655,2585,2781,2770,2745,2791,2870,2630,2687,2675,2693,2766,2751,2643,2895,2823,2651,2711,2729,2779,2736,2600,2521,2681,2768,2686,2706,2694,2662,2664,2640,2619,2733,2703,2705,2889,2727,2702,2756,2850,2548,2814,2669,2762,2750,2699,2647,2718,2704,2813,2659,2721,2804,2704,2681,2682,2801,2766,2756,2877,2686,2781,2738,2746,2676,2484,2641,2793,2697,2711,2755,2780,2645,2834,2742,2698,2669,2801,2795,2834,2992,2826,2711,2789,2748,2711,2768,2583,2553,2743,2769,2542,2547,2835,2732,2819,2909,2700,2686,2711,2623,2749,2774,2658,2594,2782,2792,2704,2670,2791,2767,2716,2789,2633,2770,2763,2829,2888,2574,2790,2956,2777,2689,2825,2853,2718,2721,2739,2717,2881,2631,2798,2717,2884,2783,2787,2727,2715,2669,2671,2655,2791,2774,2651,2669,2662,2895,2747,2814,2867,2678,2816,2739,2693,2803,2774,2556,2956,2708,2664,2530,2757,2569,2741,2590,2752,2630,2748,2714,2771,2639,2772,2940,2749,2673,2628,3007,2713,2683,2684,2763,2657,2821,2724,2564,2789,2816,2703,2778,2780,2754,2794,2735,2877,2657,2742,2747,2660,2671,2658,2769,2705,2778,2792,2718,2744,2703,2759,2596,2727,2619,2798,2595,2979,2731,2709,2751,2623,2688,2913,2833,2975,2718,2691,2592,2663,2697,2710,2728,2842,2794,2872,2693,2633,2679,2818,2539,2812,2812,2731,2767,2804,2778,2645,2685,2675,2817,2828,2836,2742,2845,2360,2741,2749,2792,2712,2747,2664,2894,2684,2796,2674,2706,2549,2711,2691,2617,2634,2801,2664,2879,2662,2697,2739,2677,2750,2815,2740,2658,2740,2740,2689,2648,2843,2551,2685,2725,2789,2588,2862,2664,2794,2775,2804,2572,2774,2644,2662,2715,2613,2728,2836,2873,2681,2735,2769,2636,2741,2746,2810,2712,2621,2852,2707,2847,2733,2678,2742,2813,2672,2641,2609,2780,2706,2894,2665,2786,2576,2823,2783,2877,2843,2805,2697,2924,2573,2683,2843,2561,2736,2655,2799,2752,2703,2963,2719,2660,2670,2767,2672,2747,2571,2827,2761,2703,2675,3038,2924,2777,2611,2800,2854,2803,2724,2752,2719,2781,2735,2615,2573,2741,2846,2591,2747,2656,2620,2858,2805,2708,2691,2865,2792,2693,2692,2837,2805,2761,2859,2662,2492,2832,2684,2750,2691,2672,2811,2624,2603,2609,2711,2812,2723,2732,2623,2696,2755,2702,2638,2737,2664,2697,2829,2862,2658,2862,2603,2876,2742,2813,2663,2736,2782,2800,2692,2763,2794,2802,2701,2852,2633,2699,2581,2787,2852,2766,2805,2686,2625,2773,2655,2711,2745,2537,2756,2699,2932,2890,2735,2688,2666,2654,2873,2616,2882,2753,2716,2676,2649,2667,2676,2659,2801,2604,2864,2710,2755,2927,2500,2750,2740,2612,2671,2728,2723,2791,2619,2891,2616,2696,2831,2723,2750,2620,2710,2778,2501,2664,2754,2728,2885,2696,2706,2781,2731,2677,2786,2560,2836,2830,2770,2701,2787,2702,2858,2504,2968
2734,2761,2773,2979,2951,2645,2878,2788,2805,2835,2833,2732,2829,2765,2769,2888,2940,2900,2819,2894,2724,2902,2741,3015,2813,2779,2788,2901,3044,2799,2878,2805,2907,2900,2643,2814,2858,2804,3091,2906,2890,2762,2881,2817,2811,3025,3053,2826,3108,2850,2756,2893,2936,2861,2830,2919,2677,2877,2797,2805,2735,3018,2914,2834,2883,2831,2904,2653,2788,2790,2707,2756,2856,2807,2745,2578,3010,2894,2845,2686,2746,2662,2842,2756,2782,2790,2753,2800,2927,2819,2782,2757,2859,2790,2845,2898,2974,2636,2757,2735,2994,2661,3018,2828,2937,2649,2713,2921,2871,2757,2873,2762,2787,2852,2975,2746,2831,2818,2853,2737,2945,2805,2874,2877,2882,2816,2788,2687,2857,2769,2885,2803,2813,2858,2849,2771,2605,2795,2789,2821,2664,2772,2824,2651,2805,2827,2844,2921,2865,2603,2717,2831,2823,2868,2664,2735,2791,2859,2845,2930,2889,2807,2731,2846,2706,2942,2668,2720,2737,2746,2804,2895,2727,2722,2840,2864,2860,2565,2771,2864,2962,2955,2810,2791,2695,2745,2775,2941,2954,2763,3009,2698,2908,2741,2765,2903,2897,2707,2892,3049,2849,2668,2979,2716,2604,2797,2777,2960,2816,2768,2784,2796,2903,2977,2859,2635,2761,2750,2769,2952,2779,2898,2753,2947,2943,2857,2758,2803,2875,2768,2804,2795,2533,2712,2863,3025,2795,3060,2814,2781,2630,2809,2825,2854,3010,2894,2848,2611,2960,2861,2976,2707,2841,2802,2673,2872,2694,2851,2785,2882,2838,2897,2795,2849,2815,2757,2746,2782,2828,2815,2779,2790,2927,2683,2702,2908,2768,2834,2793,2964,2732,2822,2920,2819,2849,2895,2678,2820,2786,2805,2962,2834,2927,2773,2783,2587,2541,2771,2850,2843,2899,2997,2864,2790,2766,2746,2855,2730,2804,2949,2858,2910,2872,3057,2806,2732,2782,2813,2933,2704,2795,2851,2727,2789,2877,2969,2683,2873,2597,2767,2830,2892,2979,2895,2656,2764,2761,2626,2859,2741,2995,2656,2768,2693,3017,2874,2779,2809,2847,2947,2782,2861,2751,2802,2542,2760,2770,2870,2768,2869,2792,2693,2877,2680,2908,2681,2682,2694,2710,2803,2657,2822,2792,2684,2723,2812,2986,2855,2735,2789,2859,2892,2927,2842,2975,2710,2928,2978,2730,2898,2743,2983,2839,3042,2879,2713,2732,2911,2881,2898,2842,2844,2944,3003,2611,2939,2855,2807,2851,2761,2885,2883,2918,2800,2712,2794,2825,2808,2716,2820,3024,2847,2931,2921,2834,2631,2757,2817,2855,2718,2809,2909,2627,2784,2981,2723,2721,2646,2647,3035,2749,2727,2771,2794,3079,2915,3015,2911,2862,2788,2900,3002,2949,2829,3023,2939,2741,2843,2723,2751,2893,2948,2698,2918,2892,2953,3005,2775,2775,2838,2733,2565,2768,2869,2830,2638,2864,2880,2920,2911,2934,2512,2643,2743,2789,2816,2907,2764,2797,2925,2607,2817,2986,2846,2840,2700,2971,2854,2822,2924,2993,2826,2810,2609,2872,2899,2975,2761,2962,2851,2820,2774,2834,2919,2759,2739,2683,2785,2805,2698,2770,2802,2748,2682,2620,2837,2758,2774,2742,2948,2820,2809,2760,2917,2622,2904,2740,2874,2933,2773,2804,2764,2785,2939,2775,2849,2910,2788,2712,2840,2786,2851,2871,2893,2841,2907,2845,2820,2806,2582,2847,2789,2834,2719,2875,2952,2750,3009,2879,2819,2748,2850,2919,2857,2980,2796,2785,2870,2785,2661,2782,2808,2717,2865,2871,2742,2606,2865,2877,2917,3041,2765,2788,2740,2812,2861,2910,2845,2688,2957,2764,2824,2785,2842,2805,2768,2836,2612,2909,2814,2900,2922,2763,2865,3033,2865,2754,2919,2969,2756,2758,2753,2797,2993,2706,2770,2793,2947,2874,2945,2803,2965,2786,2784,2776,2977,2785,2623,2802,2749,2991,2867,2830,3011,2807,2864,2922,2863,2824,2863,2751,3035,2807,2796,2598,2896,2565,2916,2710,2886,2706,2864,2731,2807,2761,2901,2976,2888,2847,2692,3170,2814,2696,2718,2765,2760,2805,2773,2645,2944,2862,2808,2902,2880,2875,2907,2752,2914,2772,2839,2703,2761,2796,2721,2831,2781,2859,2944,2822,2946,2711,2829,2743,2966,2618,2873,2763,3018,2905,2701,2744,2844,2921,2934,2891,3124,2876,2913,2723,2734,2791,2804,2808,2918,2823,2793,2832,2717,2748,2959,2685,2781,2954,2858,2850,2963,2838,2785,2819,2721,2908,2907,2933,2886,2938,2519,2840,2796,2787,2751,2931,2867,2828,2697,2882,2787,2781,2678,2790,2836,2710,2691,2903,2695,2868,2833,2812,2744,2659,2790,2803,2842,2663,2802,2890,2706,2745,2853,2737,2784,2831,2851,2637,3016,2650,2911,2807,2911,2674,2776,2606,2886,2853,2699,2751,2884,2928,2771,2748,2923,2764,2752,2789,2912,2840,2765,2869,2749,2745,2818,2887,2891,2823,2846,2739,2643,2806,2826,2918,2840,2725,2638,2898,2865,2792,2925,2868,2813,2918,2741,2795,2868,2660,2780,2644,2869,2802,2738,3029,2939,2773,2642,2781,2815,2859,2668,2883,2829,2718,2853,3090,3011,2719,2744,2846,2992,2911,2734,2868,2832,2867,2885,2860,2715,2839,2853,2836,2828,2808,2689,2999,2908,2792,2873,2815,2699,2701,2756,2906,2873,2818,2968,2739,2739,2927,2736,2709,2843,2770,2948,2704,2674,2703,2813,2875,2859,2766,2699,2775,2814,2645,2851,2850,2676,2878,2929,2891,2720,2768,2657,2812,2828,2887,2670,2845,2854,2856,2766,2712,2863,2933,2733,2900,2653,2708,2680,2756,2854,2853,2897,2736,2736,2851,2725,2919,2852,2594,2878,2807,2943,2914,2790,2692,2841,2706,2890,2748,2967,2798,2715,2759,2744,2760,2704,2707,2888,2756,3007,2836,2811,2865,2665,2873,2806,2784,2777,2711,2942,2964,2636,2909,2747,2740,2814,2951,2921,2731,2940,2899,2603,2849,2942,2830,2954,2746,2842,2924,2852,2673,2855,2728,2930,2999,2831,2982,2922,2729,3050,2610,2974
2526,2537,2517,2697,2612,2457,2506,2456,2502,2562,2582,2418,2578,2454,2555,2497,2771,2660,2641,2582,2570,2666,2547,2645,2582,2604,2558,2682,2708,2540,2481,2539,2642,2617,2388,2423,2583,2600,2723,2554,2620,2433,2536,2499,2501,2706,2702,2571,2733,2556,2538,2586,2592,2470,2514,2527,2464,2559,2521,2510,2493,2702,2667,2502,2578,2495,2617,2475,2421,2466,2377,2535,2486,2570,2439,2366,2708,2503,2666,2366,2519,2409,2617,2590,2548,2488,2604,2559,2552,2510,2548,2518,2615,2596,2561,2628,2566,2423,2540,2477,2601,2448,2742,2542,2527,2352,2420,2538,2655,2572,2580,2560,2538,2516,2718,2442,2589,2522,2658,2507,2749,2697,2461,2646,2650,2606,2506,2457,2605,2477,2563,2529,2610,2553,2617,2543,2320,2459,2608,2428,2411,2488,2725,2319,2328,2497,2425,2572,2600,2311,2552,2648,2425,2571,2447,2401,2516,2616,2529,2645,2604,2515,2388,2537,2517,2571,2483,2555,2557,2481,2576,2598,2350,2395,2448,2661,2573,2492,2471,2543,2711,2656,2599,2586,2523,2484,2467,2570,2612,2505,2625,2543,2612,2437,2597,2710,2621,2417,2607,2665,2593,2381,2578,2530,2462,2498,2509,2534,2418,2504,2644,2667,2530,2672,2499,2457,2573,2514,2406,2665,2512,2630,2543,2756,2551,2542,2411,2555,2573,2471,2478,2595,2271,2600,2673,2742,2554,2788,2521,2460,2363,2504,2564,2635,2704,2660,2561,2453,2645,2611,2746,2466,2583,2471,2316,2567,2347,2660,2572,2507,2549,2662,2527,2535,2584,2403,2492,2506,2581,2586,2436,2512,2667,2462,2594,2584,2598,2616,2497,2528,2633,2463,2570,2527,2556,2525,2472,2458,2509,2511,2568,2608,2470,2489,2503,2231,2297,2481,2616,2512,2646,2615,2644,2548,2499,2626,2542,2467,2661,2619,2700,2513,2599,2774,2577,2511,2477,2589,2658,2426,2525,2524,2365,2610,2632,2682,2372,2609,2387,2507,2504,2546,2722,2662,2375,2553,2561,2531,2550,2469,2701,2424,2450,2353,2616,2599,2405,2499,2672,2642,2620,2475,2519,2603,2338,2391,2579,2586,2482,2523,2524,2423,2593,2373,2654,2531,2398,2478,2438,2618,2359,2693,2579,2489,2507,2511,2745,2603,2501,2550,2525,2637,2640,2532,2675,2433,2646,2743,2483,2640,2466,2684,2594,2796,2682,2536,2395,2614,2598,2461,2503,2516,2617,2626,2363,2627,2453,2530,2557,2451,2664,2644,2557,2584,2542,2440,2490,2597,2411,2502,2664,2585,2550,2590,2491,2420,2510,2540,2638,2468,2430,2549,2398,2559,2836,2486,2499,2388,2426,2624,2511,2524,2566,2516,2707,2655,2776,2556,2618,2481,2595,2608,2698,2516,2721,2533,2470,2515,2425,2509,2610,2578,2592,2602,2716,2614,2704,2495,2626,2558,2522,2254,2510,2496,2496,2414,2553,2517,2638,2644,2606,2316,2272,2552,2453,2531,2664,2501,2466,2564,2433,2445,2806,2547,2452,2298,2590,2657,2501,2601,2725,2491,2547,2424,2519,2551,2558,2485,2654,2588,2479,2433,2520,2606,2484,2570,2429,2538,2529,2446,2407,2514,2412,2444,2401,2413,2644,2481,2516,2691,2518,2643,2535,2605,2392,2633,2554,2541,2571,2485,2447,2502,2388,2611,2512,2537,2631,2459,2414,2489,2661,2571,2660,2651,2534,2585,2540,2512,2517,2361,2543,2586,2553,2422,2607,2680,2448,2598,2536,2545,2548,2449,2639,2670,2816,2562,2464,2609,2588,2308,2471,2484,2426,2588,2498,2421,2382,2641,2561,2660,2797,2554,2629,2522,2524,2720,2502,2554,2398,2674,2479,2492,2437,2585,2683,2456,2528,2379,2586,2567,2638,2616,2395,2565,2744,2589,2506,2531,2620,2440,2604,2502,2584,2710,2555,2455,2450,2800,2602,2571,2476,2457,2459,2563,2479,2649,2425,2463,2476,2406,2798,2581,2586,2790,2504,2702,2598,2470,2546,2639,2353,2728,2488,2555,2508,2659,2393,2683,2465,2551,2498,2586,2469,2654,2420,2550,2725,2484,2523,2455,2864,2545,2353,2417,2545,2490,2649,2474,2404,2533,2589,2520,2569,2540,2593,2577,2513,2631,2420,2561,2415,2555,2548,2496,2561,2508,2518,2624,2466,2581,2426,2435,2469,2536,2332,2569,2403,2742,2523,2345,2553,2523,2539,2698,2625,2841,2608,2535,2513,2455,2588,2417,2606,2593,2640,2456,2485,2530,2453,2564,2438,2529,2616,2563,2588,2710,2553,2551,2597,2495,2522,2614,2655,2554,2570,2267,2584,2532,2664,2512,2593,2595,2609,2474,2607,2425,2537,2411,2524,2514,2418,2447,2684,2557,2505,2606,2482,2511,2582,2515,2547,2577,2473,2508,2531,2377,2531,2628,2476,2477,2548,2600,2486,2722,2426,2699,2549,2510,2424,2496,2385,2567,2549,2554,2574,2535,2661,2397,2486,2471,2528,2605,2498,2548,2571,2393,2531,2475,2643,2512,2492,2539,2674,2576,2484,2429,2622,2524,2632,2412,2482,2499,2644,2497,2527,2649,2563,2452,2688,2462,2445,2550,2442,2561,2470,2597,2536,2535,2680,2646,2465,2429,2548,2516,2620,2410,2602,2665,2441,2527,2733,2703,2429,2403,2599,2615,2600,2397,2621,2618,2532,2560,2590,2422,2641,2584,2557,2612,2525,2362,2713,2674,2498,2540,2603,2434,2521,2508,2605,2550,2592,2631,2536,2427,2692,2470,2385,2479,2660,2665,2483,2461,2502,2569,2649,2594,2458,2508,2532,2495,2463,2432,2489,2517,2607,2597,2514,2439,2638,2406,2561,2469,2672,2531,2553,2600,2611,2531,2492,2635,2638,2458,2629,2534,2476,2435,2573,2605,2624,2579,2484,2423,2562,2524,2580,2457,2261,2628,2545,2620,2647,2589,2431,2586,2363,2586,2495,2655,2493,2393,2626,2517,2500,2472,2449,2659,2514,2574,2462,2690,2668,2333,2501,2580,2509,2573,2531,2585,2660,2453,2624,2411,2464,2547,2604,2632,2444,2666,2608,2358,2456,2592,2660,2702,2548,2555,2552,2439,2423,2506,2395,2652,2660,2627,2572,2597,2545,2717,2419,2655
2408,2465,2457,2480,2500,2449,2422,2397,2485,2425,2565,2337,2507,2463,2417,2483,2638,2541,2492,2542,2357,2576,2384,2636,2520,2458,2482,2533,2578,2364,2528,2480,2600,2495,2327,2396,2531,2519,2687,2497,2513,2331,2493,2478,2446,2633,2549,2428,2597,2545,2384,2470,2538,2512,2499,2495,2421,2421,2394,2459,2393,2559,2526,2456,2447,2387,2536,2296,2406,2390,2388,2359,2385,2372,2230,2261,2619,2512,2588,2391,2395,2264,2492,2443,2438,2502,2432,2408,2654,2575,2477,2473,2552,2447,2571,2500,2620,2325,2465,2379,2564,2441,2638,2439,2556,2332,2365,2488,2478,2438,2530,2564,2486,2492,2511,2421,2514,2437,2491,2468,2630,2482,2350,2485,2526,2563,2303,2291,2503,2545,2461,2471,2551,2392,2589,2550,2282,2488,2415,2398,2365,2436,2673,2296,2349,2444,2422,2466,2387,2155,2432,2584,2416,2452,2410,2302,2353,2533,2388,2555,2499,2520,2371,2490,2404,2474,2424,2500,2492,2404,2548,2660,2345,2448,2505,2526,2611,2384,2432,2369,2597,2628,2539,2521,2393,2399,2460,2561,2564,2491,2642,2412,2522,2332,2529,2560,2514,2295,2429,2667,2468,2263,2513,2417,2455,2412,2428,2581,2293,2480,2411,2500,2453,2642,2505,2418,2477,2341,2363,2598,2531,2545,2397,2584,2518,2501,2418,2462,2506,2362,2474,2498,2178,2466,2556,2574,2555,2666,2477,2431,2221,2413,2312,2620,2707,2506,2403,2351,2528,2533,2598,2462,2542,2350,2399,2484,2385,2490,2531,2412,2427,2535,2418,2367,2425,2341,2480,2457,2592,2494,2375,2444,2535,2378,2378,2586,2505,2541,2349,2455,2536,2441,2498,2461,2486,2598,2348,2390,2506,2550,2608,2441,2506,2462,2413,2158,2223,2418,2477,2600,2491,2638,2441,2402,2401,2350,2480,2528,2514,2496,2662,2471,2551,2563,2397,2386,2473,2477,2661,2355,2394,2457,2454,2499,2500,2615,2225,2565,2293,2375,2448,2444,2552,2545,2249,2479,2460,2351,2432,2376,2594,2335,2364,2309,2650,2603,2312,2434,2627,2505,2447,2593,2431,2486,2246,2439,2542,2505,2506,2365,2498,2302,2533,2301,2544,2501,2338,2449,2320,2445,2333,2626,2489,2373,2536,2417,2685,2596,2333,2459,2482,2530,2649,2476,2518,2422,2493,2688,2516,2397,2390,2524,2450,2715,2514,2499,2332,2585,2475,2539,2627,2470,2543,2559,2298,2535,2434,2510,2435,2348,2495,2599,2500,2450,2433,2450,2366,2481,2272,2478,2630,2553,2499,2458,2488,2371,2422,2370,2651,2487,2394,2366,2391,2394,2687,2328,2379,2306,2360,2597,2445,2480,2560,2488,2662,2545,2732,2522,2546,2437,2582,2498,2633,2438,2636,2435,2353,2494,2409,2406,2469,2464,2366,2475,2528,2467,2686,2358,2349,2427,2578,2372,2460,2368,2490,2419,2509,2512,2649,2580,2571,2314,2261,2440,2419,2395,2342,2569,2392,2489,2415,2359,2689,2495,2330,2240,2498,2572,2369,2541,2734,2439,2520,2428,2532,2477,2476,2214,2595,2437,2479,2463,2475,2460,2455,2378,2352,2448,2404,2456,2379,2408,2375,2222,2351,2411,2545,2423,2342,2556,2343,2655,2438,2492,2246,2495,2452,2523,2523,2359,2432,2500,2269,2510,2443,2470,2592,2411,2313,2523,2377,2519,2492,2649,2478,2495,2460,2446,2353,2386,2498,2437,2454,2463,2566,2549,2312,2637,2450,2525,2459,2408,2493,2382,2710,2470,2457,2563,2402,2246,2406,2463,2309,2474,2461,2395,2267,2515,2433,2564,2618,2437,2463,2439,2448,2521,2417,2499,2440,2573,2374,2411,2330,2530,2459,2390,2409,2301,2419,2578,2563,2546,2348,2572,2755,2589,2335,2461,2498,2319,2510,2434,2502,2619,2369,2456,2271,2628,2478,2441,2454,2485,2433,2545,2344,2559,2386,2307,2463,2320,2534,2355,2517,2658,2504,2445,2531,2494,2512,2548,2427,2665,2502,2324,2420,2607,2262,2613,2387,2535,2430,2532,2326,2499,2403,2516,2565,2379,2389,2395,2700,2483,2307,2347,2448,2554,2455,2425,2305,2594,2479,2449,2563,2580,2476,2580,2533,2519,2364,2534,2386,2373,2451,2370,2429,2417,2413,2479,2430,2603,2466,2399,2362,2466,2231,2451,2365,2634,2421,2260,2509,2507,2520,2616,2558,2730,2541,2386,2537,2346,2452,2470,2586,2598,2542,2448,2467,2527,2358,2517,2325,2556,2449,2471,2494,2632,2382,2425,2548,2408,2501,2494,2442,2523,2481,2189,2564,2434,2549,2441,2465,2472,2391,2504,2412,2363,2397,2344,2424,2361,2349,2361,2477,2409,2424,2447,2370,2464,2361,2419,2449,2536,2356,2410,2409,2243,2488,2534,2486,2420,2310,2512,2422,2635,2317,2525,2415,2436,2362,2365,2181,2377,2417,2487,2469,2554,2634,2401,2422,2416,2427,2510,2460,2535,2428,2355,2545,2325,2476,2399,2509,2485,2576,2562,2374,2227,2460,2379,2511,2363,2418,2378,2593,2495,2481,2565,2530,2439,2588,2274,2369,2474,2297,2427,2399,2464,2493,2432,2644,2564,2434,2320,2380,2465,2668,2382,2550,2476,2484,2432,2699,2651,2331,2381,2465,2590,2507,2263,2569,2487,2318,2434,2522,2423,2408,2457,2405,2331,2379,2392,2638,2538,2449,2557,2437,2389,2358,2356,2531,2522,2513,2507,2460,2336,2597,2377,2372,2443,2614,2415,2424,2268,2493,2463,2412,2398,2428,2480,2415,2384,2414,2421,2448,2387,2521,2539,2518,2316,2453,2412,2540,2379,2539,2407,2526,2490,2532,2416,2388,2470,2459,2463,2412,2354,2442,2231,2602,2509,2523,2517,2266,2404,2519,2321,2521,2451,2204,2632,2467,2532,2536,2488,2426,2426,2343,2592,2409,2569,2437,2316,2470,2375,2353,2466,2380,2480,2402,2451,2358,2642,2531,2381,2421,2475,2355,2580,2382,2480,2490,2431,2487,2364,2340,2512,2479,2488,2495,2548,2462,2370,2425,2592,2506,2642,2474,2462,2452,2471,2461,2417,2479,2537,2560,2573,2513,2502,2443,2651,2285,2566
2234,2209,2249,2386,2308,2206,2131,2243,2212,2224,2323,2107,2253,2244,2252,2250,2362,2278,2265,2381,2227,2322,2155,2447,2280,2218,2296,2219,2394,2189,2184,2257,2431,2214,2128,2171,2357,2291,2471,2247,2242,2121,2245,2277,2270,2341,2212,2298,2435,2366,2259,2337,2207,2286,2299,2197,2215,2205,2211,2166,2209,2317,2253,2226,2260,2174,2200,2217,2174,2174,2107,2251,2246,2213,2143,2167,2418,2305,2410,2129,2293,2172,2270,2202,2146,2224,2236,2244,2363,2270,2271,2269,2298,2223,2312,2354,2263,2146,2124,2133,2254,2117,2525,2193,2261,2094,2214,2336,2248,2209,2230,2208,2309,2313,2398,2347,2229,2299,2285,2147,2379,2237,2206,2334,2329,2384,2151,2167,2273,2208,2255,2188,2322,2268,2361,2181,1993,2228,2228,2272,2226,2246,2330,2175,2149,2190,2211,2156,2237,2127,2220,2449,2118,2235,2214,2008,2179,2282,2187,2309,2203,2142,2047,2233,2220,2279,2164,2271,2399,2142,2328,2387,2136,2259,2346,2308,2372,2110,2181,2125,2453,2330,2386,2289,2165,2210,2311,2249,2271,2342,2306,2309,2175,2116,2261,2384,2244,2147,2227,2419,2211,2124,2216,2262,2293,2296,2300,2280,2132,2173,2202,2344,2244,2425,2269,2139,2191,2114,2152,2351,2307,2405,2168,2462,2217,2266,2191,2237,2354,2082,2221,2325,1938,2153,2376,2331,2338,2377,2253,2237,2032,2216,2214,2357,2465,2278,2265,2149,2291,2292,2295,2269,2336,2237,2252,2326,2137,2256,2260,2246,2255,2297,2197,2257,2213,2209,2233,2242,2331,2331,2146,2209,2359,2183,2332,2144,2340,2329,2236,2227,2283,2181,2262,2300,2324,2334,2098,2175,2244,2327,2300,2178,2222,2204,2261,2060,2078,2136,2255,2319,2265,2382,2263,2124,2259,2239,2211,2276,2272,2303,2293,2277,2258,2366,2221,2206,2266,2162,2334,2117,2166,2206,2161,2314,2292,2234,2093,2394,1959,2203,2156,2330,2282,2251,2084,2304,2266,2284,2238,2167,2335,2150,2170,2114,2359,2284,2113,2153,2351,2207,2207,2332,2148,2224,2087,2215,2254,2317,2231,2172,2228,2148,2266,2172,2266,2141,2109,2168,2133,2271,2151,2406,2283,2189,2286,2185,2460,2242,2162,2307,2240,2310,2257,2316,2281,2156,2346,2305,2231,2272,2059,2347,2198,2467,2288,2242,2182,2324,2175,2284,2191,2284,2261,2411,2165,2246,2264,2198,2236,2076,2305,2272,2282,2262,2221,2273,2176,2309,2141,2269,2453,2344,2302,2272,2206,2192,2169,2237,2317,2188,2152,2170,2089,2247,2389,2214,2160,2036,2073,2413,2308,2197,2354,2193,2306,2426,2462,2180,2322,2139,2379,2266,2414,2236,2405,2300,2260,2277,2192,2200,2219,2255,2194,2197,2345,2302,2470,2116,2356,2273,2243,2080,2366,2169,2300,2269,2350,2251,2306,2365,2331,2058,1996,2282,2247,2106,2272,2283,2162,2172,2132,2176,2470,2313,2098,2086,2139,2355,2147,2294,2512,2215,2211,2118,2242,2193,2216,2085,2445,2264,2146,2198,2224,2361,2276,2184,2217,2212,2181,2262,2145,2164,2210,2124,2105,2300,2321,2127,2141,2383,2158,2377,2166,2157,2067,2332,2219,2294,2272,2192,2183,2222,2129,2261,2278,2246,2410,2160,2177,2213,2321,2225,2284,2384,2182,2242,2224,2222,2127,2107,2296,2248,2251,2356,2280,2369,2233,2418,2252,2295,2292,2188,2347,2281,2421,2297,2131,2267,2253,1988,2145,2215,2193,2313,2259,2191,2145,2276,2304,2348,2467,2180,2369,2257,2160,2346,2228,2315,2120,2321,2218,2204,2208,2274,2242,2186,2290,2067,2236,2288,2421,2345,2120,2256,2444,2266,2278,2261,2324,2050,2326,2196,2285,2352,2163,2231,2051,2401,2296,2211,2334,2206,2208,2293,2172,2329,2234,2114,2189,2108,2256,2213,2279,2413,2290,2211,2240,2237,2262,2416,2047,2494,2267,2197,2271,2339,2120,2402,2171,2175,2191,2275,2084,2346,2221,2318,2244,2245,2217,2205,2541,2304,2202,2086,2206,2238,2286,2177,2162,2340,2281,2172,2331,2302,2208,2257,2302,2172,2121,2360,2086,2212,2260,2120,2192,2198,2279,2238,2152,2287,2224,2211,2290,2271,2074,2322,2115,2348,2096,2057,2361,2342,2337,2421,2222,2470,2276,2251,2177,2100,2259,2212,2413,2245,2295,2212,2204,2252,2188,2307,2231,2251,2280,2173,2211,2397,2224,2210,2390,2180,2284,2276,2301,2302,2286,2052,2314,2244,2396,2268,2300,2168,2156,2184,2259,2085,2212,2049,2294,2209,2186,2247,2295,2100,2197,2308,2172,2293,2209,2225,2314,2319,2109,2228,2238,1990,2254,2276,2290,2189,2111,2215,2214,2494,2130,2446,2216,2130,2119,2182,1989,2235,2232,2169,2366,2313,2381,2193,2191,2192,2183,2202,2279,2337,2205,2161,2375,2123,2302,2098,2257,2233,2319,2277,2227,2173,2358,2276,2242,2183,2256,2207,2288,2247,2299,2345,2291,2167,2285,2243,2266,2161,2144,2163,2176,2370,2271,2246,2420,2370,2272,2126,2181,2281,2259,2236,2276,2345,2365,2204,2459,2438,2187,2136,2350,2366,2316,2110,2355,2405,2249,2170,2328,2153,2239,2214,2238,2247,2237,2144,2431,2312,2249,2222,2356,2175,2144,2165,2212,2290,2268,2325,2194,2218,2380,2196,2119,2186,2297,2151,2227,2085,2297,2370,2366,2209,2100,2242,2145,2222,2296,2176,2220,2233,2263,2229,2292,2190,2327,2307,2324,2279,2370,2274,2362,2209,2248,2200,2111,2358,2233,2195,2211,2189,2206,2102,2215,2274,2245,2213,2035,2107,2149,2218,2235,2161,2038,2239,2337,2349,2441,2219,2257,2355,2094,2309,2252,2371,2213,2065,2254,2240,2228,2139,2077,2248,2230,2241,2272,2272,2253,2151,2284,2229,2198,2291,2213,2281,2334,2266,2311,2163,2120,2287,2258,2312,2242,2312,2270,2162,2243,2328,2411,2271,2293,2190,2302,2121,2196,2221,2238,2320,2307,2225,2254,2243,2226,2466,2199,2333
2170,2224,2310,2279,2291,2117,2174,2098,2227,2160,2236,2023,2240,2198,2172,2162,2340,2315,2288,2345,2200,2284,2228,2334,2332,2141,2297,2195,2326,2158,2191,2165,2366,2129,2085,2191,2211,2151,2428,2297,2165,2049,2240,2212,2132,2264,2165,2175,2307,2283,2116,2167,2191,2316,2212,2182,2178,2090,2242,2157,2261,2330,2159,2170,2238,2101,2192,2142,2181,2184,2017,2221,2130,2103,2040,2078,2340,2266,2264,2111,2216,2120,2253,2170,2197,2219,2175,2167,2362,2252,2228,2187,2247,2222,2262,2370,2361,2031,2169,2196,2235,2045,2362,2191,2295,2027,2154,2348,2146,2140,2220,2205,2216,2260,2309,2352,2170,2177,2250,2118,2299,2230,2097,2360,2270,2224,2104,2076,2175,2194,2231,2053,2316,2204,2292,2197,2009,2046,2220,2213,2105,2209,2289,2058,2117,2083,2154,2210,2217,2108,2227,2369,2123,2234,2060,1992,2090,2340,2211,2186,2211,2080,2022,2082,2199,2144,2294,2145,2188,2114,2265,2271,2113,2205,2259,2370,2300,2122,2202,2044,2246,2365,2199,2301,2154,2213,2161,2331,2313,2268,2334,2226,2158,2081,2210,2279,2139,2007,2140,2397,2091,2069,2246,2208,2261,2230,2285,2142,2070,2156,2227,2267,2193,2246,2299,2187,2227,2095,2128,2265,2390,2309,2149,2453,2182,2215,2124,2302,2287,1989,2188,2348,1926,2104,2304,2299,2281,2347,2190,2126,2041,2144,2218,2286,2381,2242,2086,2033,2233,2229,2235,2256,2209,2237,2214,2194,2151,2331,2242,2116,2204,2384,2143,2113,2122,2195,2227,2134,2249,2267,2033,2143,2242,2139,2198,2238,2248,2187,2140,2159,2324,2190,2147,2205,2139,2206,2092,2216,2137,2260,2268,2253,2231,2206,2171,2102,2062,2148,2183,2274,2247,2259,2304,2093,2268,2102,2215,2231,2142,2161,2288,2242,2193,2359,2154,2171,2161,2223,2200,2081,2241,2182,2084,2213,2235,2162,2065,2331,1972,2101,2100,2209,2252,2262,2075,2215,2234,2124,2113,2167,2155,2113,2149,2111,2248,2314,2019,2105,2288,2253,2142,2295,2137,2148,2030,2161,2262,2110,2168,2239,2233,2093,2271,2127,2240,2230,2033,2148,2124,2184,2093,2334,2281,2185,2279,2215,2409,2303,2154,2220,2214,2347,2255,2247,2316,2133,2368,2315,2220,2117,2050,2304,2260,2366,2159,2149,2120,2334,2082,2182,2160,2306,2305,2365,2042,2262,2228,2159,2210,2114,2302,2322,2246,2157,2142,2227,2123,2332,2062,2151,2339,2252,2283,2157,2194,2171,2123,2109,2229,2143,2032,2094,2046,2075,2276,2149,2072,2091,2084,2304,2338,2256,2272,2150,2333,2410,2368,2093,2280,2121,2312,2216,2341,2203,2288,2220,2139,2264,2191,2127,2176,2266,2006,2213,2200,2230,2378,2152,2233,2156,2182,2164,2239,2154,2276,2233,2283,2189,2301,2271,2225,2124,1932,2192,2239,2174,2220,2093,2216,2158,2038,2138,2343,2282,2065,2075,2206,2327,2094,2204,2404,2206,2205,2058,2322,2270,2281,1949,2405,2245,2115,2150,2127,2330,2109,2109,2235,2249,2147,2117,2144,2117,2219,2021,2157,2253,2294,2048,2054,2260,2102,2434,2103,2134,2056,2270,2231,2229,2280,2254,2179,2199,2061,2148,2249,2222,2342,2090,2269,2194,2197,2268,2263,2266,2230,2180,2245,2164,2061,2061,2206,2126,2177,2228,2276,2303,2209,2327,2328,2228,2227,2132,2303,2205,2346,2280,2195,2259,2183,2059,2032,2088,2077,2220,2305,2117,2090,2188,2261,2345,2411,2109,2292,2246,2278,2296,2241,2227,2122,2281,2273,2142,2090,2212,2202,2051,2188,2028,2239,2206,2292,2209,2129,2291,2388,2286,2263,2192,2177,2033,2285,2222,2220,2242,2095,2096,2059,2267,2199,2181,2258,2225,2106,2263,2097,2339,2183,2130,2122,2118,2330,2126,2217,2460,2171,2196,2308,2154,2195,2301,1944,2407,2296,2076,2142,2191,2117,2286,2188,2162,2181,2259,2002,2201,2161,2171,2218,2246,2161,2152,2371,2252,2152,2058,2139,2411,2218,2064,2095,2261,2309,2166,2212,2272,2162,2151,2242,2190,2254,2251,2132,2207,2277,2116,2083,2177,2141,2177,2065,2296,2192,2353,2110,2236,2064,2307,2127,2348,2105,2007,2252,2375,2276,2443,2123,2402,2260,2209,2228,2031,2253,2175,2367,2262,2313,2132,2161,2230,2189,2326,2095,2314,2103,2148,2153,2468,2132,2134,2295,2163,2245,2255,2194,2249,2162,2043,2198,2200,2326,2156,2225,2168,2136,2150,2133,1953,2154,2134,2276,2125,2178,2189,2223,2035,2171,2147,2172,2203,2142,2211,2208,2358,2046,2155,2158,2052,2206,2194,2249,2180,2072,2078,2194,2431,2199,2337,2209,2021,2045,2056,1987,2134,2170,2212,2264,2223,2392,2157,2213,2135,2170,2184,2255,2251,2153,2179,2234,2090,2278,2082,2205,2122,2308,2178,2185,2144,2244,2248,2209,2110,2079,2199,2324,2090,2350,2303,2263,2153,2351,2158,2293,2198,2042,2120,2171,2317,2187,2294,2400,2251,2188,2090,2263,2189,2261,2036,2191,2264,2231,2220,2368,2362,2044,2171,2369,2264,2253,2013,2265,2337,2060,2160,2272,2168,2132,2164,2160,2234,2203,2152,2350,2341,2203,2248,2292,2201,2126,2121,2209,2429,2218,2235,2182,2242,2309,2226,2129,2175,2351,2075,2189,2128,2225,2225,2187,2213,2180,2140,2147,2167,2192,2157,2127,2283,2257,2212,2142,2163,2253,2186,2197,2169,2247,2141,2308,2113,2252,2184,2065,2309,2234,2133,2306,2210,2146,2082,2231,2348,2173,2187,2058,2148,2192,2056,2135,2129,1969,2237,2252,2249,2268,2168,2258,2216,1987,2353,2112,2269,2100,2066,2189,2159,2177,2120,2122,2222,2078,2205,2121,2274,2308,2075,2228,2297,2205,2250,2190,2266,2208,2277,2220,2117,2085,2221,2268,2176,2154,2245,2283,2011,2240,2360,2312,2264,2229,2160,2296,2116,2198,2155,2279,2214,2338,2252,2107,2241,2273,2287,2189,2253
2072,2059,2096,2162,2144,2076,2014,2025,2079,2116,2098,1934,2218,2032,1957,2077,2361,2192,2120,2184,2187,2198,2093,2251,2170,2004,2151,2195,2200,1981,2046,2173,2174,2100,2049,2109,2111,2169,2273,2082,2105,1986,2093,2112,2074,2062,1986,2139,2266,2133,2088,1978,2166,2067,2050,1999,2090,1968,2141,1982,2072,2175,2111,2106,2015,1993,2146,2107,2023,2029,1899,2117,2048,2069,2045,2071,2278,2136,2055,1945,2129,2031,2098,2064,2151,2149,2032,2051,2264,2128,2181,2203,2047,2127,2129,2153,2165,2041,2126,2100,2131,1986,2233,2049,2203,1942,2091,2137,2070,1988,2208,2087,2056,2175,2146,2237,2021,2044,2170,2055,2175,2112,1960,2242,2185,2098,1990,2042,2037,2044,2116,1988,2212,2094,2259,2109,1881,1936,2103,2064,1988,2086,2107,2027,1999,2018,2138,2043,2093,2025,2016,2251,1966,2070,2052,1998,1925,2135,2119,2166,2127,2038,1997,1892,2112,2053,2073,2100,2165,2064,2159,2134,1940,2162,2127,2172,2196,2037,2093,1914,2147,2220,2124,2154,1948,2064,2119,2113,2116,2291,2258,2085,2026,1912,2001,2139,2119,1912,2058,2278,2009,1928,2069,2043,2085,2116,2060,2066,2019,2014,2071,2303,2072,2133,2136,2096,2155,2031,2053,2253,2308,2083,1953,2291,2043,2095,2079,2178,2229,1912,2120,2258,1903,1965,2145,2192,2279,2252,2103,1938,1886,1972,1994,2181,2318,2060,2146,1970,2127,2098,2202,2170,2131,2103,2085,2180,2092,2175,2158,2037,2161,2168,1936,2052,2127,2057,2008,2112,2195,2236,1869,1940,2135,2050,2148,2102,2064,2035,2022,2011,2144,2007,2144,2165,2055,2104,2049,2085,1995,2162,2168,2108,2164,2119,2054,2047,1972,1953,2093,2200,2071,2196,2180,1995,2219,1969,2064,2126,1992,2109,2150,2137,2123,2213,2108,2025,2018,2078,2120,1970,2044,2061,1932,2186,2047,2149,1982,2278,1937,1970,2025,2081,2170,2189,1956,2170,2117,2029,2154,2114,2101,2000,2011,2001,2150,2028,1996,2005,2095,2196,2077,2213,2024,2109,2052,2114,2139,2101,2119,2052,2096,1962,2193,1978,2107,2038,1832,2051,2022,2133,1917,2247,2133,2112,2153,2080,2346,2135,2089,2050,2006,2193,2147,2053,2081,2033,2180,2193,2041,2027,1988,2134,2120,2422,2032,2079,2059,2140,2004,2088,2213,2106,2109,2164,1961,2183,2138,2017,2033,1967,2149,2051,2130,2122,2018,2105,2174,2226,2088,2121,2233,2123,2117,2064,2137,2096,2031,1981,2147,2076,1973,2002,1949,2033,2174,1993,1962,1929,2016,2221,2173,2066,2168,2079,2155,2278,2209,1994,2135,1990,2168,2113,2174,2168,2285,2081,2045,2173,1988,2032,2227,2084,1937,2011,2194,2122,2242,2112,2164,2068,2123,2029,2218,2001,2104,2236,2068,2043,2117,2176,2190,2034,1883,2081,2100,2082,2193,2100,2096,2093,1913,2103,2192,2127,1874,1973,2032,2153,1945,2143,2196,1925,2078,1971,2171,2005,2059,1873,2281,2175,2031,2118,2032,2260,2029,2023,2019,2224,1966,2013,1991,2055,2073,1968,1979,2106,2182,2025,2045,2193,1993,2245,2008,2055,1933,2193,2052,2104,2113,2134,2121,2098,1994,2071,2155,2159,2189,1970,1957,2005,2096,2112,2152,2172,2100,2138,2110,2047,2048,2047,2095,2018,2123,2002,2044,2259,2099,2265,2117,2115,2156,2141,2096,2123,2314,2062,1998,2103,2042,1972,1887,2137,2052,2075,2132,2023,2091,2183,2145,2158,2266,2077,2199,2129,2101,2255,2089,2137,2065,2169,2218,2027,1967,2111,2115,2005,2154,1900,2074,2166,2181,2134,1978,2153,2237,2083,1992,2114,2130,1938,2138,2107,2155,2117,2053,2071,1876,2139,2050,2094,2196,2074,1922,2187,2084,2188,2089,2054,2079,2030,2173,2043,2068,2218,2173,2006,2155,2120,2115,2191,1993,2251,2212,2090,2073,2130,2058,2108,2055,2171,2153,2204,2007,2087,2038,2084,2141,2135,2041,2039,2304,2119,2147,1959,2106,2143,2068,1994,1956,2217,2137,2085,2138,2209,2083,2082,2146,2056,2081,2071,1947,2051,2156,1972,2087,2080,2040,2109,1968,2158,2075,2129,2043,2138,1974,2241,2023,2184,1970,1896,2178,2162,2206,2233,2085,2222,2188,2099,2045,1871,2181,2124,2268,2209,2044,2072,2020,2000,2074,2118,2071,2136,2026,1998,2027,2355,1991,2071,2127,1989,2142,2140,1974,2208,2225,1994,2139,2056,2362,2146,2102,2107,1989,2088,2130,1931,2014,1961,2005,2097,2032,2093,2161,1958,2098,1987,1990,2062,1942,2178,2058,2178,1929,2016,2073,1974,2078,2010,2160,2066,1996,1997,2149,2221,2021,2219,2026,1943,1998,2026,1901,2084,2102,2060,2174,2160,2285,2038,2060,2016,2068,2114,2180,2132,2213,2020,2190,1943,2180,1976,2122,2051,2187,2128,2162,2104,2079,2128,2156,2070,2045,2031,2157,2057,2246,2270,2193,2035,2268,2085,1957,2054,1835,2017,2036,2210,2015,2183,2309,2211,2188,1965,2027,2161,2195,1986,2097,2204,2146,2173,2310,2175,1995,2071,2134,2156,2097,2060,2093,2268,1975,2192,2239,1980,2062,1989,2020,2218,2066,1984,2212,2205,2071,2155,2104,2010,2063,2058,2169,2239,2129,2084,2092,2142,2205,2072,2123,2087,2240,1985,2017,1970,1953,2184,2192,2106,1970,1995,1938,2012,2039,1955,2111,2136,2113,2140,2016,2107,2118,2109,2090,2049,2157,2155,2203,2009,2146,2082,1910,2168,2114,2013,2062,2121,2057,2009,2199,2057,2010,2029,2032,1911,2003,1927,2031,1997,1955,2129,2168,2107,2235,2023,1980,2133,1972,2281,2113,2215,1983,1962,2074,2010,2151,2045,2033,2116,2034,2089,2015,2096,2144,2031,2145,2172,2055,2122,2028,2134,2094,2095,2300,2035,1981,2123,2134,2129,2076,2166,2145,1947,2066,2169,2217,2203,2111,2014,2203,2045,2161,2056,2190,2174,2194,2082,2080,2136,2074,2044,2129,2093
1814,1922,2017,2114,1976,1877,1885,1883,1903,1999,1972,1813,2059,1908,1833,1944,2129,1951,2113,2051,2044,2043,1908,2010,2042,1870,2019,1893,2049,1839,1889,1949,2029,1997,1885,1992,1962,2011,2149,1982,1952,1794,1877,1954,1836,1935,1864,1859,2043,1878,1930,1862,2028,2034,1903,1864,1867,1774,1910,1949,1973,1968,2010,1917,1926,1882,1992,2094,1915,1894,1842,1991,1913,1891,1879,1959,2035,1976,1903,1928,1889,1880,2037,1870,2055,1944,1918,1826,2062,1964,1917,2004,1962,1973,1946,1960,1970,1857,1812,2039,1885,1789,2081,1934,1968,1790,1955,2022,1967,1869,1971,1975,1973,2067,1956,2095,1872,1936,2085,1877,2083,1956,1854,2047,2029,1932,1749,1868,1917,1971,1936,1723,2031,1894,2058,2018,1725,1801,1986,1953,1877,1949,2012,1848,1854,1860,1934,1939,1906,1908,1911,1999,1826,1928,1820,1800,1775,2065,1999,1995,1875,1783,1796,1838,2007,2009,1990,2042,2036,1862,1957,2118,1850,2024,1981,1990,2092,1854,1904,1796,2061,2084,1939,2040,1841,1916,1904,1897,2049,1985,2018,1958,1929,1824,1913,2050,1963,1809,1910,2144,1915,1784,1965,1869,2000,2017,1977,1968,1846,1881,1910,2050,1958,1933,2084,2003,1879,1877,1897,1944,2164,2048,1843,2121,1878,1981,1891,1979,2144,1854,1927,2056,1722,1857,2066,2052,2087,2076,2006,1830,1742,1987,1808,2059,2122,1851,1906,1902,1957,1910,2035,1952,1988,1966,1916,2027,1914,1997,2061,1905,1925,2036,1846,1875,1872,1904,1903,1793,2059,2025,1802,1814,1997,1851,2028,2023,1921,1844,1897,1865,1994,1819,1965,2047,1880,1970,1813,1858,1851,2022,2010,1924,1940,1978,1972,1890,1753,1849,1940,1956,1918,1996,1901,1854,2025,1905,1951,1958,1925,1906,1994,1937,1958,1924,1839,1916,1903,1862,2032,1847,1921,1872,1810,2107,1860,1949,1732,2029,1738,1895,1901,1982,1961,1997,1818,2036,1926,1882,1988,2003,1967,1881,1845,1834,1923,1933,1858,1921,1935,1947,1879,2039,1902,1902,1844,1971,2000,1918,1942,1870,1920,1836,2024,1811,1893,1870,1763,1890,1927,1905,1855,2066,1945,1881,1991,1879,2185,1978,1976,1945,1844,2142,1942,2039,1965,1980,2090,2028,1926,1922,1829,2097,2041,2163,1937,1973,1878,1890,1911,1877,1990,1888,1966,2025,1840,1945,1997,1823,1893,1934,2038,2019,1932,2007,1911,2033,1941,2035,1946,1949,2041,1971,1950,1917,1878,1939,1882,1853,1908,1912,1881,1880,1839,1800,2046,1906,1928,1921,1869,2025,2029,1934,2035,1901,1922,2135,2003,1790,2110,1981,2052,1916,2095,1875,2034,1922,1896,1979,1866,1842,2034,1983,1769,1927,2021,1915,2086,1981,1961,1957,2021,1908,1991,1936,1958,2030,1956,1973,1936,2028,1976,1847,1724,1928,1921,1898,1913,1855,1945,1930,1788,1940,2045,1954,1760,1768,1849,1917,1878,1895,2039,1939,1990,1819,2022,1888,1989,1740,2121,1967,1854,1990,1897,2091,1903,1851,1991,2062,1900,1875,1899,1870,1988,1781,1827,2034,2124,1773,1902,2037,1888,2089,1798,1899,1808,1992,1873,1901,2057,2025,1959,2015,1906,1942,1999,2036,2076,1877,1977,1959,2066,1903,1999,1957,1857,1948,2014,1958,1821,1860,1879,1905,1954,1905,1929,2109,1934,2085,2016,1954,1958,1923,2060,1863,2181,1981,1893,1928,1874,1779,1844,1976,1941,1877,2002,1898,1819,1916,2020,1886,2082,1943,2015,1992,1933,2064,1979,1952,1892,2015,1986,1858,1933,1990,2016,1833,1956,1765,2073,1914,2032,1854,1860,1975,2046,1976,1956,1954,1852,1636,2000,1984,2060,1983,1854,1933,1802,2022,1919,1987,1992,1943,1848,1999,1926,1991,1899,1973,1893,1839,2003,1844,2063,2060,1987,1922,2105,2007,1867,2024,1826,2042,2034,1898,1880,2008,1894,1994,1888,2085,1975,2009,1854,1967,1915,1950,1950,1997,1871,1858,2077,1910,1884,1819,1848,1992,1901,1858,1771,2000,1921,1965,2052,1976,1925,1916,2010,1939,1855,1960,1816,1923,2066,1909,1909,1940,1810,2031,1799,1903,1789,2030,1862,1972,1810,2010,1850,2084,1888,1772,2091,1919,2036,2120,1907,2111,1923,1879,1946,1818,2038,1907,2025,2037,1945,1918,1863,1895,1906,1955,1886,2033,1829,1803,1817,2147,1972,1790,2019,1927,1922,1906,1825,1996,2025,1801,1961,1930,2110,2062,1965,1895,1777,1920,1932,1780,1996,1882,1851,1828,1898,1904,2082,1840,1924,1790,2034,1927,1792,2041,1862,2089,1805,1892,1877,1805,1981,1821,1902,1737,1894,1865,1959,2099,1946,2034,1953,1797,1804,1818,1804,1895,1985,1960,2041,1995,2082,1825,1943,1979,1900,1942,1992,2116,2053,1913,2047,1743,1972,1835,1878,1833,1906,1934,1946,1891,1974,1931,1922,1835,1804,1919,1927,1844,2175,2036,1976,1845,2133,1919,1902,1868,1796,1913,1987,1961,1950,2074,2162,1990,1924,1887,1890,1971,1986,1948,1977,1987,1957,2000,2099,1995,1834,1911,2044,2073,1964,1837,1994,2086,1861,1945,2118,1779,1919,1865,1844,1953,1862,1891,2051,1997,1969,1987,1944,1824,1807,1878,2083,2049,1898,1935,1896,1963,1985,1973,2024,1845,2007,1928,1984,1858,1854,1903,2058,2014,1882,1922,1846,1897,1925,1865,1898,2118,1947,1921,1928,1813,1937,1933,1959,1934,1955,1925,2009,1886,2049,1948,1947,1964,1920,1932,1953,1942,1934,1878,1959,1973,1866,1920,1709,1783,1905,1845,1883,1920,1833,1997,1988,1964,1999,1857,1992,1944,1761,2056,1906,1936,1787,1829,1840,1905,1928,1920,1785,1938,1881,1971,1846,2043,1993,1922,2009,2019,1860,1967,1908,1974,1904,1897,2037,1999,1873,1998,2098,1926,1968,1874,2019,1917,2074,2002,2063,1900,2013,1848,2060,1913,1855,1898,1952,2040,2074,1967,2027,1950,1932,1950,1974,1909
1867,1986,1988,2038,1952,1862,1858,1877,1839,1942,1916,1823,1957,1888,1839,1858,2150,1946,2038,1984,1968,2049,1884,2010,1944,1866,2085,1895,2049,1867,1831,1919,2021,2002,1883,1840,1961,1971,2015,1863,1965,1855,1962,2005,1815,1884,1803,1913,2098,1947,1900,1818,2068,1971,1927,1815,1825,1872,1967,2011,1915,1960,1966,1958,1909,1857,2015,2086,1878,1894,1764,2008,1855,1980,1832,1822,2008,1919,1840,1951,1977,1950,1972,1835,2028,1973,1894,1817,2057,2019,1949,1953,1931,2040,1937,2000,2002,1827,1823,2035,1886,1847,2097,1856,2008,1841,1901,1993,1918,1903,1958,2044,1821,2081,1948,2165,1837,1841,2067,1863,2036,1938,1753,2103,2093,1926,1745,1881,1980,1834,1848,1780,2075,1873,1982,1978,1726,1838,1946,1922,1843,1993,1998,1802,1840,1946,1959,1946,1917,1907,1891,1953,1814,1901,1780,1848,1694,2016,1961,2053,1931,1849,1731,1828,1943,1918,1852,1991,2043,1932,1880,2050,1725,2005,1980,1886,1982,1810,1967,1772,1943,2045,1916,1969,1877,1886,1914,1903,1993,1937,2025,1887,1912,1812,1780,2009,1994,1782,1868,2124,1885,1817,1956,1824,2017,1967,1863,1996,1933,1832,1941,2041,1900,1957,2015,1990,1832,1926,1894,2088,2091,2050,1901,2048,1852,1952,1896,1957,1991,1838,1916,2057,1701,1797,2024,2021,2045,2097,1864,1779,1804,2010,1909,2023,2141,1820,1975,1883,1968,1928,1895,1936,1873,2013,2038,1978,1928,1969,2036,1911,2024,1989,1814,1832,1908,1915,1869,1922,2044,1861,1830,1832,1961,1797,1985,1943,1947,1798,1867,1938,1969,1823,1959,2039,1843,1996,1800,1913,1786,1896,1972,1933,1911,1982,1895,1887,1797,1845,1920,1865,1985,2006,2024,1875,2052,1929,1824,2007,1858,1842,1988,1895,1862,1961,1889,1852,1843,1862,2002,1823,1882,1880,1870,2173,1905,1995,1751,2046,1798,1929,1828,1866,1989,1998,1802,2032,1996,1891,1952,1948,1908,1774,1809,1840,1899,1820,1810,1831,1995,1961,1948,2127,1968,1906,1818,1984,2041,1992,2019,1835,1982,1766,1958,1792,1953,1845,1870,1923,1871,1873,1790,2097,2042,1955,1947,1928,2146,1866,1900,1957,1851,2117,1935,1990,2102,1765,1973,2060,1909,1765,1824,2027,1957,2127,1881,1965,1860,2005,1837,1778,1998,1859,1936,2036,1832,1972,1945,1765,1836,1825,2071,1860,1969,1929,1945,1952,1929,2037,1868,1908,2030,1976,1834,1969,1861,1919,1875,1857,1915,1916,1822,1845,1910,1844,2052,1869,1852,1900,1923,2038,1947,1954,1956,1832,1991,2029,2037,1904,2043,1945,2086,1915,2111,1909,2059,2006,1911,1992,1930,1794,2062,1884,1808,1880,2025,1953,2047,2028,1985,1932,1959,1915,2119,1922,1951,1972,2079,1991,1964,1916,1892,1832,1715,1926,1890,1919,2002,1883,2045,1866,1836,1931,2133,2024,1698,1895,1828,1892,1901,1879,2010,1855,1858,1799,1992,1937,1963,1780,2033,1918,1918,1983,1907,1963,1864,1799,2005,1993,1828,1817,1928,1847,1997,1845,1801,2005,2082,1845,2000,2073,1773,2085,1796,1999,1896,2062,1917,1877,1980,1942,2047,1972,1901,1939,2050,2019,2065,1917,1910,1789,1947,1968,2046,1977,1885,1952,1984,1989,1749,1865,1896,1808,1878,1803,1896,2128,1921,2032,1949,1938,2029,1885,2065,1881,2100,1955,1796,2016,1912,1777,1951,1996,1893,1870,2003,1857,1957,1914,1890,1935,2046,1976,1961,1923,1913,1991,1950,2047,1920,2038,1934,1884,1951,1922,2027,1891,2016,1724,1945,1934,2016,2000,1823,1964,2034,2012,1963,2032,1865,1729,2000,1999,1979,1924,1837,1956,1767,2030,1943,1931,1958,1939,1786,1996,1922,1978,1857,1868,1920,1733,1945,1919,2004,2077,2030,1808,1984,2064,1993,2048,1898,2046,2027,1883,1910,1932,1911,2061,1883,2052,1983,2097,1851,1976,1934,1911,2033,2011,1849,1860,2083,1838,2010,1779,1947,1893,1857,1795,1765,1999,2025,1905,2033,2044,1957,1994,1940,1808,1982,1939,1879,1875,1985,1853,1864,1974,1870,1895,1778,1898,1870,2030,1868,1893,1864,2046,1842,1985,1816,1795,2105,1949,2103,2084,1883,2113,1977,1938,1999,1726,1948,1878,1974,2073,1975,1837,1837,1861,1889,1889,1882,2014,1865,1807,1730,2066,1882,1827,1966,1963,1989,1913,1752,1976,2092,1815,1884,1983,2092,2087,1914,1949,1862,1953,1974,1709,1895,1849,1768,1850,1993,1826,2011,1886,1815,1819,1944,1904,1712,1910,1968,2006,1778,1943,1861,1722,2025,1855,1916,1842,1832,1812,2064,2077,1896,2087,1948,1769,1797,1855,1752,1830,1993,1976,2069,1894,2087,1943,1917,1949,1858,1931,1936,1992,2039,1941,1989,1782,1970,1768,1910,1964,1845,1943,1918,1909,1868,1952,1936,1823,1762,1890,1956,1936,2251,2025,1996,1831,2096,2010,1951,1826,1885,1800,2096,2050,1923,1976,2137,2024,1882,1854,1813,1982,1966,1867,1974,2010,1987,1999,1991,1976,1788,1906,1966,1980,1926,1901,1968,2098,1794,1948,2111,1787,1938,1957,1844,1979,1754,1887,1921,1880,1953,2027,1947,1829,1844,1829,2007,1993,1915,1957,1836,1912,1995,1846,1884,1905,1958,1830,1945,1853,1820,1927,2060,1924,1815,1901,1875,1930,1873,1857,1887,2095,1952,1991,1923,1870,2071,1983,1978,1941,1909,1977,2017,1862,1936,1960,1810,1925,2032,2021,1896,1908,1890,1746,1919,2021,1818,1850,1693,1856,1838,1849,1823,1893,1848,2011,1945,1987,1952,1896,1888,1856,1871,2041,1942,2009,1814,1793,1856,1807,1942,1899,1821,2020,1874,1978,1883,1911,1913,1855,1985,2018,1914,1963,1909,1952,1929,1998,1961,1916,1958,1906,1978,1954,1849,1914,1952,1735,2009,1979,2016,1951,1980,1850,2057,1954,1836,1989,1954,1960,2132,1905,1963,1892,1852,1961,2043,1965
1690,1760,1835,1930,1856,1832,1706,1786,1740,1796,1783,1693,1892,1745,1687,1857,1951,1774,1933,1864,1907,1916,1743,1811,1840,1776,1865,1702,1880,1839,1797,1917,1963,1752,1833,1723,1861,1954,1905,1817,1837,1708,1777,1828,1658,1722,1728,1729,1997,1795,1679,1665,1826,1862,1836,1780,1720,1728,1796,1856,1787,1821,1818,1762,1701,1829,1901,1901,1744,1779,1719,1932,1704,1819,1718,1793,1974,1832,1719,1796,1817,1733,1897,1857,1940,1794,1766,1810,1931,1908,1849,1894,1789,1805,1816,1923,1852,1706,1737,1989,1836,1714,1999,1720,1943,1753,1863,1846,1813,1817,1803,1862,1732,1987,1834,1952,1740,1717,1882,1783,1863,1843,1658,1883,1917,1768,1681,1770,1724,1723,1753,1657,1943,1796,1775,1859,1676,1750,1778,1808,1737,1919,1792,1717,1749,1927,1851,1837,1799,1683,1763,1878,1799,1696,1679,1735,1600,1920,1805,1981,1807,1685,1637,1732,1965,1783,1825,1835,1880,1832,1776,1844,1687,1929,1866,1827,1933,1765,1904,1596,1853,1901,1824,1847,1669,1816,1828,1791,1836,1873,1908,1778,1840,1684,1743,1975,1836,1636,1778,2021,1871,1654,1830,1710,1873,1881,1821,1787,1787,1769,1844,1787,1702,1829,1949,1805,1797,1855,1831,1903,1916,1969,1771,1883,1763,1897,1782,1857,1895,1753,1706,1922,1705,1740,1897,1973,1929,1979,1882,1713,1621,1833,1691,1858,1904,1713,1847,1728,1791,1754,1839,1796,1763,1882,1869,1798,1847,1828,2000,1807,1920,1817,1791,1745,1803,1826,1753,1768,1899,1799,1748,1643,1885,1803,1826,1871,1834,1680,1689,1830,1838,1671,1892,1877,1798,1854,1696,1693,1689,1813,1826,1861,1804,1821,1835,1651,1649,1754,1784,1794,1822,1896,1837,1789,1838,1741,1711,1825,1707,1799,1914,1722,1712,1876,1725,1805,1683,1664,1935,1698,1753,1737,1759,1949,1726,1815,1719,1842,1705,1773,1782,1810,1862,1911,1700,1861,1924,1777,1827,1757,1831,1632,1736,1671,1827,1742,1734,1810,1871,1782,1734,1925,1821,1850,1698,1857,1880,1814,1765,1688,1813,1694,1919,1723,1829,1729,1744,1804,1777,1785,1667,1948,1792,1795,1821,1758,2012,1780,1832,1870,1754,1920,1788,1873,1868,1735,1871,1825,1716,1735,1727,1899,1868,2016,1860,1825,1701,1814,1786,1756,1842,1695,1761,1807,1713,1797,1787,1736,1788,1742,1883,1687,1840,1904,1811,1807,1715,1852,1785,1812,1861,1868,1770,1776,1742,1779,1801,1751,1753,1789,1648,1713,1725,1735,1832,1755,1814,1805,1781,1820,1866,1888,1838,1695,1833,1950,1874,1678,1851,1882,1947,1886,1988,1790,1915,1843,1770,1860,1866,1676,1992,1741,1712,1641,1900,1853,1930,1890,1902,1803,1892,1745,1900,1793,1859,1859,1872,1793,1789,1834,1896,1689,1595,1852,1796,1854,1884,1766,1881,1714,1749,1878,1977,1850,1584,1722,1767,1795,1786,1737,1861,1728,1796,1653,1825,1774,1859,1604,1939,1793,1780,1912,1815,1907,1786,1693,1880,1852,1768,1728,1755,1852,1870,1696,1716,1945,1970,1611,1758,1953,1734,1963,1583,1865,1718,1891,1740,1714,1894,1819,1860,1888,1810,1784,1880,1963,1951,1874,1825,1681,1881,1833,1925,1784,1731,1766,1837,1825,1723,1749,1746,1627,1823,1771,1745,1981,1775,1889,1768,1857,1910,1785,1928,1789,2006,1842,1601,1882,1675,1638,1787,1886,1756,1778,1819,1863,1718,1758,1758,1806,1908,1826,1897,1824,1760,1908,1743,1888,1807,1863,1812,1800,1861,1846,1909,1755,1938,1736,1847,1803,1820,1859,1719,1918,1902,1938,1828,1844,1691,1670,1821,1758,1867,1773,1795,1766,1667,1863,1825,1802,1811,1836,1611,1920,1884,1904,1767,1860,1870,1709,1785,1701,1855,1929,1867,1831,1859,1915,1773,1903,1710,1968,1948,1817,1808,1880,1705,1918,1794,1848,1836,1949,1800,1859,1790,1821,1839,1918,1652,1749,1939,1681,1821,1726,1758,1870,1793,1670,1591,1898,1921,1868,1874,1891,1813,1777,1757,1726,1876,1797,1707,1790,1901,1753,1740,1788,1732,1788,1671,1794,1761,1863,1772,1901,1803,1898,1776,1930,1656,1647,1948,1752,1866,1947,1856,2003,1777,1676,1824,1649,1882,1734,1822,1869,1860,1728,1713,1797,1812,1765,1664,1820,1792,1716,1628,2037,1841,1760,1805,1856,1934,1726,1627,1935,1883,1805,1919,1786,1973,1956,1710,1788,1723,1802,1910,1683,1774,1710,1719,1673,1828,1772,1886,1785,1735,1643,1898,1681,1676,1850,1817,1861,1688,1866,1752,1658,1953,1770,1823,1736,1796,1668,1808,1929,1875,1944,1840,1685,1727,1718,1596,1846,1837,1800,1918,1834,1937,1721,1841,1850,1750,1745,1801,1900,1884,1835,1887,1646,1759,1678,1732,1760,1722,1859,1762,1773,1732,1884,1782,1652,1684,1711,1880,1759,2059,1885,1875,1735,2106,1714,1827,1735,1784,1673,1941,1880,1762,1833,1968,1909,1903,1810,1667,1916,1862,1728,1814,1870,1909,1876,1853,1887,1627,1768,1915,1715,1867,1745,1895,1917,1710,1827,1994,1724,1831,1846,1732,1860,1638,1734,1784,1848,1842,1927,1819,1691,1741,1757,1850,1859,1851,1818,1767,1788,1890,1748,1817,1776,1803,1687,1863,1762,1763,1803,2042,1809,1755,1816,1732,1842,1759,1660,1751,1956,1851,1834,1857,1741,1881,1747,1891,1849,1739,1795,1858,1765,1838,1877,1758,1772,1846,1870,1858,1754,1777,1659,1765,1822,1713,1746,1607,1727,1710,1774,1729,1775,1777,1791,1933,1783,1841,1721,1834,1799,1707,1958,1803,1834,1689,1750,1727,1679,1816,1820,1680,1799,1742,1873,1767,1755,1728,1775,1871,1896,1721,1782,1740,1837,1849,1929,1877,1928,1734,1900,1900,1787,1818,1822,1845,1657,1892,1866,1913,1852,1789,1757,1845,1827,1688,1816,1926,1881,1872,1845,1890,1781,1779,1806,1889,1853
1759,1899,1936,1960,1875,1885,1703,1685,1748,1921,1777,1671,1856,1656,1708,1825,2028,1798,1946,1878,1808,1896,1710,1852,1831,1825,1985,1768,1911,1911,1798,1783,1938,1805,1784,1675,1874,2022,1896,1815,1883,1713,1872,1766,1730,1825,1791,1852,1907,1753,1744,1743,1806,1849,1767,1839,1783,1712,1844,1886,1826,1761,1824,1804,1783,1847,1873,1901,1780,1782,1692,1976,1825,1794,1760,1699,1950,1868,1729,1814,1803,1758,1865,1756,1846,1805,1754,1753,1905,1973,1827,1805,1790,1797,1956,1837,1884,1687,1686,1951,1708,1757,1996,1661,1935,1663,1790,1909,1879,1793,1910,1945,1851,1850,1766,1832,1599,1754,1885,1762,1878,1854,1698,2016,1934,1758,1728,1844,1838,1752,1751,1687,1930,1687,1895,1825,1673,1774,1829,1901,1744,1926,1944,1779,1644,1937,1894,1781,1773,1805,1782,1987,1741,1719,1732,1706,1642,1858,1872,1939,1822,1672,1661,1795,1792,1739,1770,1744,1892,1806,1838,1855,1679,2005,1883,1867,1944,1712,1831,1676,1817,1944,1930,1872,1700,1844,1856,1759,1850,1871,1966,1831,1808,1762,1763,1853,1877,1742,1768,2006,1792,1688,1839,1683,1902,1962,1866,1888,1912,1746,1841,1806,1720,1869,1981,1848,1825,1775,1818,1870,1950,1950,1750,1865,1785,1899,1813,1876,1910,1807,1703,1908,1694,1764,1906,1951,1929,1896,1869,1770,1642,1865,1821,1946,2032,1748,1835,1685,1840,1779,1853,1780,1678,1959,1896,1924,1914,1884,1921,1815,1845,1750,1753,1779,1747,1876,1777,1776,1853,1779,1722,1730,1851,1726,1878,1826,1792,1635,1654,1736,1831,1719,1871,1921,1751,1848,1767,1696,1705,1754,1755,1846,1821,1816,1824,1743,1648,1748,1820,1765,1850,1904,1858,1857,1935,1771,1720,1861,1631,1727,1829,1775,1681,1879,1715,1897,1720,1657,1885,1700,1785,1679,1810,2051,1806,1914,1661,1956,1753,1814,1840,1799,1971,1918,1755,1929,1938,1817,1885,1833,1794,1642,1801,1708,1745,1716,1657,1801,1906,1846,1842,1968,1825,1836,1723,1886,1869,1816,1861,1710,1771,1720,1891,1770,1866,1781,1799,1834,1863,1802,1656,1970,1945,1810,1793,1815,1916,1739,1841,1864,1778,1997,1876,1766,1918,1688,1901,1854,1784,1781,1677,1919,1920,1961,1906,1766,1708,1821,1734,1775,1859,1707,1701,1949,1735,1877,1884,1727,1796,1765,1818,1803,1750,1868,1863,1898,1771,1855,1787,1834,1802,1917,1785,1708,1826,1764,1857,1796,1725,1752,1703,1749,1745,1769,1899,1772,1821,1744,1780,1918,1886,1924,1793,1772,1776,1927,1787,1644,1888,1872,1952,1784,2082,1940,1841,1869,1747,1878,1878,1794,1924,1835,1720,1661,1968,1833,1948,1879,1882,1819,1761,1773,1904,1823,1890,2044,1868,1927,1747,1874,1797,1681,1598,1844,1719,1807,1863,1750,1973,1809,1683,1862,1913,1821,1616,1797,1707,1879,1856,1786,1865,1812,1808,1618,1779,1839,1784,1724,1836,1837,1779,1954,1770,1849,1770,1789,1961,1890,1741,1730,1741,1776,1873,1684,1741,1840,1986,1697,1782,1930,1767,1911,1644,1921,1790,1851,1729,1750,1926,1781,1953,1922,1746,1800,1985,2009,1927,1791,1726,1761,1951,1824,1813,1863,1746,1850,1881,1758,1654,1830,1726,1685,1781,1795,1824,1996,1794,1965,1721,1910,1924,1746,1922,1735,1997,1824,1695,1833,1711,1572,1812,1804,1809,1867,1832,1794,1870,1836,1787,1818,1938,1824,1893,1811,1879,1897,1757,1922,1817,1795,1806,1862,1843,1868,1992,1686,1842,1666,1797,1808,1961,1831,1713,1831,1833,1889,1768,1925,1754,1742,1960,1828,1882,1824,1794,1811,1673,1943,1873,1818,1874,1873,1682,1969,1906,1902,1775,1823,1780,1704,1922,1779,1826,1912,1916,1803,1831,1940,1792,1838,1699,1916,1876,1929,1768,1796,1762,1878,1873,1848,1887,1922,1717,1834,1813,1947,1915,1824,1686,1718,1962,1708,1828,1778,1832,1841,1733,1763,1612,1891,1937,1858,1840,1808,1802,1843,1757,1854,1875,1785,1745,1718,1827,1857,1709,1832,1868,1717,1753,1813,1796,1944,1669,1849,1825,1828,1774,1911,1660,1664,1983,1835,1873,1825,1791,2005,1848,1747,1831,1630,1924,1790,1857,1903,1879,1743,1757,1912,1795,1697,1725,1868,1858,1614,1619,2038,1860,1623,1832,1920,1916,1747,1683,1939,1949,1759,1856,1720,2012,1908,1781,1753,1760,1834,1852,1640,1815,1779,1698,1654,1840,1802,1850,1736,1758,1699,1905,1621,1722,1792,1822,1804,1730,1940,1816,1660,1891,1734,1813,1746,1712,1635,1873,1904,1877,2003,1870,1670,1698,1683,1696,1865,1829,1860,1972,1858,2025,1808,1817,1822,1837,1757,1713,1919,1928,1877,1901,1714,1790,1679,1793,1717,1762,1839,1788,1725,1727,1885,1762,1685,1686,1752,1940,1797,2037,1915,1899,1768,1972,1878,1791,1671,1785,1625,1902,1889,1789,1861,1928,1949,1897,1730,1712,1841,1859,1776,1925,1950,1895,1825,1913,1879,1679,1796,1858,1761,1768,1750,1931,1974,1727,1888,1957,1742,1790,1747,1760,1842,1649,1851,1763,1766,1856,1825,1832,1642,1753,1767,1900,1896,1739,1796,1777,1814,1911,1793,1856,1667,1784,1697,1891,1734,1696,1892,2070,1780,1709,1752,1783,1754,1791,1757,1758,1973,1821,1827,1969,1736,1870,1828,1904,1798,1769,1772,1801,1861,1856,1793,1825,1833,1904,1874,1891,1770,1748,1725,1784,1937,1653,1765,1690,1807,1741,1724,1745,1797,1798,1928,1818,1797,1792,1847,1843,1704,1746,1966,1958,1889,1640,1711,1609,1712,1801,1804,1655,1797,1680,1890,1648,1725,1771,1737,1980,1901,1675,1731,1731,1840,1821,2044,1833,1896,1737,1881,1856,1774,1722,1839,1835,1587,1870,1920,1947,1879,1810,1663,1875,1848,1800,1932,1933,1759,1874,1807,1870,1822,1759,1780,1886,1904
1690,1745,1861,1849,1833,1860,1767,1733,1705,1823,1693,1654,1770,1663,1692,1729,1972,1730,1840,1954,1828,1983,1664,1785,1733,1683,1893,1681,1877,1856,1810,1766,1878,1720,1827,1679,1799,1930,1777,1810,1824,1655,1850,1708,1639,1705,1702,1770,1918,1710,1728,1738,1772,1928,1715,1696,1780,1706,1614,1792,1773,1769,1784,1776,1775,1828,1853,1942,1796,1662,1634,1946,1666,1820,1693,1654,1845,1754,1693,1836,1731,1744,1791,1798,1821,1840,1761,1669,1783,1805,1899,1766,1780,1772,1885,1882,1859,1676,1569,1875,1729,1726,1989,1763,1972,1571,1783,1850,1819,1797,1933,1967,1772,1879,1670,1845,1610,1672,1868,1688,1927,1805,1553,1932,1856,1752,1711,1807,1863,1601,1775,1597,1920,1733,1803,1781,1649,1728,1748,1854,1710,1909,1858,1616,1568,1845,1856,1744,1934,1809,1763,1845,1670,1597,1697,1706,1575,1841,1917,1815,1793,1660,1566,1714,1745,1750,1810,1645,1872,1786,1821,1805,1714,1817,1817,1873,1908,1657,1803,1595,1666,1879,1887,1764,1637,1747,1842,1862,1820,1732,1825,1779,1831,1811,1619,1840,1807,1656,1712,2030,1724,1678,1807,1638,1819,1844,1793,1770,1838,1730,1733,1735,1806,1776,1941,1894,1795,1724,1822,1884,1971,1902,1746,1877,1860,1899,1653,1833,1843,1674,1625,1931,1719,1772,1827,1892,1847,1833,1797,1664,1675,1812,1742,1803,1819,1756,1838,1699,1807,1718,1839,1766,1638,1896,1881,1732,1862,1771,1886,1717,1859,1733,1745,1702,1736,1816,1694,1796,1832,1745,1666,1589,1767,1734,1887,1726,1792,1652,1662,1724,1745,1735,1824,1856,1698,1802,1721,1700,1662,1761,1787,1739,1817,1735,1752,1726,1626,1702,1764,1685,1835,1916,1800,1837,1862,1770,1699,1887,1725,1685,1888,1673,1642,1833,1724,1792,1669,1667,1818,1622,1783,1679,1797,2068,1703,1930,1622,1793,1655,1722,1807,1830,1992,1862,1741,1936,1884,1745,1849,1737,1757,1645,1716,1657,1772,1702,1627,1744,1784,1834,1820,1854,1770,1800,1598,1903,1758,1710,1821,1633,1743,1642,1864,1754,1788,1692,1788,1814,1839,1713,1641,2011,1845,1830,1791,1790,1994,1788,1784,1762,1660,1956,1828,1763,1845,1734,1837,1760,1716,1668,1579,1859,1822,1902,1813,1667,1579,1765,1647,1772,1777,1644,1699,1777,1658,1727,1745,1648,1761,1681,1811,1607,1851,1763,1759,1845,1692,1787,1671,1749,1811,1793,1692,1729,1756,1752,1793,1762,1625,1780,1655,1665,1774,1740,1800,1687,1751,1806,1725,1839,1882,1933,1808,1667,1797,1876,1763,1692,1870,1900,1968,1789,2037,1847,1789,1815,1733,1881,1850,1634,1803,1843,1695,1655,1849,1783,2033,1918,1864,1865,1815,1757,1872,1794,1855,1907,1802,1853,1733,1742,1738,1615,1699,1726,1817,1808,1848,1729,1795,1731,1748,1821,1887,1820,1610,1664,1760,1893,1727,1753,1773,1672,1741,1651,1796,1771,1810,1650,1797,1762,1659,1966,1781,1805,1777,1789,1892,1924,1746,1739,1718,1774,1815,1706,1678,1793,1955,1565,1684,1902,1756,1850,1587,1763,1755,1736,1691,1683,1806,1791,1811,1878,1743,1761,1931,1916,1794,1942,1691,1675,1774,1873,1777,1838,1776,1774,1822,1693,1719,1777,1671,1619,1803,1765,1744,1877,1803,1867,1764,1858,1847,1729,1859,1770,1974,1824,1644,1891,1698,1591,1859,1791,1765,1812,1808,1808,1910,1734,1816,1670,1939,1765,1899,1787,1907,1878,1685,1838,1795,1705,1764,1831,1776,1773,1846,1569,1885,1667,1792,1737,1850,1778,1776,1795,1809,1886,1749,1814,1797,1601,1946,1775,1898,1741,1743,1769,1633,1826,1869,1777,1891,1723,1626,1921,1811,1814,1689,1777,1739,1679,1896,1721,1804,1853,1821,1777,1912,1934,1759,1794,1809,1917,1878,1883,1860,1804,1758,1840,1789,1872,1850,1846,1769,1754,1772,1886,1883,1866,1632,1636,1906,1701,1765,1720,1861,1775,1711,1687,1614,1862,1854,1816,1923,1822,1921,1764,1694,1786,1831,1721,1774,1746,1863,1709,1682,1777,1781,1736,1770,1762,1774,1868,1704,1905,1855,1744,1813,1897,1668,1569,1988,1825,1788,1890,1687,1956,1797,1697,1838,1584,1826,1775,1828,1802,1846,1634,1762,1853,1808,1721,1611,1870,1753,1642,1553,2003,1751,1653,1823,1824,1873,1741,1665,1922,1907,1784,1923,1691,1939,1949,1724,1728,1774,1701,1793,1669,1760,1746,1609,1611,1788,1707,1757,1814,1610,1560,1837,1641,1762,1779,1715,1792,1684,1896,1760,1596,1867,1870,1751,1555,1704,1605,1802,1845,1836,1947,1874,1691,1699,1640,1636,1862,1761,1697,1853,1885,1904,1759,1752,1847,1791,1776,1791,1910,1833,1872,1931,1612,1726,1683,1747,1774,1713,1774,1725,1701,1703,1795,1789,1692,1671,1746,1955,1667,2009,1901,1888,1600,1939,1791,1699,1662,1662,1512,1880,1820,1737,1764,1874,1936,1768,1838,1646,1736,1833,1739,1852,1903,1828,1810,1893,1781,1689,1752,1833,1751,1811,1685,1936,1959,1656,1838,2076,1684,1861,1746,1622,1839,1594,1641,1685,1842,1763,1750,1804,1667,1671,1684,1822,1801,1737,1815,1683,1755,1880,1768,1811,1553,1774,1700,1828,1692,1718,1847,1923,1695,1753,1686,1712,1752,1748,1701,1667,1903,1773,1795,1932,1689,1783,1780,1916,1742,1743,1792,1791,1832,1924,1782,1645,1794,1872,1772,1861,1757,1692,1699,1818,1913,1665,1684,1654,1736,1678,1672,1731,1713,1799,1867,1819,1777,1710,1729,1797,1827,1729,1917,1888,1830,1639,1735,1666,1617,1794,1692,1641,1807,1673,1894,1628,1713,1691,1745,1876,1898,1760,1746,1744,1735,1702,1857,1828,1781,1724,1800,1715,1757,1725,1808,1780,1584,1768,1823,1909,1855,1762,1687,1881,1826,1767,1888,1936,1707,1885,1774,1922,1856,1729,1700,1945,1826
1489,1559,1630,1702,1609,1591,1559,1464,1476,1735,1473,1515,1628,1411,1470,1583,1683,1674,1656,1611,1611,1751,1507,1509,1561,1554,1667,1496,1661,1676,1620,1453,1581,1576,1583,1573,1567,1744,1517,1563,1595,1512,1720,1558,1486,1531,1575,1555,1665,1486,1563,1545,1509,1618,1498,1494,1564,1504,1521,1504,1640,1555,1547,1539,1586,1675,1610,1698,1540,1492,1505,1726,1535,1600,1497,1557,1706,1546,1434,1565,1617,1541,1535,1579,1676,1580,1547,1570,1545,1646,1663,1681,1504,1523,1715,1645,1652,1495,1393,1742,1491,1471,1741,1555,1646,1442,1502,1592,1674,1527,1712,1639,1556,1686,1488,1634,1483,1545,1608,1513,1607,1561,1421,1657,1597,1644,1499,1645,1537,1470,1487,1553,1637,1473,1579,1467,1447,1506,1525,1610,1510,1680,1667,1507,1424,1594,1596,1618,1629,1545,1580,1753,1579,1454,1451,1479,1314,1575,1630,1630,1603,1469,1444,1503,1585,1560,1611,1498,1587,1544,1600,1660,1515,1651,1700,1557,1683,1476,1597,1494,1513,1644,1595,1588,1480,1558,1601,1551,1654,1604,1637,1563,1596,1576,1469,1639,1682,1541,1650,1718,1537,1485,1565,1507,1641,1693,1671,1543,1687,1506,1632,1569,1577,1568,1703,1596,1613,1561,1690,1689,1731,1753,1501,1632,1552,1652,1483,1617,1681,1504,1369,1747,1532,1541,1674,1550,1655,1694,1603,1512,1518,1676,1594,1510,1636,1590,1625,1487,1513,1542,1545,1552,1453,1709,1658,1631,1664,1576,1646,1540,1596,1559,1492,1487,1555,1630,1523,1549,1698,1556,1497,1402,1557,1497,1584,1528,1544,1451,1430,1541,1538,1527,1659,1728,1538,1552,1565,1493,1447,1616,1536,1538,1570,1443,1509,1632,1506,1566,1602,1596,1624,1645,1572,1619,1715,1500,1472,1658,1478,1507,1606,1443,1531,1620,1509,1537,1500,1395,1640,1447,1526,1573,1574,1796,1515,1638,1408,1649,1515,1575,1648,1591,1788,1685,1529,1741,1651,1675,1601,1624,1582,1395,1592,1471,1625,1479,1469,1549,1580,1717,1538,1693,1614,1612,1439,1668,1648,1582,1671,1471,1589,1431,1646,1547,1590,1524,1538,1627,1619,1550,1497,1681,1601,1576,1602,1647,1729,1514,1532,1520,1488,1704,1617,1605,1622,1514,1586,1551,1584,1475,1435,1598,1613,1672,1644,1491,1513,1574,1421,1533,1696,1454,1533,1639,1471,1611,1620,1458,1532,1500,1638,1448,1548,1656,1545,1616,1510,1657,1569,1534,1559,1630,1527,1478,1601,1480,1533,1564,1479,1564,1410,1556,1575,1529,1732,1530,1515,1566,1573,1678,1669,1762,1494,1523,1591,1635,1572,1482,1676,1594,1683,1568,1772,1590,1601,1612,1469,1641,1636,1494,1634,1584,1478,1414,1613,1671,1794,1625,1624,1543,1527,1526,1685,1609,1609,1740,1572,1670,1624,1635,1629,1519,1506,1537,1575,1494,1642,1580,1572,1557,1434,1598,1712,1618,1439,1622,1524,1600,1529,1499,1616,1530,1595,1420,1588,1536,1578,1467,1561,1542,1570,1714,1494,1617,1587,1609,1704,1579,1554,1586,1559,1494,1605,1438,1512,1637,1766,1442,1561,1688,1618,1661,1400,1585,1538,1597,1521,1548,1631,1557,1593,1575,1520,1558,1773,1729,1591,1643,1476,1527,1651,1629,1573,1642,1534,1596,1623,1494,1495,1530,1512,1479,1515,1519,1547,1720,1585,1631,1600,1602,1619,1586,1712,1636,1760,1525,1466,1661,1469,1365,1598,1612,1578,1605,1562,1544,1581,1591,1579,1535,1818,1601,1587,1576,1711,1657,1556,1596,1636,1588,1555,1622,1560,1637,1626,1435,1590,1429,1641,1507,1652,1585,1517,1576,1589,1604,1586,1536,1541,1472,1695,1575,1648,1593,1621,1606,1344,1561,1713,1505,1626,1565,1442,1651,1610,1662,1514,1579,1510,1419,1587,1509,1572,1620,1655,1600,1662,1822,1553,1565,1587,1665,1669,1754,1601,1601,1547,1552,1596,1568,1625,1698,1563,1605,1550,1659,1622,1637,1468,1498,1638,1528,1548,1593,1676,1618,1439,1450,1449,1627,1677,1656,1696,1589,1756,1579,1486,1471,1634,1555,1513,1606,1544,1553,1552,1519,1556,1573,1566,1631,1567,1678,1459,1599,1583,1564,1563,1679,1418,1466,1806,1678,1640,1616,1515,1668,1584,1502,1574,1395,1687,1665,1582,1618,1606,1415,1512,1592,1566,1521,1425,1659,1602,1475,1373,1887,1613,1420,1631,1661,1601,1518,1502,1685,1694,1631,1722,1479,1708,1688,1570,1516,1561,1535,1591,1418,1598,1519,1428,1561,1511,1446,1617,1444,1431,1408,1589,1478,1533,1616,1460,1623,1393,1633,1613,1436,1586,1557,1504,1457,1538,1494,1612,1625,1595,1710,1639,1463,1550,1463,1406,1677,1534,1586,1596,1624,1679,1478,1483,1593,1611,1528,1570,1703,1629,1654,1727,1447,1615,1459,1541,1500,1521,1585,1658,1447,1480,1568,1606,1545,1522,1533,1612,1511,1685,1785,1607,1533,1675,1558,1561,1501,1513,1392,1728,1630,1577,1646,1655,1716,1560,1589,1511,1568,1584,1552,1625,1602,1653,1645,1612,1577,1528,1525,1659,1580,1500,1465,1663,1723,1468,1630,1731,1440,1630,1556,1496,1628,1418,1592,1476,1553,1610,1604,1518,1466,1456,1516,1620,1595,1497,1523,1533,1484,1693,1553,1554,1402,1545,1456,1672,1570,1546,1635,1639,1466,1566,1531,1583,1499,1546,1465,1526,1636,1600,1549,1632,1575,1629,1559,1628,1555,1390,1618,1638,1687,1605,1577,1462,1614,1585,1631,1624,1575,1492,1480,1564,1615,1423,1458,1402,1564,1511,1588,1502,1675,1567,1639,1660,1651,1529,1548,1580,1562,1446,1623,1684,1618,1467,1484,1498,1537,1572,1597,1473,1679,1534,1588,1445,1450,1453,1464,1684,1644,1536,1630,1526,1605,1544,1640,1657,1598,1504,1575,1572,1556,1550,1639,1665,1427,1622,1593,1683,1699,1628,1465,1593,1640,1498,1627,1703,1504,1591,1590,1631,1633,1619,1496,1674,1645
1655,1666,1922,1823,1866,1877,1708,1648,1644,1830,1609,1655,1787,1616,1576,1763,1857,1760,1748,1824,1792,1893,1720,1646,1687,1687,1739,1665,1745,1792,1822,1652,1745,1685,1784,1694,1693,1935,1659,1606,1640,1600,1842,1692,1647,1666,1650,1723,1742,1654,1670,1701,1724,1795,1674,1654,1708,1638,1680,1674,1735,1665,1728,1710,1733,1853,1717,1812,1699,1615,1607,1865,1630,1724,1690,1604,1806,1575,1571,1761,1716,1699,1712,1711,1723,1724,1571,1693,1726,1735,1846,1714,1739,1638,1904,1740,1851,1577,1617,1859,1624,1595,1938,1804,1800,1565,1554,1713,1821,1624,1984,1760,1696,1840,1684,1815,1547,1657,1772,1617,1855,1762,1609,1814,1709,1685,1653,1896,1793,1685,1670,1639,1830,1592,1792,1597,1609,1615,1732,1833,1657,1940,1781,1647,1628,1799,1726,1693,1793,1745,1714,1869,1717,1600,1661,1718,1459,1704,1700,1793,1748,1564,1561,1635,1831,1676,1790,1631,1789,1737,1589,1705,1597,1767,1852,1695,1816,1638,1732,1596,1675,1744,1843,1700,1666,1731,1780,1750,1771,1726,1731,1700,1665,1713,1610,1788,1764,1576,1697,1951,1655,1552,1701,1667,1903,1818,1756,1774,1771,1712,1779,1766,1825,1788,1928,1723,1723,1698,1784,1783,1927,1846,1683,1834,1744,1800,1711,1748,1827,1639,1524,1905,1578,1779,1885,1724,1736,1822,1636,1734,1590,1775,1663,1701,1795,1723,1767,1559,1745,1736,1688,1717,1558,1861,1753,1827,1845,1680,1779,1666,1800,1668,1736,1549,1738,1730,1660,1691,1842,1757,1596,1506,1798,1659,1851,1608,1659,1650,1513,1667,1665,1705,1903,1814,1649,1721,1736,1590,1556,1721,1677,1629,1740,1574,1608,1709,1643,1774,1724,1606,1772,1784,1781,1741,1834,1615,1729,1830,1613,1679,1858,1588,1658,1703,1671,1770,1528,1576,1799,1689,1616,1751,1747,1955,1712,1830,1547,1840,1664,1797,1766,1786,1914,1830,1626,1941,1807,1740,1732,1682,1774,1603,1713,1637,1736,1634,1559,1691,1734,1933,1841,1853,1753,1736,1647,1801,1713,1638,1769,1560,1728,1466,1851,1688,1753,1602,1624,1769,1793,1772,1640,1960,1748,1753,1736,1766,1833,1643,1719,1705,1656,1862,1691,1687,1783,1621,1640,1737,1691,1606,1566,1877,1622,1745,1843,1638,1694,1715,1655,1732,1801,1517,1683,1776,1648,1614,1746,1579,1731,1657,1777,1629,1683,1876,1711,1678,1725,1861,1730,1704,1759,1753,1697,1665,1724,1627,1682,1751,1565,1564,1691,1678,1657,1728,1797,1693,1746,1758,1666,1850,1775,1766,1652,1717,1815,1834,1743,1588,1719,1744,1744,1656,1933,1678,1705,1810,1588,1753,1783,1634,1840,1757,1578,1532,1820,1814,1854,1753,1696,1740,1665,1743,1834,1717,1697,1896,1771,1756,1647,1626,1753,1616,1628,1708,1696,1709,1806,1672,1686,1664,1619,1646,1764,1722,1649,1729,1749,1838,1710,1713,1779,1642,1760,1467,1670,1688,1810,1644,1748,1704,1755,1839,1709,1734,1797,1732,1879,1789,1665,1734,1694,1755,1769,1650,1557,1737,1866,1580,1727,1794,1738,1752,1541,1700,1726,1664,1721,1593,1708,1750,1742,1799,1679,1731,1909,1841,1685,1885,1576,1719,1787,1759,1601,1715,1738,1750,1765,1620,1618,1641,1606,1610,1663,1677,1881,1867,1776,1838,1712,1830,1766,1680,1917,1626,1996,1723,1642,1842,1662,1428,1744,1743,1736,1833,1698,1618,1735,1699,1743,1658,1873,1739,1863,1699,1827,1876,1657,1764,1779,1782,1623,1830,1661,1703,1811,1596,1761,1602,1662,1655,1729,1724,1669,1695,1687,1806,1628,1686,1712,1579,1881,1773,1818,1800,1746,1736,1514,1753,1828,1737,1802,1675,1568,1751,1772,1831,1660,1802,1699,1587,1781,1692,1730,1750,1868,1782,1768,1881,1715,1813,1845,1909,1890,1858,1773,1798,1631,1686,1672,1673,1737,1826,1767,1714,1751,1765,1740,1820,1630,1630,1744,1720,1670,1715,1846,1727,1635,1640,1600,1849,1755,1780,1828,1815,1878,1718,1703,1660,1758,1729,1702,1658,1710,1724,1663,1677,1685,1746,1779,1693,1721,1910,1582,1645,1759,1705,1705,1859,1515,1596,1995,1883,1814,1795,1652,1844,1774,1654,1719,1467,1808,1822,1723,1737,1770,1656,1665,1844,1701,1672,1573,1817,1735,1547,1532,2059,1793,1510,1733,1718,1796,1674,1640,1832,1844,1791,1805,1656,1805,1861,1668,1698,1659,1700,1860,1567,1689,1617,1623,1672,1659,1697,1711,1629,1575,1583,1779,1598,1684,1783,1648,1776,1547,1791,1766,1608,1720,1767,1640,1589,1700,1654,1735,1858,1781,1836,1844,1655,1634,1611,1480,1789,1780,1590,1724,1765,1838,1709,1702,1726,1697,1633,1787,1856,1674,1788,1822,1560,1762,1654,1665,1682,1647,1730,1725,1499,1624,1752,1808,1702,1662,1725,1837,1671,1901,1842,1740,1560,1810,1627,1760,1632,1697,1521,1884,1735,1762,1682,1756,1785,1770,1759,1579,1637,1674,1740,1740,1729,1761,1747,1764,1739,1689,1636,1710,1697,1570,1641,1740,1859,1625,1752,1849,1647,1788,1690,1622,1756,1532,1685,1664,1674,1773,1735,1662,1650,1592,1617,1742,1768,1692,1620,1676,1632,1824,1694,1767,1456,1706,1598,1803,1617,1585,1753,1806,1687,1738,1713,1715,1669,1710,1598,1679,1822,1839,1677,1803,1733,1793,1728,1818,1679,1529,1713,1807,1811,1755,1789,1636,1756,1779,1718,1724,1722,1700,1655,1703,1707,1639,1723,1563,1658,1635,1717,1690,1757,1688,1799,1751,1736,1739,1588,1660,1759,1571,1764,1801,1915,1583,1612,1631,1614,1629,1669,1607,1796,1671,1782,1610,1547,1524,1697,1792,1767,1694,1687,1665,1742,1703,1923,1755,1752,1582,1767,1619,1688,1633,1785,1785,1525,1836,1753,1768,1771,1682,1518,1808,1808,1713,1826,1929,1666,1807,1782,1774,1773,1747,1649,1852,1791
1546,1493,1677,1681,1696,1681,1567,1620,1578,1690,1637,1622,1746,1540,1594,1644,1810,1847,1760,1593,1731,1813,1587,1517,1695,1601,1633,1584,1607,1826,1725,1618,1647,1689,1727,1588,1684,1842,1586,1615,1701,1573,1730,1650,1516,1521,1605,1646,1751,1528,1606,1514,1674,1742,1553,1617,1679,1550,1617,1601,1658,1688,1725,1670,1648,1804,1588,1836,1700,1477,1499,1794,1543,1639,1536,1618,1736,1551,1542,1727,1596,1672,1624,1660,1709,1662,1470,1693,1669,1629,1678,1632,1639,1549,1830,1600,1784,1515,1454,1732,1600,1582,1775,1755,1585,1477,1588,1650,1783,1611,1853,1667,1613,1800,1587,1750,1548,1609,1783,1527,1774,1695,1576,1782,1690,1573,1585,1852,1688,1581,1576,1573,1764,1521,1562,1547,1487,1648,1694,1694,1647,1855,1718,1646,1573,1767,1623,1683,1708,1629,1585,1844,1566,1479,1555,1545,1472,1716,1619,1737,1635,1495,1460,1566,1663,1579,1717,1543,1730,1716,1596,1531,1544,1670,1714,1766,1747,1475,1616,1558,1646,1647,1691,1581,1563,1611,1775,1684,1670,1646,1682,1654,1711,1594,1507,1746,1730,1614,1606,1827,1602,1594,1587,1621,1706,1794,1689,1609,1709,1588,1649,1647,1749,1677,1744,1739,1649,1611,1764,1785,1775,1903,1622,1722,1698,1649,1599,1667,1721,1586,1491,1808,1559,1789,1872,1669,1645,1845,1674,1664,1477,1781,1579,1726,1734,1686,1664,1564,1618,1655,1712,1568,1485,1731,1704,1674,1765,1623,1707,1495,1718,1592,1631,1484,1732,1626,1627,1524,1719,1665,1562,1478,1669,1517,1640,1589,1598,1565,1459,1673,1532,1593,1693,1749,1623,1644,1617,1597,1537,1583,1559,1509,1639,1504,1559,1622,1623,1641,1675,1567,1701,1699,1663,1687,1713,1537,1587,1802,1556,1597,1653,1491,1615,1644,1638,1722,1409,1561,1767,1639,1565,1667,1610,1834,1674,1625,1566,1827,1460,1646,1681,1702,1884,1758,1648,1869,1661,1648,1610,1634,1595,1492,1737,1607,1671,1566,1512,1673,1706,1842,1631,1809,1723,1729,1529,1693,1731,1543,1721,1551,1587,1482,1682,1607,1677,1506,1659,1642,1707,1574,1491,1743,1646,1681,1634,1749,1684,1547,1646,1713,1510,1785,1623,1582,1719,1551,1640,1702,1618,1565,1478,1672,1619,1737,1764,1588,1714,1683,1542,1582,1686,1452,1623,1685,1617,1646,1674,1529,1657,1548,1714,1544,1586,1779,1637,1611,1599,1685,1582,1613,1694,1661,1628,1658,1674,1582,1591,1687,1494,1565,1553,1673,1542,1576,1720,1569,1727,1685,1634,1779,1711,1780,1620,1603,1715,1699,1681,1512,1715,1691,1663,1657,1825,1606,1722,1683,1615,1756,1707,1590,1760,1746,1531,1471,1658,1710,1715,1712,1692,1698,1601,1611,1793,1666,1646,1743,1628,1680,1670,1594,1561,1579,1588,1644,1642,1622,1724,1687,1596,1604,1554,1505,1727,1717,1555,1654,1702,1737,1619,1753,1698,1525,1697,1431,1660,1524,1653,1495,1614,1594,1603,1775,1633,1610,1672,1641,1832,1638,1581,1734,1595,1578,1579,1558,1516,1649,1810,1571,1622,1670,1570,1701,1471,1628,1703,1559,1676,1596,1633,1736,1727,1639,1602,1671,1880,1800,1640,1696,1504,1687,1746,1691,1585,1683,1699,1661,1710,1612,1603,1575,1621,1485,1663,1658,1724,1746,1585,1840,1683,1748,1715,1700,1744,1600,1807,1559,1524,1830,1576,1366,1777,1699,1682,1648,1642,1674,1660,1602,1628,1643,1836,1656,1752,1673,1724,1792,1672,1676,1767,1627,1549,1756,1550,1737,1760,1528,1675,1535,1634,1650,1644,1613,1592,1682,1667,1741,1613,1586,1614,1535,1852,1653,1651,1697,1639,1685,1435,1598,1768,1642,1714,1520,1544,1732,1684,1717,1582,1673,1647,1456,1724,1651,1699,1648,1724,1728,1694,1870,1692,1705,1788,1772,1791,1875,1698,1746,1627,1562,1565,1534,1635,1771,1649,1608,1743,1730,1680,1772,1601,1564,1665,1604,1677,1651,1808,1736,1580,1637,1599,1665,1747,1745,1717,1744,1863,1630,1662,1502,1669,1654,1617,1630,1576,1578,1582,1595,1607,1584,1604,1657,1636,1740,1559,1479,1724,1647,1645,1691,1497,1559,1865,1737,1796,1651,1521,1756,1688,1599,1576,1545,1673,1819,1570,1607,1532,1532,1605,1734,1622,1570,1530,1736,1612,1461,1457,1879,1746,1559,1648,1721,1635,1615,1558,1726,1707,1701,1720,1549,1711,1655,1538,1618,1559,1628,1671,1455,1670,1604,1606,1543,1721,1587,1633,1570,1508,1474,1636,1481,1581,1668,1517,1726,1526,1636,1649,1564,1641,1618,1543,1503,1657,1511,1674,1678,1697,1802,1740,1540,1611,1600,1549,1644,1683,1605,1629,1670,1690,1584,1596,1717,1623,1553,1739,1703,1593,1744,1721,1534,1594,1555,1581,1587,1599,1611,1687,1457,1546,1677,1718,1602,1586,1676,1767,1570,1838,1821,1633,1453,1766,1564,1638,1589,1609,1499,1808,1747,1552,1692,1717,1780,1748,1746,1547,1668,1659,1631,1709,1636,1692,1680,1644,1632,1637,1562,1660,1624,1521,1509,1692,1770,1628,1721,1745,1536,1704,1673,1622,1743,1561,1651,1589,1563,1677,1686,1610,1569,1662,1588,1697,1684,1626,1639,1600,1570,1678,1619,1691,1388,1657,1596,1772,1557,1629,1530,1700,1650,1722,1664,1604,1652,1574,1562,1553,1739,1670,1602,1682,1668,1649,1690,1823,1550,1396,1706,1687,1793,1763,1694,1572,1795,1626,1640,1752,1645,1647,1571,1688,1672,1623,1567,1598,1599,1586,1524,1668,1705,1632,1656,1731,1684,1617,1543,1587,1638,1601,1652,1760,1788,1535,1607,1626,1642,1588,1658,1577,1692,1585,1745,1528,1544,1539,1564,1779,1695,1636,1563,1655,1667,1658,1799,1672,1670,1602,1699,1688,1619,1501,1633,1691,1444,1731,1724,1722,1714,1605,1503,1704,1626,1658,1740,1828,1559,1714,1600,1682,1663,1692,1489,1712,1722
1638,1529,1667,1778,1703,1779,1644,1559,1619,1746,1512,1655,1692,1562,1614,1684,1788,1747,1740,1638,1800,1841,1651,1561,1718,1608,1657,1682,1626,1826,1793,1654,1707,1773,1747,1658,1861,1978,1624,1640,1736,1635,1730,1698,1649,1683,1697,1731,1815,1529,1731,1602,1635,1820,1658,1633,1695,1570,1611,1690,1749,1719,1779,1732,1653,1897,1690,1774,1740,1588,1569,1764,1606,1670,1648,1727,1712,1532,1700,1735,1657,1713,1642,1703,1675,1679,1598,1683,1654,1691,1702,1651,1739,1628,1845,1657,1809,1517,1548,1812,1575,1581,1917,1768,1689,1587,1628,1679,1843,1687,1959,1764,1642,1839,1550,1790,1665,1648,1773,1652,1761,1652,1614,1765,1730,1545,1654,1759,1756,1603,1632,1517,1797,1487,1644,1622,1559,1687,1707,1767,1680,1849,1736,1593,1680,1780,1597,1788,1780,1692,1714,1780,1650,1592,1632,1649,1469,1660,1653,1761,1682,1569,1495,1568,1681,1707,1779,1586,1811,1650,1671,1545,1575,1705,1750,1679,1684,1555,1662,1630,1642,1698,1805,1656,1629,1697,1785,1690,1720,1687,1650,1702,1626,1725,1597,1803,1767,1681,1612,1773,1645,1554,1639,1603,1718,1807,1669,1694,1784,1674,1742,1666,1766,1785,1866,1712,1739,1638,1697,1809,1904,1901,1744,1747,1730,1641,1667,1785,1770,1585,1499,1844,1608,1803,1892,1731,1646,1808,1666,1626,1500,1691,1610,1734,1756,1685,1684,1627,1701,1842,1747,1592,1431,1807,1758,1738,1809,1708,1811,1599,1625,1663,1687,1546,1781,1698,1663,1635,1663,1733,1584,1525,1730,1662,1825,1622,1617,1541,1557,1714,1627,1615,1801,1839,1734,1686,1701,1710,1576,1701,1648,1681,1708,1541,1583,1712,1615,1775,1779,1587,1747,1723,1783,1758,1722,1620,1707,1879,1636,1674,1695,1577,1620,1709,1636,1749,1552,1636,1784,1716,1580,1673,1695,1842,1665,1699,1478,1757,1590,1751,1783,1754,1799,1816,1656,1965,1765,1759,1783,1715,1679,1542,1681,1638,1710,1631,1502,1642,1778,1829,1696,1778,1777,1729,1714,1782,1675,1572,1802,1499,1595,1543,1686,1601,1653,1553,1652,1760,1747,1659,1647,1847,1749,1695,1717,1707,1882,1695,1621,1681,1613,1828,1649,1638,1820,1704,1608,1789,1626,1536,1603,1809,1655,1825,1761,1619,1675,1684,1589,1627,1713,1517,1682,1840,1703,1678,1699,1548,1665,1650,1735,1638,1687,1844,1700,1644,1534,1741,1592,1706,1684,1736,1608,1677,1680,1654,1623,1739,1523,1641,1600,1662,1694,1634,1772,1635,1770,1757,1652,1851,1765,1757,1704,1634,1658,1790,1754,1566,1717,1714,1656,1712,1825,1644,1774,1787,1547,1729,1708,1619,1734,1772,1520,1517,1791,1831,1737,1699,1655,1682,1577,1678,1874,1753,1757,1772,1754,1815,1755,1714,1633,1664,1666,1669,1691,1612,1805,1704,1699,1628,1547,1623,1750,1751,1473,1747,1701,1690,1679,1715,1723,1549,1761,1455,1703,1604,1762,1599,1673,1588,1654,1715,1725,1803,1749,1731,1889,1679,1669,1850,1614,1710,1722,1624,1611,1754,1836,1692,1553,1670,1607,1733,1498,1691,1653,1606,1700,1570,1719,1734,1725,1734,1651,1674,1834,1842,1749,1823,1635,1695,1843,1706,1581,1692,1725,1745,1746,1586,1564,1592,1650,1533,1694,1700,1784,1757,1694,1760,1776,1786,1759,1747,1844,1565,1819,1650,1601,1877,1602,1352,1799,1737,1714,1704,1621,1621,1660,1740,1686,1626,1806,1744,1773,1760,1708,1819,1746,1694,1795,1682,1607,1768,1612,1738,1769,1556,1708,1510,1655,1717,1691,1643,1672,1736,1723,1666,1667,1682,1679,1670,1871,1774,1652,1794,1745,1701,1458,1729,1762,1748,1713,1614,1547,1810,1851,1773,1608,1675,1688,1570,1789,1654,1684,1585,1719,1792,1722,1865,1742,1681,1849,1817,1834,1910,1778,1774,1700,1644,1622,1673,1620,1779,1678,1732,1802,1779,1661,1807,1697,1505,1728,1716,1724,1699,1846,1660,1579,1633,1696,1678,1783,1697,1808,1655,1976,1726,1729,1575,1669,1713,1676,1687,1645,1703,1668,1623,1630,1678,1664,1662,1604,1839,1608,1567,1721,1689,1695,1798,1525,1557,1961,1793,1802,1694,1597,1782,1690,1602,1719,1521,1775,1829,1640,1704,1630,1533,1619,1669,1651,1666,1564,1802,1643,1504,1603,2042,1859,1567,1753,1689,1680,1679,1621,1797,1765,1693,1620,1632,1757,1790,1646,1600,1549,1690,1739,1425,1702,1654,1728,1607,1681,1643,1680,1583,1552,1498,1746,1591,1601,1736,1613,1640,1475,1748,1706,1551,1662,1645,1620,1596,1656,1513,1749,1838,1759,1727,1810,1672,1602,1620,1474,1788,1663,1663,1722,1727,1657,1639,1645,1708,1680,1634,1774,1771,1615,1738,1703,1657,1682,1633,1729,1605,1700,1636,1815,1508,1644,1752,1721,1682,1710,1795,1804,1627,1839,1847,1710,1515,1747,1614,1710,1714,1617,1544,1922,1794,1645,1730,1773,1731,1840,1701,1614,1600,1660,1710,1726,1661,1751,1654,1742,1688,1672,1575,1674,1633,1537,1576,1745,1890,1623,1796,1730,1553,1692,1692,1662,1845,1622,1618,1603,1632,1733,1737,1583,1652,1680,1595,1676,1698,1703,1621,1684,1584,1657,1709,1652,1444,1714,1537,1729,1555,1607,1676,1709,1668,1627,1690,1651,1654,1672,1604,1577,1765,1764,1676,1736,1624,1779,1664,1818,1602,1465,1800,1802,1787,1757,1796,1636,1831,1665,1729,1705,1657,1656,1700,1773,1634,1677,1662,1684,1624,1552,1665,1677,1777,1690,1637,1696,1735,1664,1536,1619,1717,1596,1720,1889,1767,1585,1573,1610,1756,1746,1643,1554,1765,1656,1736,1620,1558,1575,1666,1723,1686,1691,1594,1628,1611,1724,1842,1693,1751,1578,1678,1634,1559,1540,1657,1815,1483,1792,1695,1754,1832,1627,1589,1817,1619,1710,1678,1924,1616,1779,1624,1745,1736,1806,1547,1769,1751
1650,1523,1664,1720,1578,1629,1504,1560,1499,1643,1477,1662,1692,1578,1566,1662,1734,1764,1701,1545,1703,1742,1652,1549,1585,1498,1643,1646,1550,1745,1727,1587,1666,1781,1725,1582,1734,1875,1550,1663,1693,1566,1679,1705,1602,1502,1681,1618,1746,1499,1586,1564,1559,1832,1631,1599,1661,1534,1548,1570,1649,1629,1773,1568,1687,1721,1663,1740,1619,1442,1571,1777,1526,1599,1534,1611,1673,1534,1545,1643,1669,1664,1550,1705,1614,1602,1542,1595,1606,1626,1742,1607,1606,1550,1744,1638,1749,1493,1485,1768,1465,1515,1764,1795,1617,1502,1604,1682,1676,1685,1854,1763,1597,1672,1507,1726,1545,1589,1744,1549,1677,1570,1597,1774,1652,1484,1588,1740,1732,1555,1560,1521,1761,1415,1653,1540,1460,1692,1623,1708,1612,1789,1685,1531,1642,1697,1500,1674,1782,1640,1659,1736,1598,1522,1585,1679,1448,1616,1623,1765,1470,1550,1504,1506,1554,1569,1643,1492,1737,1714,1530,1566,1474,1610,1753,1657,1665,1528,1550,1556,1637,1675,1702,1608,1558,1616,1789,1557,1668,1595,1569,1687,1616,1558,1541,1731,1750,1600,1567,1698,1528,1502,1495,1530,1624,1802,1644,1586,1704,1635,1650,1635,1688,1595,1642,1672,1607,1565,1665,1682,1751,1815,1658,1620,1658,1566,1629,1574,1650,1544,1527,1793,1553,1781,1772,1660,1680,1706,1544,1562,1476,1723,1608,1722,1718,1637,1635,1589,1619,1675,1717,1554,1445,1755,1658,1718,1727,1610,1652,1481,1655,1635,1584,1454,1660,1644,1599,1486,1545,1617,1551,1473,1665,1587,1746,1526,1569,1508,1412,1640,1569,1594,1734,1782,1625,1628,1742,1477,1494,1634,1488,1607,1699,1466,1519,1682,1645,1693,1676,1542,1638,1711,1645,1658,1670,1536,1607,1719,1571,1637,1663,1567,1592,1701,1550,1631,1477,1550,1784,1612,1549,1632,1569,1767,1727,1627,1516,1692,1496,1680,1636,1709,1722,1764,1655,1856,1746,1625,1652,1610,1544,1478,1690,1592,1646,1533,1446,1580,1563,1782,1648,1736,1721,1650,1589,1602,1662,1507,1676,1435,1565,1509,1698,1540,1618,1582,1606,1666,1661,1560,1580,1765,1677,1659,1643,1645,1737,1528,1587,1593,1507,1769,1641,1677,1836,1648,1661,1605,1627,1496,1483,1643,1658,1790,1728,1493,1672,1682,1502,1602,1611,1520,1497,1721,1539,1614,1692,1439,1651,1661,1703,1540,1596,1722,1567,1586,1472,1657,1525,1662,1672,1636,1666,1638,1564,1550,1527,1704,1445,1596,1521,1696,1565,1619,1753,1599,1637,1659,1514,1759,1696,1700,1562,1551,1591,1667,1712,1472,1687,1694,1661,1660,1669,1546,1686,1708,1501,1735,1528,1698,1784,1773,1481,1439,1663,1798,1697,1673,1689,1641,1578,1603,1763,1660,1583,1705,1647,1665,1716,1725,1565,1575,1581,1589,1609,1529,1739,1666,1692,1489,1564,1455,1764,1646,1497,1721,1626,1592,1660,1665,1651,1503,1666,1516,1490,1537,1710,1454,1672,1614,1585,1700,1594,1740,1664,1596,1823,1582,1680,1787,1634,1675,1623,1556,1530,1712,1805,1648,1478,1671,1467,1672,1475,1607,1690,1495,1641,1574,1544,1649,1726,1571,1653,1620,1825,1742,1621,1658,1471,1633,1740,1664,1603,1619,1658,1694,1659,1586,1527,1554,1595,1474,1691,1578,1683,1661,1599,1774,1696,1694,1703,1716,1743,1593,1845,1559,1597,1851,1521,1384,1745,1680,1508,1674,1616,1620,1600,1608,1558,1579,1789,1647,1687,1614,1633,1771,1710,1634,1693,1597,1553,1686,1492,1749,1695,1495,1735,1509,1663,1559,1587,1569,1597,1595,1617,1669,1566,1539,1687,1557,1804,1749,1559,1786,1692,1663,1436,1623,1665,1564,1647,1471,1426,1660,1610,1618,1554,1656,1587,1473,1724,1574,1697,1489,1652,1689,1615,1873,1655,1611,1771,1802,1811,1792,1635,1759,1634,1620,1589,1547,1636,1912,1602,1546,1785,1668,1582,1821,1647,1457,1694,1674,1614,1797,1797,1723,1528,1583,1579,1661,1646,1661,1586,1620,1837,1681,1629,1483,1572,1669,1580,1553,1604,1640,1556,1551,1630,1635,1587,1505,1485,1690,1488,1503,1708,1614,1610,1722,1543,1516,1891,1654,1745,1662,1568,1713,1669,1610,1680,1428,1700,1737,1566,1609,1608,1505,1527,1710,1594,1538,1572,1749,1606,1472,1518,1785,1806,1560,1689,1686,1741,1593,1538,1784,1694,1685,1568,1625,1696,1752,1589,1579,1501,1641,1737,1325,1704,1592,1645,1583,1602,1603,1614,1527,1443,1501,1677,1479,1539,1677,1466,1659,1481,1712,1604,1559,1610,1618,1513,1561,1743,1490,1663,1779,1658,1628,1591,1587,1654,1564,1447,1650,1598,1658,1638,1674,1647,1634,1612,1651,1619,1589,1599,1621,1593,1714,1720,1598,1658,1637,1606,1568,1601,1572,1718,1381,1595,1626,1715,1627,1610,1712,1698,1605,1732,1771,1645,1449,1701,1527,1629,1665,1609,1559,1786,1708,1572,1725,1769,1755,1756,1647,1615,1618,1637,1640,1711,1539,1628,1528,1681,1555,1654,1591,1582,1555,1577,1505,1695,1745,1607,1707,1752,1493,1627,1625,1556,1673,1598,1582,1589,1619,1663,1661,1510,1520,1569,1486,1550,1648,1655,1626,1604,1575,1706,1642,1559,1373,1673,1476,1711,1530,1610,1569,1692,1618,1566,1621,1578,1596,1591,1609,1606,1686,1687,1597,1767,1687,1651,1588,1760,1623,1425,1646,1634,1719,1688,1755,1544,1722,1497,1677,1672,1589,1595,1688,1641,1557,1651,1642,1618,1585,1549,1620,1577,1778,1622,1669,1751,1561,1526,1420,1540,1614,1604,1663,1762,1758,1554,1527,1579,1616,1606,1666,1581,1730,1586,1698,1557,1497,1469,1582,1707,1628,1578,1532,1610,1631,1580,1723,1640,1683,1538,1648,1476,1615,1469,1616,1777,1445,1763,1666,1717,1675,1669,1563,1732,1602,1597,1705,1777,1501,1698,1634,1698,1685,1746,1561,1701,1625
1680,1595,1727,1765,1584,1758,1468,1599,1654,1677,1478,1687,1665,1534,1572,1702,1814,1828,1781,1627,1748,1726,1805,1658,1700,1664,1688,1711,1574,1806,1820,1573,1696,1744,1760,1683,1805,1930,1600,1629,1763,1622,1628,1821,1718,1610,1687,1710,1803,1471,1771,1676,1635,1809,1579,1628,1752,1529,1560,1657,1704,1741,1825,1670,1663,1899,1745,1785,1736,1540,1607,1774,1652,1661,1599,1704,1679,1608,1571,1708,1621,1713,1655,1770,1610,1574,1470,1765,1705,1630,1772,1677,1672,1607,1844,1710,1822,1487,1561,1843,1622,1629,1777,1844,1644,1581,1622,1724,1841,1689,1906,1854,1649,1771,1557,1828,1577,1629,1773,1610,1758,1611,1617,1748,1702,1553,1684,1758,1770,1697,1602,1588,1817,1541,1769,1599,1510,1776,1644,1811,1643,1833,1787,1613,1803,1772,1536,1812,1835,1634,1639,1805,1666,1554,1688,1692,1521,1735,1563,1722,1572,1605,1589,1624,1644,1663,1721,1578,1822,1811,1510,1598,1578,1651,1787,1592,1757,1523,1607,1584,1709,1718,1811,1595,1633,1633,1855,1604,1732,1620,1704,1771,1689,1614,1581,1710,1772,1751,1537,1691,1685,1604,1666,1581,1716,1777,1671,1613,1678,1727,1673,1735,1752,1734,1749,1712,1646,1672,1700,1685,1844,1829,1693,1700,1780,1576,1563,1648,1690,1531,1515,1791,1656,1739,1889,1721,1693,1787,1660,1638,1465,1769,1581,1727,1789,1659,1678,1660,1734,1769,1805,1619,1480,1716,1750,1749,1713,1680,1657,1652,1736,1635,1649,1505,1685,1674,1681,1553,1636,1647,1583,1575,1747,1603,1875,1549,1523,1577,1520,1707,1575,1613,1725,1787,1554,1683,1711,1611,1591,1587,1597,1628,1754,1516,1569,1640,1673,1783,1726,1637,1760,1665,1726,1741,1591,1641,1687,1791,1594,1642,1631,1596,1607,1729,1582,1717,1525,1625,1859,1768,1546,1631,1605,1900,1754,1663,1520,1690,1553,1736,1760,1683,1759,1936,1667,1976,1667,1728,1629,1598,1590,1618,1786,1640,1686,1653,1588,1598,1754,1873,1589,1766,1775,1736,1630,1630,1655,1600,1851,1438,1543,1603,1794,1638,1671,1708,1635,1703,1738,1682,1769,1736,1784,1719,1740,1692,1842,1674,1614,1661,1579,1832,1683,1626,1778,1617,1684,1727,1698,1570,1618,1699,1688,1789,1754,1603,1675,1701,1570,1642,1757,1507,1594,1735,1666,1674,1699,1496,1740,1712,1689,1583,1744,1808,1655,1758,1570,1748,1651,1731,1667,1645,1584,1681,1602,1635,1522,1685,1430,1693,1627,1708,1692,1634,1801,1682,1746,1745,1660,1791,1777,1667,1725,1591,1663,1738,1686,1464,1704,1678,1664,1724,1826,1588,1755,1663,1568,1806,1655,1720,1762,1854,1569,1542,1820,1751,1705,1690,1853,1727,1543,1728,1855,1673,1593,1728,1688,1742,1723,1793,1599,1648,1553,1645,1701,1545,1719,1736,1690,1561,1572,1512,1716,1774,1551,1836,1667,1623,1639,1689,1707,1587,1689,1585,1701,1634,1741,1566,1683,1706,1622,1691,1632,1773,1695,1689,1817,1641,1642,1876,1706,1749,1583,1648,1586,1766,1762,1747,1561,1721,1570,1739,1518,1724,1706,1573,1673,1686,1599,1732,1678,1599,1717,1698,1875,1871,1667,1701,1607,1654,1804,1716,1656,1797,1734,1789,1664,1622,1579,1604,1694,1548,1699,1566,1833,1698,1602,1747,1711,1748,1763,1721,1701,1635,1827,1596,1647,1950,1518,1474,1786,1679,1667,1633,1615,1620,1705,1700,1589,1619,1897,1745,1810,1757,1801,1747,1672,1725,1787,1756,1641,1756,1524,1802,1720,1531,1788,1512,1656,1657,1687,1635,1645,1783,1720,1678,1565,1643,1743,1630,1864,1790,1687,1834,1753,1650,1499,1710,1715,1606,1718,1537,1443,1695,1754,1756,1603,1584,1581,1509,1719,1681,1717,1589,1779,1747,1664,1907,1767,1726,1853,1805,1762,1860,1739,1765,1713,1707,1688,1619,1728,1924,1613,1692,1736,1740,1620,1833,1673,1496,1683,1738,1653,1767,1857,1752,1614,1638,1621,1712,1678,1664,1687,1714,2000,1705,1660,1510,1709,1780,1649,1567,1639,1733,1601,1681,1618,1637,1668,1630,1584,1664,1695,1566,1759,1689,1713,1770,1581,1629,1820,1793,1818,1682,1623,1912,1608,1763,1719,1589,1757,1782,1645,1764,1714,1525,1577,1740,1695,1617,1673,1722,1631,1580,1500,1924,1785,1532,1697,1700,1723,1629,1554,1747,1743,1712,1618,1685,1792,1744,1616,1617,1631,1672,1716,1313,1690,1672,1743,1592,1750,1742,1671,1620,1582,1583,1654,1624,1572,1723,1529,1685,1489,1767,1666,1584,1621,1666,1679,1598,1647,1590,1692,1790,1683,1709,1702,1615,1651,1489,1476,1817,1677,1716,1669,1728,1735,1688,1616,1758,1748,1578,1601,1738,1581,1708,1745,1656,1748,1568,1669,1612,1666,1601,1708,1526,1666,1734,1753,1731,1640,1779,1785,1643,1868,1901,1663,1489,1720,1616,1676,1612,1633,1588,1836,1693,1619,1810,1779,1782,1774,1741,1652,1669,1681,1645,1740,1572,1651,1646,1807,1668,1709,1583,1635,1640,1633,1644,1762,1906,1609,1841,1801,1587,1621,1653,1587,1760,1681,1538,1636,1674,1736,1679,1619,1585,1695,1593,1658,1733,1774,1644,1674,1674,1787,1686,1611,1395,1783,1497,1728,1659,1691,1747,1725,1715,1598,1704,1640,1686,1688,1710,1606,1752,1747,1647,1748,1640,1699,1638,1822,1592,1383,1754,1815,1802,1766,1838,1644,1739,1688,1705,1775,1672,1633,1651,1761,1664,1685,1645,1601,1613,1574,1611,1634,1801,1655,1696,1800,1556,1588,1503,1544,1674,1575,1725,1751,1891,1594,1638,1544,1825,1651,1746,1609,1739,1646,1867,1635,1565,1559,1593,1772,1537,1706,1738,1680,1639,1735,1782,1752,1742,1716,1653,1604,1628,1464,1641,1789,1531,1788,1727,1814,1792,1686,1602,1775,1635,1730,1629,1800,1569,1687,1596,1691,1802,1737,1516,1810,1711
1729,1633,1703,1698,1587,1740,1505,1563,1603,1645,1543,1665,1712,1540,1582,1726,1763,1832,1754,1618,1771,1696,1731,1654,1726,1676,1670,1780,1604,1797,1802,1596,1699,1746,1769,1656,1823,1891,1538,1614,1677,1656,1627,1772,1770,1589,1689,1655,1819,1485,1810,1738,1594,1784,1633,1632,1741,1630,1557,1581,1672,1737,1865,1684,1771,1893,1685,1711,1601,1526,1634,1803,1663,1684,1630,1683,1672,1691,1522,1729,1649,1747,1676,1738,1670,1623,1500,1776,1691,1639,1799,1667,1637,1589,1790,1675,1789,1531,1516,1815,1544,1613,1803,1813,1694,1640,1628,1629,1825,1725,1828,1829,1618,1748,1656,1842,1622,1659,1772,1598,1749,1634,1615,1816,1736,1626,1696,1784,1756,1707,1605,1608,1854,1472,1672,1519,1605,1797,1686,1750,1725,1731,1778,1633,1760,1769,1563,1796,1866,1665,1621,1835,1730,1601,1634,1776,1500,1677,1600,1773,1614,1600,1583,1568,1684,1631,1664,1450,1830,1816,1540,1532,1570,1689,1774,1615,1763,1628,1644,1580,1688,1647,1856,1566,1701,1558,1786,1614,1709,1667,1654,1690,1675,1594,1602,1700,1764,1730,1535,1821,1648,1607,1689,1531,1698,1725,1674,1694,1745,1723,1674,1666,1731,1722,1780,1785,1661,1600,1739,1738,1758,1891,1695,1718,1681,1587,1568,1656,1671,1596,1564,1862,1667,1804,1928,1681,1712,1830,1616,1495,1564,1812,1601,1709,1840,1680,1777,1561,1758,1779,1775,1592,1517,1804,1703,1888,1817,1703,1719,1553,1745,1696,1624,1555,1712,1632,1658,1535,1571,1608,1599,1582,1719,1684,1743,1509,1603,1577,1508,1690,1617,1623,1763,1730,1575,1647,1833,1591,1515,1650,1550,1626,1783,1486,1564,1687,1671,1664,1769,1668,1641,1667,1740,1679,1556,1600,1706,1849,1573,1762,1680,1691,1686,1720,1629,1755,1478,1677,1791,1784,1671,1723,1695,1862,1823,1718,1563,1650,1672,1761,1664,1659,1750,1832,1730,1843,1775,1781,1555,1635,1552,1601,1664,1771,1665,1689,1539,1666,1710,1846,1704,1796,1752,1750,1757,1680,1610,1579,1859,1549,1603,1606,1701,1603,1735,1615,1709,1681,1719,1718,1753,1769,1691,1718,1658,1674,1798,1533,1657,1643,1588,1798,1698,1638,1883,1609,1683,1688,1603,1643,1590,1648,1737,1803,1745,1588,1673,1689,1502,1655,1754,1561,1646,1726,1651,1727,1706,1478,1664,1780,1760,1619,1839,1783,1687,1681,1490,1596,1633,1723,1656,1699,1578,1706,1609,1511,1423,1742,1438,1648,1667,1786,1723,1655,1814,1706,1860,1714,1660,1882,1799,1729,1685,1565,1636,1764,1741,1522,1724,1667,1605,1710,1797,1588,1753,1760,1584,1782,1668,1642,1759,1872,1621,1515,1795,1769,1719,1734,1712,1771,1587,1738,1860,1597,1623,1643,1751,1695,1762,1779,1644,1722,1594,1661,1612,1485,1751,1757,1693,1545,1581,1497,1701,1615,1550,1824,1708,1722,1674,1775,1678,1583,1863,1595,1632,1538,1789,1508,1631,1697,1605,1727,1712,1807,1783,1638,1797,1645,1674,1919,1640,1718,1671,1707,1634,1825,1825,1652,1572,1711,1532,1709,1490,1687,1796,1586,1643,1653,1564,1617,1642,1616,1630,1796,1828,1781,1579,1743,1649,1739,1832,1721,1599,1758,1785,1782,1704,1644,1634,1565,1592,1564,1664,1628,1801,1712,1696,1767,1703,1731,1781,1701,1704,1625,1843,1575,1638,1821,1622,1586,1734,1634,1659,1654,1623,1689,1675,1701,1632,1591,1871,1693,1711,1666,1702,1739,1680,1642,1745,1721,1628,1743,1587,1875,1761,1468,1725,1495,1742,1707,1632,1595,1658,1582,1818,1710,1559,1634,1802,1710,1931,1815,1641,1847,1796,1612,1483,1812,1715,1731,1662,1566,1527,1656,1636,1747,1616,1578,1631,1557,1729,1654,1766,1536,1669,1653,1676,1860,1730,1688,1825,1822,1781,1798,1665,1768,1769,1717,1690,1556,1647,1860,1597,1659,1755,1824,1615,1794,1683,1501,1601,1687,1603,1772,1894,1708,1583,1676,1746,1643,1679,1782,1567,1706,2027,1751,1601,1582,1668,1711,1626,1547,1593,1743,1528,1657,1583,1655,1656,1625,1581,1718,1667,1647,1828,1669,1650,1767,1606,1519,1880,1659,1805,1658,1647,1825,1664,1736,1729,1579,1729,1835,1676,1708,1809,1616,1556,1659,1677,1749,1686,1749,1627,1574,1533,1845,1779,1581,1699,1721,1684,1661,1627,1867,1731,1727,1686,1701,1814,1822,1722,1561,1580,1685,1806,1286,1796,1664,1792,1572,1745,1706,1728,1632,1552,1570,1688,1538,1613,1780,1485,1717,1463,1763,1643,1548,1671,1631,1576,1570,1670,1556,1629,1759,1676,1729,1649,1594,1664,1545,1448,1778,1603,1759,1697,1707,1713,1666,1528,1770,1654,1573,1663,1693,1640,1731,1797,1622,1778,1649,1663,1583,1685,1519,1659,1484,1695,1782,1792,1748,1649,1757,1701,1672,1833,1878,1697,1460,1704,1565,1677,1656,1603,1648,1900,1752,1608,1766,1647,1673,1837,1685,1636,1653,1630,1630,1745,1632,1638,1668,1692,1619,1719,1639,1677,1621,1605,1592,1692,1873,1589,1737,1841,1581,1613,1618,1631,1678,1722,1594,1629,1646,1679,1741,1605,1566,1598,1579,1688,1662,1671,1667,1626,1661,1760,1614,1526,1472,1608,1477,1721,1611,1664,1714,1679,1739,1602,1688,1647,1674,1620,1750,1733,1715,1755,1701,1718,1614,1707,1584,1826,1597,1480,1832,1726,1817,1795,1798,1638,1747,1666,1660,1729,1655,1658,1728,1703,1583,1794,1741,1650,1634,1649,1595,1657,1834,1613,1695,1817,1688,1560,1523,1605,1685,1571,1712,1730,1849,1557,1656,1630,1707,1707,1732,1610,1834,1665,1853,1613,1539,1574,1546,1716,1639,1681,1665,1614,1711,1735,1722,1714,1768,1671,1689,1601,1659,1525,1619,1741,1568,1718,1686,1790,1685,1733,1584,1771,1623,1754,1697,1794,1611,1674,1578,1750,1832,1752,1584,1828,1727
1695,1566,1552,1599,1525,1712,1485,1526,1651,1591,1540,1655,1651,1501,1519,1694,1694,1793,1678,1569,1751,1648,1680,1542,1646,1588,1658,1687,1553,1691,1786,1514,1597,1699,1733,1637,1801,1849,1563,1557,1691,1543,1622,1724,1645,1558,1612,1633,1752,1434,1719,1649,1549,1753,1548,1654,1652,1608,1566,1547,1658,1640,1771,1641,1661,1838,1629,1608,1643,1528,1625,1740,1575,1596,1558,1615,1656,1651,1523,1695,1629,1781,1652,1722,1630,1622,1416,1733,1700,1568,1791,1656,1599,1586,1787,1725,1679,1512,1491,1759,1547,1589,1704,1803,1667,1517,1615,1609,1722,1623,1729,1720,1535,1685,1643,1801,1498,1504,1704,1530,1694,1556,1575,1724,1646,1509,1611,1728,1710,1613,1561,1588,1722,1411,1628,1535,1481,1778,1506,1651,1670,1703,1756,1531,1713,1710,1432,1715,1823,1589,1608,1744,1644,1555,1636,1652,1567,1666,1475,1739,1671,1492,1565,1523,1533,1609,1565,1481,1813,1717,1520,1570,1599,1650,1779,1584,1646,1578,1578,1585,1646,1577,1692,1457,1608,1512,1777,1527,1661,1645,1611,1744,1677,1520,1544,1724,1739,1593,1489,1710,1665,1506,1592,1582,1637,1747,1611,1670,1753,1602,1649,1759,1749,1576,1732,1735,1584,1602,1704,1591,1787,1773,1753,1643,1698,1530,1579,1610,1689,1538,1438,1712,1602,1682,1875,1624,1629,1704,1553,1459,1531,1856,1537,1671,1667,1634,1649,1526,1722,1803,1700,1501,1463,1684,1724,1818,1799,1641,1654,1647,1626,1652,1605,1564,1606,1567,1618,1478,1591,1646,1562,1495,1647,1618,1747,1446,1467,1526,1444,1628,1595,1636,1751,1640,1529,1644,1710,1623,1533,1605,1517,1559,1695,1445,1587,1624,1669,1701,1657,1559,1538,1571,1737,1649,1590,1606,1614,1754,1505,1644,1623,1542,1532,1665,1527,1677,1473,1616,1726,1710,1549,1651,1550,1856,1688,1625,1541,1602,1555,1719,1617,1619,1652,1832,1670,1763,1699,1734,1512,1589,1490,1629,1567,1670,1630,1631,1536,1624,1674,1825,1554,1746,1693,1777,1584,1670,1680,1563,1838,1535,1552,1525,1721,1600,1604,1647,1585,1561,1652,1685,1705,1704,1695,1761,1688,1637,1775,1568,1628,1604,1528,1756,1680,1585,1783,1566,1647,1642,1622,1569,1566,1689,1665,1790,1624,1576,1586,1606,1463,1561,1675,1548,1630,1677,1621,1678,1798,1450,1678,1712,1655,1601,1765,1822,1543,1757,1470,1577,1715,1610,1515,1548,1506,1729,1451,1581,1509,1661,1421,1568,1597,1714,1635,1620,1754,1677,1731,1694,1608,1886,1788,1642,1584,1481,1558,1717,1691,1531,1613,1553,1501,1687,1816,1553,1718,1693,1585,1667,1589,1565,1738,1786,1619,1566,1741,1731,1652,1579,1766,1812,1530,1663,1782,1496,1640,1575,1640,1645,1762,1740,1564,1654,1536,1616,1572,1445,1676,1671,1558,1412,1537,1531,1709,1653,1555,1759,1641,1668,1644,1703,1614,1588,1737,1625,1576,1555,1666,1425,1644,1673,1593,1645,1625,1735,1691,1614,1672,1592,1689,1777,1662,1667,1580,1684,1633,1761,1713,1648,1502,1648,1540,1754,1418,1676,1655,1510,1561,1621,1641,1658,1641,1540,1642,1691,1761,1719,1524,1635,1611,1621,1759,1706,1530,1697,1743,1715,1691,1601,1559,1458,1514,1618,1516,1552,1842,1634,1687,1807,1700,1667,1765,1659,1677,1577,1714,1447,1700,1789,1574,1575,1776,1660,1588,1572,1562,1660,1572,1661,1556,1618,1913,1660,1555,1638,1710,1666,1724,1626,1726,1669,1727,1733,1572,1778,1755,1447,1706,1495,1754,1637,1616,1621,1592,1655,1680,1745,1541,1585,1639,1636,1818,1653,1718,1891,1742,1687,1474,1682,1642,1654,1608,1504,1469,1644,1671,1663,1518,1518,1535,1412,1671,1626,1710,1516,1653,1663,1667,1790,1765,1783,1774,1726,1697,1856,1584,1745,1713,1671,1629,1528,1625,1768,1533,1607,1683,1747,1579,1822,1631,1429,1636,1734,1610,1723,1748,1546,1516,1556,1662,1560,1632,1575,1537,1652,1911,1750,1524,1526,1741,1731,1573,1581,1554,1652,1486,1614,1581,1656,1609,1542,1577,1584,1494,1600,1749,1676,1554,1730,1548,1414,1788,1640,1712,1659,1612,1764,1652,1667,1598,1511,1626,1768,1625,1617,1785,1544,1553,1634,1613,1617,1644,1706,1522,1513,1488,1853,1646,1498,1640,1594,1697,1588,1562,1700,1629,1641,1533,1527,1829,1780,1672,1514,1625,1585,1805,1170,1680,1567,1738,1527,1623,1739,1685,1573,1551,1573,1597,1529,1516,1690,1453,1662,1503,1736,1614,1578,1519,1657,1538,1513,1623,1496,1585,1686,1623,1668,1632,1534,1563,1563,1364,1718,1635,1745,1699,1680,1681,1704,1471,1760,1663,1564,1577,1681,1589,1676,1713,1596,1619,1591,1544,1627,1659,1477,1603,1381,1657,1676,1680,1603,1610,1760,1689,1643,1751,1764,1668,1397,1636,1529,1624,1611,1558,1579,1802,1582,1568,1754,1649,1751,1695,1687,1598,1681,1588,1585,1607,1568,1613,1608,1682,1618,1687,1605,1700,1644,1549,1546,1706,1759,1577,1699,1806,1559,1539,1524,1580,1702,1666,1561,1550,1612,1708,1699,1598,1513,1548,1515,1585,1619,1590,1586,1586,1656,1758,1566,1542,1350,1551,1491,1726,1625,1690,1742,1589,1689,1478,1604,1645,1693,1581,1655,1657,1668,1684,1635,1635,1552,1601,1543,1824,1519,1379,1691,1747,1791,1724,1739,1611,1655,1651,1698,1719,1572,1622,1730,1687,1544,1638,1601,1563,1579,1488,1637,1602,1749,1606,1612,1684,1613,1464,1549,1514,1599,1580,1786,1641,1781,1572,1668,1604,1682,1628,1704,1568,1736,1649,1758,1559,1414,1535,1443,1680,1524,1595,1661,1693,1581,1647,1754,1605,1555,1672,1650,1625,1715,1483,1613,1700,1524,1655,1638,1715,1681,1756,1614,1733,1627,1691,1651,1775,1630,1583,1598,1675,1697,1708,1508,1742,1624
1760,1645,1624,1723,1536,1702,1502,1567,1654,1508,1601,1743,1742,1672,1625,1756,1684,1857,1819,1607,1741,1788,1813,1613,1762,1666,1698,1790,1589,1790,1832,1590,1571,1832,1792,1715,1885,1945,1603,1598,1792,1664,1577,1790,1726,1654,1702,1784,1781,1491,1750,1711,1624,1760,1633,1728,1700,1645,1675,1623,1743,1776,1874,1715,1824,1910,1753,1706,1660,1559,1701,1770,1737,1653,1589,1715,1797,1729,1588,1750,1751,1808,1704,1787,1659,1634,1526,1788,1722,1665,1847,1811,1675,1562,1844,1719,1791,1524,1547,1757,1630,1661,1757,1840,1600,1562,1650,1619,1868,1595,1827,1784,1605,1714,1634,1886,1540,1618,1823,1679,1738,1663,1751,1793,1680,1552,1662,1865,1810,1764,1605,1562,1733,1439,1732,1607,1641,1812,1666,1739,1699,1756,1850,1624,1695,1776,1550,1748,1916,1624,1624,1808,1742,1626,1742,1672,1503,1700,1552,1767,1759,1627,1567,1553,1734,1660,1628,1500,1882,1720,1594,1566,1687,1787,1795,1642,1763,1659,1685,1613,1786,1634,1783,1600,1752,1528,1743,1690,1775,1749,1638,1756,1770,1673,1648,1737,1793,1751,1556,1749,1696,1635,1720,1597,1734,1796,1721,1665,1774,1667,1713,1728,1763,1741,1801,1750,1732,1606,1726,1731,1766,1895,1741,1738,1743,1503,1589,1642,1630,1592,1513,1833,1723,1821,1897,1749,1671,1872,1732,1540,1582,1867,1609,1687,1762,1723,1753,1619,1805,1865,1774,1625,1495,1809,1722,1888,1793,1731,1720,1647,1809,1766,1723,1628,1696,1661,1744,1488,1552,1747,1572,1536,1588,1681,1743,1557,1642,1644,1508,1719,1626,1697,1866,1796,1620,1699,1792,1711,1605,1658,1710,1663,1755,1490,1648,1595,1739,1711,1735,1694,1691,1744,1871,1588,1604,1642,1693,1839,1578,1715,1711,1712,1581,1675,1561,1755,1581,1575,1740,1690,1625,1742,1639,1797,1800,1716,1573,1719,1574,1868,1674,1731,1693,1978,1742,1850,1763,1818,1579,1609,1578,1728,1607,1735,1716,1722,1548,1585,1812,1835,1649,1888,1853,1786,1741,1754,1715,1564,1814,1566,1655,1647,1667,1599,1730,1726,1712,1603,1830,1713,1766,1830,1659,1823,1730,1658,1781,1612,1685,1693,1648,1767,1861,1617,1858,1590,1757,1685,1663,1735,1590,1765,1752,1901,1717,1648,1655,1720,1550,1656,1783,1643,1657,1742,1678,1747,1845,1573,1798,1772,1718,1661,1815,1941,1673,1750,1465,1698,1624,1717,1702,1800,1490,1803,1616,1510,1479,1699,1482,1638,1721,1865,1717,1619,1870,1723,1787,1845,1753,1807,1846,1684,1608,1517,1659,1737,1722,1561,1709,1641,1676,1743,1886,1603,1768,1833,1608,1795,1630,1567,1824,1913,1713,1634,1801,1738,1620,1696,1785,1846,1726,1827,1925,1574,1709,1686,1669,1691,1782,1814,1612,1609,1520,1729,1589,1513,1792,1786,1739,1481,1598,1536,1711,1692,1574,1849,1663,1686,1729,1751,1798,1665,1855,1654,1720,1591,1758,1527,1725,1757,1588,1680,1757,1739,1856,1622,1785,1579,1772,1814,1650,1680,1740,1675,1738,1827,1638,1688,1639,1716,1614,1755,1543,1725,1793,1632,1607,1718,1640,1680,1684,1639,1637,1783,1725,1805,1609,1727,1623,1687,1797,1792,1606,1759,1783,1779,1669,1652,1524,1524,1599,1673,1640,1623,1787,1733,1638,1793,1696,1685,1808,1773,1770,1650,1790,1526,1722,1781,1624,1649,1798,1692,1690,1681,1619,1727,1676,1669,1685,1681,1889,1689,1628,1658,1844,1735,1758,1660,1736,1742,1786,1716,1600,1797,1794,1524,1717,1652,1805,1771,1597,1623,1620,1714,1750,1742,1528,1658,1731,1731,1888,1773,1845,1820,1794,1711,1580,1804,1716,1602,1660,1590,1591,1693,1715,1686,1643,1528,1579,1506,1737,1725,1780,1604,1696,1739,1665,1856,1779,1794,1876,1733,1791,1839,1627,1764,1735,1728,1726,1633,1785,1781,1635,1636,1820,1821,1684,1908,1672,1514,1636,1722,1598,1753,1905,1666,1552,1627,1669,1749,1630,1609,1605,1681,1975,1730,1555,1665,1728,1674,1736,1615,1640,1802,1538,1665,1688,1755,1594,1573,1636,1645,1610,1699,1791,1733,1605,1757,1604,1501,1806,1724,1694,1681,1672,1899,1612,1677,1751,1606,1710,1826,1692,1767,1848,1680,1577,1702,1752,1691,1679,1736,1609,1507,1584,1947,1693,1562,1705,1624,1741,1658,1644,1812,1767,1702,1684,1651,1837,1843,1716,1599,1709,1670,1789,1287,1731,1655,1792,1711,1721,1822,1696,1602,1637,1690,1713,1578,1669,1662,1567,1691,1518,1792,1599,1664,1677,1725,1676,1580,1637,1632,1624,1721,1707,1777,1794,1659,1564,1602,1429,1749,1604,1751,1778,1785,1689,1739,1549,1789,1771,1630,1583,1731,1625,1784,1803,1602,1724,1603,1690,1673,1682,1500,1698,1531,1786,1812,1764,1759,1687,1778,1650,1694,1773,1978,1705,1487,1625,1627,1661,1691,1678,1640,1940,1649,1565,1824,1698,1823,1819,1667,1708,1696,1661,1611,1705,1641,1708,1654,1735,1693,1802,1632,1751,1712,1677,1627,1890,1920,1783,1741,1855,1620,1627,1604,1716,1664,1689,1671,1690,1695,1643,1810,1642,1593,1689,1654,1692,1724,1764,1691,1668,1713,1830,1670,1548,1412,1626,1523,1713,1577,1718,1670,1636,1764,1676,1729,1629,1764,1631,1730,1629,1722,1762,1835,1719,1577,1734,1661,1899,1536,1508,1813,1726,1805,1810,1759,1707,1716,1517,1661,1842,1672,1639,1810,1711,1687,1703,1697,1660,1559,1554,1718,1699,1908,1579,1649,1764,1596,1568,1670,1539,1627,1657,1744,1699,1764,1600,1590,1576,1707,1704,1669,1646,1790,1646,1862,1633,1410,1612,1552,1674,1566,1741,1647,1746,1619,1792,1688,1625,1614,1652,1735,1666,1700,1573,1635,1689,1567,1743,1735,1840,1754,1810,1670,1764,1675,1684,1699,1891,1580,1659,1657,1757,1788,1831,1537,1764,1647
1700,1600,1683,1638,1485,1651,1464,1483,1607,1652,1596,1625,1699,1635,1500,1666,1675,1818,1675,1610,1720,1687,1683,1607,1630,1600,1610,1773,1636,1759,1814,1624,1599,1704,1814,1627,1918,1856,1574,1533,1762,1542,1480,1720,1751,1640,1626,1670,1793,1560,1777,1711,1607,1658,1611,1707,1701,1584,1694,1578,1615,1703,1855,1612,1729,1843,1773,1758,1613,1542,1670,1743,1622,1605,1605,1705,1682,1740,1549,1829,1680,1718,1725,1700,1641,1562,1377,1814,1689,1521,1723,1742,1543,1546,1764,1622,1672,1437,1494,1744,1679,1529,1716,1866,1629,1519,1692,1616,1726,1624,1739,1790,1658,1637,1649,1791,1500,1545,1694,1645,1691,1612,1699,1707,1651,1566,1641,1783,1800,1744,1576,1563,1605,1354,1743,1581,1542,1720,1490,1675,1637,1649,1766,1600,1594,1718,1532,1676,1825,1530,1556,1750,1671,1575,1669,1648,1584,1612,1499,1719,1629,1585,1596,1476,1619,1607,1513,1545,1832,1767,1604,1489,1670,1776,1792,1610,1693,1601,1637,1568,1673,1629,1780,1444,1674,1550,1617,1641,1738,1725,1665,1736,1691,1576,1641,1753,1685,1672,1568,1703,1665,1599,1593,1570,1662,1703,1609,1638,1729,1680,1694,1611,1773,1612,1763,1686,1614,1556,1724,1640,1774,1830,1622,1688,1637,1529,1567,1605,1632,1594,1423,1806,1682,1802,1903,1621,1607,1898,1560,1508,1533,1835,1524,1670,1754,1705,1647,1603,1687,1776,1726,1556,1464,1697,1679,1774,1776,1594,1772,1655,1685,1674,1656,1622,1659,1584,1693,1525,1588,1643,1580,1430,1619,1594,1793,1534,1512,1522,1524,1584,1575,1753,1801,1737,1579,1710,1786,1669,1577,1562,1659,1502,1680,1488,1547,1635,1665,1679,1622,1566,1598,1627,1748,1615,1557,1607,1702,1723,1537,1622,1571,1610,1543,1645,1551,1712,1570,1603,1780,1671,1564,1676,1557,1818,1729,1629,1508,1629,1493,1736,1719,1677,1638,1880,1628,1784,1650,1728,1433,1636,1519,1707,1576,1588,1659,1613,1550,1536,1656,1716,1538,1805,1757,1780,1667,1630,1726,1554,1870,1497,1611,1611,1679,1623,1790,1601,1610,1717,1659,1620,1699,1819,1615,1819,1665,1666,1730,1529,1566,1693,1630,1758,1722,1585,1782,1582,1627,1683,1606,1598,1551,1669,1725,1787,1649,1542,1655,1682,1465,1635,1722,1632,1628,1758,1596,1773,1788,1445,1744,1710,1722,1638,1652,1884,1642,1745,1437,1639,1740,1596,1549,1686,1500,1697,1509,1576,1586,1603,1472,1640,1724,1778,1681,1566,1794,1592,1636,1646,1757,1809,1755,1570,1707,1528,1678,1720,1688,1512,1716,1660,1696,1624,1759,1571,1782,1809,1605,1721,1604,1470,1824,1826,1632,1543,1774,1727,1681,1688,1737,1851,1641,1665,1869,1594,1603,1647,1634,1724,1730,1807,1572,1618,1472,1614,1579,1560,1681,1672,1576,1513,1524,1476,1680,1647,1577,1797,1707,1652,1658,1654,1754,1615,1894,1648,1633,1621,1644,1526,1691,1648,1567,1709,1717,1806,1909,1551,1710,1462,1663,1767,1673,1637,1593,1610,1623,1727,1670,1720,1596,1658,1496,1735,1515,1714,1671,1479,1588,1658,1589,1745,1693,1603,1612,1701,1728,1727,1545,1679,1678,1663,1710,1683,1559,1772,1743,1708,1596,1690,1609,1474,1583,1709,1612,1612,1798,1656,1725,1753,1548,1750,1760,1797,1711,1615,1682,1553,1558,1743,1594,1629,1814,1719,1654,1592,1594,1563,1609,1677,1636,1667,1856,1682,1560,1577,1788,1642,1751,1591,1694,1606,1709,1662,1663,1839,1646,1459,1641,1634,1681,1740,1515,1617,1720,1667,1754,1688,1621,1725,1626,1677,1856,1680,1765,1895,1717,1682,1608,1758,1593,1682,1573,1551,1497,1659,1668,1723,1542,1546,1577,1448,1710,1660,1639,1571,1707,1672,1600,1693,1700,1788,1781,1751,1755,1860,1638,1767,1687,1695,1647,1538,1758,1722,1603,1658,1698,1769,1697,1896,1714,1490,1601,1725,1547,1757,1818,1665,1510,1573,1667,1629,1648,1638,1616,1708,1859,1669,1505,1588,1599,1649,1551,1577,1604,1713,1480,1654,1659,1737,1585,1563,1618,1711,1658,1591,1759,1684,1645,1768,1604,1474,1822,1718,1613,1678,1536,1887,1628,1739,1701,1618,1677,1756,1728,1605,1840,1580,1515,1700,1710,1642,1669,1703,1501,1504,1529,1862,1632,1541,1760,1607,1692,1586,1595,1721,1661,1655,1624,1605,1799,1815,1680,1543,1672,1669,1736,1224,1654,1596,1702,1549,1728,1796,1737,1570,1583,1692,1621,1622,1661,1694,1440,1646,1523,1798,1603,1566,1609,1754,1539,1562,1622,1600,1595,1657,1637,1679,1734,1645,1534,1570,1487,1682,1670,1744,1748,1669,1655,1678,1489,1767,1716,1582,1562,1737,1644,1687,1737,1566,1599,1592,1542,1568,1604,1446,1639,1411,1717,1694,1751,1670,1663,1752,1578,1731,1779,1925,1547,1424,1567,1535,1604,1636,1554,1630,1870,1578,1572,1721,1702,1766,1733,1719,1738,1781,1575,1550,1631,1617,1623,1579,1634,1552,1786,1573,1646,1635,1632,1636,1806,1752,1582,1725,1788,1581,1635,1531,1690,1697,1676,1637,1567,1582,1630,1665,1555,1551,1613,1554,1573,1714,1763,1579,1678,1671,1764,1651,1507,1438,1550,1519,1709,1570,1632,1746,1565,1720,1527,1632,1576,1787,1610,1731,1632,1659,1717,1822,1727,1559,1743,1577,1838,1568,1494,1687,1739,1793,1799,1761,1764,1767,1496,1647,1726,1680,1654,1781,1681,1594,1668,1583,1584,1564,1594,1644,1652,1883,1655,1625,1697,1599,1510,1615,1584,1636,1586,1621,1709,1755,1541,1615,1641,1734,1638,1681,1633,1765,1566,1802,1694,1434,1677,1581,1753,1520,1810,1692,1700,1572,1616,1669,1559,1589,1653,1677,1633,1684,1626,1687,1687,1587,1708,1765,1817,1698,1660,1679,1753,1708,1621,1703,1807,1586,1541,1583,1696,1829,1732,1542,1728,1712
1821,1684,1683,1742,1501,1779,1545,1619,1697,1587,1721,1730,1788,1659,1718,1810,1756,1817,1777,1642,1773,1782,1746,1656,1775,1696,1745,1877,1674,1754,1876,1637,1583,1805,1797,1796,1973,2072,1703,1625,1802,1666,1543,1739,1762,1627,1725,1788,1805,1628,1873,1783,1653,1730,1709,1810,1809,1706,1709,1621,1769,1780,1905,1601,1756,1917,1746,1798,1670,1626,1687,1829,1770,1677,1637,1803,1756,1787,1660,1859,1704,1800,1703,1813,1796,1675,1479,1847,1726,1682,1795,1793,1772,1583,1839,1732,1697,1514,1594,1765,1656,1701,1779,1934,1688,1539,1684,1730,1842,1682,1840,1849,1766,1744,1705,1880,1624,1657,1799,1804,1810,1717,1716,1707,1675,1590,1617,1862,1910,1702,1527,1639,1804,1540,1790,1784,1613,1841,1538,1797,1729,1858,1862,1687,1737,1794,1611,1703,2056,1687,1618,1795,1767,1613,1777,1640,1650,1680,1585,1737,1707,1646,1670,1573,1659,1681,1669,1566,1835,1779,1702,1547,1741,1799,1911,1743,1696,1759,1820,1693,1765,1759,1864,1554,1803,1598,1762,1720,1842,1713,1779,1863,1674,1678,1724,1792,1815,1724,1572,1683,1749,1667,1645,1537,1797,1732,1618,1718,1794,1655,1668,1758,1830,1686,1803,1670,1627,1705,1798,1673,1832,1884,1746,1749,1705,1557,1646,1628,1644,1724,1427,1882,1707,1886,2001,1738,1654,1881,1738,1499,1655,2019,1677,1711,1795,1727,1740,1593,1758,1867,1843,1642,1578,1810,1759,1859,1768,1694,1788,1699,1782,1741,1787,1672,1722,1600,1859,1466,1669,1691,1563,1557,1633,1652,1821,1627,1637,1598,1601,1690,1641,1803,1868,1824,1651,1733,1831,1714,1663,1702,1770,1665,1779,1556,1617,1699,1738,1802,1766,1673,1755,1736,1912,1636,1562,1766,1817,1759,1680,1711,1730,1695,1613,1658,1635,1776,1602,1615,1766,1737,1701,1699,1708,1988,1839,1708,1593,1754,1599,1864,1803,1725,1738,2042,1760,1872,1820,1766,1549,1657,1557,1843,1630,1604,1721,1685,1628,1615,1827,1727,1665,1908,1786,1882,1775,1710,1769,1677,1825,1559,1676,1707,1763,1589,1757,1754,1715,1648,1902,1636,1716,1856,1636,1897,1718,1682,1869,1621,1611,1733,1698,1872,1763,1668,1832,1686,1816,1775,1651,1753,1562,1771,1775,1903,1823,1688,1672,1750,1626,1589,1826,1688,1797,1796,1697,1784,1874,1594,1856,1801,1700,1634,1764,1953,1758,1748,1527,1713,1731,1663,1598,1795,1517,1769,1566,1611,1613,1621,1610,1668,1781,1946,1846,1635,1915,1737,1699,1776,1780,1888,1790,1754,1750,1529,1804,1866,1769,1539,1810,1659,1703,1793,1862,1610,1853,1741,1598,1765,1707,1604,1896,1906,1763,1629,1845,1787,1731,1669,1812,1907,1707,1786,1974,1716,1693,1704,1737,1735,1779,1861,1665,1691,1478,1633,1645,1619,1659,1798,1714,1577,1621,1617,1753,1774,1745,1936,1684,1796,1724,1686,1880,1695,1843,1726,1699,1619,1705,1601,1706,1783,1620,1706,1821,1825,1913,1641,1827,1647,1810,1774,1795,1735,1735,1780,1818,1853,1656,1693,1782,1697,1579,1842,1673,1829,1794,1599,1657,1713,1653,1829,1736,1650,1722,1783,1746,1793,1619,1745,1730,1733,1884,1742,1631,1730,1713,1831,1730,1754,1653,1566,1661,1733,1690,1612,1865,1827,1748,1890,1622,1808,1843,1837,1753,1650,1767,1598,1663,1722,1605,1711,1832,1774,1736,1669,1655,1690,1691,1639,1773,1704,1868,1675,1577,1693,1899,1724,1754,1655,1897,1673,1749,1696,1697,1789,1798,1582,1793,1659,1766,1779,1674,1749,1726,1709,1731,1753,1668,1814,1733,1695,1871,1745,1750,1993,1824,1727,1688,1804,1697,1733,1661,1524,1554,1789,1716,1759,1655,1706,1680,1480,1793,1689,1776,1719,1791,1730,1666,1764,1861,1865,1822,1824,1783,1883,1725,1770,1759,1733,1656,1619,1792,1830,1678,1750,1725,1903,1752,1963,1734,1498,1688,1772,1586,1812,1883,1742,1679,1731,1757,1719,1620,1699,1733,1750,1922,1714,1575,1695,1719,1649,1706,1629,1629,1767,1560,1785,1719,1790,1592,1695,1719,1810,1649,1632,1809,1818,1627,1878,1659,1576,1913,1887,1801,1715,1662,1945,1690,1788,1745,1645,1706,1780,1692,1672,1844,1715,1543,1773,1798,1710,1717,1803,1670,1568,1578,1900,1813,1615,1778,1676,1818,1599,1628,1831,1768,1691,1794,1732,2018,1900,1750,1620,1707,1676,1914,1244,1819,1641,1743,1771,1762,1849,1691,1693,1638,1735,1744,1599,1727,1699,1493,1759,1534,1846,1712,1651,1690,1831,1566,1558,1662,1672,1659,1696,1700,1691,1869,1719,1544,1614,1566,1784,1639,1760,1889,1761,1747,1759,1596,1769,1760,1567,1638,1798,1750,1827,1831,1692,1698,1636,1665,1696,1711,1470,1676,1571,1833,1770,1813,1636,1798,1826,1702,1746,1816,1921,1680,1510,1632,1594,1625,1689,1659,1736,2015,1610,1578,1724,1738,1761,1799,1732,1868,1837,1626,1552,1673,1757,1746,1636,1712,1662,1795,1664,1746,1765,1729,1650,1849,1954,1782,1758,1953,1722,1633,1698,1742,1724,1713,1733,1710,1671,1694,1689,1596,1643,1709,1599,1650,1694,1805,1717,1696,1742,1869,1746,1596,1551,1589,1615,1770,1715,1659,1707,1646,1801,1692,1713,1642,1725,1686,1770,1709,1645,1789,1844,1834,1607,1864,1646,1986,1570,1485,1843,1782,1765,1937,1860,1853,1723,1625,1671,1841,1642,1717,1831,1664,1649,1772,1648,1746,1620,1675,1711,1797,1912,1673,1661,1848,1633,1572,1751,1588,1721,1692,1759,1744,1805,1759,1735,1682,1809,1736,1723,1702,1847,1627,1857,1723,1488,1774,1646,1766,1620,1836,1727,1794,1623,1699,1706,1637,1653,1690,1725,1720,1683,1602,1737,1714,1709,1782,1865,1876,1892,1727,1828,1773,1722,1780,1815,1882,1659,1568,1578,1737,1872,1823,1621,1796,1777
1743,1729,1727,1748,1524,1743,1569,1686,1631,1684,1733,1797,1805,1833,1717,1702,1763,1810,1786,1610,1763,1727,1707,1668,1839,1767,1673,1936,1676,1819,1889,1613,1630,1819,1866,1716,2033,1969,1717,1601,1786,1688,1612,1786,1780,1682,1731,1685,1818,1589,1762,1886,1789,1754,1740,1733,1804,1719,1802,1684,1762,1847,1841,1763,1767,1923,1782,1795,1740,1627,1767,1781,1796,1754,1725,1738,1784,1865,1634,1978,1635,1734,1771,1840,1856,1690,1476,1811,1736,1684,1775,1757,1784,1606,1835,1748,1733,1536,1637,1788,1678,1766,1834,1866,1718,1660,1757,1745,1781,1688,1880,1919,1739,1721,1780,1956,1606,1639,1820,1762,1753,1639,1864,1749,1704,1681,1724,1919,1943,1734,1599,1719,1745,1489,1789,1633,1599,1859,1501,1808,1775,1835,1751,1655,1624,1831,1531,1815,1922,1710,1594,1878,1776,1711,1767,1710,1743,1765,1670,1749,1734,1683,1595,1568,1679,1662,1623,1645,1946,1757,1598,1618,1695,1854,1896,1754,1710,1717,1813,1757,1768,1741,1896,1567,1854,1631,1700,1808,1870,1670,1683,1867,1807,1725,1789,1859,1714,1734,1672,1675,1750,1682,1692,1722,1789,1818,1754,1755,1799,1771,1673,1666,1791,1694,1809,1720,1677,1695,1785,1717,1760,1849,1726,1732,1719,1594,1604,1642,1659,1712,1515,1786,1803,1975,2038,1824,1675,1979,1790,1629,1677,1974,1774,1759,1773,1784,1768,1619,1855,1945,1834,1602,1554,1793,1724,1866,1865,1768,1771,1715,1825,1814,1885,1692,1730,1697,1893,1581,1534,1726,1617,1544,1667,1684,1825,1644,1707,1653,1560,1724,1640,1822,1946,1756,1686,1698,1824,1767,1680,1706,1796,1725,1789,1574,1652,1686,1812,1828,1799,1690,1821,1786,1909,1607,1554,1692,1757,1848,1615,1690,1741,1778,1630,1689,1627,1812,1681,1684,1816,1770,1635,1809,1771,1871,1824,1707,1519,1616,1631,1985,1869,1798,1731,2013,1751,1837,1758,1811,1606,1703,1592,1862,1697,1688,1732,1759,1647,1566,1836,1799,1606,1932,1993,1914,1801,1735,1838,1772,1899,1592,1679,1637,1745,1698,1774,1793,1711,1729,1914,1758,1718,1850,1728,1905,1703,1777,1942,1619,1572,1698,1676,1884,1838,1671,1880,1640,1855,1924,1739,1684,1597,1730,1773,1891,1766,1663,1725,1761,1528,1625,1822,1809,1822,1775,1738,1807,1863,1631,1874,1881,1784,1674,1776,2008,1637,1810,1611,1750,1762,1650,1635,1727,1524,1768,1589,1680,1768,1675,1559,1786,1813,1894,1861,1618,1963,1700,1602,1864,1779,1905,1929,1738,1859,1577,1861,1841,1768,1638,1844,1745,1819,1810,1840,1656,1772,1885,1685,1692,1686,1593,1829,1880,1787,1592,1879,1790,1822,1646,1879,1886,1628,1771,1936,1677,1703,1715,1718,1796,1794,1955,1657,1718,1426,1618,1709,1648,1746,1753,1744,1655,1592,1674,1726,1828,1713,1946,1747,1860,1802,1737,1885,1831,1915,1735,1744,1716,1712,1629,1792,1789,1622,1802,1773,1795,1923,1660,1886,1716,1796,1838,1776,1730,1769,1678,1712,1840,1701,1715,1782,1736,1622,1857,1774,1861,1721,1579,1637,1737,1700,1781,1820,1632,1749,1875,1728,1806,1676,1818,1730,1788,1781,1796,1693,1830,1769,1746,1786,1815,1611,1549,1733,1884,1658,1627,1863,1819,1730,1805,1646,1878,1888,1742,1747,1691,1790,1633,1669,1781,1737,1688,1850,1802,1744,1636,1753,1688,1675,1733,1774,1749,1925,1807,1580,1677,1881,1692,1746,1721,1713,1617,1887,1702,1641,1790,1785,1606,1711,1712,1740,1782,1715,1665,1784,1736,1704,1704,1715,1798,1719,1759,1895,1685,1820,1955,1775,1643,1672,1752,1700,1734,1609,1585,1714,1680,1773,1791,1612,1715,1673,1608,1786,1743,1800,1771,1864,1707,1657,1723,1865,1842,1842,1811,1766,1903,1783,1864,1761,1696,1779,1711,1903,1827,1690,1807,1748,1954,1771,1931,1756,1529,1685,1799,1588,1912,1804,1718,1643,1784,1764,1749,1687,1721,1768,1764,1953,1794,1642,1672,1661,1687,1766,1621,1693,1795,1565,1728,1734,1897,1664,1639,1658,1746,1766,1719,1827,1758,1644,2003,1678,1572,1873,1903,1672,1738,1658,1973,1659,1759,1721,1667,1760,1826,1769,1725,1904,1745,1643,1723,1817,1746,1705,1853,1761,1620,1578,1886,1808,1667,1919,1769,1883,1652,1686,1817,1804,1741,1778,1735,2009,1816,1725,1617,1784,1715,1798,1314,1785,1678,1749,1825,1754,1886,1744,1672,1616,1808,1817,1756,1671,1797,1475,1739,1626,1945,1691,1686,1744,1866,1649,1533,1748,1770,1629,1709,1736,1661,1887,1704,1595,1687,1576,1728,1720,1848,1929,1751,1721,1747,1565,1868,1738,1642,1666,1733,1731,1760,1780,1778,1775,1660,1698,1801,1775,1523,1744,1583,1841,1788,2018,1703,1751,1832,1746,1762,1818,1955,1645,1584,1711,1632,1685,1698,1711,1755,2050,1612,1627,1835,1839,1904,1781,1724,1817,1908,1669,1640,1672,1770,1795,1669,1765,1748,1813,1657,1836,1782,1674,1729,1876,1865,1728,1812,1937,1703,1749,1659,1760,1773,1712,1707,1782,1652,1684,1749,1696,1694,1792,1616,1693,1665,1820,1686,1775,1857,1852,1749,1621,1558,1609,1640,1707,1651,1621,1735,1658,1846,1670,1759,1644,1781,1713,1799,1692,1743,1723,1894,1864,1660,1876,1660,1916,1533,1446,1870,1867,1782,1909,1854,1928,1814,1688,1715,1859,1797,1802,1928,1724,1647,1744,1715,1813,1617,1730,1785,1859,1887,1688,1698,1868,1719,1616,1756,1623,1758,1674,1702,1739,1833,1715,1719,1731,1800,1756,1773,1722,1760,1640,1938,1729,1469,1850,1563,1794,1659,1809,1676,1757,1608,1786,1736,1632,1637,1689,1737,1788,1717,1618,1771,1728,1719,1870,1878,1946,1832,1711,1774,1866,1809,1699,1827,1946,1600,1642,1679,1909,1825,1747,1725,1868,1804
1522,1536,1651,1633,1384,1600,1435,1506,1521,1547,1591,1650,1604,1608,1552,1580,1570,1664,1731,1472,1714,1583,1543,1433,1596,1613,1618,1676,1598,1595,1739,1467,1510,1681,1630,1606,1833,1760,1586,1534,1618,1596,1410,1728,1693,1545,1660,1523,1697,1497,1634,1653,1622,1581,1628,1618,1535,1559,1601,1520,1645,1690,1748,1494,1593,1731,1581,1670,1561,1515,1575,1647,1581,1575,1570,1600,1589,1701,1477,1717,1650,1631,1560,1641,1619,1574,1389,1695,1566,1588,1598,1631,1628,1537,1700,1664,1624,1370,1519,1596,1549,1610,1670,1673,1613,1445,1630,1596,1649,1586,1623,1656,1558,1569,1703,1763,1467,1589,1720,1716,1654,1535,1632,1607,1531,1541,1498,1787,1780,1658,1493,1626,1562,1365,1688,1591,1406,1713,1340,1660,1577,1781,1698,1492,1530,1577,1443,1591,1826,1670,1522,1690,1624,1551,1621,1532,1540,1554,1411,1583,1648,1577,1466,1411,1505,1488,1474,1503,1784,1617,1447,1443,1641,1690,1736,1585,1460,1549,1643,1586,1658,1603,1686,1410,1661,1466,1528,1593,1613,1503,1533,1603,1601,1475,1629,1690,1609,1661,1453,1569,1598,1473,1548,1530,1581,1637,1641,1617,1605,1640,1538,1505,1669,1547,1626,1651,1511,1570,1590,1564,1666,1713,1593,1525,1501,1479,1523,1492,1509,1637,1395,1715,1650,1691,1934,1653,1491,1777,1623,1508,1515,1919,1527,1622,1633,1540,1515,1530,1692,1737,1647,1478,1445,1653,1626,1667,1622,1598,1564,1591,1623,1609,1611,1478,1613,1550,1766,1440,1460,1529,1427,1387,1582,1507,1655,1518,1551,1443,1446,1545,1481,1689,1726,1600,1509,1478,1718,1572,1498,1499,1639,1596,1648,1415,1585,1501,1665,1714,1698,1484,1715,1616,1760,1543,1502,1625,1603,1645,1517,1532,1639,1604,1530,1567,1501,1624,1471,1502,1660,1655,1457,1633,1608,1712,1730,1591,1481,1593,1454,1736,1674,1599,1508,1809,1617,1670,1651,1627,1492,1586,1452,1680,1457,1535,1620,1622,1501,1481,1632,1556,1524,1701,1739,1691,1639,1592,1663,1570,1735,1481,1557,1564,1665,1521,1683,1541,1596,1509,1719,1593,1559,1728,1447,1726,1497,1625,1751,1461,1421,1574,1543,1788,1616,1564,1711,1506,1669,1771,1539,1618,1543,1678,1696,1717,1660,1511,1500,1602,1480,1477,1578,1536,1638,1665,1538,1690,1743,1495,1685,1679,1586,1516,1634,1851,1567,1650,1425,1553,1621,1495,1481,1590,1336,1625,1493,1528,1666,1592,1417,1562,1682,1694,1592,1540,1744,1628,1558,1779,1733,1677,1655,1514,1703,1517,1727,1719,1624,1501,1713,1613,1673,1642,1747,1464,1632,1741,1524,1539,1569,1515,1719,1715,1666,1511,1712,1672,1676,1484,1613,1775,1595,1565,1661,1628,1552,1531,1595,1548,1671,1729,1603,1581,1416,1521,1563,1404,1614,1642,1650,1480,1522,1550,1642,1663,1541,1764,1616,1615,1556,1622,1758,1620,1729,1627,1508,1604,1591,1556,1701,1625,1566,1646,1589,1660,1723,1577,1746,1523,1665,1757,1568,1597,1560,1657,1492,1760,1583,1490,1638,1574,1506,1690,1618,1657,1636,1442,1543,1516,1591,1672,1640,1487,1588,1683,1562,1633,1491,1660,1631,1620,1631,1634,1558,1746,1627,1548,1552,1697,1557,1470,1561,1721,1575,1492,1700,1698,1605,1661,1496,1645,1727,1675,1597,1550,1578,1523,1627,1646,1509,1596,1841,1703,1670,1556,1504,1567,1581,1675,1667,1555,1812,1607,1439,1517,1683,1661,1622,1573,1716,1610,1621,1502,1549,1693,1573,1395,1562,1481,1539,1571,1518,1616,1679,1542,1538,1606,1533,1680,1616,1636,1671,1566,1757,1824,1626,1423,1487,1549,1602,1605,1502,1496,1587,1533,1574,1647,1560,1570,1407,1398,1635,1596,1653,1604,1709,1560,1492,1609,1613,1663,1654,1612,1616,1718,1696,1760,1564,1550,1598,1537,1675,1646,1466,1581,1590,1732,1709,1768,1680,1449,1533,1645,1540,1688,1659,1547,1582,1563,1725,1583,1513,1605,1580,1602,1745,1690,1526,1529,1523,1483,1608,1434,1548,1640,1416,1615,1616,1709,1487,1492,1579,1675,1491,1563,1693,1574,1477,1745,1453,1437,1732,1756,1616,1556,1577,1742,1536,1729,1627,1501,1600,1653,1597,1533,1733,1575,1478,1607,1667,1607,1530,1660,1596,1458,1403,1777,1655,1528,1678,1595,1702,1515,1493,1655,1675,1607,1643,1476,1791,1666,1556,1444,1645,1619,1707,1226,1594,1504,1676,1741,1615,1686,1605,1569,1546,1686,1521,1526,1631,1552,1408,1613,1409,1688,1534,1537,1624,1668,1540,1460,1580,1663,1511,1510,1491,1616,1740,1593,1446,1543,1429,1536,1564,1683,1774,1618,1550,1704,1444,1689,1604,1475,1493,1577,1591,1602,1670,1614,1637,1528,1463,1571,1520,1375,1498,1505,1663,1691,1744,1544,1632,1621,1595,1613,1562,1758,1488,1477,1523,1535,1539,1575,1538,1535,1807,1398,1495,1660,1652,1688,1628,1598,1721,1776,1482,1348,1637,1587,1620,1499,1649,1620,1635,1556,1697,1519,1629,1573,1766,1731,1672,1614,1828,1558,1594,1591,1681,1569,1547,1594,1625,1532,1526,1571,1483,1431,1610,1450,1482,1563,1599,1521,1615,1740,1694,1548,1482,1500,1456,1466,1646,1510,1505,1629,1459,1713,1657,1608,1482,1579,1530,1639,1618,1510,1611,1781,1814,1597,1572,1399,1781,1418,1407,1734,1669,1637,1714,1715,1698,1596,1511,1491,1676,1571,1704,1733,1615,1499,1618,1559,1612,1479,1514,1652,1685,1719,1632,1510,1720,1480,1479,1653,1464,1626,1522,1562,1606,1648,1534,1541,1595,1713,1583,1619,1612,1672,1465,1640,1577,1422,1656,1491,1590,1413,1594,1516,1673,1488,1672,1625,1554,1464,1536,1618,1530,1613,1512,1681,1611,1559,1676,1768,1766,1620,1579,1551,1678,1644,1472,1615,1615,1553,1499,1537,1661,1663,1630,1505,1665,1595
1712,1763,1817,1837,1665,1906,1737,1738,1580,1826,1761,1800,1849,1756,1776,1750,1789,1808,1821,1665,1926,1796,1786,1633,1794,1768,1807,1935,1879,1818,1979,1639,1672,1797,1776,1718,2081,2041,1745,1711,1892,1717,1690,1901,1914,1795,1832,1715,1841,1665,1809,1947,1790,1785,1918,1786,1739,1751,1763,1700,1822,1878,1919,1715,1816,1977,1789,1925,1810,1691,1821,1875,1918,1740,1723,1872,1782,1965,1561,2011,1782,1817,1827,1840,1832,1741,1531,1884,1821,1825,1825,1887,1761,1685,1780,1776,1804,1590,1755,1912,1635,1763,1883,1955,1746,1652,1912,1783,1862,1706,1942,1990,1746,1701,1873,1944,1691,1652,1904,1898,1879,1759,1823,1746,1741,1664,1684,1917,1944,1826,1681,1810,1714,1627,1885,1881,1618,1831,1474,1790,1863,1965,1798,1629,1782,1771,1649,1870,2052,1792,1744,1894,1778,1755,1741,1698,1815,1691,1672,1860,1798,1762,1707,1646,1705,1698,1713,1682,1972,1856,1658,1643,1873,1924,1950,1819,1635,1827,1786,1740,1809,1783,1910,1664,1826,1643,1840,1779,1889,1742,1678,1851,1819,1720,1889,1895,1755,1842,1480,1800,1757,1761,1719,1736,1788,1729,1833,1794,1778,1796,1676,1764,1907,1697,1865,1739,1644,1756,1878,1721,1849,2002,1816,1694,1704,1595,1761,1608,1696,1774,1668,1893,1870,1991,2139,1856,1757,1961,1838,1754,1679,2005,1808,1820,1828,1660,1800,1665,1900,2005,1862,1676,1604,1858,1808,1939,1857,1753,1735,1864,1810,1938,1873,1734,1794,1754,1931,1663,1665,1718,1581,1630,1774,1788,1821,1679,1725,1713,1745,1819,1645,1901,1919,1789,1831,1722,1782,1721,1768,1689,1840,1754,1821,1663,1659,1731,1825,1844,1846,1723,1879,1912,1963,1781,1688,1721,1830,1855,1710,1754,1792,1828,1672,1673,1725,1822,1738,1725,1785,1893,1713,1894,1735,1903,1864,1799,1685,1744,1674,1993,1853,1794,1617,2151,1726,1922,1864,1839,1618,1766,1587,1818,1755,1743,1806,1893,1713,1630,1872,1895,1718,1869,2017,1921,1869,1741,1792,1894,1964,1624,1867,1677,1915,1820,1861,1790,1846,1796,1911,1799,1768,2004,1662,1928,1734,1849,1841,1669,1633,1644,1688,1953,1830,1776,1911,1710,1836,2023,1700,1708,1735,1745,1899,1976,1831,1670,1799,1838,1689,1660,1817,1841,1861,1932,1708,1857,1838,1625,1862,1840,1707,1824,1736,2018,1742,1827,1663,1758,1740,1674,1735,1753,1512,1787,1669,1676,1789,1737,1597,1852,1943,1916,1957,1710,1917,1789,1634,1963,1832,1861,1917,1717,1965,1661,1898,1934,1911,1733,1954,1744,1888,1912,1928,1739,1792,1815,1731,1740,1789,1820,1791,1940,1845,1658,1897,1905,1781,1743,1815,1845,1745,1842,1993,1875,1861,1663,1758,1724,1826,2015,1721,1745,1580,1700,1686,1574,1747,1797,1948,1705,1705,1789,1703,1886,1765,1984,1794,1939,1787,1758,2044,1739,1959,1872,1823,1736,1769,1766,1886,1835,1873,1888,1770,1885,1943,1683,1888,1731,1781,1877,1787,1821,1799,1808,1718,1916,1744,1602,1843,1843,1716,1836,1825,1931,1784,1698,1706,1744,1651,1808,1834,1585,1806,1892,1728,1864,1647,1874,1770,1833,1803,1882,1721,1860,1807,1752,1826,1958,1794,1651,1877,1949,1673,1681,1741,1831,1733,1894,1639,1762,2023,1847,1832,1704,1867,1670,1846,1875,1765,1748,1977,1832,1819,1633,1779,1725,1716,1784,1942,1768,2029,1927,1597,1780,1983,1820,1828,1726,1821,1694,1797,1685,1751,1909,1745,1567,1718,1753,1782,1750,1756,1758,1836,1733,1683,1779,1797,1911,1671,1824,1991,1740,1904,1991,1790,1640,1691,1760,1829,1807,1725,1739,1727,1795,1694,1807,1749,1808,1626,1646,1865,1816,1872,1799,1939,1724,1727,1792,1942,1863,1837,1841,1823,1926,1956,1886,1699,1655,1822,1733,1930,1863,1678,1809,1858,1928,1863,1896,1821,1682,1800,1806,1662,1957,1784,1693,1742,1770,1879,1767,1721,1777,1813,1785,2069,1772,1725,1566,1735,1632,1737,1608,1789,1840,1641,1696,1765,1903,1678,1701,1780,1837,1713,1793,1921,1779,1735,1949,1704,1626,1933,1923,1682,1772,1755,2037,1750,1861,1822,1701,1811,1880,1788,1711,1973,1801,1711,1765,1837,1824,1742,1862,1838,1604,1600,2011,1768,1737,1847,1817,1904,1723,1726,1942,1921,1699,1822,1763,2032,1950,1732,1581,1839,1798,1892,1412,1838,1759,1833,1837,1843,1876,1700,1724,1672,1851,1748,1721,1778,1819,1630,1853,1603,1904,1751,1691,1804,1869,1642,1702,1729,1917,1665,1757,1735,1739,1931,1743,1655,1752,1633,1708,1851,1820,2015,1770,1736,1897,1590,1873,1827,1671,1695,1747,1729,1766,1909,1803,1852,1665,1718,1762,1673,1628,1749,1657,1914,1900,1997,1810,1851,1944,1828,1844,1780,2021,1698,1650,1719,1659,1675,1634,1688,1788,1978,1704,1690,1930,1896,1879,1825,1735,1907,2045,1636,1565,1761,1756,1875,1679,1849,1799,1885,1612,1928,1783,1808,1694,1933,1896,1849,1840,1965,1714,1719,1848,1890,1869,1792,1724,1780,1852,1707,1766,1719,1617,1800,1677,1703,1677,1789,1723,1672,1915,1818,1851,1650,1563,1598,1636,1794,1658,1686,1686,1697,1893,1860,1890,1722,1818,1787,1872,1822,1589,1814,1925,1975,1793,1796,1614,1909,1571,1578,1896,1824,1834,1841,1910,1950,1809,1752,1695,1933,1753,1922,1879,1826,1725,1881,1794,1824,1693,1729,1879,1943,1888,1712,1766,1858,1750,1638,1711,1646,1849,1706,1782,1781,1896,1751,1701,1799,1888,1746,1785,1819,1760,1666,1881,1651,1516,1832,1675,1775,1603,1852,1741,1802,1641,1857,1924,1711,1591,1711,1823,1687,1749,1696,1866,1846,1689,1891,2064,2004,1877,1802,1806,1872,1806,1592,1888,1853,1742,1744,1740,1894,1819,1806,1754,1932,1879
1661,1718,1761,1763,1635,1752,1617,1657,1552,1787,1751,1826,1800,1797,1668,1736,1813,1892,1863,1657,1919,1760,1798,1643,1745,1748,1755,1872,1852,1882,1920,1659,1594,1700,1788,1695,2027,1974,1722,1659,1879,1726,1639,1830,1886,1768,1797,1700,1813,1621,1707,1884,1708,1692,1819,1820,1790,1772,1760,1768,1830,1841,1885,1684,1767,1928,1880,1915,1931,1728,1780,1853,1724,1722,1735,1770,1752,1930,1613,1950,1814,1792,1804,1881,1865,1675,1575,1852,1787,1763,1763,1773,1760,1693,1759,1846,1759,1558,1757,1838,1684,1750,1806,1899,1718,1564,1838,1735,1817,1668,1825,1862,1685,1739,1826,1929,1606,1610,1818,1889,1788,1661,1740,1736,1717,1632,1666,1857,1916,1742,1581,1793,1674,1564,1774,1769,1540,1881,1476,1811,1747,2021,1737,1720,1782,1765,1557,1741,1919,1741,1627,1958,1757,1664,1749,1667,1858,1709,1628,1779,1863,1716,1700,1636,1632,1695,1655,1688,1901,1789,1665,1565,1802,1907,1903,1759,1613,1800,1731,1799,1797,1705,1889,1584,1793,1573,1813,1763,1840,1696,1626,1877,1719,1616,1873,1788,1735,1793,1579,1711,1782,1711,1708,1561,1733,1795,1844,1754,1732,1829,1635,1662,1957,1676,1769,1781,1632,1752,1830,1650,1818,1928,1849,1675,1669,1602,1722,1691,1668,1777,1633,1799,1838,1882,2026,1762,1637,1927,1806,1770,1647,1997,1741,1811,1721,1598,1738,1676,1872,1944,1790,1610,1572,1763,1745,1917,1742,1789,1650,1652,1806,1823,1880,1602,1796,1679,1826,1632,1602,1719,1569,1567,1701,1698,1786,1655,1676,1584,1679,1766,1659,1924,1907,1763,1730,1679,1736,1701,1716,1712,1843,1717,1719,1633,1687,1669,1926,1790,1941,1711,1833,1746,1938,1811,1599,1696,1893,1835,1655,1728,1757,1790,1784,1638,1684,1740,1680,1643,1717,1873,1635,1766,1753,1858,1941,1743,1630,1685,1718,1923,1785,1700,1752,2039,1711,1867,1847,1778,1652,1706,1582,1791,1675,1659,1661,1849,1708,1621,1833,1770,1581,1849,1895,1840,1746,1687,1722,1872,1951,1643,1799,1714,1850,1863,1841,1735,1847,1748,1875,1636,1720,1891,1672,1865,1622,1714,1878,1703,1696,1664,1682,1985,1836,1683,1893,1702,1839,1948,1697,1688,1669,1768,1852,1854,1713,1634,1739,1783,1615,1616,1787,1668,1823,1782,1640,1852,1778,1752,1785,1847,1675,1788,1761,2029,1720,1791,1692,1658,1750,1591,1755,1665,1504,1724,1516,1701,1792,1733,1529,1857,1850,1816,1837,1723,1785,1809,1632,1934,1819,1828,1853,1675,1838,1657,1855,1855,1840,1625,1913,1763,1808,1871,1894,1583,1829,1807,1718,1725,1758,1793,1831,1818,1796,1645,1836,1849,1762,1719,1867,1942,1709,1673,1912,1831,1789,1701,1795,1832,1822,1936,1645,1677,1504,1740,1715,1628,1845,1717,1902,1546,1713,1770,1741,1831,1788,1920,1746,1919,1784,1677,1870,1684,1899,1830,1747,1731,1735,1723,1863,1839,1756,1896,1794,1764,1939,1773,1878,1664,1799,1901,1717,1819,1760,1760,1621,1823,1664,1574,1870,1713,1716,1930,1838,1935,1698,1564,1624,1774,1577,1813,1777,1602,1775,1916,1722,1804,1631,1856,1834,1771,1746,1809,1713,1846,1835,1739,1780,1917,1725,1625,1803,1897,1678,1630,1755,1726,1795,1810,1591,1653,1859,1849,1811,1699,1839,1597,1790,1778,1726,1825,1971,1785,1769,1572,1737,1705,1794,1761,1841,1753,1871,1907,1635,1684,1987,1782,1712,1671,1896,1726,1755,1666,1723,1871,1758,1550,1687,1764,1725,1730,1750,1784,1692,1700,1748,1760,1720,1870,1752,1712,1924,1639,1827,1964,1834,1618,1563,1782,1790,1801,1710,1689,1786,1666,1655,1865,1633,1826,1590,1685,1655,1707,1822,1685,1915,1753,1754,1830,1864,1852,1835,1805,1739,1920,1806,1890,1697,1715,1757,1620,1926,1828,1576,1738,1777,1882,1904,1891,1778,1678,1747,1813,1620,1888,1818,1674,1687,1770,1852,1772,1752,1737,1704,1706,1921,1768,1750,1657,1700,1689,1572,1614,1786,1801,1588,1692,1793,1883,1640,1571,1661,1705,1673,1777,1910,1758,1678,1987,1617,1641,1899,1959,1672,1727,1708,1983,1660,1846,1711,1597,1747,1870,1761,1693,1915,1796,1690,1718,1784,1774,1781,1812,1745,1635,1554,1901,1718,1679,1846,1791,1852,1699,1658,1929,1799,1695,1816,1710,1910,1810,1738,1561,1814,1905,1879,1375,1737,1687,1822,1843,1749,1834,1734,1718,1614,1890,1631,1615,1822,1753,1599,1788,1639,1855,1703,1706,1721,1839,1691,1679,1694,1756,1633,1653,1620,1656,1879,1708,1600,1802,1638,1701,1799,1780,1950,1736,1697,1857,1614,1895,1798,1620,1697,1653,1863,1694,1854,1722,1781,1617,1639,1793,1697,1563,1655,1714,1782,1843,1942,1766,1829,1821,1781,1809,1673,1924,1596,1656,1708,1672,1720,1661,1735,1720,1945,1716,1677,1790,1846,1912,1838,1742,1838,1946,1689,1502,1716,1699,1840,1673,1795,1792,1834,1738,1848,1621,1663,1637,1921,1820,1845,1843,2045,1716,1821,1640,1816,1764,1699,1642,1738,1745,1728,1726,1715,1632,1796,1614,1590,1736,1830,1748,1705,1832,1759,1746,1595,1600,1534,1539,1724,1640,1660,1677,1661,1878,1853,1827,1723,1815,1669,1905,1756,1630,1856,1860,1957,1738,1794,1544,1833,1605,1557,1937,1746,1811,1839,1895,1840,1856,1680,1596,1873,1764,1868,1833,1833,1740,1819,1806,1787,1659,1671,1861,1910,1831,1826,1723,1724,1652,1615,1751,1616,1726,1601,1744,1752,1857,1643,1600,1641,1839,1687,1823,1754,1758,1616,1795,1641,1418,1794,1588,1767,1582,1804,1650,1869,1657,1889,1814,1739,1569,1684,1771,1610,1761,1800,1833,1688,1650,1815,1946,1942,1799,1809,1735,1781,1827,1592,1834,1786,1594,1676,1787,1819,1790,1789,1641,1805,1818
1781,1811,1828,1824,1676,1900,1761,1804,1796,1784,1808,1907,1830,1811,1756,1858,1823,1956,1971,1690,1974,1780,1887,1731,1779,1821,1834,1968,1828,1928,1995,1768,1819,1817,1802,1797,2029,2060,1820,1811,1923,1824,1739,1992,2030,1905,2023,1785,1959,1714,1834,1907,1943,1796,1943,1895,1878,1747,1795,1808,1936,1927,1918,1788,1842,2025,1878,1941,1934,1908,1885,1917,1814,1794,1823,1989,1795,1938,1579,1985,1894,1850,1987,1945,1925,1713,1643,2038,1868,1898,1865,1908,1770,1840,1828,1871,1781,1637,1813,1915,1833,1754,1927,1912,1835,1706,1926,1786,1822,1721,1944,1971,1742,1776,1900,2009,1706,1686,1909,1996,1907,1824,1801,1868,1668,1773,1697,1997,1989,1790,1670,1854,1820,1713,1956,1916,1664,1859,1659,1825,1886,2097,1765,1721,1834,1839,1695,1842,1922,1833,1720,2068,1804,1844,1786,1709,1840,1750,1758,1913,1939,1809,1668,1709,1707,1798,1808,1775,2091,1886,1724,1748,1987,2003,1913,1810,1659,1868,1799,1852,1920,1716,1983,1698,1837,1650,1888,1782,1893,1808,1726,1876,1896,1747,1961,1889,1868,1902,1635,1803,1845,1808,1793,1661,1848,1750,1945,1787,1764,1997,1758,1832,1957,1726,1886,1768,1702,1720,1918,1729,1936,2010,1960,1776,1756,1685,1694,1685,1800,1833,1678,1881,1978,1992,2186,1872,1785,1960,1891,1814,1767,2080,1770,1826,1725,1789,1845,1760,1932,2123,1829,1746,1653,1892,1899,1958,1733,1830,1693,1858,1860,2042,2023,1812,1805,1734,1959,1663,1673,1841,1644,1630,1733,1871,1855,1751,1754,1797,1734,1859,1758,1976,1926,1805,1882,1764,1819,1797,1885,1821,1816,1833,1810,1718,1829,1750,1951,1823,2001,1828,1904,1886,2025,1777,1744,1812,1933,1958,1740,1784,1803,1908,1755,1732,1713,1887,1778,1819,1853,1954,1704,1924,1882,2008,1975,1888,1723,1810,1836,2103,1790,1761,1788,2177,1771,2002,1868,1908,1723,1820,1682,1887,1784,1758,1795,1992,1734,1699,1984,1943,1733,1806,1970,1981,1737,1755,1853,1930,2061,1669,1862,1773,2003,1988,1914,1777,1928,1878,1864,1719,1865,2003,1815,2027,1709,1891,1942,1808,1722,1735,1700,2014,1882,1838,2017,1745,1993,2020,1832,1818,1723,1782,1898,1985,1799,1802,1862,1899,1687,1711,1840,1829,1910,1816,1810,1892,1916,1864,1835,1915,1744,1845,1841,2128,1783,1785,1686,1740,1833,1704,1851,1717,1602,1828,1670,1738,1809,1805,1583,1941,1909,2029,1817,1662,1921,1843,1792,2066,1790,1857,1962,1746,1917,1718,1986,1984,1879,1712,1938,1880,1917,2001,1974,1788,1895,1909,1849,1734,2020,1879,1904,1805,1813,1692,1944,1945,1816,1791,1899,1897,1811,1745,2049,1865,1878,1769,1805,1895,1905,2063,1830,1667,1656,1759,1779,1621,1881,1850,2027,1687,1799,1956,1869,1911,1823,1915,1838,2051,1804,1829,2044,1803,2010,1946,1899,1876,1769,1774,1940,1853,1895,1950,1903,1858,1981,1861,1923,1732,1907,1994,1780,1840,1811,1740,1776,1990,1807,1694,1949,1844,1828,2052,1970,1998,1716,1720,1743,1807,1660,1880,1912,1703,1819,1922,1752,1981,1610,1898,1817,1901,1831,2036,1883,2033,1925,1813,1937,1965,1729,1723,1938,1975,1740,1766,1870,1915,1848,1903,1692,1788,2041,1986,1916,1784,1931,1733,1980,1851,1760,1905,2017,1770,1895,1751,1816,1838,1748,1846,2014,1787,2065,2022,1795,1904,2078,1854,1816,1775,1979,1809,1789,1843,1855,1923,1755,1586,1826,1746,1813,1846,1854,1909,1899,1727,1803,1879,1828,2010,1786,1865,2122,1782,1925,2069,1892,1716,1742,1833,1839,1883,1748,1864,1969,1737,1683,1923,1759,1825,1747,1763,1794,1850,1968,1738,2030,1827,1768,1827,2034,2008,1910,1865,1812,2022,1914,1978,1734,1796,1794,1735,2047,1929,1625,1818,1861,1992,1898,1921,1905,1736,1902,1922,1789,1955,1839,1708,1686,1789,1972,1749,1861,1850,1824,1822,2077,1849,1823,1717,1813,1743,1654,1685,1858,1934,1722,1668,1897,1951,1817,1673,1911,1777,1805,1897,1967,1887,1681,2012,1608,1778,2006,1999,1758,1744,1835,2029,1765,1973,1787,1758,1740,1919,1836,1807,1987,1909,1692,1824,1810,1969,1798,1849,1842,1676,1680,1972,1841,1696,1915,1879,2044,1798,1905,1967,1991,1688,1927,1901,2038,1943,1749,1697,1921,1997,1983,1473,1739,1709,1926,1951,1882,1928,1933,1782,1741,1954,1773,1806,1837,1760,1645,1863,1708,1913,1759,1727,1822,1829,1756,1813,1767,1899,1742,1853,1773,1763,1934,1814,1700,1880,1660,1709,1794,1884,2049,1838,1830,1914,1726,1869,1906,1677,1751,1698,1897,1848,1973,1901,1903,1707,1733,1870,1759,1606,1789,1714,1911,1867,2002,1904,1894,1978,1921,1858,1820,2025,1643,1720,1792,1703,1783,1762,1806,1730,1984,1727,1752,1909,1922,2007,1912,1851,1947,2031,1643,1615,1731,1747,1916,1743,1786,1907,1847,1799,1891,1728,1831,1798,1980,1883,1970,1874,2041,1772,1786,1834,1883,1866,1771,1765,1839,1894,1821,1699,1787,1673,1833,1754,1686,1719,1950,1912,1743,2047,1836,1840,1751,1665,1621,1653,1792,1725,1852,1798,1719,1918,1982,1948,1885,1924,1854,1854,1832,1727,1856,2014,2049,1798,1776,1663,1937,1608,1617,2047,1919,1874,1881,1889,2030,1949,1818,1677,1979,1824,1942,1892,1904,1883,1925,1843,1877,1733,1750,1985,1942,1888,1731,1925,1901,1678,1748,1870,1701,1832,1682,1770,1878,1918,1768,1719,1793,1954,1737,1808,1840,1853,1756,1924,1646,1503,1750,1698,1763,1650,1866,1743,1942,1672,1940,1934,1817,1657,1776,1916,1750,1836,1695,1924,1783,1779,1841,2064,2010,1883,1820,1803,1894,1926,1698,1942,1886,1757,1834,1854,1824,1907,1772,1757,1900,1826
1646,1758,1696,1765,1700,1814,1750,1657,1645,1770,1768,1820,1839,1821,1754,1663,1787,1880,1944,1675,1916,1760,1854,1713,1799,1812,1818,1943,1886,1966,2119,1794,1704,1757,1752,1761,2021,1986,1832,1770,1888,1779,1720,1910,2049,1887,1837,1795,1848,1715,1717,1908,1803,1839,1933,1913,1815,1714,1724,1758,1944,1866,1898,1722,1793,1851,1782,1849,1848,1796,1886,1930,1882,1816,1827,1869,1724,1925,1673,1971,1912,1880,1884,1848,1787,1712,1702,1995,1901,1760,1924,1788,1813,1730,1739,1781,1695,1612,1782,1933,1795,1791,1798,1934,1801,1680,1912,1728,1851,1716,1904,1877,1671,1684,1845,1985,1636,1587,1826,1932,1863,1815,1861,1881,1593,1733,1773,1922,1980,1767,1722,1810,1759,1661,1839,1866,1682,1810,1626,1860,1928,2004,1753,1686,1782,1806,1632,1717,1960,1829,1704,1953,1778,1797,1874,1663,1788,1792,1725,1798,1938,1829,1664,1686,1689,1881,1752,1621,2116,1870,1727,1657,1870,1911,1865,1827,1682,1791,1730,1831,1901,1689,1906,1784,1876,1599,1871,1822,1879,1717,1688,1918,1920,1691,1935,1830,1759,1875,1656,1772,1786,1802,1890,1580,1867,1711,1856,1798,1679,2021,1681,1720,1949,1642,1817,1740,1722,1793,1833,1646,1904,1948,1819,1807,1720,1649,1669,1665,1705,1871,1679,1760,1966,2017,2154,1739,1718,2047,1811,1740,1711,1942,1840,1832,1722,1696,1860,1717,1852,2071,1839,1722,1660,1906,1861,2007,1757,1825,1647,1742,1872,1861,1924,1818,1779,1769,1924,1647,1712,1762,1605,1613,1687,1803,1824,1773,1670,1710,1666,1898,1731,1914,1770,1832,1778,1762,1841,1752,1824,1781,1915,1788,1700,1635,1873,1746,1860,1779,1957,1824,1941,1820,1992,1817,1757,1734,1913,1890,1698,1795,1880,1879,1776,1681,1689,1836,1706,1787,1920,2007,1646,1873,1779,1904,1858,1851,1675,1700,1804,1987,1918,1661,1808,2147,1722,1836,1848,1801,1650,1735,1684,1764,1705,1752,1802,1917,1812,1693,1971,1925,1611,1855,1852,1983,1757,1716,1818,1923,1942,1651,1773,1760,1930,1945,1862,1785,1844,1842,1833,1759,1810,1886,1681,1952,1679,1914,1907,1788,1680,1743,1645,2021,1904,1722,1928,1759,1924,2050,1781,1640,1693,1829,1847,1867,1773,1768,1800,1901,1701,1604,1771,1736,1907,1751,1751,1888,1800,1746,1887,1897,1717,1733,1834,2242,1732,1784,1732,1747,1704,1659,1794,1729,1546,1784,1623,1717,1774,1836,1634,1864,1850,1947,1806,1619,1875,1852,1707,2016,1755,1951,1888,1770,1757,1628,1992,1959,1813,1677,1905,1755,1825,1962,1840,1703,1851,1866,1749,1681,1867,1768,1791,1873,1768,1671,1820,1884,1854,1722,1840,1896,1770,1741,1983,1795,1842,1657,1798,1864,1993,2049,1786,1660,1626,1779,1745,1650,1845,1893,1905,1682,1859,1937,1832,1837,1771,1884,1843,1943,1873,1830,1972,1713,1923,2015,1812,1831,1754,1721,1957,1872,1815,1878,1771,1802,1938,1859,1874,1663,1828,1886,1826,1737,1745,1764,1757,2019,1771,1564,1944,1879,1811,1956,1943,1965,1758,1675,1733,1832,1726,1856,1917,1635,1712,1897,1778,1908,1610,1809,1768,1844,1788,1869,1735,1849,1968,1788,1817,1977,1792,1706,1803,1842,1762,1737,1785,1846,1833,1875,1635,1715,1973,1833,1860,1731,1900,1714,1845,1915,1797,1795,1949,1846,1885,1837,1738,1780,1754,1825,2012,1758,1876,2006,1778,1765,2042,1818,1770,1816,2060,1728,1800,1854,1763,1823,1790,1612,1793,1819,1830,1772,1750,1808,1801,1720,1791,1848,1790,1892,1831,1845,1923,1765,1920,2063,1946,1708,1746,1822,1785,1860,1711,1772,1867,1693,1659,1860,1698,1847,1764,1694,1733,1788,2006,1705,1976,1853,1801,1815,1935,1876,1958,1904,1752,1939,1803,1950,1715,1708,1798,1696,1933,1909,1634,1897,1860,2010,1913,1928,1864,1679,1895,1899,1776,1965,1761,1754,1656,1826,1796,1789,1752,1792,1853,1709,2018,1880,1800,1681,1756,1694,1622,1655,1732,1808,1580,1712,1888,1956,1688,1570,1808,1762,1714,1825,1996,1846,1658,2053,1671,1783,1843,2023,1724,1767,1814,1984,1705,1938,1741,1726,1804,1903,1776,1735,1913,1945,1715,1833,1853,1785,1811,1798,1794,1717,1608,1969,1843,1721,1847,1857,2009,1756,1779,2053,1942,1645,1864,1744,1969,1832,1806,1749,1876,1909,1915,1465,1789,1630,1897,1934,1808,1856,1836,1824,1715,1868,1741,1771,1805,1768,1561,1831,1653,1791,1752,1757,1845,1828,1778,1914,1648,1834,1785,1741,1681,1711,2015,1820,1721,1908,1638,1666,1863,1849,2047,1717,1898,1857,1702,1861,1949,1642,1741,1640,1733,1827,1826,1758,1928,1686,1706,1887,1747,1549,1758,1806,1827,1968,2079,1838,1881,1950,1919,1839,1772,2022,1649,1741,1724,1656,1770,1746,1768,1825,1979,1620,1720,1837,1982,2025,1850,1752,1989,2063,1763,1531,1791,1686,1882,1749,1805,1916,1922,1749,1813,1714,1835,1705,1989,1870,1818,1814,2056,1686,1672,1844,1851,1892,1785,1771,1899,1849,1779,1700,1706,1599,1859,1714,1631,1666,1860,1922,1765,1938,1843,1772,1660,1554,1645,1679,1750,1671,1879,1662,1698,1942,1912,1905,1826,1937,1861,1805,1732,1634,1814,1991,2053,1862,1822,1604,1805,1485,1688,2080,1807,1832,1895,1872,1929,1870,1728,1693,1942,1787,1921,1840,1879,1802,1772,1813,1757,1750,1745,1967,1905,1834,1748,1812,1800,1668,1786,1810,1644,1767,1609,1824,1769,1959,1820,1761,1720,1902,1686,1844,1874,1821,1707,1900,1612,1463,1775,1635,1742,1690,1843,1710,1948,1677,1956,1888,1777,1676,1773,1799,1647,1770,1759,1938,1780,1778,1820,2021,2053,1913,1837,1723,1853,1849,1644,1874,1877,1644,1803,1813,1761,1862,1702,1681,1912,1803
1807,1880,1913,1867,1808,1864,1795,1771,1708,1805,1914,2039,1894,1909,1917,1846,1965,2046,2039,1693,2044,1830,1870,1868,1814,1954,2006,2080,1954,2095,2144,1843,1815,1967,1868,1881,2130,1945,1874,1829,1952,1820,1862,2070,2153,1883,1956,1809,2007,1813,1836,1925,1995,1890,2045,2024,1964,1855,1863,1871,1949,1950,2017,1783,1884,2113,1902,1993,1962,1877,1966,2034,1936,1878,1965,2052,1891,2056,1657,2050,1875,1881,1967,2033,1901,1715,1767,2014,2053,1933,1960,1899,1909,1916,1886,1869,1764,1635,1898,1912,1831,1754,1926,2035,1832,1793,1890,1754,1868,1819,2034,1886,1737,1809,1931,2066,1751,1709,2031,1902,1961,1891,1978,2007,1778,1937,1751,1945,2036,1929,1767,1942,1854,1730,2016,2051,1751,1885,1616,1806,1991,2146,1832,1836,1914,1812,1724,1804,2162,1969,1821,2124,1946,1841,1924,1759,1865,1919,1950,1898,1998,1919,1730,1772,1765,1912,1905,1868,2092,1955,1780,1764,2005,2053,1924,1898,1696,1934,1854,1917,2011,1829,1932,1849,2009,1697,1974,1894,2058,1812,1674,2019,1958,1792,2005,1940,1878,1999,1716,1768,1856,1866,1931,1751,1962,1895,1939,1975,1804,1994,1812,1707,2064,1761,1835,1860,1814,1831,1937,1739,2013,2005,1988,1887,1804,1739,1877,1707,1779,1944,1795,1839,1991,2135,2235,1810,1746,2069,1939,1950,1830,2138,1830,1805,1746,1637,1950,1869,1903,2113,1939,1716,1661,1987,1951,2127,1781,1918,1786,1863,1894,2008,2009,1917,1888,1816,1981,1803,1730,1876,1798,1742,1830,1894,1921,1774,1746,1870,1774,1997,1750,2102,1922,1880,1886,1811,1968,1842,1892,1858,1962,1897,1766,1773,1912,1803,1934,1874,2043,1909,2001,1866,2068,1957,1814,1953,1978,2055,1800,1910,1855,1920,1844,1863,1735,1962,1840,1807,1888,2010,1775,2024,1830,2042,2033,1993,1779,1817,1764,2081,1883,1808,1869,2238,1850,1949,2004,1926,1816,1899,1749,1903,1840,1886,1876,2003,1872,1801,2038,1992,1733,1823,1957,2125,1902,1775,1845,1991,2107,1726,1836,1968,2037,1995,1987,1846,1951,1817,1886,1803,1866,1913,1747,2136,1777,1998,1972,1948,1739,1763,1730,2090,1967,1871,2039,1865,1973,2119,1913,1881,1751,1959,1939,2154,1931,1805,1858,1985,1779,1699,1845,1892,1928,1824,1847,1992,1957,1831,1921,1984,1773,1877,1938,2342,1707,1799,1849,1885,1882,1758,1938,1765,1609,1877,1702,1931,1892,1811,1851,1898,1991,2094,1936,1690,1957,1975,1802,2134,1848,1972,1948,1859,1967,1701,1997,2069,1827,1804,2010,1918,1997,2002,2023,1802,1915,1914,1858,1877,1957,1892,1979,1905,1909,1810,1941,2022,1896,1866,1879,1977,1901,1729,2134,1959,1981,1758,1803,1954,2007,2143,1917,1743,1698,1907,1794,1796,1938,2062,2043,1760,1922,1971,1945,1935,1816,1968,1861,2050,1919,1914,2045,1878,2026,2044,1894,1929,1815,1875,2011,1883,1849,1913,1874,1908,1972,1847,1971,1738,1929,1942,1983,1827,1863,1887,1808,2072,1785,1661,2040,1893,1867,2107,2083,2022,1762,1773,1786,1994,1833,1882,1971,1805,1883,2039,1832,1961,1751,1957,1828,1978,1854,2104,1845,2057,2054,1884,1966,1954,1891,1808,1983,2014,1852,1870,1865,1846,1909,1986,1713,1855,2182,2049,1960,1884,1985,1726,1991,1906,1845,1824,2077,1899,1949,1834,1815,1894,1872,1848,2143,1831,1933,2123,1898,1895,2144,1845,1916,1942,2094,1886,1847,1984,1884,1982,1871,1672,1789,1866,1817,1846,1931,2014,1881,1789,1917,1949,1878,2123,1862,1886,2052,1854,2020,2005,1941,1754,1774,1851,1875,1906,1832,1792,1959,1813,1726,1982,1814,1903,1907,1808,1850,1815,2055,1760,2111,1933,1822,1817,2090,2084,1930,2008,1866,1968,1819,2067,1735,1802,1897,1851,2001,2029,1740,2013,1941,2136,1975,1960,1948,1810,1916,2071,1807,2033,1871,1836,1706,1908,1946,1900,1854,1857,1922,1907,2126,1857,1914,1755,1824,1799,1672,1761,1841,2023,1701,1875,1931,2023,1874,1659,1939,1908,1838,1910,2060,1992,1712,2079,1746,1801,2051,2006,1762,1914,1877,2192,1816,2069,1766,1873,1928,1946,1821,1955,2012,1986,1820,1837,1831,1961,1956,1912,1908,1744,1668,1994,1955,1715,1912,1909,2165,1804,1920,2081,2065,1738,1997,1921,1938,1816,1987,1871,1988,2023,1887,1538,1944,1632,2012,2032,1854,1956,1889,1835,1784,2015,1815,1887,1884,1920,1750,1908,1781,1872,1852,1879,1911,1943,1782,1940,1790,1924,1784,1855,1719,1779,2101,1921,1767,2045,1736,1775,1873,1895,2132,1839,2043,1961,1854,1963,2041,1719,1851,1727,1931,1920,1971,1884,2044,1799,1788,2077,1799,1604,1900,1905,1970,1927,2079,1887,1867,1939,1953,1991,1872,1946,1644,1874,1832,1654,1988,1824,1894,1866,1989,1809,1809,1936,2022,2215,1903,1932,2041,2070,1889,1685,1754,1775,1924,1795,1873,1904,1940,1838,1983,1741,1907,1848,1993,2003,1930,1902,2053,1809,1698,1909,2063,1965,1845,1786,1990,1839,1837,1766,1841,1697,1924,1744,1735,1737,1924,1891,1862,2060,1913,1883,1732,1662,1773,1779,1794,1802,1932,1779,1824,2001,2131,1959,1887,1985,1873,1882,1828,1796,1862,2090,2175,1913,1928,1698,1920,1604,1747,2079,1863,1945,2067,1945,2042,1923,1835,1771,1957,1893,2038,2034,1970,1873,1944,1962,1917,1905,1796,1969,2040,2012,1762,1974,1925,1738,1811,1899,1810,1888,1731,1900,1915,1982,1878,1885,1838,1980,1713,1884,1929,1932,1763,2073,1673,1471,1866,1794,1721,1745,1933,1762,1967,1706,2063,1951,1799,1660,1857,1912,1727,1959,1860,2014,1893,1921,1854,2049,2083,1925,1878,1840,2016,2070,1740,1958,1935,1794,1925,1839,1875,1984,1807,1759,1885,1872
1824,1962,1872,1890,1835,1946,1896,1757,1693,1808,1927,2052,1923,1931,1999,1855,1922,1995,2033,1755,2016,1789,1845,1850,1925,1960,1955,2116,2092,2205,2190,1866,1889,1939,1928,1853,2082,1960,1958,1892,1912,1923,1830,1951,2059,1734,1974,1846,2005,1868,1860,1973,2082,2033,2144,2026,1919,1922,1816,1898,1944,2035,1988,1908,1926,2017,1938,2053,1949,1910,2066,2110,1911,1814,2001,2044,1881,2014,1680,2087,1915,1869,2023,2064,1963,1773,1741,2047,2092,1891,1943,1968,1925,1923,1913,1951,1787,1685,1790,2031,1798,1807,2025,2038,1908,1809,1919,1777,1893,1858,1988,1897,1789,1743,1962,2142,1762,1629,2020,2079,1951,1933,2033,1947,1768,1941,1795,2007,2004,2016,1852,1975,1840,1747,2023,2053,1782,1873,1743,1870,2017,2291,1742,1779,1885,1852,1749,1870,2142,1930,1811,2112,1880,1835,2022,1791,2036,1883,2012,1877,2083,1920,1778,1765,1790,1881,1861,1838,2097,1999,1762,1788,1931,2051,1944,1920,1814,1995,1871,1979,1980,1910,1872,1912,1936,1703,1958,1947,2090,1875,1876,1979,2079,1743,1993,1961,1914,1948,1695,1725,1938,1910,2015,1765,2032,1900,1946,2020,1865,2103,1809,1757,1981,1731,1784,1945,1787,1817,1931,1768,2053,2140,2049,1871,1804,1795,1835,1783,1805,1966,1819,1800,1946,2072,2330,1921,1827,2094,1985,1972,1889,2036,1960,1938,1803,1770,1992,1937,1951,2214,1972,1815,1694,2069,1994,2164,1809,1977,1789,1919,1952,2025,2014,1987,1866,1821,1915,1833,1666,1887,1725,1714,1798,1994,1977,1804,1822,1818,1873,2058,1818,2018,1924,1948,1840,1802,2011,1872,1878,1882,2092,1896,1795,1777,1993,1833,1948,1849,2089,1960,2110,1932,2129,1952,1798,1936,1911,2063,1769,1991,1951,1924,1862,1838,1744,1893,1903,1878,1900,2077,1695,1993,1771,2056,2017,2021,1820,1776,1803,2178,1934,1726,1911,2224,1893,2034,2014,1959,1786,1861,1830,1959,1857,1962,1968,2015,1917,1879,2069,2022,1745,1922,1978,2048,1920,1955,1881,2027,2123,1842,1862,1951,2039,2035,2027,1918,2049,1831,1891,1817,1908,2001,1793,2107,1751,1953,1954,1976,1886,1791,1662,2117,1947,1949,2038,1905,2103,2215,1831,1805,1770,1984,1886,2017,1938,1778,1894,2107,1818,1778,1899,1932,2029,1866,1819,1962,1878,1913,1912,1983,1978,1880,2030,2336,1786,1909,1993,1779,1808,1802,1946,1845,1662,1817,1825,1797,1934,1876,1838,2028,2020,2125,1924,1784,1975,1894,1841,2211,1838,1992,1995,1892,2018,1691,2022,2085,1836,1840,2015,1880,1987,2092,2122,1891,1952,2009,1889,1840,2031,1944,1945,2051,1929,1716,2062,2036,1947,1903,1997,1933,1940,1916,2158,1862,2060,1738,1882,1917,2046,2170,1939,1792,1797,1937,1881,1758,2054,2111,2119,1754,1982,1980,1995,1883,1856,2032,1995,2085,1964,2003,2077,1942,2061,1989,1924,1907,1863,1861,2029,1987,1902,1961,1901,1987,2059,1904,1877,1769,2018,2149,1947,1804,1966,1857,1792,2035,1912,1698,2129,1910,1873,2136,2206,2065,1758,1713,1858,1964,1909,1926,2011,1747,1924,2159,1953,1979,1800,2007,1957,1986,1899,2073,1924,1997,2123,1904,1983,2088,1928,1795,1978,1936,1876,1918,1870,1889,1960,1881,1852,1920,2101,1913,2023,1900,1911,1759,2007,1996,1867,1872,2093,1941,2041,1916,1847,1911,1838,1942,2148,1875,2012,2142,1846,1902,2044,1953,1952,2023,2075,1976,1871,2045,1979,1958,1857,1723,1885,1884,1933,1899,1928,1984,1916,1784,1941,2084,1928,2105,1862,1858,2175,1860,2089,2134,1998,1780,1793,1908,1877,1840,1820,1839,2052,1794,1780,2121,1886,1992,1801,1864,1887,1864,2015,1812,2168,1960,1835,1901,1985,2064,1962,2008,1857,1988,1978,2049,1874,1878,1897,1857,2014,2033,1779,2124,1955,2120,1955,2014,1975,1873,1920,2108,1771,2049,1925,1856,1695,1969,2011,1837,1805,1840,1952,1929,2179,1912,2000,1843,1820,1911,1840,1880,1922,1978,1781,1992,2041,1991,1893,1680,1946,1972,1882,1819,2097,2182,1791,2102,1832,1848,1990,2098,1887,1847,1993,2123,1871,2043,1746,1844,1915,2035,1894,1913,1996,2013,1877,1884,2035,1941,1851,1951,1952,1755,1756,2071,1949,1834,1879,1953,2217,1833,1938,2121,1979,1751,2012,2064,1950,1922,1989,1855,1960,2065,2029,1565,1954,1764,1980,1989,1970,1980,1931,1865,1955,2065,1921,1977,1856,1912,1734,1985,1818,1911,1946,1922,1955,1883,1887,1950,1874,1990,1858,1935,1781,1855,2108,1971,1845,2050,1755,1692,1955,1917,2059,1917,1913,1958,1899,2004,2056,1739,1905,1727,1867,1912,1892,1852,2159,1912,1840,2067,1845,1703,1878,1940,1879,1942,2122,1857,1988,2034,2057,1965,1936,1958,1727,1821,1864,1723,2030,1809,1927,1903,2056,1778,1785,1951,2062,2210,1902,1883,2107,2143,1920,1717,1779,1862,1892,1878,1898,2046,2106,1872,1878,1942,2014,1782,2108,1998,1952,1898,2080,1802,1785,1986,2003,1852,1930,1882,1978,1865,1801,1818,1945,1854,2005,1786,1791,1782,1947,1944,1881,2185,1962,1964,1658,1732,1777,1832,1781,1810,2028,1875,1881,2062,2071,1966,1914,2056,2014,1871,1928,1814,1884,2091,2120,2018,1903,1788,1983,1625,1752,2095,1874,1866,2068,1917,2123,1951,1754,1762,2003,1803,2114,2069,1866,1848,1975,1902,1951,1893,1822,1972,2066,2054,1897,2036,1908,1730,1866,1914,1827,2004,1778,1940,1894,2106,1949,1899,1868,2028,1727,1883,1995,1920,1805,2040,1733,1529,1905,1782,1760,1821,2080,1834,2113,1816,2022,1942,1880,1664,1866,1849,1870,1975,1806,2042,2027,1981,1923,2090,2128,2012,1923,1865,1923,2017,1744,1947,1926,1798,1934,1861,1994,1974,1818,1804,1953,1973
1813,1848,1871,1795,1713,2004,1873,1739,1688,1956,1931,1970,1921,1842,1981,1818,1967,2034,2046,1673,2031,1859,1861,1797,1814,1921,1934,2067,2021,2151,2172,1805,1951,1902,1773,1761,2064,1912,1858,1829,1940,1824,1852,1954,2083,1770,1957,1838,2032,1890,1727,1868,1971,1903,2044,1959,1878,1844,1971,1861,2027,1951,1951,1850,2017,2006,1851,2001,2027,1882,2003,2069,1908,1840,1897,2083,1853,1978,1753,1963,1820,1865,2013,2000,1930,1775,1729,1992,2023,1839,1943,1946,1890,1900,1997,1813,1765,1676,1814,1973,1724,1824,2027,2032,1851,1743,1852,1753,1722,1890,2026,1814,1780,1789,1892,2095,1628,1671,1943,1973,1897,1953,1963,1968,1758,1952,1792,1884,1957,1899,1777,1937,1900,1798,1967,2032,1724,1818,1715,1873,2070,2209,1800,1843,1807,1882,1713,1794,2061,1809,1781,2032,1837,1870,1863,1847,2020,1969,1907,1803,1978,1896,1740,1662,1842,1870,1743,1785,2111,1940,1768,1771,1865,1991,1905,1833,1735,1958,1775,1872,1961,1819,1761,1953,1951,1759,1924,1904,2024,1832,1837,1907,2073,1736,1971,1851,1851,1968,1739,1774,1946,1929,1907,1655,1988,1848,1993,1972,1869,1995,1809,1787,2016,1764,1789,1940,1823,1793,1978,1710,2014,1937,1925,1853,1815,1813,1859,1791,1768,2032,1697,1776,1943,2110,2281,1838,1735,2021,1919,1912,1895,2035,1837,1909,1779,1784,1896,1901,1914,2095,1922,1760,1699,1984,1899,2076,1817,1921,1731,1990,1932,1898,2083,1944,1824,1794,1967,1760,1615,1814,1848,1716,1863,1890,1838,1784,1758,1820,1838,1960,1890,2042,1884,1905,1839,1782,1894,1883,1887,1857,2136,1865,1845,1749,1835,1734,1923,1872,2095,1974,1998,1827,2050,1931,1794,1900,1881,1914,1780,1863,1805,1845,1845,1807,1753,1908,1906,1886,1920,1988,1703,2077,1834,2057,1956,1992,1788,1795,1737,1948,1976,1753,1860,2078,1826,1952,2014,1827,1751,1845,1805,1865,1808,1955,1892,1979,1886,1875,2039,1939,1747,1830,1916,2014,1906,1885,1811,1952,2038,1842,1806,1820,1948,2136,2002,1777,2030,1876,1893,1845,1895,1967,1800,2014,1767,2013,1931,1991,1864,1708,1727,2098,1950,1972,1987,1919,2064,2109,1882,1833,1736,1936,1868,2061,1852,1711,1900,2032,1886,1766,1830,1886,1945,1850,1777,1913,1836,1826,1900,1942,1779,1928,1950,2355,1751,1838,1915,1831,1794,1725,2019,1719,1599,1839,1778,1833,1853,1812,1894,1987,2031,2032,1973,1739,1948,1919,1842,2037,1857,1946,1962,1862,1996,1671,1917,2004,1819,1737,1968,1875,1987,1941,1995,1848,1938,2040,1801,1747,1980,1870,1933,1954,1869,1791,1945,1954,1892,1840,1872,1938,1761,1805,2069,1813,1978,1639,1917,2023,2043,2099,1911,1695,1865,1886,1862,1741,1909,2113,1998,1766,1941,1968,1969,1867,1885,2050,1855,2001,1905,1920,2016,1830,1956,1931,1922,1913,1807,1987,1930,1901,1854,1874,1915,1912,1992,1847,1925,1702,1969,2095,1891,1777,1846,1800,1823,1993,1873,1686,2094,1823,1825,2056,2157,2047,1771,1778,1888,1910,1908,1929,2005,1790,1792,2046,1866,1869,1789,2103,1925,1863,1831,2011,1881,2021,2064,1864,2012,1971,1777,1802,1949,1982,1816,1966,1766,1896,1842,1826,1797,1791,2064,1938,2006,1802,1972,1764,1998,1931,1756,1812,2042,1911,1988,1882,1792,1824,1827,1959,2111,1887,1949,2152,1813,1931,2030,1830,1926,1931,2053,1969,1896,1929,1936,1888,1909,1797,1868,1871,1781,1893,1950,2075,1791,1778,1942,1907,1912,2108,1786,1966,2009,1830,2057,2019,1934,1757,1833,1833,2038,1911,1855,1864,2010,1763,1697,1962,1865,1877,1876,1855,1839,1872,1967,1786,2063,1867,1762,1872,1974,2107,1926,1950,1735,1923,1954,2063,1824,1896,1896,1903,2014,1952,1676,2061,1908,2048,1964,1950,1814,1812,1888,2068,1743,1940,1799,1786,1662,1954,1939,1877,1817,1875,1957,1989,2129,1872,1946,1699,1756,1871,1784,1861,1955,1999,1804,1929,1930,1997,1910,1671,1981,1932,1872,1790,1934,2078,1752,2088,1799,1797,1855,1999,1755,1959,1923,2140,1902,1979,1812,1908,1919,1917,1867,1902,1972,1961,1824,1934,1942,1973,1882,1921,1903,1714,1754,2000,1994,1759,1950,1900,2136,1788,1837,2049,1996,1682,1932,2015,1999,1918,1990,1801,2040,2103,1903,1508,1943,1800,1958,1956,1870,1919,1878,1866,1890,2072,1720,1988,1832,1865,1717,1742,1813,1838,1829,1983,1850,1889,1775,1927,1790,1938,1798,1861,1737,1842,2040,1938,1805,2024,1753,1663,1941,1983,2030,1980,1908,1949,1820,1938,2105,1711,1783,1731,1852,1837,1887,1905,2077,1862,1855,2034,1699,1719,1813,1926,1869,1873,2030,1896,1812,1868,1995,1926,1883,2002,1651,1750,1888,1682,1946,1795,1863,1937,2038,1811,1867,1980,2099,2264,1886,1757,2016,2086,1964,1719,1733,1815,1880,1813,1931,1999,1977,1808,1870,1773,1883,1770,2010,2005,1916,1789,2012,1715,1893,1911,1948,1899,1934,1861,1991,1853,1885,1780,1883,1737,1970,1807,1814,1757,1969,1882,1855,2127,1960,1942,1786,1749,1815,1835,1669,1859,1939,1828,1845,2014,2049,1970,1823,1986,1838,1876,1858,1742,1886,2014,2023,1923,1944,1732,1962,1619,1768,2099,1954,1845,2048,1962,2088,1916,1727,1660,1976,1798,2113,2090,1888,1915,1871,1827,1867,1881,1786,1981,2051,2123,1877,2069,1935,1758,1841,1811,1821,1931,1753,1797,1828,2047,1918,1862,1758,1896,1722,1860,1939,1839,1809,2065,1778,1473,1990,1698,1722,1794,1905,1778,2041,1745,2026,1963,1886,1734,1806,1803,1797,1886,1847,2029,1861,1906,1907,2141,2087,1892,1858,1876,1938,1959,1717,1907,1836,1806,1874,1878,1918,1959,1773,1667,1925,1994
1886,1979,1881,1917,1894,2064,1901,1828,1800,1976,1991,1983,1964,1998,2010,1996,1932,2046,2170,1818,2138,2010,1978,1955,1956,2003,2006,2165,2185,2154,2256,1857,2057,1955,1981,1854,2266,1952,2020,1969,2001,1946,1964,2079,2180,1863,2033,1955,1988,1941,1823,1967,2012,2002,2086,2042,1939,2046,2036,1922,2053,2058,2081,2030,2035,2109,1912,2095,1993,1908,2130,2086,1960,1973,1999,2140,1805,2047,1809,2106,1997,1983,2105,2030,2001,1840,1832,2057,2117,1946,2112,2099,2018,1917,2011,2001,1797,1770,1888,2102,1757,1948,2036,2097,1999,1915,1992,1889,1731,2028,2096,1964,1842,1893,1998,2227,1786,1693,2075,2089,2050,2002,2066,2055,1975,2039,1849,2059,2046,2054,1824,2065,1879,1873,2143,2213,1865,1941,1753,1921,2191,2261,1813,1944,1850,1964,1760,1939,2198,1898,1954,2106,1947,1895,2006,1884,2042,2024,2041,1880,2108,1930,1864,1860,1989,2034,1890,1850,2142,2027,1896,1844,1982,2099,2005,1951,1813,2038,1861,1974,2067,1937,1912,1911,1935,1835,2077,2079,2068,1983,1883,1981,2228,1855,2130,1979,1971,2027,1806,1897,2079,2030,2056,1828,2181,1925,2100,2085,1946,2122,1942,1850,2122,1832,1863,1986,1883,1868,2077,1778,2200,2093,2073,2059,1852,1899,2053,1834,1870,2083,1848,1848,2126,2173,2368,1953,1868,2055,2013,2037,1974,2098,1946,2014,1891,1801,2003,1950,2033,2207,2046,1874,1801,2225,2075,2188,1848,2014,1841,2069,1960,2080,2076,2009,2037,1955,2028,1846,1712,1975,1917,1774,1975,2063,1896,1846,1820,1960,1925,2067,1918,2069,2031,2027,1875,1850,2054,2015,1934,1926,2122,1906,1986,1843,2004,1875,2036,1887,2175,2046,2084,1912,2170,1964,1880,2014,1993,2097,1890,2061,2026,1895,2015,1878,1846,1994,2005,1958,2061,2057,1887,2134,1837,2132,2099,2084,1851,1747,1771,2111,2098,1827,1952,2264,1835,2027,2068,1934,1936,1990,1975,1923,1869,1995,1933,2120,1951,1996,2096,2116,1875,2002,2053,2110,2007,1964,1886,2167,2086,1961,1972,1947,2061,2215,2107,1851,2136,1993,2010,1958,1904,2008,1839,2219,1857,2044,2016,2126,1956,1723,1771,2113,2013,1961,2091,1959,2172,2231,2036,1943,1892,1997,2032,2163,1901,1776,1840,2121,1925,1880,1937,2035,2013,2019,1905,2066,2041,1986,2030,2119,1910,1962,2086,2402,1836,1973,2039,1883,1903,1817,2069,1878,1790,1902,1883,1907,1909,1835,1877,2103,2140,2250,2055,1928,2155,1950,2050,2231,1895,2015,2043,1991,2090,1718,1918,2160,1856,1940,2059,1946,2042,2021,2124,1941,2023,2042,1965,1855,2136,1925,2036,2032,1990,1762,2108,2038,2042,2007,2049,2029,1995,1815,2180,1893,2164,1811,1947,2045,2021,2335,1995,1768,1819,1982,1956,1852,2103,2130,2153,1792,2052,2053,2058,2040,1983,2169,2061,2084,1929,2069,2163,1970,2068,2000,1982,2031,1938,2023,2007,2123,1989,2009,2009,1994,2162,2028,2065,1777,2032,2137,1964,1875,1973,1975,1855,1995,2042,1780,2103,2011,1974,2158,2385,2029,1817,1862,1939,1951,1980,1918,2130,1891,1870,2223,2010,1993,1805,2118,2020,1973,1978,2107,1965,2082,2119,2016,2050,2057,1799,1967,2056,2113,1925,1929,1871,1998,1989,1958,2032,1934,2159,2016,2093,1962,2032,1884,2059,2039,1853,1949,2059,2009,2124,2046,1963,2014,1973,1974,2220,2005,2025,2125,1882,2037,2010,1971,2102,2144,2123,1957,1998,2111,2047,1986,2075,1753,1926,1987,1906,1985,1973,2075,1903,1868,1964,2056,2082,2172,1958,2077,2115,1960,2135,2101,1987,1802,1898,1935,1991,2003,1930,1910,2150,1863,1748,2026,2033,2037,1947,1893,1960,1949,2074,1922,2084,1952,1872,1854,1979,2179,2057,2073,1853,2063,2005,2116,1987,1989,1915,1952,2121,1949,1820,2183,2004,2130,2006,2008,2018,1867,1955,2119,1926,2000,1981,1888,1745,2035,2051,1897,1916,1980,2063,1995,2147,2061,2204,1745,1911,1915,1839,1915,2009,2023,1867,2061,2133,2034,2030,1780,1998,2045,1927,1857,2084,2096,1882,2108,1865,1936,1981,2102,1862,2042,2010,2129,1953,2192,1861,1955,1890,2133,1964,1960,2115,2039,1922,2029,2127,2066,1813,1985,2043,1766,1931,2140,2014,1859,1955,1956,2265,1931,1981,2128,2080,1754,2024,2099,2043,2003,2055,1878,2096,2186,2003,1675,2140,1807,2054,2077,2066,1982,2016,1938,2042,2085,1857,2037,1895,1931,1816,1975,1832,1936,1981,1992,2005,1971,1935,1988,1951,2058,1805,2019,1791,1929,2100,2001,1894,2276,1824,1722,2064,1962,2114,2063,2038,2041,1950,2038,2098,1768,1985,1794,1915,1819,2045,2047,2211,1947,1951,2112,1832,1779,1889,2034,1921,2028,2175,1884,1991,2066,2077,1936,1978,2024,1721,1844,2006,1834,2087,1844,1970,2047,2107,1836,1936,1997,2174,2416,1990,1848,2080,2092,2052,1793,1879,1899,2038,1915,2033,2127,2097,1879,1896,1878,1935,1855,2144,2084,1988,1975,2014,1799,1969,1957,2098,1925,2079,2002,2059,1856,1997,1866,1908,1793,2207,1823,1842,1837,1950,1972,1941,2297,2005,2053,1734,1886,1849,2040,1860,1885,2054,1933,1969,2031,2244,2068,1984,2091,2005,2035,1930,1901,2029,2192,2193,2050,2019,1930,2142,1636,1842,2209,1982,1914,2126,2018,2158,1902,1851,1896,2050,1849,2250,2111,1978,1966,2083,1939,1958,1985,2048,2022,2137,2188,1863,2125,2040,1907,1956,2036,1878,1992,1914,2023,1915,2032,2072,1960,1877,2071,1846,1921,2078,1981,1824,2159,1860,1531,1956,1789,1783,1845,2021,1883,2180,1892,2116,1986,1948,1780,1981,1919,1865,1962,1931,2071,2025,1921,2045,2143,2123,1927,1890,1891,1990,2116,1799,1969,1993,1887,1950,1938,1993,2083,1860,1820,1977,2021
1898,1909,1908,1794,1842,2124,1924,1722,1735,1974,2019,1979,2015,2046,1994,1865,2026,2154,2130,1740,2107,1963,1943,1886,1966,1989,1933,2068,2095,2198,2198,1917,2040,1957,1957,1817,2157,1957,1969,1917,2012,1952,1947,2005,2172,1869,2047,1892,1903,1961,1813,1929,2099,2064,2017,1971,1906,1945,2025,1928,2008,2040,2062,1948,2104,2086,1894,2038,1907,1913,2110,2132,1992,1915,1956,2130,1876,1969,1893,2041,1867,1936,2033,2052,1984,1816,1921,1967,2126,1958,2048,1992,1978,1889,1986,1992,1839,1762,1915,1924,1778,1910,1888,2133,1917,1890,1965,1815,1743,1926,2072,1873,1817,1863,1881,2061,1702,1676,2050,2130,1937,1977,2058,2009,1932,2000,1778,1899,2067,2002,1874,1993,1912,1817,2069,2178,1831,1888,1822,1967,2208,2281,1789,1915,1938,1772,1772,1831,2178,1903,1843,2038,1914,1839,1983,1837,1970,2015,1983,1854,2078,1971,1775,1783,1970,1913,1817,1963,2110,2040,1921,1746,1960,2121,1970,1883,1837,1995,1775,1898,2099,1942,1871,2006,1967,1864,1914,2008,2089,2033,1924,1936,2207,1798,2106,1985,1868,1904,1761,1895,2029,2008,1988,1765,2066,1956,2033,2042,1951,2104,1829,1890,2096,1822,1850,1925,1902,1955,2025,1664,2094,2127,1992,1975,1797,1849,1951,1850,1817,2085,1774,1804,2007,2245,2297,1811,1843,2046,2077,1986,2017,2056,1858,1994,1835,1782,1923,1945,2063,2172,2141,1878,1674,2054,1982,2101,1843,2018,1759,2076,1851,2091,2065,1922,2019,1879,2001,1883,1707,1888,1886,1777,1868,2016,1879,1868,1777,1938,1954,2030,1938,2081,2046,2007,1883,1778,2011,1955,1872,1896,2048,1843,1904,1890,1939,1883,1997,1816,2104,2088,1957,1885,2045,2030,1868,1973,1936,1973,1865,1901,1956,1869,1905,1753,1822,2005,2015,1937,1870,1976,1797,2083,1863,2154,1997,2156,1853,1756,1812,2027,1972,1767,1999,2215,1835,2057,2024,1896,1840,1946,2033,1910,1832,2001,1876,1973,1915,1973,2013,2047,1861,1883,2023,2158,1929,1977,1884,2151,1953,1925,1873,1929,1959,2216,2118,1872,2062,1901,1848,1951,1886,2075,1890,2060,1747,2011,1988,2130,1892,1744,1712,2129,1971,1882,2031,1956,2126,2110,1987,1990,1834,1943,1924,2201,1956,1731,1919,2093,1830,1818,1898,1955,1972,1919,1811,1968,1939,1879,1989,1993,1765,1989,2032,2365,1740,2040,2034,1840,1883,1768,2064,1860,1723,1918,1838,1949,1898,1797,1990,2045,2125,2121,2036,1832,2044,1897,2096,2050,1852,1995,2003,1883,1999,1757,1973,2064,1880,1915,2089,1915,1936,1943,1978,1878,2056,2020,1955,1840,1986,1808,1937,1921,2046,1848,2052,2038,1995,1875,1920,1870,2022,1855,2092,1834,2001,1785,2000,1949,2064,2174,1904,1746,1931,1940,1949,1830,1941,2119,1981,1822,1962,1968,1939,1984,1943,2082,2009,2066,2107,2019,2067,1886,1965,1982,1927,1973,1969,2024,1997,2063,1933,1963,1926,1945,2051,2024,2034,1756,2062,2072,1958,1887,1955,1935,1781,2013,2097,1643,2028,1900,1985,2125,2321,1980,1829,1862,1900,1966,1892,1988,2109,1760,1940,2059,1965,1998,1800,2165,1889,1982,1916,2136,1914,1990,2104,1921,1994,1904,1804,1954,2003,2010,1826,1959,1797,1903,1960,1914,1942,1864,1980,1972,2047,1865,1939,1856,2108,1957,1744,1835,2052,2003,1928,1895,1870,1972,1865,2083,2184,2026,2077,2156,1841,1937,2068,1965,1942,1980,2091,1895,1989,2109,2142,2035,1966,1749,1881,1954,1907,2026,2050,2028,1841,1919,1914,1936,2127,2134,1906,1963,2077,1981,2123,2043,1876,1833,1865,1863,2017,2016,1839,1898,2084,1939,1840,2008,1976,2084,1911,1834,1949,1982,2043,1949,2034,1933,1861,1857,1943,2110,1951,2101,1840,2058,1954,2040,1885,1884,1943,2053,2068,1969,1798,2121,1899,2054,2059,1939,1938,1846,1908,2059,1872,1989,1897,1810,1724,2101,2034,2021,1891,1912,1980,2019,2148,1881,2179,1704,1881,1996,1805,1946,2014,2006,1916,1985,2020,1888,1967,1740,1899,1927,1874,1771,2106,2052,1820,2141,1904,1802,1990,2100,1974,2017,1924,2221,1883,2078,1819,1949,1970,1948,1963,1900,2019,2027,1945,2003,2028,1973,1748,1908,2003,1711,1855,1997,2044,1828,1921,1951,2198,1860,2061,2081,2031,1727,2040,2079,2005,1960,2129,1867,2145,2174,2022,1646,2070,1893,2036,2076,1915,1996,2109,1788,1993,2089,1800,1952,1933,1856,1836,1827,1808,2000,2015,1995,1923,2009,1930,2036,1924,2007,1855,2000,1734,1973,2060,1944,1811,2136,1822,1692,1934,1947,2050,2029,1970,1880,2045,1990,2061,1694,1898,1727,1923,1780,1898,1985,2196,1982,1864,2068,1760,1761,1848,1934,1937,2011,2084,1830,1888,1992,2118,1864,1914,1959,1738,1739,1937,1779,1964,1761,1928,1940,2026,1828,1970,2093,2111,2383,1831,1825,2131,2051,2010,1709,1877,1952,2024,1891,1997,2061,2104,1900,1895,1881,1911,1857,2132,2030,1976,1969,1952,1768,1885,1906,2081,1868,2068,1859,1983,1992,1830,1731,1863,1811,2119,1865,1848,1771,1976,1988,1971,2293,1997,1999,1794,1877,1912,1963,1764,1835,2017,1829,1888,2022,2083,2021,1932,2001,1925,2002,2035,1723,2022,2052,2343,1976,1991,1959,2114,1616,1884,2179,1948,1824,2037,1979,2070,1921,1950,1740,2079,1842,2193,2091,1900,1974,1930,1847,1910,2051,1989,1924,2124,2193,1848,2092,1970,1852,1890,2004,1826,1999,1810,1934,1928,2073,1910,1988,1897,2041,1803,1856,1962,1939,1825,2112,1803,1572,1966,1722,1785,1795,1949,1895,2120,1827,2080,1898,1905,1824,1994,1849,1892,1970,1860,1986,1964,1927,2013,2099,2102,1843,1818,1860,1995,1974,1747,2005,1930,1833,2018,1938,1964,1927,1835,1775,1882,1963
1981,1984,1973,1964,1948,2191,1913,1821,1860,2023,2014,1963,2104,1999,2080,2121,2096,2208,2270,1828,2245,2083,2072,2000,2044,2135,2104,2100,2152,2289,2313,1948,2057,1985,2051,1938,2287,2011,2047,1998,2097,2051,2041,2042,2338,1913,2068,1979,1968,1999,1999,1982,2114,2076,2099,2050,2049,2110,2144,2000,2124,2143,2011,2040,2149,2196,2026,2103,2053,1966,2177,2085,2135,2060,2176,2221,1890,2081,1967,2116,2059,2090,2198,2189,2074,1988,1920,2089,2172,1982,2149,2191,2091,1984,2068,2127,1905,1818,1952,2116,1821,1931,2049,2265,2115,1967,1981,2002,1770,1986,2245,2119,1919,2035,2024,2204,1867,1766,2147,2238,2086,2041,2173,2178,1975,2087,1972,2017,2094,2112,1953,1988,1979,1997,2274,2148,1944,2041,1911,2101,2265,2320,1868,2050,1869,1911,1871,2007,2300,1942,1897,2108,1981,1972,2134,1943,2080,2141,2077,2052,2259,2072,1893,1915,2065,2025,1929,1940,2330,2219,2077,1914,2064,2202,1963,1988,1966,2068,1877,2014,2127,2049,1990,2255,2132,1939,1994,2132,2166,2055,1983,2023,2313,1896,2099,2013,2043,2049,1813,1966,2135,2057,2093,2050,2203,2007,2175,2054,2051,2231,1919,1918,2096,1936,2023,2076,1989,2023,2060,1834,2254,2250,2044,2117,1900,1961,2050,1895,1889,2053,1859,1920,2123,2220,2264,1932,1941,2092,2169,2094,2038,2178,1967,2005,1912,1872,2107,1981,2188,2244,2170,1979,1728,2262,2080,2251,1946,2033,1785,2133,2041,2139,2107,2012,2197,1896,2092,1921,1830,1897,2073,1814,2015,2134,1940,2015,1945,2025,1997,2182,2007,2061,2064,2234,1934,1895,2080,2103,1974,1932,2103,1962,2007,1952,2024,2074,2063,1963,2194,2128,2198,1904,2173,2108,1961,2131,2057,2176,2020,2079,2027,1969,1957,1870,1893,2066,2066,2007,2077,2013,1860,2122,1912,2252,2100,2234,1969,1850,1936,2186,2216,1875,2084,2286,1911,2171,2167,2036,2093,2132,2083,2068,1891,1984,1918,2118,2039,2038,2110,2193,1985,1943,2152,2232,1979,2060,1850,2243,2172,2034,1889,1973,2125,2359,2137,1931,2083,2060,1987,2081,2035,2124,2011,2206,1896,2136,2044,2249,1945,1797,1827,2205,2070,1955,2124,2038,2246,2227,2120,2085,1910,1975,2068,2283,1971,1810,1934,2124,2011,2018,2011,2019,2002,2086,1920,2001,2124,2166,2188,2194,1912,2082,2147,2395,1814,2040,2114,2008,1974,1909,2193,1865,1832,1944,1902,1945,1982,1894,2071,2109,2136,2287,2156,1964,2110,1919,2091,2129,1962,2105,2017,2076,2053,1843,2029,2178,1959,1986,2045,2026,2025,1939,2100,1920,2137,2144,2053,1971,2137,2033,1962,2022,2087,1850,2172,2006,2045,1998,1991,1933,2059,1870,2176,1838,2140,1989,2047,2061,2044,2386,2021,1867,1919,1995,2065,1870,1949,2047,2149,2003,2101,2022,2086,2117,2018,2091,2036,2161,2135,2145,2154,1966,2060,2086,2001,2016,2049,2087,2128,2115,1910,2103,2087,2123,2082,2039,2153,1838,2303,2143,1986,2016,1966,2108,1893,2075,2174,1794,2086,2045,2033,2246,2364,2101,1928,1966,2047,2129,2024,2050,2149,2020,1968,2230,2087,1963,1822,2247,2091,2016,2077,2156,2152,2166,2265,2065,2000,2038,1944,2069,2140,2001,1976,2040,1923,2018,2036,2040,2028,1971,2230,2087,2095,1993,2031,1915,2199,2127,1867,1999,2073,2115,2078,2075,2037,2129,2019,2051,2209,2084,2190,2234,1970,2016,2164,2041,2043,2063,2150,1954,2190,2136,2316,2058,2010,1858,1993,2030,2072,2095,2147,2144,1953,2015,2016,2081,2203,2167,1986,2053,2189,2096,2181,2227,2037,1877,1934,1870,1998,2082,1979,1913,2143,2012,2011,2122,1959,2145,2146,1992,2082,2056,2173,1970,2151,2077,1922,2057,2118,2100,2036,2159,1868,2083,2023,2177,2092,2017,2060,2139,2214,2037,1836,2211,1970,2172,2155,2065,2052,1905,2065,2160,1961,2107,1996,1881,1785,2150,2112,2067,1935,1972,2114,2059,2200,2079,2332,1862,1899,2005,1902,2029,2146,2107,1967,2033,2021,1982,2130,1759,2110,2042,2009,1919,2169,2141,1959,2228,1958,1959,2001,2176,2072,2123,2059,2143,1986,2190,1959,1926,1983,2161,2076,2116,2106,2160,2058,2044,2162,2262,1888,2073,2202,1788,2048,2158,2055,1926,2014,2119,2299,2049,2129,2202,2038,1812,2101,2229,2090,2023,2150,1968,2203,2204,2140,1747,2241,1892,2092,2116,2028,2034,2039,2009,2093,2155,1954,2053,1994,1975,1926,1967,1893,2020,2094,2026,2099,2025,2040,2070,1958,2064,1888,2136,1761,2050,2172,2101,1914,2285,2038,1824,2071,2083,2098,2154,2015,2047,2111,2121,2049,1753,2059,1871,2030,1889,1910,2038,2225,2070,2001,2248,1927,1844,1885,1996,1968,2076,2160,2023,1999,2038,2329,1937,1938,2123,1844,1882,2107,1886,2141,1882,2057,2021,2150,1798,2072,2217,2068,2520,2125,1910,2131,2103,2186,1784,1951,2046,2055,1955,2053,2144,2287,1929,1971,2023,2083,1942,2230,2025,2005,2012,2077,1907,2004,2058,2174,2052,2172,2151,2030,2040,1950,1803,1955,1966,2198,1853,1991,1857,2097,2111,2063,2346,2030,2092,1922,1990,1964,2083,1844,1967,2081,1961,2064,2179,2099,2157,1985,2168,2018,2075,2090,1889,2164,2299,2303,2084,2078,2017,2162,1718,1910,2137,2101,1985,2188,2165,2243,1960,1947,1941,2098,1988,2336,2158,1926,2022,2067,1966,2004,2071,2032,2006,2155,2298,1947,2070,2049,1982,1897,2053,1917,2023,1830,2056,1952,2083,2078,2104,1952,2182,1913,1853,2094,2018,1939,2227,1903,1693,2112,1907,1818,1821,1897,1850,2279,2029,2079,1925,1985,1837,2052,1940,1962,2031,2021,2051,2061,2071,2114,2246,2237,2000,1874,1929,2041,2127,1892,2098,1999,1936,2028,1965,2114,2038,1921,1927,1998,2111
1938,1925,1897,2055,1991,2241,1841,1926,1928,2052,2137,2107,2213,2119,2049,1947,2182,2328,2293,1831,2252,2057,2063,1958,2104,2120,2069,2126,2196,2300,2335,1955,2111,2109,2095,1973,2308,2052,2063,2026,2160,2050,2074,2171,2362,1972,2058,1970,1972,2093,2026,2027,2154,2148,2172,2050,2141,2146,2182,2109,2078,2193,2093,2005,2163,2170,2039,2113,2034,1973,2208,2183,2151,2121,2171,2182,1942,2061,2013,2206,2028,2053,2251,2037,2001,1968,2025,2075,2216,1971,2127,2214,2085,2014,2064,2026,1943,1886,2052,2197,1967,1986,1985,2223,2148,2029,2195,2079,1796,1924,2252,2025,1886,2062,2015,2171,1881,1790,2177,2221,2171,2124,2196,2215,2020,2118,2022,2087,2191,2073,1975,2095,2047,1978,2241,2249,1917,2006,1946,2189,2355,2373,1873,1962,1986,1893,1945,2026,2333,2022,1913,2103,2041,1985,2033,1993,2112,2219,2102,2046,2261,2189,1882,2014,2146,2059,1917,2045,2170,2195,1992,1948,2172,2189,1970,2035,1944,2136,1938,2046,2132,2059,1936,2116,2062,1959,2103,2184,2226,2119,2098,1995,2337,1952,2046,2025,2033,2078,1950,2012,2201,1991,2157,1932,2215,1920,2084,2185,2125,2320,1924,1974,2116,1940,2089,2139,1951,2025,2179,1781,2257,2192,2049,2204,1937,1968,2083,1959,1938,2098,1958,1992,2181,2325,2252,1949,1971,2129,2175,2094,2009,2195,2024,2014,2006,1928,2067,2060,2166,2241,2234,1930,1730,2281,2143,2239,1957,2050,1820,2219,1960,2230,2242,2052,2269,1931,2115,1971,1855,1911,2058,1867,2041,2229,2029,2013,1934,2015,2088,2158,2030,2144,2179,2274,1977,1912,2077,2073,2013,2036,2111,2004,2074,2029,2124,2089,2115,2021,2172,2156,2205,1987,2255,1984,1975,2114,2117,2090,1969,2071,2018,1960,2069,1987,1866,2103,2100,2090,2089,2018,1939,2165,1937,2218,2120,2267,1948,1918,1939,2177,2091,1900,2035,2232,2014,2131,2215,2043,2036,1984,2081,2100,1954,2041,2067,2038,2196,2059,2123,2237,1942,2043,2159,2293,2144,2059,1937,2201,2109,2127,1943,2098,2113,2501,2215,2030,2151,2130,1970,2127,2096,2216,1951,2257,1856,2234,2171,2181,1957,1815,1847,2210,2152,1985,2120,2135,2218,2267,2093,2153,1935,2029,2087,2364,2040,1766,1998,2250,1985,2050,2095,2053,2114,2094,1966,2122,2058,2070,2137,2120,1951,2041,2194,2545,1967,2003,2108,2068,2019,1921,2202,1965,1896,2019,1946,2062,2045,1920,2145,2084,2135,2317,2184,1911,2165,1998,2175,2140,1930,2175,2101,2012,2135,1801,2086,2313,1961,2013,2105,2014,2116,2040,2145,1912,2160,2152,2097,1881,2161,2000,1973,2089,2068,1909,2161,2164,2125,2053,2099,2005,2140,1951,2172,1846,2127,2052,2114,2089,2060,2311,1951,1895,2016,2059,2117,2037,2060,2139,2189,1991,2144,2000,2041,2033,2001,2201,2150,2242,2155,2144,2236,2003,2051,2081,2015,1995,2162,2137,2226,2261,2060,1992,2121,2050,2176,2046,2106,1880,2223,2143,2155,1945,2041,2147,1800,2066,2190,1857,2025,2086,2115,2141,2292,2151,1954,1981,2032,2160,2037,2091,2225,1938,1888,2249,2126,1923,1912,2268,2006,1929,2070,2221,2135,2083,2354,2128,2033,2083,1954,2091,2216,2118,1996,2153,1966,2073,2104,2111,2057,1993,2144,2117,2163,2108,2013,2003,2240,2238,1869,2017,2100,2055,2093,2075,1896,2155,1963,2073,2309,2067,2204,2295,2088,2015,2174,2135,2140,2010,2272,2074,2112,2213,2232,2119,2063,1818,2016,2093,2101,2153,2122,2101,1948,1948,2048,2123,2197,2382,2053,2125,2200,2102,2327,2284,2040,1915,1972,1896,2072,2253,1989,1923,2160,2099,1819,1998,1986,2169,2071,2034,2054,2088,2152,1940,2093,2112,1958,1969,2180,2161,2072,2272,1960,2041,2022,2319,2186,2027,2063,2188,2165,2027,1828,2197,1955,2179,2144,2093,2115,1933,2100,2176,1951,2177,2020,1882,1858,2219,2082,2016,1907,2079,2265,2151,2308,2108,2214,1884,1995,2002,1908,2177,2088,2077,2056,2096,2091,2098,2177,1852,2114,1983,1909,1990,2200,2164,1943,2224,1918,2050,2040,2298,2197,2145,2144,2267,2040,2220,1939,2053,2107,2095,2147,2156,2136,2162,2137,2037,2166,2239,1948,2147,2206,1768,2046,2192,2060,1976,2030,2096,2270,2008,2175,2195,2033,1868,2194,2161,2098,2072,2182,1975,2297,2273,2180,1907,2242,1932,2133,2099,2047,2075,2058,1969,2136,2275,1956,2020,2005,2069,2020,1961,2002,2203,2095,2069,2142,2071,2066,2057,2014,2087,1993,2117,1811,2104,2231,2037,2058,2224,2005,1840,2187,2140,2183,2160,2182,2197,2113,2069,2123,1796,2044,1874,2007,1930,1953,2098,2341,2047,2056,2285,1979,1935,1915,1986,2013,2113,2207,2028,1924,2088,2247,1979,2063,2184,1857,1936,2162,1856,2055,1891,2113,2054,2183,1904,2034,2379,2171,2454,2040,1991,2294,2078,2117,1890,1997,2002,2059,2031,2080,2142,2369,1991,2057,1989,2175,1909,2134,2127,2008,2045,2178,1886,2044,2101,2243,2008,2145,2094,2183,2091,1965,1963,1965,1853,2177,1951,2037,1961,2110,2112,2086,2463,2031,2054,1963,2061,2076,2096,1884,1965,2121,1962,2105,2204,2269,2154,1974,2124,2066,2129,2146,1860,2121,2146,2365,2218,2174,2098,2217,1841,2024,2248,2124,2061,2205,2203,2275,1977,2056,2001,2001,2068,2309,2156,1966,2059,2051,2039,1947,2132,2046,2041,2208,2350,1931,2190,2118,1940,1970,2169,1940,2130,1962,2016,1980,2142,2106,2085,1989,2116,1875,2031,2054,1963,1896,2251,1934,1735,2070,1874,1831,1808,2056,1893,2240,2022,2179,2058,1999,1847,2100,1910,2041,1991,1954,2176,2148,2053,2039,2256,2270,2090,1962,1966,2153,2144,1982,2080,2037,1927,2031,1972,2207,2114,1947,1906,1938,2113
1852,1863,1773,1894,1886,2110,1831,1824,1793,1958,2018,1913,2066,2002,1991,1952,2089,2259,2225,1758,2114,2050,1843,1866,1950,1979,1938,1948,2065,2167,2315,1857,2032,1965,1988,1874,2091,1903,1983,1925,2089,1948,1981,2050,2272,1822,1934,1865,1837,1995,1904,1856,2026,2027,2020,2008,1977,2008,2099,1898,1966,2125,2010,1948,2050,2069,1984,1939,1900,1869,2070,2138,2053,2016,2111,2055,1825,2028,1888,2036,1886,2038,2053,2026,1953,1857,1847,1919,1942,1856,1989,2028,1872,1880,1862,1948,1838,1840,1923,2036,1768,1929,1979,2140,2053,1937,2002,1993,1793,1869,2186,1953,1797,2088,1823,2093,1828,1844,2006,2063,2041,2050,2044,2105,1970,1988,1983,2043,2045,2055,1861,1931,1998,1819,2219,2056,1853,1938,1792,1991,2317,2107,1835,1890,1825,1733,1909,2005,2133,1958,1806,2070,1874,1878,1947,1861,2000,2141,1853,2037,2182,2022,1799,1839,1965,2023,1893,1925,2068,2070,1999,1842,2071,2066,1912,1971,1935,1945,1824,1926,2042,1855,1907,2100,1974,1915,1982,2091,2036,1939,1919,1909,2102,1875,1870,1932,1969,2059,1871,1912,1993,1968,2090,1937,2138,1867,2127,2068,2013,2162,1876,1900,2020,1809,1927,2059,1904,1916,2048,1689,2116,2066,1921,1990,1787,1921,2022,1798,1837,1944,1789,1825,1948,2222,2134,1914,1860,2087,1996,2057,1874,2134,1893,1922,1876,1871,1995,1950,2017,2094,2035,1904,1641,2143,2021,2200,1836,1985,1740,1984,1894,2104,1968,1991,2096,1821,1953,1738,1788,1789,2038,1705,2099,2053,1874,1895,1840,1859,1996,2121,1915,1994,1930,2125,1899,1827,1954,1986,1922,1923,1976,1951,1887,1930,1965,1963,1950,1956,2069,2040,2064,1873,2069,1923,1861,1927,1996,2058,1922,1994,1967,1813,1922,1826,1799,1987,2059,1879,1941,1831,1852,1991,1843,2111,2001,2092,1843,1824,1894,2059,2036,1795,2010,2214,1865,2047,2037,1999,1928,1945,2034,1955,1773,1970,1952,1903,2122,1957,2013,2168,1860,1859,1995,2164,1983,2018,1833,2168,1978,2144,1883,1968,1999,2288,2172,1970,2089,1940,1939,1918,2022,2034,1893,2086,1819,2066,1966,2025,1942,1676,1834,2167,2005,1791,1981,1950,2006,2050,2040,2059,1869,1862,1973,2243,1981,1638,1839,2122,1960,2046,1931,2035,1962,1898,1825,2022,2017,1956,2028,2022,1781,2083,2097,2390,1828,1944,2025,1968,1873,1817,2083,1827,1845,1798,1900,1875,1928,1826,2037,2112,2124,2127,2127,1822,2048,1889,2096,1989,1872,1956,1987,1977,1997,1809,2032,2001,1832,1983,1977,2040,1976,1922,2080,1894,2051,1990,1967,1892,2107,1926,1855,2048,2046,1901,2045,2070,2139,1982,1869,1894,1949,1856,2066,1732,2080,1912,1927,1957,1920,2175,1879,1794,1794,1967,1986,1884,1891,1989,2083,1993,1985,1889,1917,1990,1903,2044,1989,2028,2004,1974,2003,1903,2041,1972,2023,1892,2037,1933,2156,2173,1921,1913,2094,1968,2065,1957,2045,1870,2185,2015,2057,1954,1912,2074,1787,2017,2058,1780,2043,1966,1928,2076,2294,1968,1878,2017,1970,2086,1901,1933,2038,1943,1876,2119,2004,1844,1829,2173,2034,1796,1911,2070,1981,1978,2161,1991,1918,2008,1867,1976,2093,1934,1816,1964,1827,1822,1928,1903,1918,1806,2056,1897,2085,1975,1950,1906,2103,2171,1802,1870,1985,1934,2050,1908,1840,2018,1866,1971,2135,2036,2107,2054,1886,1912,2110,1994,2024,1943,2206,1936,2060,2195,2060,1933,1936,1827,1932,1947,2032,2031,2045,2000,1957,1876,2032,1960,2106,2246,1889,1944,2006,2072,2064,2117,1869,1856,1866,1798,1941,2028,1806,1799,2063,1996,1870,2059,1860,2035,1981,1884,1994,2074,2031,1860,2020,2002,1819,1954,2097,2065,1879,2137,1912,1896,1868,2078,1997,1968,1897,2053,2031,1879,1857,2067,1863,1984,2003,1982,2010,1939,2012,2028,2017,2005,1886,1812,1832,2096,1971,1989,1843,1968,2050,2054,2084,1964,2200,1880,1788,1972,1794,2110,2048,2061,1941,2042,2041,1979,2099,1675,2010,2003,1848,1918,2043,2099,1835,2128,1850,1989,1948,2142,1945,1999,2064,2107,2009,2141,1817,1955,1919,1923,1988,1992,2063,1948,1917,1882,2079,2203,1870,2028,2073,1665,1885,2043,1990,1846,2021,2035,2142,1968,2072,2052,1850,1759,2101,2166,2070,1924,2085,1813,2157,2178,2035,1805,2033,1860,1947,1940,1930,1950,1856,1876,1978,2125,1759,1968,1861,1989,1854,1826,1845,2075,1987,1988,1991,1997,1940,1966,1904,2040,1853,2066,1713,2038,2099,1958,2022,2131,1948,1763,1969,2034,2029,2057,1989,1952,2071,1959,1987,1752,1916,1792,1798,1882,1828,1932,2159,2050,1920,2147,1854,1784,1868,2024,1852,1933,2145,1943,1867,1925,2197,1877,1927,1939,1790,1828,2092,1869,1992,1784,2000,2011,2045,1774,1895,2284,2018,2322,1978,1963,2129,2145,2093,1774,1871,1905,1954,1902,1985,1939,2235,1838,1988,1953,2022,1843,2011,1992,1985,1984,1989,1866,1932,1936,2146,2027,2031,2081,1946,1890,1832,1797,1915,1733,2078,1822,1882,1906,2031,2099,2050,2233,1951,2031,1829,1920,1963,1924,1779,1892,1985,1798,2001,2054,2144,2050,1897,2056,1964,2056,2031,1791,1924,1994,2175,2020,2079,1936,2129,1662,1873,2021,1979,1999,2014,2048,2218,1923,2017,1854,1983,1922,2208,1932,1840,1917,1957,1882,1924,2039,1912,1923,2175,2155,1875,1992,2011,1851,1866,1973,1854,2012,1830,2008,1876,2008,1966,2009,1931,2019,1788,1849,1987,1813,1845,2143,1873,1730,1947,1815,1736,1820,1836,1820,2149,1918,2097,1834,1924,1752,1905,1887,1894,1961,1881,2017,2034,2032,1908,2196,2167,1940,1768,1852,2025,2039,1786,1901,1867,1865,2021,1839,2098,1844,1936,1803,1824,2009
2060,1970,1928,1980,2040,2329,2030,2055,1951,2052,2212,2107,2274,2144,2178,2102,2246,2345,2315,2048,2334,2125,2048,2139,2136,2147,2134,2047,2211,2313,2391,1988,2213,2030,2141,1979,2277,2099,2106,2142,2190,2094,2108,2194,2438,2011,2162,2090,2012,2243,2022,2063,2219,2193,2179,2153,2295,2145,2185,2184,2164,2240,2291,2182,2261,2161,2112,2088,2007,1977,2190,2387,2233,2125,2259,2146,1889,2169,2147,2275,2025,2177,2377,2097,2067,2110,2148,2113,2170,2002,2221,2258,2118,1998,2125,2053,2057,2048,1948,2200,1898,2067,2064,2242,2154,2098,2260,2151,1859,1986,2317,2100,1954,2120,2038,2283,1924,2002,2144,2203,2287,2175,2279,2343,2138,2173,2129,2159,2110,2125,2046,2140,2197,1983,2212,2174,2077,2058,1970,2252,2447,2221,2001,2154,2034,1910,2049,2222,2276,2069,2034,2202,2081,2047,2139,1968,2233,2281,2107,2150,2297,2161,2062,2022,2254,2178,2038,2073,2184,2117,2143,2039,2217,2236,1992,2096,2148,2088,1979,2069,2200,2107,2046,2205,2121,2147,2082,2115,2281,2239,2128,2064,2348,2106,2043,2089,2208,2208,1967,2123,2299,2039,2183,1910,2200,2023,2150,2230,2297,2289,2077,2066,2162,1928,2051,2188,2034,1969,2206,1891,2289,2215,2117,2194,1976,2135,2183,2062,2030,2035,2027,1983,2289,2369,2320,2041,2019,2155,2250,2157,2060,2228,2079,2052,2110,2020,2091,2196,2172,2378,2245,1987,1850,2249,2139,2456,2007,2183,1859,2152,1969,2252,2186,2071,2357,2076,2014,1943,1954,1889,2050,2019,2221,2339,1934,2032,1859,1996,2152,2249,2123,2174,2179,2252,2053,1972,2211,2185,2045,2081,2203,2137,2095,2109,2130,2164,2164,2089,2257,2153,2288,1966,2138,2160,2021,2135,2230,2234,2021,2123,2173,2010,2057,1972,1941,2022,2291,2064,2096,2038,2001,2221,2111,2344,2193,2369,2037,1851,1983,2149,2236,1967,2177,2308,2161,2154,2194,2009,2029,2085,2176,2210,1876,2176,2042,2066,2355,2115,2090,2269,1991,2134,2171,2413,2217,2136,1944,2278,2201,2184,1957,2257,2145,2628,2355,2118,2274,2154,2079,2150,2142,2203,2151,2184,1996,2252,2162,2203,2060,1855,2026,2277,2151,1997,2140,2126,2233,2230,2111,2178,1998,2051,2132,2350,2205,1882,2065,2218,2153,2266,2114,2141,2053,2062,1981,2216,2236,2129,2233,2223,2017,2141,2308,2569,1939,2167,2141,2045,2125,1942,2245,2065,2081,2094,2010,2083,2147,1979,2173,2295,2188,2260,2167,1971,2245,2013,2288,2177,1962,2211,2117,2114,2206,2006,2129,2262,1984,2134,2248,2189,2045,2042,2178,2002,2242,2141,2121,2019,2256,2085,2047,2137,2292,1989,2225,2246,2221,2038,2045,2080,2058,2063,2296,1976,2289,2201,2155,2083,2140,2357,1967,2039,2017,2163,2046,1962,1982,2220,2303,2148,2162,2197,2181,2106,2067,2185,2247,2278,2201,2256,2173,2023,2170,2176,2185,2015,2130,2147,2285,2331,2036,2070,2290,2153,2203,2135,2276,1926,2307,2240,2246,2152,2171,2344,1974,2182,2272,1859,2177,2060,2127,2210,2388,2316,2080,2135,2030,2223,2041,2131,2271,2060,1971,2236,2110,1961,1944,2350,2211,1953,2124,2121,2187,2086,2290,2185,2125,2115,2085,2244,2302,2128,1978,2110,1879,2086,2184,2061,2113,2031,2198,2153,2301,2118,2120,2035,2307,2321,1923,2075,2175,2065,2139,2092,2052,2104,2043,2083,2384,2193,2209,2290,2124,2107,2214,2167,2257,2117,2296,2068,2161,2276,2287,2041,2117,1975,2045,1995,2221,2186,2253,2191,2038,1983,2185,2131,2299,2474,2164,2150,2119,2302,2195,2240,2126,1984,1981,2038,2246,2239,1989,1943,2221,2244,1989,2110,2096,2134,2186,2078,2146,2285,2125,2045,2169,2155,2062,2055,2221,2242,2086,2307,1978,2079,2024,2267,2104,2212,2054,2180,2177,2023,2005,2260,1958,2232,2179,2205,2183,2103,2169,2269,2209,2156,2048,1958,2015,2238,2185,2182,2029,2059,2244,2168,2267,2122,2314,2013,2007,2031,2075,2215,2165,2157,2144,2193,2129,2098,2361,1884,2286,2048,2040,2000,2197,2171,2023,2258,1982,2073,2024,2235,2195,2249,2233,2186,2239,2372,1990,2100,2123,2092,2183,2243,2216,2121,2203,2139,2167,2367,1982,2221,2349,1823,2160,2141,2195,2023,2183,2203,2292,2056,2282,2226,2018,2002,2286,2302,2178,2048,2409,1989,2261,2236,2225,1985,2293,2018,2141,2116,2072,2130,2091,1993,2146,2319,2037,2125,2171,2099,2046,2044,1965,2285,2146,2145,2232,2056,2154,2091,2160,2184,1951,2189,1809,2105,2264,2121,2098,2284,2079,1895,2146,2148,2199,2289,2101,2243,2183,2145,2080,1875,2034,2155,1977,2022,1988,2181,2282,2140,2217,2368,1963,1916,2032,2107,2057,2097,2331,2183,2021,2103,2448,2071,2156,2172,1933,1925,2345,2086,2165,2064,2134,2134,2217,1965,2013,2485,2215,2563,2047,2100,2287,2204,2155,1907,2004,2093,2222,2184,2111,2233,2282,2143,2129,2162,2244,2030,2159,2149,2151,2197,2186,1952,2057,2068,2241,2154,2312,2186,2175,2167,2075,1936,2077,1953,2233,1927,2063,2047,2221,2249,2181,2516,2100,2140,1976,2211,2204,2070,2009,2052,2118,2017,2057,2163,2262,2106,1989,2268,2144,2221,2177,2005,2074,2159,2340,2177,2177,2148,2274,1809,2016,2162,2094,2098,2293,2148,2344,2123,2190,2068,2135,2131,2388,2075,2030,2087,2141,2054,2044,2141,2070,2108,2294,2389,1996,2251,2115,1948,2040,2210,1987,2161,1992,2151,2058,2221,2070,2134,2044,2090,1868,1983,2217,1919,2031,2298,1986,1883,2131,1973,1825,1861,2046,1840,2276,2137,2137,2056,2010,1946,2026,1978,2034,2125,2082,2130,2165,2240,2037,2319,2261,2180,1953,1890,2177,2099,2023,2111,1938,1984,2203,2096,2272,1975,2084,1939,1983,2087
2031,1902,1871,1962,2014,2215,1960,1971,2013,2042,2192,2115,2079,2043,2131,1964,2197,2225,2286,1950,2243,2019,2044,2073,2113,2087,2103,2074,2133,2294,2360,2025,2201,2024,2118,1993,2235,2091,2111,1986,2121,2007,2081,2167,2396,1874,2204,2069,1917,2108,2047,1982,2194,2175,2103,2121,2117,2175,2167,2064,2091,2223,2260,2151,2110,2260,2081,2096,2042,1875,2225,2329,2172,2079,2173,2031,1955,2143,2065,2130,1958,2232,2224,2070,2049,2000,2030,2054,2211,2009,2119,2162,2025,2035,2076,2062,1972,2018,1825,2134,1823,2115,1973,2188,2109,2178,2148,2104,1874,2005,2157,2066,1955,2164,2061,2267,1917,1975,2091,2082,2172,2144,2266,2280,2068,2071,2139,2212,2072,2082,2037,2073,2209,1929,2249,2212,1970,2094,1932,2114,2288,2175,1944,2091,1951,1893,2121,2196,2185,2052,1983,2098,1939,2031,2206,1998,2178,2375,2026,2081,2322,2183,1956,1989,2230,2088,1945,2017,2159,2153,2068,2040,2167,2232,2021,2083,2105,2043,2019,2094,2038,2033,2052,2130,2059,2059,2118,2139,2194,2013,2036,2083,2311,1954,2005,2014,2073,2170,2032,2097,2206,2024,2194,1860,2132,2029,2123,2177,2190,2225,2049,2059,2131,1970,2031,2213,2081,1959,2136,1888,2237,2134,2105,2159,1936,2093,2219,1951,2071,1987,1956,1975,2229,2288,2217,1933,1941,2165,2157,2118,1895,2135,2070,2045,2029,1975,2139,2101,2170,2163,2229,1948,1799,2268,2112,2292,1969,2165,1836,2163,1970,2282,2175,2101,2374,2012,2067,1950,1885,1960,2162,1943,2204,2137,1989,2069,1895,2033,2002,2289,1933,2060,2077,2242,2032,1999,2085,2129,2036,2049,2178,2096,2050,2044,2158,2120,2097,2084,2107,2069,2188,2087,2204,2103,2034,2078,2147,2150,2085,2129,2088,1935,2014,1922,1879,2085,2264,2063,1977,1949,1927,2258,2074,2147,2154,2238,2037,1919,1945,2132,2101,1893,2008,2400,2135,2173,2161,2100,2123,2146,2120,1978,2023,2017,2093,1979,2289,2075,2102,2233,2063,2023,2008,2371,2175,2173,1905,2237,2235,2225,1984,2252,2152,2476,2273,2147,2257,2146,2046,2176,2024,2205,2091,2218,2002,2170,2120,2104,2013,1900,1983,2287,2168,1988,2016,1993,2272,2167,2179,2170,2079,1954,2116,2452,2110,1816,2028,2191,2048,2226,2137,2141,2064,2037,1986,2042,2099,2074,2244,2147,2033,2183,2178,2503,1949,2165,2191,1946,2005,1934,2183,1925,2040,2073,1964,2017,2136,1958,2171,2111,2148,2226,2113,2003,2112,1997,2231,2075,1952,2166,2076,2090,2156,2016,2159,2203,2048,2108,2112,2187,2111,2039,2156,2103,2204,2158,2216,1934,2297,2134,1994,2089,2378,1946,2201,2193,2152,2104,2005,2012,2126,1945,2238,1844,2217,2100,2154,2023,2081,2390,1902,1931,1963,2145,2058,1898,1982,2056,2212,2089,2134,2115,1953,2063,2166,2227,2159,2171,2103,2141,2166,2035,2037,2139,2065,2045,2116,1991,2299,2229,2045,2056,2235,2102,2269,2097,2206,1875,2197,2228,2094,2014,2155,2248,1929,2075,2185,1900,2011,2137,1919,2133,2290,2205,1958,2061,1971,2284,2049,2087,2181,2098,1921,2248,2104,1886,1920,2327,2163,1816,2193,2094,2100,2101,2231,2200,2081,2141,1963,2160,2282,2079,1963,2067,1931,2041,2053,2082,2035,2053,2097,2000,2210,2120,2085,2033,2212,2186,1950,1976,2077,2029,1998,2008,1997,2150,2094,2006,2214,2199,2108,2243,1999,2042,2140,2084,2182,2056,2216,2081,2224,2379,2271,1984,2109,2005,2042,2099,2147,2177,2167,2209,1948,1966,2157,1988,2222,2351,2104,2003,2117,2268,2207,2321,2040,1993,1988,1970,2225,2169,2026,1955,2249,2253,1984,2078,1997,2125,2003,2161,2050,2162,2057,1917,2167,2095,2004,1948,2265,2171,1930,2152,2030,2092,2021,2194,2067,2132,2038,2155,2161,1990,2009,2222,1976,2185,2125,2211,2160,1968,2199,2158,2188,2106,2014,1977,1943,2169,2063,2174,1964,2015,2215,2159,2260,2097,2248,1942,1930,2152,1901,2255,2099,2175,2068,2188,2136,2055,2172,1831,2230,2006,2015,2005,2135,2177,1976,2156,1928,2068,2068,2236,2059,2185,2165,2281,2076,2223,1914,2108,2072,1995,2114,2042,2182,2036,2215,2091,2228,2324,1959,2175,2293,1837,2037,2146,2000,2031,2107,2196,2248,2019,2264,2225,2012,1984,2193,2327,2249,2054,2321,1854,2282,2197,2120,1964,2269,1971,2209,2071,2040,2084,2011,2018,2186,2245,1960,1988,2050,2136,2052,1900,1978,2184,2151,2162,2229,2118,2103,2128,2161,2103,1951,2173,1866,2063,2231,2094,2132,2175,1985,1921,2114,2101,2131,2055,2162,2156,2212,2112,2012,1876,1982,1929,1954,2058,2040,2197,2289,2159,2154,2195,1931,1890,1971,1994,1971,1987,2232,2133,1933,2113,2328,2086,2091,2094,1904,1889,2239,2076,2060,2110,2088,2098,2181,1951,1980,2364,2213,2339,1949,2163,2246,2155,2231,1869,2040,2072,2052,2063,2131,2111,2239,2005,2051,2058,2180,1995,2152,2002,1962,2065,2145,1948,2121,2159,2192,2127,2230,2175,2071,2126,2043,1839,2095,1911,2180,1851,1938,2070,2101,2194,2057,2398,2042,2047,2028,2165,2273,2093,2015,2028,2160,1869,2164,2299,2353,2159,1872,2232,2116,2126,2292,1989,2022,2161,2413,2210,2258,2062,2170,1882,2047,2052,2022,2067,2285,2126,2290,2010,2101,2052,2121,2061,2292,2044,1959,2009,2084,2043,2044,2079,1981,2065,2239,2441,2041,2095,2132,1928,1941,2199,1966,2134,1994,2099,1979,2104,2146,2018,1973,2060,1873,2000,2182,1907,2021,2356,1950,1867,2037,1931,1808,1887,2043,1941,2261,2141,2265,1980,1982,1807,2031,1966,1973,2093,1969,2144,2125,2193,2027,2262,2189,2096,1883,1956,2145,2100,1938,2051,1908,1891,2128,2064,2196,1985,2011,1886,1937,2088
2223,2034,2054,2078,2101,2224,2040,2140,2090,2134,2385,2202,2139,2176,2318,2249,2411,2243,2469,2037,2261,2165,2181,2147,2178,2147,2111,2138,2225,2304,2463,2113,2353,2131,2230,2129,2313,2250,2173,2099,2294,2129,2138,2215,2563,1992,2292,2138,2088,2230,2020,2189,2306,2302,2232,2202,2249,2176,2204,2180,2168,2344,2339,2209,2316,2221,2209,2251,2034,2005,2117,2416,2304,2114,2287,2162,2043,2133,2263,2333,2081,2314,2404,2132,2169,2154,2178,2116,2208,2062,2312,2307,2133,2062,2126,2097,2140,2078,2040,2218,1834,2171,2088,2301,2140,2206,2270,2136,1972,2100,2213,2094,2012,2215,2232,2251,1997,2057,2126,2202,2314,2169,2282,2319,2210,2176,2128,2230,2177,2228,2104,2178,2328,2016,2325,2165,2164,2111,2072,2307,2475,2233,2009,2205,2114,2007,2126,2277,2265,2081,2152,2315,2139,2122,2213,2046,2410,2388,2185,2190,2340,2423,2146,2065,2359,2235,2031,2078,2271,2299,2296,2135,2207,2191,2110,2197,2119,2130,2070,2086,2218,2152,2141,2275,2203,2161,2119,2244,2331,2135,2032,2104,2397,2165,2132,2078,2278,2216,2102,2225,2241,2128,2327,1942,2161,2087,2255,2232,2322,2204,2215,2096,2245,2067,2071,2376,2053,2047,2072,1931,2322,2296,2169,2212,2028,2160,2326,2050,2211,2102,2011,2087,2276,2340,2362,2102,2109,2289,2195,2178,2040,2248,2150,2182,2147,2194,2148,2278,2175,2284,2240,2017,1945,2394,2228,2514,2075,2256,1870,2135,2040,2308,2256,2192,2431,2097,2116,2033,1960,2036,2170,2108,2278,2373,2026,2184,1969,2132,2168,2414,2192,2189,2175,2300,2088,2060,2224,2222,2096,2101,2187,2188,2149,2272,2092,2114,2204,2130,2237,2206,2309,2251,2252,2248,2178,2162,2155,2327,2085,2158,2180,2056,2108,2042,2006,2229,2370,2147,2105,2090,2060,2225,2214,2272,2281,2234,2057,1982,1982,2241,2239,1940,2223,2427,2172,2315,2319,2174,2241,2195,2293,2109,2043,2097,2147,2028,2343,2160,2145,2238,2076,2213,2148,2394,2258,2293,2033,2291,2245,2193,2015,2245,2161,2641,2489,2210,2370,2194,2152,2265,2264,2238,2087,2366,2090,2226,2200,2258,2195,1952,2025,2287,2263,2034,2114,2196,2317,2284,2226,2313,2183,2015,2247,2499,2293,1850,2122,2258,2271,2291,2250,2227,2072,2216,2018,2238,2121,2249,2302,2244,2100,2267,2321,2604,2024,2272,2353,2189,2157,2128,2234,1983,2131,2171,2072,2166,2301,2048,2177,2242,2382,2342,2267,2052,2330,2077,2296,2218,2016,2282,2203,2179,2184,2095,2178,2301,2078,2228,2158,2327,2169,2130,2138,2196,2295,2253,2242,1916,2274,2146,1990,2154,2547,2015,2352,2224,2311,2171,2138,2158,2170,2098,2314,1866,2336,2219,2240,2094,2170,2365,2066,1952,2033,2214,2093,1976,2001,2231,2414,2239,2266,2276,2132,2135,2122,2262,2283,2311,2224,2236,2312,2164,2191,2235,2176,2041,2144,2101,2412,2376,2310,2225,2314,2225,2287,2234,2263,1920,2401,2387,2161,2171,2342,2355,2074,2241,2383,1907,2207,2158,2080,2310,2409,2259,1986,2280,2127,2324,2188,2245,2257,2148,2055,2349,2165,2008,2041,2359,2289,1989,2242,2209,2255,2215,2335,2364,2171,2246,2079,2182,2306,2111,1966,2124,2093,2038,2176,2164,2055,2013,2309,2129,2279,2281,2120,2100,2321,2312,2054,2085,2144,2118,2146,2154,2148,2257,2160,2142,2347,2272,2241,2194,2171,2121,2266,2128,2267,2112,2293,2102,2369,2432,2379,2058,2207,2183,2206,2118,2274,2195,2316,2322,2048,2064,2185,2104,2354,2515,2181,2245,2235,2577,2232,2382,2116,2048,2191,2117,2206,2250,2066,2118,2433,2452,2094,2152,2023,2093,2092,2242,2167,2373,2116,2084,2187,2158,2066,2018,2425,2333,2136,2299,2185,2094,2087,2244,2208,2286,2120,2229,2343,2003,2077,2345,2027,2294,2263,2219,2234,2104,2280,2227,2276,2207,2065,1981,2028,2230,2110,2250,2097,2070,2296,2221,2421,2260,2469,2128,1978,2193,1960,2387,2233,2175,2114,2234,2375,2108,2274,1902,2330,2181,2131,2081,2178,2188,2043,2352,2068,2213,2163,2422,2283,2324,2204,2305,2171,2487,2110,2116,2226,2114,2276,2193,2299,2241,2335,2268,2388,2467,2099,2259,2450,1788,2178,2247,2159,2213,2310,2216,2430,2068,2441,2253,2183,2055,2257,2452,2302,2186,2356,1983,2400,2288,2185,2083,2392,2078,2235,2251,2117,2169,2103,2113,2342,2314,1985,2059,2152,2093,2158,2096,2095,2321,2167,2244,2248,2082,2217,2197,2260,2246,2118,2289,1911,2171,2301,2215,2269,2287,2073,1958,2184,2312,2209,2129,2273,2202,2223,2220,2067,1942,2077,2154,2076,2139,2099,2255,2380,2283,2307,2310,1940,2023,2142,2186,2096,2130,2359,2205,2109,2147,2389,2301,2177,2153,2099,2007,2353,2268,2201,2042,2322,2138,2270,2029,2059,2555,2349,2488,2027,2111,2310,2257,2273,2004,2143,2111,2224,2188,2175,2356,2420,2091,2212,2101,2166,2044,2133,2199,2138,2217,2248,1998,2223,2190,2180,2170,2417,2296,2190,2144,2074,2021,2181,2045,2183,2015,2163,2124,2180,2282,2142,2489,2196,2166,2126,2234,2354,2158,2061,2193,2192,2089,2200,2359,2439,2128,2028,2280,2211,2223,2278,2137,2195,2122,2518,2229,2379,2203,2259,1990,2066,2176,2096,2269,2378,2229,2306,2116,2174,2255,2251,2202,2379,2236,2056,2114,2171,2166,2123,2244,2020,2114,2345,2493,2031,2170,2319,2053,2127,2259,2061,2213,2061,2188,2090,2110,2148,2105,2130,2137,1981,2046,2143,1947,2159,2504,2022,1863,2138,1989,1893,2052,2007,2065,2310,2223,2274,2087,2131,1879,2108,2120,2071,2178,2042,2235,2244,2328,2130,2359,2273,2231,1924,2052,2216,2266,2057,2177,1972,2099,2281,2176,2277,2024,2179,2003,2124,2174
2186,1926,2014,2055,2134,2168,2010,2038,2058,2158,2193,2245,2111,2170,2263,2121,2428,2234,2323,1929,2270,2003,2066,2158,2190,2023,2114,2076,2219,2281,2301,2021,2266,2053,2217,2086,2355,2128,2185,2046,2153,2151,2124,2140,2486,1981,2381,2019,1970,2181,2052,2159,2203,2253,2087,2133,2280,2141,2215,2225,2099,2302,2264,2150,2218,2208,2137,2216,2126,1933,2175,2259,2197,2098,2228,2057,1977,2182,2147,2193,2105,2261,2444,2031,2116,2120,2064,1985,2200,2010,2208,2214,2138,2055,2159,2050,2100,2107,2031,2155,1832,2210,2030,2287,2147,2192,2183,2128,1890,2197,2112,2133,1899,2140,2087,2174,2089,2027,2114,2158,2255,2045,2215,2236,2198,2095,2186,2146,2070,2201,2062,2171,2324,2064,2312,2151,2139,2041,1992,2265,2420,2129,1872,2228,2129,1936,2076,2250,2142,2028,2107,2207,2003,2140,2149,1971,2319,2443,2169,2084,2352,2336,2120,2004,2315,2153,1944,2109,2257,2218,2234,2069,2205,2164,2136,2179,1992,2021,2086,2032,2164,2126,2046,2260,2159,2096,2093,2180,2298,2138,2105,2026,2365,2005,2110,2044,2211,2200,2176,2141,2214,2127,2183,2018,2236,2021,2185,2208,2259,2125,2130,2206,2309,1985,1938,2302,2045,1946,2091,1907,2172,2317,2099,2234,1977,2110,2272,2018,2163,2015,2020,2051,2168,2328,2266,2093,1969,2270,2163,2129,2030,2168,2188,2144,2135,2097,2315,2135,2177,2267,2232,1996,1814,2368,2124,2342,1985,2141,1874,2164,1944,2413,2129,2149,2380,2004,2095,1937,1878,1957,2162,1972,2249,2198,1979,2086,1979,2125,2073,2321,2079,2060,2242,2349,2106,2078,2213,2236,2082,2211,2148,2050,2075,2190,2142,2143,2131,2125,2130,2201,2275,2246,2165,2198,2178,2146,2087,2072,2134,2178,2183,1975,1994,1923,1920,2167,2235,2194,2075,2028,2001,2178,2139,2166,2189,2186,2100,2022,1895,2163,2221,1927,2193,2371,2182,2207,2182,2193,2246,2154,2275,2091,2007,2062,2174,2016,2360,2048,2125,2256,2092,2178,2012,2391,2155,2242,1967,2225,2181,2181,2014,2236,2232,2482,2350,2175,2366,2084,1996,2302,2185,2139,2055,2399,2029,2175,2076,2192,2034,1982,2057,2301,2208,2031,2139,1996,2345,2189,2202,2252,2102,2020,2154,2446,2219,1853,2089,2142,2191,2289,2165,2147,2061,2210,1975,2136,2070,2140,2190,2236,2084,2279,2172,2430,1949,2180,2299,2059,2070,1985,2160,1955,2090,2080,2054,2078,2114,1982,2075,2205,2289,2191,2215,1986,2193,2011,2140,2046,1914,2213,2250,2142,2204,2143,2152,2164,1992,2178,2103,2145,2103,2076,2050,2108,2315,2162,2221,1995,2218,2039,1952,2137,2455,2033,2254,2170,2227,2173,2099,2146,2147,2113,2270,1833,2380,2091,2194,2052,2185,2419,2055,1934,1972,2208,2066,1873,2040,2149,2287,2116,2201,2198,2042,2023,2123,2237,2235,2133,2191,2082,2263,2137,2110,2203,2111,2094,2108,2132,2459,2277,2118,2172,2292,2109,2259,2136,2336,1876,2263,2316,2179,2138,2220,2238,1996,2205,2231,1888,2174,2066,2103,2194,2360,2228,2014,2235,1949,2281,2073,2223,2154,2233,1960,2294,2093,1967,1994,2352,2330,1958,2207,2092,2162,2185,2275,2333,2056,2191,2052,2203,2348,2085,1958,1990,2062,2059,2097,2204,1973,2060,2257,2120,2217,2203,2110,2019,2199,2291,2082,2049,2206,2018,2037,2168,1978,2152,2105,2074,2351,2326,2230,2231,2148,2108,2205,2136,2248,2048,2303,2074,2289,2384,2377,2087,2129,2122,2172,2038,2137,2078,2243,2235,2049,1980,2204,2104,2271,2556,2127,2145,2167,2394,2210,2380,2203,2060,2166,2051,2180,2172,2049,2117,2327,2425,2118,2190,1996,2128,2067,2155,2114,2232,2089,2083,2221,2146,1930,2029,2268,2266,1974,2217,2101,2099,2037,2160,2144,2200,2104,2232,2229,2012,2092,2243,1994,2249,2255,2199,2170,2070,2224,2120,2358,2121,2066,1978,1983,2164,2144,2202,2093,2075,2251,2198,2375,2150,2299,2069,1944,2162,1940,2376,2204,2157,2075,2180,2288,2142,2272,1899,2219,2143,2000,1983,2050,2192,2040,2297,2011,2181,2089,2401,2106,2349,2141,2320,2091,2363,2038,2157,2094,2009,2244,2172,2225,2069,2194,2142,2310,2401,2010,2319,2363,1941,2150,2184,2073,2122,2267,2129,2351,2017,2387,2195,2076,2006,2175,2469,2251,2111,2316,1962,2339,2308,2111,2051,2311,2075,2287,2183,2110,2159,2080,2082,2201,2249,1995,2051,2101,2164,2175,2053,2097,2392,2216,2191,2303,2129,2154,2208,2208,2166,2118,2080,1861,2117,2193,2181,2060,2223,2045,1989,2226,2157,2178,2167,2223,2137,2184,2183,2016,1894,2106,2120,2001,2058,2099,2166,2233,2295,2246,2199,1892,2003,2017,2142,2041,2069,2324,2122,2034,2172,2327,2180,2164,2167,1997,1935,2310,2225,2090,2131,2174,2205,2341,1967,2013,2474,2306,2398,1983,2115,2212,2188,2243,1945,2117,2166,2162,2090,2136,2195,2256,2095,2164,2002,2143,2012,2188,2146,2139,2189,2191,1931,2225,2105,2223,2101,2307,2220,2233,2200,2139,1953,2146,2033,2119,1903,2090,2080,2150,2205,2092,2402,2222,2217,2072,2263,2331,2108,2039,2085,2182,2060,2191,2134,2500,2259,2044,2295,2175,2305,2305,2116,2212,2152,2489,2291,2325,2090,2141,1895,2075,2147,2110,2120,2327,2147,2329,2181,2122,2176,2224,2110,2462,2152,2050,2122,2196,2203,2046,2172,1908,2007,2317,2405,1976,2180,2291,2031,2016,2064,1996,2191,2017,2195,1975,2089,2056,1976,1982,2206,1942,2031,2189,1976,2084,2516,2046,1911,2079,1964,1843,1986,2058,1946,2183,2103,2312,2091,2083,1948,2089,2058,2047,2171,1976,2179,2209,2193,2058,2204,2251,2184,1952,2064,2331,2144,1996,2225,1910,2055,2146,2094,2333,1965,2074,1980,1934,2256
2256,1987,2130,2067,2219,2271,2096,2111,2225,2223,2417,2308,2223,2182,2435,2197,2453,2299,2453,2075,2316,2228,2121,2252,2275,2158,2220,2194,2252,2451,2361,2088,2398,2231,2358,2180,2366,2212,2311,2032,2341,2158,2193,2123,2608,2154,2495,2187,1987,2153,2150,2313,2290,2328,2201,2283,2370,2226,2348,2176,2234,2360,2448,2262,2321,2287,2282,2326,2174,2052,2249,2412,2283,2173,2301,2157,2115,2207,2287,2346,2227,2334,2505,2173,2154,2156,2169,2079,2261,2104,2353,2228,2166,2171,2148,2135,2148,2192,2157,2208,1940,2103,2059,2266,2327,2258,2373,2126,2001,2253,2143,2210,2118,2245,2262,2301,2125,2138,2290,2233,2399,2221,2297,2425,2343,2262,2237,2307,2276,2257,2160,2293,2432,2133,2358,2251,2197,2081,2039,2262,2542,2368,2033,2309,2207,2003,2182,2368,2246,2100,2141,2221,2160,2308,2202,1991,2435,2513,2189,2285,2423,2576,2095,2122,2491,2391,2074,2107,2381,2342,2413,2198,2221,2231,2194,2301,2278,2228,2121,2118,2227,2159,2138,2263,2189,2264,2111,2261,2399,2302,2095,2158,2447,2042,2259,2107,2318,2366,2236,2183,2376,2227,2301,1993,2329,2062,2201,2318,2391,2232,2283,2280,2340,2231,2071,2424,2172,2102,2134,2015,2217,2411,2162,2329,2102,2232,2412,2105,2169,2131,2104,2075,2276,2365,2341,2163,2149,2293,2280,2163,2100,2356,2232,2260,2258,2212,2335,2334,2254,2336,2311,1995,1991,2400,2234,2487,2088,2212,1988,2124,2071,2359,2234,2224,2466,2047,2165,1977,1927,2095,2242,2112,2334,2315,2142,2255,2130,2163,2193,2389,2151,2226,2297,2406,2115,2156,2284,2356,2281,2234,2159,2225,2183,2296,2262,2323,2230,2260,2192,2249,2343,2336,2375,2360,2164,2185,2212,2304,2231,2228,2289,2067,2109,2057,2105,2243,2361,2301,2168,2155,2031,2293,2254,2311,2282,2368,2245,2101,2102,2185,2392,2063,2244,2508,2042,2480,2411,2322,2290,2217,2292,2128,2101,2164,2189,2083,2545,2228,2187,2202,2239,2209,2116,2536,2284,2273,2129,2257,2318,2258,2153,2329,2198,2616,2551,2206,2571,2197,2134,2334,2323,2326,2139,2437,2091,2261,2234,2272,2143,2073,2184,2375,2276,2117,2179,2128,2413,2196,2261,2331,2121,2104,2272,2541,2348,2070,2121,2323,2262,2387,2268,2322,2190,2332,2055,2162,2200,2285,2242,2321,2209,2399,2264,2504,2058,2276,2344,2211,2111,2060,2252,2009,2182,2248,2152,2137,2228,2101,2103,2253,2369,2334,2282,2116,2236,2160,2320,2215,1988,2288,2416,2242,2288,2282,2269,2281,2169,2358,2208,2216,2133,2148,2260,2282,2299,2193,2323,2098,2345,2203,2130,2174,2488,2065,2375,2241,2308,2365,2117,2218,2161,2240,2381,1895,2334,2188,2256,2131,2313,2457,2139,2032,2151,2280,2148,2065,2163,2295,2415,2309,2380,2343,2085,2207,2176,2243,2401,2352,2304,2189,2401,2038,2200,2206,2147,2152,2206,2102,2551,2402,2173,2248,2454,2131,2305,2268,2387,1939,2335,2387,2194,2230,2268,2331,2087,2309,2384,2053,2254,2191,2053,2379,2376,2443,2041,2309,2188,2320,2352,2306,2234,2331,2091,2419,2159,2049,2070,2364,2350,2101,2286,2228,2286,2310,2483,2470,2190,2124,2110,2239,2352,2232,1948,2154,2131,2210,2302,2228,2122,2126,2278,2172,2289,2323,2072,2205,2287,2437,2089,2165,2270,2175,2144,2273,1993,2330,2101,2159,2478,2426,2289,2362,2221,2175,2351,2236,2332,2070,2325,2206,2332,2490,2417,2088,2255,2163,2179,2188,2273,2122,2330,2306,2173,2172,2262,2156,2388,2544,2301,2285,2217,2499,2351,2403,2290,2075,2195,2190,2296,2275,2089,2298,2410,2569,2221,2225,2072,2209,2183,2264,2179,2319,2286,2116,2266,2211,1984,2052,2320,2354,2059,2249,2101,2166,2118,2237,2290,2385,2263,2271,2377,2107,2256,2267,2100,2318,2316,2354,2340,2139,2243,2217,2408,2153,2145,2235,2072,2324,2184,2339,2246,2177,2283,2214,2550,2234,2368,2172,2124,2270,2073,2356,2278,2225,2226,2176,2415,2270,2262,2028,2216,2246,2135,2117,2214,2275,2178,2418,2017,2257,2387,2377,2146,2368,2243,2396,2209,2442,2146,2240,2176,2081,2295,2227,2371,2206,2300,2308,2373,2568,2078,2412,2473,1917,2200,2334,2278,2207,2314,2272,2470,2167,2584,2244,2311,2086,2302,2478,2223,2159,2431,2056,2431,2521,2253,2198,2504,2194,2371,2182,2177,2202,2130,2231,2336,2418,2116,2077,2186,2216,2239,2101,2130,2462,2244,2382,2305,2209,2272,2268,2272,2307,2134,2289,2030,2233,2279,2287,2296,2388,2099,1959,2287,2274,2285,2266,2316,2190,2209,2271,2212,2022,2202,2100,2025,2106,2105,2290,2384,2350,2341,2402,2077,2174,2244,2240,2208,2189,2326,2249,2070,2229,2333,2297,2174,2220,2201,2028,2307,2308,2373,2110,2275,2236,2277,2201,2222,2606,2464,2462,2206,2212,2335,2340,2314,1994,2202,2246,2281,2189,2232,2436,2431,2231,2281,2064,2212,2064,2226,2220,2256,2260,2228,1984,2333,2232,2247,2226,2401,2313,2357,2165,2149,2109,2318,2044,2167,1988,2257,2199,2218,2354,2074,2403,2213,2296,2184,2344,2421,2255,2124,2188,2286,2174,2217,2279,2456,2360,2151,2332,2195,2357,2299,2312,2324,2277,2533,2396,2477,2233,2225,2055,2231,2188,2151,2312,2272,2277,2386,2197,2173,2331,2272,2231,2472,2313,2082,2226,2283,2231,2160,2251,2121,2132,2416,2567,2131,2279,2474,2123,2190,2340,2194,2318,2196,2177,2068,2178,2231,2081,2108,2241,1916,2142,2241,2118,2182,2610,2089,2004,2187,2082,1940,2068,2106,2033,2232,2221,2414,2143,2113,2046,2096,2196,2152,2258,2083,2288,2344,2320,2127,2380,2350,2201,2111,2067,2386,2258,2254,2268,2086,2075,2237,2229,2390,2074,2110,2069,2102,2387
2343,2054,2101,2157,2118,2300,2109,2113,2197,2351,2410,2313,2127,2111,2455,2252,2518,2290,2496,2141,2368,2162,2178,2399,2325,2191,2245,2162,2322,2460,2315,2165,2389,2280,2398,2180,2292,2287,2349,2138,2320,2208,2185,2125,2634,2179,2421,2238,1994,2172,2245,2311,2348,2403,2205,2236,2418,2224,2339,2205,2242,2229,2415,2230,2325,2311,2340,2262,2198,2096,2244,2325,2270,2195,2393,2175,2103,2227,2285,2329,2190,2381,2561,2208,2129,2146,2215,2185,2268,2046,2285,2252,2206,2110,2227,2171,2327,2207,2119,2174,2040,2226,2157,2227,2316,2277,2335,2150,2122,2311,2231,2238,2179,2348,2272,2404,2166,2284,2303,2382,2343,2115,2366,2399,2471,2321,2212,2327,2145,2267,2152,2271,2503,2170,2300,2276,2200,2112,1973,2288,2544,2347,2073,2347,2164,2043,2172,2403,2276,2235,2253,2298,2206,2357,2198,2068,2493,2518,2270,2216,2465,2541,2169,2103,2493,2307,2134,2136,2412,2384,2410,2333,2300,2196,2294,2299,2311,2183,2156,2115,2356,2224,2239,2320,2324,2246,2128,2242,2415,2247,2199,2184,2428,2157,2254,2221,2364,2330,2273,2197,2354,2191,2326,2056,2425,2160,2344,2331,2325,2257,2335,2282,2227,2184,2045,2455,2178,2086,2202,2074,2262,2385,2184,2360,2057,2169,2424,2186,2156,2143,1990,2147,2371,2400,2409,2190,2128,2302,2366,2102,2196,2328,2413,2254,2298,2193,2397,2290,2259,2352,2374,2071,1978,2415,2311,2424,2154,2353,2099,2150,1971,2424,2216,2239,2453,2140,2316,1998,1940,2135,2205,2094,2349,2320,2171,2344,2148,2258,2136,2483,2161,2195,2394,2411,2164,2204,2322,2359,2308,2352,2168,2123,2192,2325,2264,2238,2272,2310,2276,2243,2484,2378,2350,2347,2211,2284,2249,2256,2224,2290,2357,2101,2141,2110,2176,2306,2356,2309,2257,2117,1946,2246,2222,2237,2340,2306,2247,2201,2106,2231,2402,2108,2304,2561,2307,2408,2405,2302,2358,2236,2415,2140,2048,2201,2208,2095,2460,2276,2136,2149,2317,2210,2021,2523,2432,2368,2168,2383,2291,2268,2120,2286,2119,2497,2472,2240,2422,2213,2133,2318,2353,2316,2057,2384,2193,2257,2281,2310,2061,2145,2240,2247,2339,2120,2205,2142,2487,2291,2310,2441,2267,2047,2378,2496,2349,2016,2145,2315,2292,2389,2202,2278,2214,2400,2128,2259,2117,2274,2267,2323,2314,2395,2261,2558,1993,2241,2375,2110,2198,2213,2371,2036,2201,2251,2120,2160,2242,2147,2126,2359,2396,2268,2332,2086,2347,2250,2339,2224,1994,2314,2402,2213,2311,2352,2244,2222,2261,2313,2185,2209,2225,2125,2218,2181,2452,2151,2332,2148,2343,2159,2023,2256,2408,2163,2395,2143,2317,2313,2161,2212,2226,2341,2379,1888,2358,2188,2262,2299,2385,2584,2143,2089,2238,2345,2182,2124,2190,2288,2419,2422,2402,2230,2146,2124,2193,2268,2332,2297,2393,2155,2407,2166,2276,2201,2209,2184,2238,2342,2588,2464,2207,2282,2329,2078,2368,2268,2386,1973,2267,2347,2190,2172,2205,2358,2147,2204,2428,2006,2303,2152,2146,2396,2482,2390,2158,2379,2175,2380,2328,2361,2205,2299,2140,2356,2161,1970,2177,2405,2443,2135,2283,2245,2373,2360,2491,2449,2142,2254,2159,2288,2251,2226,2011,2151,2223,2191,2274,2225,2205,2281,2351,2157,2367,2357,2229,2159,2371,2361,2108,2195,2244,2177,2248,2305,2227,2247,2164,2171,2425,2446,2332,2390,2208,2236,2352,2338,2354,2105,2375,2111,2339,2530,2456,2200,2209,2117,2272,2108,2266,2201,2476,2345,2182,2236,2271,2153,2393,2627,2259,2268,2256,2541,2485,2400,2360,2147,2170,2221,2248,2285,2110,2323,2480,2462,2285,2233,2145,2238,2258,2385,2201,2233,2281,2210,2359,2237,2161,2141,2294,2239,2202,2316,2199,2172,2187,2243,2210,2303,2253,2370,2368,2109,2269,2338,2065,2376,2306,2344,2354,2187,2331,2202,2426,2143,2316,2170,2196,2258,2369,2357,2285,2289,2357,2226,2623,2246,2443,2206,2220,2363,2096,2476,2284,2261,2278,2242,2410,2282,2318,2083,2290,2342,2174,2258,2262,2303,2101,2354,2146,2183,2370,2417,2278,2419,2217,2367,2216,2446,2179,2253,2225,2067,2459,2292,2404,2241,2399,2328,2325,2473,2096,2447,2451,2061,2254,2292,2133,2067,2332,2363,2502,2164,2448,2197,2409,2072,2228,2563,2301,2172,2494,2069,2505,2442,2254,2169,2460,2231,2402,2333,2260,2193,2218,2260,2367,2337,2064,2125,2213,2381,2296,2209,2255,2456,2222,2321,2328,2262,2333,2385,2371,2261,2161,2408,2114,2190,2367,2341,2238,2396,2237,2092,2345,2364,2369,2277,2260,2168,2247,2345,2119,2068,2177,2147,2137,2185,2163,2310,2294,2360,2483,2377,1956,2184,2226,2233,2150,2301,2279,2354,2142,2245,2350,2262,2312,2363,2267,2086,2294,2358,2350,2209,2390,2269,2377,2207,2192,2540,2562,2446,2277,2269,2356,2334,2308,2052,2179,2247,2172,2212,2194,2371,2438,2260,2277,2056,2260,2062,2459,2107,2261,2193,2242,2090,2320,2146,2289,2240,2346,2335,2413,2275,2289,2212,2345,2098,2254,2059,2322,2202,2275,2244,2165,2409,2437,2350,2191,2396,2536,2269,2154,2187,2282,2256,2300,2270,2475,2371,2197,2389,2228,2411,2345,2198,2315,2250,2537,2427,2432,2208,2301,2086,2234,2192,2232,2293,2317,2241,2577,2293,2240,2263,2293,2381,2540,2320,2048,2156,2266,2241,2202,2297,2194,2191,2453,2399,2087,2306,2527,2062,2258,2289,2159,2328,2171,2204,2107,2182,2188,2073,2152,2266,1980,2048,2397,2150,2243,2604,2074,2031,2235,2105,1903,2201,2132,2052,2218,2278,2479,2150,1998,2084,2275,2182,2190,2136,2099,2335,2323,2378,2227,2345,2344,2316,2173,2111,2426,2179,2206,2371,2045,2153,2414,2194,2473,2071,2172,2192,2087,2410
2224,2085,2070,2066,2184,2228,2208,2037,2142,2223,2355,2282,1986,2136,2397,2135,2543,2142,2480,2030,2264,2085,2053,2276,2451,2163,2141,2109,2233,2240,2266,2184,2331,2277,2419,2189,2311,2139,2206,2082,2314,2225,2147,2107,2468,2098,2383,2165,1980,2284,2242,2394,2300,2361,2234,2205,2403,2215,2315,2109,2134,2308,2289,2235,2280,2164,2266,2185,2149,2059,2161,2364,2235,2140,2277,2101,2097,2182,2325,2202,2125,2242,2400,2206,2034,2176,2197,2098,2314,2116,2227,2191,2196,2044,2173,2107,2206,2215,2109,2086,1970,2178,2229,2227,2202,2291,2232,2025,2001,2221,2257,2255,2102,2268,2192,2298,2186,2206,2250,2379,2245,2066,2258,2284,2386,2232,2146,2247,2218,2185,2142,2259,2460,2169,2331,2145,2176,2020,1880,2244,2385,2299,2044,2286,2135,2122,2157,2332,2112,2210,2249,2276,2108,2253,2164,2037,2327,2404,2300,2145,2394,2525,2150,2127,2406,2310,2030,2120,2381,2309,2382,2329,2261,2179,2189,2299,2248,2045,2219,2048,2273,2113,2123,2216,2313,2292,2125,2246,2425,2237,2171,2115,2470,2027,2202,2222,2269,2278,2210,2209,2352,2171,2278,2028,2282,2122,2236,2312,2254,2199,2286,2254,2196,2270,2027,2452,2217,1919,2155,1941,2120,2277,2247,2313,2073,2161,2331,2097,2140,2060,1899,2044,2169,2275,2363,2126,2084,2304,2240,2128,2107,2289,2254,2189,2209,2140,2261,2312,2221,2261,2275,2008,1984,2344,2193,2399,1998,2243,2010,2081,2049,2377,2227,2297,2362,2110,2111,1938,1864,2113,2075,2086,2302,2368,2112,2179,2181,2241,2117,2373,2215,2169,2278,2319,2054,2252,2238,2266,2250,2307,2150,2146,2134,2260,2299,2143,2253,2190,2189,2260,2247,2343,2245,2321,2083,2159,2232,2251,2226,2286,2322,2047,2144,2063,2085,2327,2212,2255,2208,2073,1986,2290,2218,2249,2376,2230,2181,2196,2044,2209,2341,2045,2292,2463,2171,2332,2348,2262,2357,2222,2271,2128,2048,2100,2098,2170,2388,2208,2118,2071,2128,2173,1931,2565,2229,2300,2057,2349,2237,2234,2094,2253,2079,2443,2478,2206,2385,2145,2075,2316,2175,2372,1983,2339,2134,2172,2281,2176,2086,2057,2150,2211,2230,2190,2168,2219,2377,2062,2327,2326,2205,2061,2306,2366,2244,2047,2141,2238,2228,2293,2197,2278,2190,2336,2128,2092,2185,2145,2160,2284,2158,2295,2209,2528,2001,2249,2431,2120,2176,2171,2316,2006,2134,2114,2054,2126,2071,2010,2057,2236,2332,2152,2342,2061,2188,2171,2294,2253,2061,2151,2309,2229,2311,2285,2303,2185,2117,2360,2166,2100,2143,2236,2045,2162,2327,2158,2264,2040,2349,2253,2070,2078,2344,2104,2272,2097,2308,2208,2161,2167,2144,2098,2241,1874,2417,2184,2150,2210,2348,2419,2157,1997,2112,2198,2175,2072,2176,2191,2330,2330,2328,2184,2042,2191,2144,2148,2380,2271,2385,2172,2339,2079,2288,2102,2291,2166,2240,2181,2591,2448,2129,2310,2304,2061,2238,2213,2321,1938,2267,2198,2139,2205,2320,2193,2037,2178,2287,1963,2179,2035,2080,2341,2362,2385,2103,2315,2071,2347,2190,2233,2085,2340,2036,2379,2124,2038,2194,2286,2360,2112,2192,2174,2318,2256,2398,2379,2184,2177,2129,2175,2239,2181,1899,2139,2175,2150,2209,2181,2068,2173,2205,2145,2318,2263,2098,2127,2353,2326,1986,2153,2293,2149,2245,2242,2066,2191,2147,2248,2330,2411,2241,2314,2147,2227,2318,2265,2300,1978,2295,2181,2261,2430,2327,2203,2174,2134,2153,2129,2257,2023,2421,2333,2180,2189,2136,2090,2316,2666,2345,2209,2127,2430,2304,2230,2294,2098,2116,2225,2193,2361,2140,2280,2413,2418,2154,2144,2066,2152,2194,2207,2239,2266,2212,2139,2343,2131,1994,2105,2335,2202,2088,2293,2094,2200,2159,2128,2187,2303,2194,2255,2265,2055,2158,2243,2026,2432,2376,2233,2373,2081,2266,2072,2320,2043,2155,2107,2132,2239,2339,2294,2128,2227,2313,2162,2564,2098,2350,2102,2295,2358,2047,2352,2228,2109,2116,2238,2423,2271,2178,2004,2239,2171,2116,2164,2087,2243,2161,2184,2039,2211,2388,2364,2193,2294,2314,2303,2221,2393,2107,2040,2098,2101,2452,2178,2360,2155,2371,2208,2278,2580,2175,2344,2445,2003,2190,2262,2140,2078,2364,2242,2406,2114,2403,2141,2224,1983,2259,2480,2127,2157,2366,2102,2500,2435,2150,2113,2435,2135,2337,2175,2190,2233,2149,2221,2307,2271,2037,2021,2194,2285,2191,2070,2111,2351,2182,2325,2266,2112,2272,2337,2285,2301,2144,2377,2075,2182,2274,2312,2151,2373,2078,1928,2322,2184,2224,2271,2185,2279,2188,2175,2143,2063,2080,2152,2064,2229,2125,2327,2232,2308,2382,2313,1959,2121,2184,2266,2134,2158,2199,2232,2120,2271,2238,2306,2219,2305,2188,2035,2299,2364,2238,2107,2253,2300,2249,2179,2203,2486,2473,2399,2204,2167,2317,2269,2329,1965,2244,2236,2216,2060,2082,2294,2363,2252,2256,2017,2160,2031,2319,2226,2239,2150,2193,1986,2318,2146,2259,2183,2312,2306,2315,2177,2172,2190,2333,2010,2218,2082,2255,2135,2183,2315,2083,2365,2283,2353,2266,2278,2464,2247,2150,2110,2193,2254,2213,2192,2393,2361,2201,2313,2195,2326,2373,2267,2267,2144,2469,2350,2350,2169,2211,2029,2229,2127,2133,2277,2327,2198,2374,2258,2102,2251,2266,2175,2477,2131,2048,2088,2231,2160,2122,2244,2168,2149,2425,2425,2011,2206,2516,2172,2236,2168,2139,2392,2141,2083,1979,2204,2163,2060,2102,2220,1918,2094,2232,2047,2096,2524,2050,1999,2236,2074,1888,2117,2071,2016,2181,2245,2396,2143,2105,1995,2147,2047,2229,2147,2084,2271,2231,2323,2184,2277,2228,2353,2065,2067,2304,2196,2168,2270,2030,2094,2292,2151,2221,2023,2051,2129,2041,2435
2389,2285,2247,2215,2287,2405,2222,2158,2252,2286,2539,2339,2074,2262,2469,2226,2563,2383,2535,2132,2476,2161,2124,2456,2380,2185,2273,2230,2347,2531,2292,2319,2361,2374,2473,2314,2419,2173,2317,2205,2424,2377,2163,2188,2632,2275,2471,2174,2125,2262,2403,2319,2465,2463,2309,2279,2465,2333,2505,2288,2303,2315,2354,2294,2356,2211,2367,2260,2343,2228,2282,2402,2349,2250,2297,2256,2220,2271,2410,2392,2237,2300,2518,2278,2104,2229,2291,2194,2350,2184,2379,2300,2255,2130,2312,2192,2236,2254,2179,2155,2007,2231,2232,2266,2250,2320,2376,2132,2226,2360,2274,2354,2115,2322,2320,2258,2211,2285,2424,2391,2375,2196,2409,2418,2397,2326,2203,2310,2329,2363,2239,2394,2591,2260,2438,2372,2337,2138,1984,2339,2502,2432,2141,2337,2211,2237,2287,2513,2342,2200,2366,2279,2413,2360,2241,2158,2472,2556,2369,2185,2437,2600,2292,2223,2386,2332,2195,2217,2419,2398,2496,2345,2330,2265,2347,2347,2362,2170,2181,2164,2327,2306,2276,2331,2286,2421,2178,2351,2503,2385,2376,2255,2442,2092,2341,2294,2363,2402,2366,2254,2440,2366,2400,2068,2454,2311,2302,2486,2422,2231,2350,2315,2262,2315,2147,2381,2199,2114,2109,2192,2224,2394,2200,2367,2085,2205,2401,2162,2174,2263,2008,2150,2242,2358,2472,2185,2229,2328,2245,2169,2262,2275,2424,2258,2335,2241,2342,2424,2304,2365,2460,2197,2057,2427,2272,2412,2120,2315,2225,2247,2096,2406,2375,2395,2472,2224,2266,2052,1894,2267,2238,2187,2395,2329,2219,2387,2238,2251,2258,2529,2222,2292,2503,2465,2093,2279,2336,2283,2465,2364,2210,2173,2285,2396,2288,2302,2356,2200,2273,2347,2325,2509,2301,2364,2261,2273,2259,2271,2442,2292,2405,2139,2271,2203,2312,2291,2294,2398,2305,2145,2066,2414,2248,2315,2464,2387,2292,2252,2087,2302,2429,2163,2376,2587,2353,2380,2355,2299,2419,2294,2348,2141,2096,2343,2309,2218,2478,2362,2204,2198,2363,2310,2059,2560,2454,2388,2221,2322,2300,2375,2255,2355,2258,2517,2483,2298,2521,2162,2148,2369,2412,2511,2116,2350,2154,2287,2427,2231,2117,2166,2165,2243,2422,2302,2329,2270,2559,2276,2393,2466,2240,2178,2457,2480,2246,2179,2192,2383,2364,2444,2282,2294,2249,2419,2167,2152,2191,2385,2108,2444,2256,2396,2297,2569,2166,2258,2352,2250,2305,2390,2528,2112,2252,2201,2169,2215,2177,2288,2007,2475,2365,2393,2414,2140,2322,2225,2383,2272,2176,2230,2425,2321,2413,2373,2441,2332,2240,2439,2271,2252,2329,2306,2214,2288,2429,2222,2400,2204,2402,2311,2138,2172,2425,2133,2436,2202,2327,2374,2258,2237,2352,2292,2270,2008,2491,2242,2296,2352,2447,2496,2144,2192,2195,2326,2346,2147,2203,2319,2402,2434,2442,2249,2151,2213,2240,2196,2449,2444,2416,2241,2438,2240,2362,2174,2424,2238,2280,2302,2615,2394,2231,2500,2434,2157,2376,2239,2336,2063,2324,2225,2279,2334,2233,2350,2369,2236,2462,2012,2389,2057,2137,2396,2416,2505,2178,2402,2177,2492,2267,2373,2219,2374,2299,2499,2195,2045,2206,2362,2383,2204,2310,2313,2466,2383,2508,2352,2314,2297,2188,2245,2318,2302,2085,2210,2270,2300,2309,2249,2212,2378,2349,2283,2448,2373,2173,2226,2387,2420,2197,2312,2354,2203,2393,2386,2268,2394,2164,2311,2410,2591,2407,2392,2358,2305,2368,2368,2335,2034,2459,2221,2391,2419,2384,2302,2260,2126,2278,2238,2313,2186,2383,2437,2290,2207,2227,2206,2396,2751,2293,2266,2202,2495,2518,2216,2343,2201,2276,2260,2364,2361,2179,2466,2474,2565,2262,2259,2167,2240,2356,2317,2239,2343,2343,2301,2386,2163,2143,2172,2339,2263,2244,2354,2217,2253,2280,2209,2240,2288,2265,2336,2409,2110,2370,2304,2187,2472,2436,2317,2343,2201,2264,2140,2464,2156,2365,2232,2120,2254,2467,2450,2278,2336,2264,2294,2808,2267,2486,2271,2415,2435,2263,2470,2215,2321,2243,2186,2453,2254,2397,2174,2344,2256,2160,2252,2193,2239,2271,2364,2149,2318,2478,2323,2378,2426,2304,2426,2371,2495,2217,2209,2218,2217,2521,2446,2401,2285,2431,2312,2328,2553,2118,2471,2504,2105,2318,2471,2218,2119,2410,2432,2480,2207,2405,2223,2310,2188,2290,2494,2360,2277,2641,2220,2516,2486,2280,2208,2489,2242,2523,2129,2301,2287,2310,2280,2475,2500,2087,2114,2281,2340,2230,2154,2238,2401,2296,2362,2413,2199,2286,2526,2340,2311,2152,2391,2201,2272,2320,2360,2273,2487,2200,2067,2293,2378,2469,2312,2331,2337,2241,2289,2304,2215,2156,2137,2155,2280,2149,2391,2366,2393,2533,2384,1945,2297,2351,2311,2154,2326,2288,2302,2098,2372,2328,2341,2322,2427,2279,2098,2229,2513,2421,2259,2284,2348,2430,2288,2224,2651,2485,2536,2330,2297,2309,2307,2364,2088,2277,2304,2295,2180,2242,2318,2449,2376,2424,2057,2284,2125,2287,2260,2351,2189,2310,2075,2442,2243,2210,2298,2402,2377,2308,2296,2210,2333,2500,2220,2348,2190,2383,2246,2322,2365,2189,2407,2275,2418,2361,2377,2515,2304,2226,2200,2317,2451,2241,2272,2500,2435,2177,2519,2336,2246,2322,2393,2329,2225,2578,2460,2477,2187,2247,2096,2304,2245,2169,2278,2360,2389,2491,2379,2187,2288,2337,2306,2531,2360,2078,2146,2369,2307,2266,2404,2178,2144,2606,2403,2129,2409,2603,2203,2359,2328,2193,2478,2170,2256,2165,2233,2205,2195,2153,2251,1970,2251,2377,2287,2254,2692,2158,2154,2338,2259,2056,2201,2239,2196,2285,2415,2472,2148,2188,2133,2319,2299,2295,2255,2143,2291,2355,2287,2252,2399,2387,2441,2191,2264,2332,2251,2292,2307,2161,2167,2492,2280,2378,2086,2258,2229,2174,2399
2267,2056,2275,2126,2247,2383,2257,2047,2211,2294,2351,2320,2003,2112,2332,2142,2547,2234,2495,2093,2438,2226,2054,2439,2406,2246,2218,2283,2237,2393,2316,2143,2311,2278,2363,2265,2328,2163,2301,2121,2332,2214,2072,2165,2470,2174,2486,2149,2031,2343,2209,2347,2357,2472,2188,2139,2504,2370,2367,2196,2206,2249,2253,2196,2283,2120,2400,2277,2261,2056,2110,2315,2295,2177,2200,2128,2183,2088,2326,2317,2107,2304,2436,2172,2139,2237,2231,2081,2304,2117,2260,2276,2299,2131,2359,2069,2101,2230,2110,2106,2010,2214,2184,2217,2187,2250,2190,2116,2231,2286,2213,2333,2181,2336,2259,2310,2265,2195,2343,2364,2267,2188,2160,2497,2370,2299,2144,2297,2313,2287,2240,2229,2572,2196,2293,2248,2267,2044,1969,2261,2359,2436,2108,2281,2206,2091,2251,2428,2317,2168,2255,2260,2362,2512,2176,2046,2461,2415,2249,2212,2439,2537,2059,2211,2299,2301,2174,2153,2340,2316,2499,2290,2335,2259,2252,2354,2299,2103,2205,2143,2344,2249,2217,2309,2227,2285,2134,2304,2434,2325,2285,2204,2440,2125,2328,2292,2261,2373,2358,2126,2464,2280,2313,2038,2302,2162,2257,2363,2445,2205,2333,2257,2251,2348,2066,2352,2173,2006,1979,2137,2148,2400,2168,2230,2005,2147,2381,2108,2186,2221,1968,2121,2224,2247,2445,2173,2074,2294,2226,2195,2222,2278,2266,2190,2299,2169,2338,2335,2157,2290,2419,2189,1986,2363,2283,2409,2099,2158,2111,2158,2031,2452,2346,2390,2528,2196,2235,2027,1917,2112,2158,2197,2275,2301,2162,2290,2093,2174,2173,2409,2290,2266,2416,2363,2021,2170,2325,2390,2291,2311,2154,2193,2282,2363,2276,2231,2328,2142,2096,2300,2322,2471,2384,2237,2201,2194,2245,2295,2307,2209,2371,2138,2216,2180,2214,2131,2240,2339,2228,2098,1925,2209,2238,2296,2395,2304,2108,2292,1975,2233,2387,2133,2302,2455,2275,2379,2352,2257,2428,2241,2290,2159,2115,2176,2114,2171,2435,2282,2215,2139,2288,2241,1960,2505,2388,2264,2130,2309,2217,2287,2248,2287,2149,2413,2464,2287,2424,2155,2058,2343,2214,2355,2121,2329,2171,2199,2356,2220,2071,2118,2122,2254,2364,2112,2243,2187,2478,2118,2341,2393,2281,2174,2394,2369,2154,2111,2153,2257,2276,2438,2274,2302,2195,2414,2149,2149,2144,2295,2215,2403,2239,2405,2204,2439,2079,2206,2402,2209,2271,2244,2439,2115,2141,2198,2064,2215,2142,2150,2031,2354,2336,2303,2301,1989,2314,2238,2318,2194,2091,2343,2356,2277,2436,2333,2362,2221,2265,2373,2224,2247,2323,2354,2067,2287,2421,2239,2254,2113,2351,2308,2139,2066,2388,2185,2280,2277,2327,2306,2284,2177,2248,2329,2226,1949,2400,2147,2111,2213,2435,2521,2105,2030,2159,2213,2250,2177,2203,2269,2262,2276,2311,2298,2133,2179,2220,2126,2483,2400,2408,2066,2402,2294,2300,2081,2448,2189,2278,2255,2519,2374,2138,2344,2324,2060,2289,2182,2252,1972,2196,2216,2176,2214,2215,2250,2250,2225,2325,2053,2322,2060,2114,2348,2342,2415,2200,2401,2135,2476,2295,2231,2182,2296,2191,2426,2122,2101,2253,2260,2377,2175,2263,2261,2427,2323,2355,2363,2232,2191,2110,2291,2223,2214,1976,2272,2219,2212,2171,2233,2159,2219,2361,2237,2402,2319,2162,2224,2357,2394,2027,2393,2270,2228,2214,2285,2215,2247,2093,2199,2358,2433,2255,2222,2217,2209,2271,2381,2253,1941,2336,2156,2260,2469,2307,2265,2146,2082,2169,2142,2183,2138,2413,2394,2162,2152,2270,2204,2385,2661,2295,2348,2152,2461,2369,2219,2262,2163,2235,2285,2293,2226,2164,2350,2418,2487,2155,2134,2085,2070,2284,2258,2208,2259,2297,2348,2350,2129,2102,2008,2200,2154,2094,2277,2128,2248,2265,2120,2199,2255,2199,2278,2293,2082,2347,2222,2163,2430,2340,2205,2335,2120,2280,2078,2430,2063,2212,2179,2163,2314,2370,2384,2261,2369,2284,2262,2739,2105,2421,2211,2257,2491,2058,2306,2227,2199,2177,2180,2365,2111,2263,2065,2353,2230,2152,2125,2063,2332,2303,2315,2127,2383,2468,2346,2190,2341,2274,2332,2305,2439,2130,2091,2188,2195,2452,2262,2346,2184,2363,2282,2271,2326,2198,2453,2470,2060,2125,2405,2214,2090,2216,2321,2356,2114,2416,2224,2320,2116,2260,2339,2259,2154,2536,2113,2476,2388,2183,2172,2380,2086,2446,2243,2276,2211,2158,2228,2388,2424,2069,2076,2284,2303,2336,2080,2181,2400,2254,2204,2377,2085,2275,2398,2371,2293,2130,2491,2309,2224,2246,2192,2241,2411,2123,2083,2395,2267,2280,2341,2206,2343,2058,2359,2266,2179,2185,2128,2109,2269,2041,2354,2323,2278,2473,2390,1952,2258,2317,2300,2120,2255,2140,2218,2064,2351,2330,2363,2293,2400,2269,2083,2208,2449,2368,2193,2164,2358,2481,2339,2224,2540,2560,2458,2325,2234,2341,2279,2388,2112,2182,2228,2207,2101,2210,2229,2341,2229,2315,2062,2187,2091,2307,2191,2330,2264,2153,2041,2394,2179,2219,2291,2377,2405,2277,2138,2221,2254,2386,2079,2298,2142,2370,2208,2191,2203,1998,2406,2211,2337,2295,2348,2397,2301,2259,2209,2282,2436,2228,2318,2342,2418,2142,2436,2217,2328,2261,2330,2278,2223,2516,2319,2375,2238,2273,2110,2248,2175,2205,2283,2342,2187,2320,2317,2160,2268,2380,2167,2464,2238,1892,2115,2307,2285,2184,2280,2114,2130,2572,2361,2095,2384,2556,2153,2322,2349,2173,2322,2143,2187,2218,2162,2154,2147,2022,2190,1972,2167,2343,2179,2181,2496,2165,2141,2270,2119,2003,2177,2226,2059,2266,2335,2475,2181,2100,2107,2270,2196,2226,2268,2130,2294,2302,2310,2215,2225,2266,2254,2065,2246,2333,2230,2223,2325,2186,2156,2434,2272,2326,2001,2197,2188,2066,2374
2424,2226,2322,2276,2313,2363,2402,2067,2278,2434,2620,2401,2126,2196,2446,2240,2585,2351,2401,2162,2544,2203,2162,2724,2462,2310,2352,2315,2407,2503,2401,2311,2406,2381,2508,2303,2576,2326,2325,2221,2451,2231,2126,2328,2531,2280,2592,2238,2176,2416,2354,2465,2435,2546,2260,2334,2585,2422,2480,2227,2330,2392,2312,2373,2423,2196,2413,2303,2326,2061,2176,2436,2307,2292,2368,2208,2350,2300,2481,2404,2211,2359,2484,2238,2109,2284,2213,2117,2391,2297,2420,2310,2345,2193,2400,2090,2206,2490,2371,2203,2069,2273,2395,2273,2226,2331,2234,2230,2233,2433,2304,2321,2287,2324,2387,2347,2407,2341,2460,2325,2351,2234,2359,2549,2520,2375,2198,2386,2426,2391,2269,2363,2570,2254,2389,2383,2311,2156,2090,2432,2562,2403,2175,2424,2265,2251,2301,2551,2334,2280,2358,2333,2412,2431,2291,2173,2462,2492,2353,2300,2559,2694,2218,2279,2474,2461,2215,2198,2379,2377,2614,2393,2375,2390,2405,2486,2387,2277,2305,2152,2432,2352,2326,2391,2292,2546,2242,2428,2562,2331,2410,2383,2545,2199,2420,2333,2381,2471,2464,2251,2515,2357,2378,2171,2406,2338,2414,2434,2352,2228,2312,2390,2186,2380,2108,2465,2290,2211,2149,2155,2183,2427,2201,2408,2206,2194,2367,2227,2294,2397,2139,2283,2381,2312,2541,2355,2138,2340,2363,2354,2322,2384,2467,2241,2359,2351,2465,2362,2366,2402,2399,2339,2092,2459,2333,2506,2207,2271,2356,2274,2085,2558,2376,2474,2500,2319,2344,2133,2010,2277,2238,2304,2312,2356,2283,2430,2260,2237,2310,2604,2343,2333,2551,2406,2113,2335,2321,2433,2437,2388,2307,2385,2342,2482,2262,2351,2432,2250,2170,2412,2338,2564,2245,2393,2253,2264,2367,2331,2368,2437,2385,2156,2239,2305,2394,2209,2301,2461,2347,2114,2094,2447,2364,2323,2549,2343,2247,2351,2028,2295,2432,2187,2365,2591,2421,2522,2376,2261,2447,2313,2429,2296,2128,2272,2327,2226,2524,2259,2347,2175,2334,2292,2124,2522,2365,2404,2212,2414,2231,2341,2311,2392,2246,2482,2547,2432,2579,2187,2177,2275,2387,2570,2102,2370,2302,2322,2434,2345,2108,2310,2273,2389,2474,2154,2404,2249,2499,2274,2439,2503,2364,2182,2532,2420,2253,2178,2316,2340,2449,2540,2328,2380,2198,2507,2261,2122,2198,2337,2262,2541,2338,2442,2312,2598,2247,2281,2461,2408,2349,2275,2452,2242,2364,2322,2144,2394,2134,2231,2115,2375,2443,2374,2520,2100,2389,2412,2429,2331,2141,2369,2476,2471,2537,2428,2433,2291,2311,2502,2315,2299,2339,2462,2120,2346,2405,2326,2448,2279,2623,2387,2338,2167,2460,2328,2473,2294,2464,2397,2346,2274,2332,2367,2309,2002,2457,2267,2262,2396,2561,2535,2184,2142,2283,2339,2332,2283,2324,2346,2201,2374,2299,2332,2202,2296,2359,2171,2507,2474,2511,2266,2426,2312,2324,2145,2465,2340,2486,2348,2607,2414,2244,2461,2476,2235,2377,2368,2393,2074,2270,2357,2369,2341,2405,2352,2331,2279,2469,2129,2367,2091,2230,2462,2409,2549,2289,2500,2153,2561,2309,2323,2282,2441,2394,2538,2159,2085,2303,2315,2416,2270,2325,2445,2561,2329,2466,2364,2273,2334,2303,2378,2303,2319,2036,2319,2376,2314,2340,2377,2171,2356,2413,2316,2421,2356,2217,2293,2417,2322,2151,2356,2286,2351,2271,2262,2422,2435,2298,2371,2560,2541,2401,2355,2346,2272,2318,2390,2434,2030,2426,2264,2324,2536,2403,2317,2297,2253,2252,2297,2278,2213,2439,2493,2311,2220,2453,2206,2602,2837,2327,2408,2251,2599,2423,2308,2426,2203,2311,2387,2467,2309,2276,2445,2357,2637,2360,2294,2177,2155,2354,2346,2286,2331,2348,2309,2437,2244,2215,2095,2285,2250,2200,2357,2284,2269,2380,2230,2344,2426,2244,2384,2422,2064,2367,2292,2313,2445,2570,2212,2377,2287,2340,2142,2482,2087,2357,2269,2207,2387,2365,2351,2293,2414,2316,2176,2757,2269,2513,2276,2379,2515,2256,2421,2287,2235,2315,2331,2456,2274,2419,2193,2461,2358,2272,2197,2185,2319,2372,2402,2237,2422,2537,2377,2387,2522,2362,2429,2414,2488,2307,2268,2325,2308,2545,2407,2553,2280,2444,2428,2254,2519,2291,2535,2478,2134,2278,2517,2220,2220,2346,2349,2393,2220,2382,2382,2343,2223,2265,2500,2329,2272,2674,2169,2689,2423,2361,2233,2468,2156,2486,2349,2351,2292,2192,2362,2423,2536,2251,2198,2306,2359,2364,2211,2304,2502,2409,2282,2405,2098,2346,2491,2393,2350,2296,2588,2362,2191,2353,2326,2350,2474,2153,2158,2482,2269,2396,2315,2166,2290,2199,2338,2312,2291,2166,2255,2089,2366,2121,2481,2409,2252,2592,2404,2004,2368,2390,2407,2248,2385,2194,2362,2116,2362,2494,2395,2357,2476,2418,2209,2289,2516,2368,2352,2242,2309,2450,2292,2244,2748,2578,2479,2483,2306,2386,2278,2384,2155,2376,2464,2312,2167,2354,2389,2454,2349,2420,2087,2281,2090,2459,2236,2377,2296,2260,2177,2537,2359,2304,2424,2468,2458,2312,2185,2330,2430,2559,2195,2328,2284,2361,2292,2248,2344,2106,2450,2276,2494,2345,2377,2534,2458,2363,2328,2401,2377,2366,2248,2422,2524,2188,2515,2294,2361,2363,2312,2424,2310,2520,2379,2414,2308,2252,2226,2322,2334,2297,2330,2415,2383,2451,2383,2240,2188,2461,2253,2562,2248,2115,2216,2368,2354,2285,2370,2248,2271,2583,2457,2259,2374,2683,2306,2409,2285,2235,2330,2302,2329,2355,2324,2239,2277,2198,2382,2103,2216,2439,2219,2258,2625,2168,2244,2355,2214,2043,2330,2246,2246,2294,2495,2561,2254,2114,2171,2388,2293,2367,2303,2199,2396,2394,2328,2324,2408,2322,2354,2217,2297,2386,2202,2356,2442,2277,2185,2474,2369,2440,2051,2294,2309,2103,2421
2487,2235,2298,2350,2262,2339,2362,2180,2290,2423,2555,2445,2073,2170,2501,2334,2564,2396,2519,2273,2579,2270,2126,2706,2533,2370,2431,2407,2432,2509,2299,2347,2455,2426,2537,2423,2512,2376,2444,2261,2542,2312,2090,2273,2481,2349,2606,2265,2105,2518,2347,2507,2324,2534,2299,2295,2544,2527,2492,2352,2291,2298,2353,2446,2455,2215,2479,2374,2348,2197,2170,2373,2378,2312,2326,2168,2255,2349,2442,2369,2238,2366,2611,2169,2170,2307,2280,2198,2382,2199,2435,2390,2423,2277,2471,2109,2232,2443,2320,2331,2091,2248,2321,2301,2164,2268,2333,2270,2205,2348,2299,2426,2327,2421,2233,2474,2399,2396,2518,2474,2412,2234,2381,2552,2480,2365,2213,2396,2399,2343,2371,2333,2526,2357,2378,2308,2331,2291,2078,2425,2511,2367,2261,2424,2249,2235,2484,2511,2336,2303,2428,2327,2401,2528,2323,2270,2502,2402,2327,2169,2546,2761,2204,2325,2511,2601,2174,2226,2464,2493,2636,2475,2338,2275,2377,2492,2528,2264,2362,2256,2481,2222,2340,2404,2386,2451,2303,2434,2531,2459,2311,2351,2580,2270,2418,2418,2417,2483,2375,2310,2585,2390,2425,2195,2424,2339,2371,2508,2478,2193,2356,2576,2213,2429,2174,2488,2284,2234,2154,2239,2281,2529,2266,2313,2389,2227,2324,2253,2317,2481,2135,2343,2267,2366,2502,2397,2199,2311,2327,2385,2340,2419,2393,2428,2463,2278,2470,2387,2312,2420,2322,2379,2154,2489,2330,2431,2247,2333,2365,2264,2112,2447,2370,2501,2514,2358,2348,2251,2064,2287,2247,2287,2435,2443,2231,2363,2258,2271,2242,2518,2413,2421,2482,2425,2046,2239,2416,2530,2481,2390,2239,2300,2339,2605,2221,2341,2323,2334,2174,2410,2346,2587,2402,2493,2262,2361,2404,2225,2399,2423,2383,2206,2271,2361,2389,2278,2294,2394,2291,2041,2019,2374,2276,2430,2494,2332,2286,2442,2160,2295,2421,2281,2377,2503,2366,2532,2466,2309,2444,2329,2419,2349,2169,2288,2290,2289,2552,2243,2329,2053,2397,2234,2129,2518,2518,2446,2140,2448,2319,2344,2423,2350,2275,2531,2562,2327,2595,2191,2211,2390,2394,2628,2201,2350,2256,2301,2426,2375,2083,2329,2252,2427,2496,2296,2299,2254,2592,2272,2467,2504,2400,2258,2642,2557,2232,2336,2245,2372,2385,2585,2348,2390,2187,2480,2326,2160,2179,2353,2343,2515,2397,2487,2485,2574,2267,2223,2513,2396,2345,2378,2516,2201,2334,2327,2227,2328,2089,2251,1995,2484,2428,2329,2545,2262,2401,2404,2478,2339,2162,2437,2472,2384,2564,2476,2520,2270,2375,2503,2284,2234,2422,2411,2205,2365,2424,2352,2319,2248,2527,2476,2354,2188,2427,2290,2458,2329,2436,2450,2414,2317,2353,2370,2332,2082,2527,2327,2399,2462,2457,2601,2224,2062,2345,2265,2340,2184,2234,2302,2312,2376,2338,2451,2317,2302,2316,2130,2506,2445,2501,2153,2492,2366,2426,2237,2549,2299,2448,2366,2637,2398,2251,2421,2530,2154,2319,2318,2417,2221,2290,2348,2393,2307,2457,2370,2403,2351,2479,2170,2370,2165,2294,2510,2557,2566,2317,2598,2244,2563,2385,2409,2359,2563,2412,2628,2164,2262,2357,2391,2417,2260,2343,2389,2608,2389,2379,2399,2353,2379,2311,2538,2333,2340,2094,2458,2492,2388,2248,2396,2258,2392,2396,2306,2407,2514,2234,2340,2385,2491,2136,2336,2408,2413,2390,2362,2337,2416,2347,2443,2375,2537,2446,2357,2310,2227,2327,2429,2420,2017,2385,2324,2402,2671,2418,2365,2312,2263,2275,2207,2382,2241,2473,2498,2255,2236,2283,2241,2606,2743,2408,2484,2208,2593,2422,2285,2285,2247,2393,2516,2539,2235,2324,2499,2359,2630,2297,2313,2214,2226,2357,2332,2336,2331,2333,2354,2499,2253,2274,2189,2373,2297,2205,2326,2359,2373,2498,2200,2420,2310,2330,2390,2415,2078,2482,2348,2306,2496,2440,2267,2369,2369,2285,2142,2426,2193,2335,2313,2252,2341,2482,2442,2388,2417,2264,2402,2850,2292,2581,2335,2446,2598,2237,2331,2319,2295,2315,2266,2443,2282,2445,2327,2523,2374,2253,2289,2215,2353,2415,2332,2243,2471,2658,2337,2333,2569,2356,2499,2435,2535,2329,2244,2369,2288,2557,2441,2515,2292,2494,2538,2263,2478,2271,2541,2470,2337,2314,2420,2276,2196,2327,2485,2515,2184,2474,2404,2409,2277,2241,2420,2333,2279,2654,2197,2642,2431,2425,2273,2420,2135,2494,2242,2458,2393,2235,2315,2495,2489,2205,2124,2276,2548,2424,2225,2373,2494,2388,2259,2422,2167,2334,2462,2310,2450,2311,2517,2397,2220,2359,2293,2399,2569,2096,2136,2413,2338,2436,2501,2261,2392,2332,2349,2469,2380,2343,2249,2188,2455,2123,2527,2358,2368,2603,2374,2106,2350,2335,2362,2292,2389,2265,2353,2189,2448,2439,2450,2386,2451,2348,2202,2363,2417,2387,2415,2249,2271,2513,2427,2204,2675,2699,2497,2486,2317,2451,2330,2379,2212,2240,2425,2422,2271,2370,2443,2485,2444,2436,2182,2332,2127,2422,2284,2431,2442,2310,2177,2424,2228,2339,2481,2567,2452,2429,2248,2321,2499,2514,2307,2281,2270,2435,2331,2419,2440,2116,2418,2278,2299,2431,2411,2471,2415,2394,2375,2382,2374,2387,2245,2317,2470,2208,2541,2315,2397,2386,2378,2404,2266,2597,2340,2395,2281,2375,2315,2360,2368,2311,2380,2340,2388,2478,2380,2339,2288,2435,2242,2658,2367,2040,2132,2327,2432,2304,2296,2388,2227,2623,2400,2258,2450,2707,2354,2489,2361,2287,2342,2301,2337,2366,2358,2235,2298,2257,2280,2124,2274,2370,2349,2228,2640,2127,2270,2356,2251,2077,2350,2348,2208,2310,2566,2540,2287,2163,2264,2479,2203,2390,2350,2235,2317,2339,2401,2299,2311,2336,2463,2243,2294,2463,2312,2192,2431,2333,2137,2479,2294,2442,2151,2267,2289,2189,2368
2186,2013,2276,2018,2074,2164,2247,1986,2182,2174,2345,2302,1853,2010,2249,2120,2316,2171,2222,1969,2293,2038,1997,2472,2309,2207,2191,2134,2142,2255,2126,2110,2219,2184,2219,2248,2244,2062,2177,2056,2304,1977,1880,2184,2203,2006,2279,2077,1926,2294,2175,2271,2259,2184,2211,2074,2321,2237,2242,2114,2092,2155,2054,2166,2225,1942,2201,2095,2116,2039,2032,2087,2173,2030,2139,1953,2109,2073,2349,2070,1968,2166,2381,1975,1955,2108,2132,1906,2148,2059,2130,2136,2192,2050,2299,1971,2175,2190,2038,2083,2050,2018,2102,2069,2003,2123,2008,2040,2033,2293,2193,2150,2146,2252,2195,2196,2192,2120,2177,2176,2176,1991,2101,2318,2184,2149,1980,2123,2189,2140,2099,2237,2273,2194,2166,2137,2057,2015,1915,2194,2211,2177,2153,2201,2111,2086,2272,2251,2071,2166,2104,2131,2202,2404,2066,2027,2340,2300,2096,2062,2311,2420,1992,2179,2245,2303,2076,1971,2118,2202,2275,2342,2109,2124,2271,2389,2236,2162,2183,2041,2297,2095,2168,2237,2145,2173,2016,2189,2333,2296,2126,2128,2325,2094,2206,2235,2296,2258,2156,2134,2374,2096,2213,1981,2214,2129,2236,2202,2220,2078,2265,2290,2053,2157,1962,2098,2108,1986,1966,2123,2087,2195,2108,2263,2096,2032,2180,2081,2112,2179,1877,2143,2083,2163,2365,2203,2051,2140,2129,2191,2120,2209,2222,2185,2239,2160,2272,2120,2095,2186,2170,2144,1956,2229,2182,2147,2013,2183,2135,1979,1846,2231,2111,2202,2190,2147,2129,2075,1871,2236,2106,2018,2120,2117,2040,2129,2117,2068,2120,2323,2248,2117,2292,2253,1968,2057,2160,2210,2280,2164,2135,2167,2180,2343,2088,2237,2216,2132,1976,2243,2225,2403,2193,2234,2140,2120,2175,2116,2183,2099,2261,2050,1978,2090,2130,2097,2033,2185,2080,1924,1896,2183,2029,2181,2202,2136,2035,2154,1874,2126,2196,2035,2186,2322,2256,2377,2227,2099,2364,2133,2228,2184,1984,2039,2099,2086,2265,2049,2083,1997,2113,2110,1890,2314,2283,2180,1951,2231,2118,2086,2120,2165,2106,2228,2311,2163,2283,1961,1963,2204,2163,2323,1800,2170,1957,2133,2256,2158,1979,2253,2095,2115,2281,2139,2147,2084,2349,2086,2160,2293,2245,2063,2384,2221,2023,2027,2062,2120,2146,2321,2054,2048,2002,2218,2065,1930,1962,2127,2153,2383,2144,2261,2086,2270,2029,1978,2200,2133,2105,2056,2239,2042,2131,2148,1986,2205,1951,2029,1847,2216,2246,2060,2225,2048,2135,2233,2200,2147,1977,2272,2289,2260,2361,2145,2222,2137,2081,2272,2069,2181,2163,2270,1996,2166,2132,2151,2164,2050,2203,2160,2231,2021,2211,2114,2240,2079,2181,2232,2122,2104,2145,2096,2020,1899,2356,2140,2126,2185,2296,2335,2102,1918,2052,2126,2183,2103,2033,2164,2045,2217,2177,2163,2065,2063,2174,1943,2173,2319,2247,2029,2228,2184,2228,2037,2220,2173,2263,2142,2330,2226,2014,2266,2239,2021,2140,2180,2157,2060,2043,2186,2180,2154,2265,2217,2183,2106,2220,1997,2085,1952,2044,2210,2237,2428,2067,2385,1920,2339,2068,2148,2085,2335,2234,2334,1968,1985,2140,2109,2286,2063,2079,2252,2323,2120,2235,2201,2203,2104,2108,2184,2205,2123,1960,2181,2213,2250,2229,2143,2037,2134,2212,2054,2223,2181,2037,2117,2260,2293,2032,2241,2061,2108,2123,2094,2192,2176,2057,2138,2130,2325,2145,2153,2138,2023,2097,2116,2227,1822,2180,2129,2091,2416,2242,2122,2055,2065,2069,2002,2029,2014,2198,2274,2066,1951,2082,2036,2306,2482,2129,2246,1984,2363,2183,2135,2105,2000,2133,2221,2278,2017,2123,2216,2192,2323,2156,2039,2042,2050,2179,2091,2004,2126,2132,2221,2300,2107,2064,1936,2051,2136,1979,2177,2091,2153,2287,1922,2229,2086,2092,2136,2209,1898,2182,2016,2074,2275,2338,2045,2067,2130,2138,1883,2274,1990,2128,2129,2080,2139,2243,2259,2133,2197,2063,2101,2477,2151,2345,2145,2185,2394,2022,2134,2112,2153,2157,2177,2174,2039,2232,2025,2232,2142,2084,2076,2023,2149,2153,2165,2061,2197,2388,2200,2121,2359,2136,2259,2205,2158,2151,1988,2102,2157,2308,2098,2218,2060,2216,2286,2070,2219,2088,2322,2231,2062,2158,2352,2022,1972,2047,2277,2280,2081,2162,2130,2213,2080,1986,2237,2139,2034,2397,2008,2488,2139,2220,2060,2281,1991,2232,2111,2099,2109,2184,2124,2185,2295,2060,2013,2021,2189,2250,1991,2115,2190,2248,2024,2204,1957,2062,2210,2148,2224,2081,2336,2193,2058,2233,2085,2177,2271,1941,2019,2168,2177,2260,2289,1996,2239,2117,2239,2159,2081,2000,2059,2088,2140,1889,2198,2174,2137,2382,2197,1986,2265,2172,2105,2068,2174,1998,2146,1970,2241,2163,2268,2223,2209,2262,2083,2140,2273,2197,2090,2110,2115,2217,2202,2035,2395,2410,2275,2240,2044,2164,2084,2187,1982,2167,2274,2203,2080,2091,2262,2178,2127,2143,1963,2197,1953,2288,2038,2168,2146,2142,1885,2247,2056,2204,2255,2321,2221,2225,2034,2047,2353,2249,2074,2071,2060,2166,2123,2289,2227,1913,2160,2016,2160,2079,2132,2254,2176,2092,2102,2206,2235,2204,2009,2175,2237,1981,2367,2113,2201,2113,2161,2132,2084,2298,2156,2184,2190,2110,2108,2182,2089,2066,2071,2226,2193,2250,2181,2000,2062,2159,2040,2412,2205,1920,2044,2105,2168,2118,2081,2120,2049,2328,2162,2144,2233,2337,2077,2212,2149,2037,2095,2109,2125,2092,2122,2102,2100,2024,2200,1953,2014,2199,2146,2011,2385,2054,2135,2161,2042,1981,2157,2092,1973,2060,2277,2287,2225,1920,2106,2267,1982,2095,2077,2083,2052,2110,2237,2170,2054,2114,2215,2081,2160,2192,2034,2076,2269,2074,1951,2290,2078,2237,1976,2107,2188,1953,2165
2510,2220,2465,2295,2314,2475,2472,2273,2324,2405,2615,2449,2084,2293,2522,2408,2545,2322,2624,2106,2527,2318,2215,2743,2503,2416,2507,2391,2436,2518,2332,2264,2414,2504,2558,2466,2512,2416,2305,2211,2481,2192,2122,2277,2472,2283,2535,2275,2179,2532,2400,2449,2437,2500,2420,2216,2543,2517,2501,2261,2253,2274,2324,2399,2401,2220,2490,2359,2412,2215,2332,2452,2379,2370,2298,2219,2442,2262,2483,2352,2250,2361,2604,2234,2227,2294,2336,2178,2316,2315,2490,2504,2373,2264,2613,2185,2282,2532,2341,2249,2278,2246,2379,2375,2181,2267,2263,2254,2219,2510,2408,2452,2334,2530,2367,2569,2410,2386,2515,2463,2555,2215,2370,2473,2476,2372,2204,2392,2363,2377,2274,2404,2554,2269,2372,2291,2304,2191,2096,2382,2510,2433,2341,2423,2374,2307,2471,2535,2317,2378,2396,2347,2495,2637,2251,2270,2548,2407,2363,2220,2566,2698,2172,2374,2501,2497,2193,2299,2387,2493,2491,2511,2387,2368,2489,2652,2444,2374,2363,2294,2446,2260,2359,2367,2380,2421,2208,2460,2694,2514,2436,2405,2631,2320,2506,2388,2553,2445,2450,2397,2618,2366,2536,2178,2372,2371,2373,2393,2504,2280,2416,2512,2292,2421,2218,2410,2311,2174,2150,2293,2241,2455,2242,2459,2313,2265,2320,2283,2303,2491,2190,2361,2286,2404,2540,2363,2238,2340,2470,2458,2400,2472,2495,2466,2478,2338,2519,2308,2314,2360,2380,2361,2141,2567,2382,2504,2308,2381,2437,2306,2042,2450,2318,2523,2494,2336,2374,2299,2136,2331,2320,2357,2348,2355,2253,2378,2423,2243,2379,2577,2489,2309,2522,2349,2097,2245,2436,2520,2632,2342,2260,2446,2327,2637,2290,2376,2402,2406,2277,2389,2408,2655,2359,2563,2339,2383,2373,2274,2425,2424,2577,2271,2198,2331,2339,2295,2364,2470,2275,2124,2103,2346,2338,2426,2638,2339,2316,2450,2082,2300,2384,2280,2481,2581,2433,2567,2382,2421,2530,2414,2505,2434,2252,2394,2364,2273,2479,2251,2417,2263,2496,2299,2162,2513,2542,2460,2167,2431,2415,2420,2350,2362,2392,2419,2618,2422,2524,2231,2264,2455,2303,2606,2119,2386,2303,2401,2500,2428,2160,2503,2351,2384,2459,2285,2380,2317,2524,2323,2411,2559,2375,2386,2592,2512,2305,2351,2271,2448,2359,2510,2360,2326,2246,2571,2471,2077,2306,2378,2293,2836,2354,2414,2363,2528,2286,2251,2588,2392,2333,2445,2520,2346,2482,2337,2296,2429,2107,2169,2052,2497,2367,2292,2567,2270,2414,2476,2454,2320,2217,2536,2509,2456,2595,2339,2514,2388,2404,2541,2249,2276,2477,2486,2331,2445,2342,2355,2470,2345,2474,2461,2539,2274,2456,2335,2544,2389,2494,2476,2497,2315,2299,2308,2200,2142,2428,2389,2396,2501,2598,2610,2219,2083,2354,2346,2396,2293,2324,2386,2312,2374,2310,2475,2260,2252,2273,2165,2504,2584,2535,2223,2533,2433,2462,2205,2518,2328,2435,2320,2591,2483,2194,2459,2528,2303,2427,2455,2398,2269,2301,2474,2412,2380,2495,2496,2488,2316,2397,2271,2198,2218,2307,2532,2501,2662,2306,2598,2249,2603,2286,2489,2291,2549,2503,2553,2130,2313,2530,2320,2512,2407,2230,2471,2723,2374,2512,2434,2454,2328,2299,2421,2406,2376,2158,2474,2483,2404,2323,2393,2320,2409,2537,2291,2444,2441,2371,2369,2572,2478,2219,2442,2325,2395,2396,2458,2335,2478,2291,2418,2421,2521,2407,2336,2408,2280,2314,2451,2396,2098,2350,2318,2281,2606,2505,2401,2370,2318,2415,2283,2309,2223,2437,2628,2336,2177,2411,2330,2607,2736,2385,2638,2233,2623,2432,2300,2353,2255,2438,2616,2459,2212,2229,2527,2440,2579,2306,2266,2294,2236,2380,2382,2304,2353,2347,2364,2549,2280,2258,2192,2286,2322,2213,2450,2444,2383,2554,2116,2491,2294,2345,2452,2487,2203,2444,2345,2326,2579,2487,2315,2302,2434,2383,2152,2481,2191,2409,2427,2323,2393,2472,2533,2464,2463,2358,2419,2775,2392,2577,2421,2392,2528,2232,2358,2305,2321,2298,2389,2389,2287,2569,2283,2564,2299,2337,2417,2236,2407,2345,2474,2320,2434,2629,2458,2413,2615,2384,2575,2377,2548,2477,2280,2245,2403,2462,2389,2614,2371,2502,2524,2250,2412,2322,2650,2462,2309,2412,2481,2281,2197,2366,2559,2426,2184,2299,2430,2427,2347,2187,2399,2339,2311,2486,2285,2731,2311,2430,2373,2472,2193,2428,2351,2398,2309,2373,2458,2454,2509,2365,2218,2399,2429,2459,2213,2332,2467,2528,2215,2539,2241,2395,2477,2402,2489,2394,2695,2473,2215,2482,2323,2435,2535,2238,2195,2411,2332,2539,2485,2158,2444,2410,2440,2430,2358,2386,2300,2290,2509,2161,2486,2394,2375,2682,2401,2265,2613,2439,2302,2239,2425,2306,2450,2283,2569,2476,2474,2476,2417,2462,2240,2419,2563,2479,2381,2335,2431,2411,2468,2247,2674,2648,2475,2451,2334,2387,2311,2420,2291,2275,2446,2499,2335,2354,2457,2410,2356,2484,2163,2527,2202,2505,2257,2425,2302,2375,2220,2534,2309,2471,2386,2565,2545,2505,2436,2453,2556,2482,2215,2339,2348,2473,2353,2384,2392,2119,2362,2261,2342,2363,2276,2576,2473,2372,2392,2424,2465,2438,2196,2466,2421,2204,2631,2320,2392,2383,2396,2438,2291,2510,2320,2442,2336,2258,2358,2479,2385,2381,2332,2448,2309,2488,2293,2302,2347,2374,2252,2606,2419,2173,2207,2389,2426,2238,2367,2493,2214,2507,2472,2409,2514,2615,2339,2446,2388,2348,2349,2429,2366,2300,2356,2244,2339,2208,2315,2255,2277,2502,2435,2219,2667,2279,2335,2403,2270,2245,2303,2368,2146,2351,2482,2477,2363,2198,2312,2604,2230,2413,2393,2348,2332,2265,2556,2305,2294,2342,2446,2349,2401,2513,2225,2277,2398,2400,2242,2538,2348,2488,2174,2366,2295,2163,2378
2419,2157,2395,2248,2250,2251,2386,2175,2198,2333,2563,2441,2026,2166,2353,2370,2528,2394,2502,2139,2431,2236,2202,2783,2432,2414,2407,2302,2323,2319,2291,2216,2496,2367,2471,2508,2456,2362,2210,2214,2421,2178,2082,2204,2365,2183,2480,2256,2046,2458,2300,2518,2398,2425,2369,2249,2445,2429,2425,2151,2167,2348,2234,2381,2454,2106,2307,2375,2336,2255,2274,2228,2455,2322,2270,2123,2273,2202,2404,2279,2152,2395,2480,2177,2183,2205,2342,2100,2309,2261,2317,2342,2349,2257,2359,2184,2368,2494,2257,2322,2221,2244,2300,2190,2107,2209,2251,2205,2273,2484,2450,2485,2381,2477,2295,2477,2507,2379,2324,2386,2445,2165,2376,2518,2363,2403,2051,2290,2291,2271,2143,2414,2405,2255,2293,2209,2312,2205,2121,2336,2395,2291,2248,2369,2308,2327,2443,2531,2204,2212,2301,2432,2467,2546,2143,2184,2504,2374,2321,2160,2504,2523,2126,2419,2458,2398,2079,2193,2348,2440,2472,2427,2268,2389,2451,2579,2469,2223,2425,2335,2329,2239,2237,2291,2330,2317,2053,2354,2540,2481,2325,2282,2534,2331,2399,2356,2436,2342,2369,2357,2458,2384,2394,2228,2363,2316,2235,2332,2448,2177,2338,2424,2190,2320,2212,2311,2253,2136,2119,2188,2292,2333,2183,2448,2233,2379,2296,2299,2235,2420,2080,2395,2207,2454,2400,2290,2180,2382,2383,2347,2306,2358,2364,2354,2419,2278,2537,2215,2280,2349,2287,2161,2049,2400,2313,2387,2235,2341,2483,2205,1967,2397,2182,2342,2482,2297,2331,2147,2009,2351,2301,2149,2297,2303,2205,2281,2368,2219,2394,2462,2358,2371,2416,2304,1983,2155,2348,2443,2571,2310,2086,2379,2405,2508,2192,2317,2408,2133,2298,2380,2388,2615,2443,2431,2387,2298,2428,2175,2441,2413,2449,2309,2137,2151,2333,2275,2283,2427,2219,2063,2081,2335,2215,2368,2478,2289,2344,2306,1959,2209,2362,2216,2346,2532,2442,2575,2331,2477,2484,2237,2386,2365,2169,2338,2441,2210,2358,2173,2320,2134,2323,2283,2086,2403,2339,2358,2137,2327,2338,2316,2414,2365,2295,2328,2492,2432,2444,2111,2084,2312,2305,2481,2059,2189,2239,2255,2457,2256,2079,2474,2306,2293,2418,2337,2408,2118,2487,2221,2402,2452,2446,2236,2577,2526,2244,2176,2251,2253,2365,2505,2316,2227,2247,2445,2306,2039,2159,2384,2331,2698,2333,2350,2304,2437,2219,2227,2508,2272,2279,2335,2333,2349,2311,2334,2260,2353,2084,2193,2035,2335,2393,2268,2474,2310,2245,2397,2350,2267,2196,2413,2468,2348,2529,2338,2396,2287,2361,2547,2342,2217,2305,2428,2162,2329,2306,2211,2363,2282,2480,2315,2384,2130,2337,2265,2505,2262,2439,2430,2460,2395,2314,2212,2136,2117,2439,2356,2352,2455,2503,2492,2226,2127,2315,2305,2416,2258,2364,2320,2247,2302,2267,2327,2359,2274,2184,2140,2424,2474,2315,2238,2497,2422,2379,2192,2424,2304,2219,2229,2522,2373,2123,2489,2358,2172,2294,2426,2377,2142,2228,2449,2341,2456,2315,2420,2362,2341,2504,2225,2074,2117,2250,2511,2429,2590,2185,2570,2186,2487,2220,2433,2272,2441,2392,2513,2084,2257,2415,2252,2420,2323,2173,2449,2506,2415,2370,2315,2374,2253,2235,2396,2299,2307,2138,2394,2378,2298,2324,2372,2298,2256,2326,2265,2321,2325,2294,2349,2467,2301,2142,2425,2258,2226,2399,2369,2311,2383,2232,2301,2327,2364,2286,2297,2378,2202,2266,2334,2373,2076,2435,2324,2193,2490,2408,2331,2255,2217,2363,2198,2266,2090,2390,2568,2281,2232,2236,2163,2431,2717,2388,2627,2240,2514,2362,2190,2242,2093,2365,2534,2477,2133,2134,2321,2421,2409,2332,2158,2157,2291,2231,2340,2280,2348,2310,2372,2506,2319,2168,2239,2182,2285,2172,2455,2391,2277,2464,2162,2411,2224,2222,2214,2400,2000,2276,2254,2308,2428,2554,2202,2253,2465,2328,2029,2343,2162,2280,2366,2268,2252,2501,2380,2350,2385,2233,2383,2556,2371,2542,2264,2304,2460,2205,2268,2272,2327,2347,2261,2355,2176,2480,2375,2373,2407,2434,2270,2226,2372,2281,2388,2215,2435,2577,2380,2278,2487,2278,2503,2408,2484,2347,2206,2208,2423,2478,2322,2458,2243,2358,2471,2301,2385,2252,2551,2301,2301,2302,2370,2146,2129,2369,2606,2355,2191,2254,2289,2335,2333,2065,2328,2348,2349,2443,2208,2617,2289,2318,2208,2421,2113,2424,2229,2230,2218,2281,2297,2459,2424,2281,2112,2311,2405,2344,2196,2213,2331,2508,2214,2402,2157,2249,2365,2343,2427,2254,2662,2382,2090,2343,2272,2318,2403,2116,2130,2361,2313,2348,2496,2137,2322,2329,2335,2311,2249,2304,2194,2185,2291,2082,2387,2298,2283,2495,2347,2121,2471,2387,2320,2248,2391,2169,2398,2089,2464,2338,2433,2347,2309,2430,2267,2393,2327,2435,2399,2317,2356,2410,2482,2251,2545,2564,2449,2469,2299,2325,2277,2390,2156,2280,2440,2444,2228,2368,2380,2276,2187,2406,2186,2502,2148,2370,2233,2200,2213,2260,2230,2398,2225,2415,2373,2506,2419,2477,2288,2340,2446,2534,2249,2174,2232,2363,2267,2343,2240,2076,2331,2155,2249,2310,2364,2398,2540,2322,2275,2344,2393,2325,2167,2396,2489,2110,2500,2251,2462,2175,2334,2336,2261,2542,2299,2335,2336,2206,2260,2389,2363,2326,2270,2386,2306,2400,2172,2261,2222,2237,2253,2584,2376,2094,2295,2349,2248,2341,2305,2449,2197,2464,2326,2315,2401,2415,2211,2466,2272,2215,2218,2335,2308,2209,2394,2182,2242,2132,2260,2183,2202,2338,2354,2226,2492,2207,2276,2201,2308,2170,2309,2229,2079,2300,2444,2502,2373,2011,2278,2474,2164,2359,2281,2187,2284,2267,2440,2266,2151,2300,2326,2282,2413,2385,2267,2302,2381,2314,2122,2430,2359,2381,2163,2328,2330,2082,2340
2532,2187,2469,2250,2307,2402,2517,2144,2251,2386,2657,2433,2108,2264,2438,2400,2603,2331,2499,2233,2569,2366,2319,2834,2575,2442,2538,2408,2484,2385,2400,2411,2467,2462,2453,2480,2542,2370,2338,2279,2435,2249,2195,2343,2347,2416,2549,2353,2248,2477,2342,2642,2485,2527,2426,2222,2469,2525,2435,2298,2307,2460,2369,2416,2504,2163,2463,2395,2392,2375,2320,2373,2483,2375,2268,2167,2452,2278,2430,2346,2245,2402,2566,2319,2286,2427,2460,2188,2387,2251,2436,2432,2338,2392,2673,2303,2409,2585,2312,2345,2372,2281,2442,2211,2173,2220,2216,2348,2296,2507,2475,2500,2451,2560,2403,2489,2646,2448,2533,2366,2505,2316,2415,2471,2403,2462,2152,2395,2415,2384,2285,2471,2463,2313,2319,2312,2354,2299,2134,2334,2570,2301,2353,2444,2479,2357,2560,2520,2252,2382,2240,2401,2609,2654,2297,2226,2610,2293,2406,2312,2540,2625,2236,2471,2544,2497,2269,2279,2379,2476,2489,2563,2406,2408,2531,2689,2456,2348,2387,2374,2360,2392,2309,2477,2394,2471,2158,2457,2692,2549,2445,2409,2542,2505,2501,2446,2634,2474,2498,2512,2577,2437,2435,2290,2461,2445,2269,2503,2493,2211,2364,2575,2347,2353,2219,2321,2304,2181,2131,2307,2350,2435,2335,2427,2452,2388,2285,2432,2264,2519,2179,2504,2246,2466,2493,2403,2277,2482,2459,2489,2437,2505,2475,2458,2460,2401,2542,2369,2367,2390,2429,2268,2148,2527,2383,2501,2314,2433,2446,2347,2115,2537,2282,2465,2620,2543,2472,2288,2117,2420,2412,2193,2367,2418,2202,2488,2498,2366,2397,2544,2515,2389,2470,2401,2101,2397,2433,2527,2714,2349,2206,2455,2359,2623,2271,2418,2542,2253,2276,2431,2548,2637,2530,2490,2375,2344,2508,2261,2430,2620,2574,2302,2270,2312,2377,2397,2290,2487,2363,2154,2135,2391,2362,2347,2594,2375,2323,2490,2201,2299,2431,2342,2447,2584,2471,2650,2462,2423,2569,2352,2461,2448,2249,2462,2491,2405,2474,2267,2378,2269,2541,2279,2179,2468,2609,2452,2306,2360,2391,2479,2453,2352,2494,2394,2592,2480,2559,2199,2204,2347,2401,2517,2041,2288,2244,2371,2433,2451,2188,2483,2371,2348,2473,2364,2449,2149,2534,2368,2409,2521,2491,2416,2729,2443,2276,2279,2333,2278,2439,2519,2420,2371,2263,2558,2387,2112,2369,2376,2284,2765,2434,2505,2409,2481,2373,2307,2623,2448,2360,2425,2483,2490,2516,2439,2335,2509,2121,2173,2156,2452,2368,2290,2593,2382,2495,2480,2478,2460,2261,2472,2436,2455,2636,2424,2535,2457,2385,2623,2327,2282,2394,2579,2276,2592,2463,2334,2528,2328,2556,2425,2475,2149,2426,2336,2553,2387,2525,2481,2592,2508,2246,2410,2194,2260,2523,2407,2405,2457,2581,2564,2267,2129,2341,2407,2463,2232,2459,2435,2355,2426,2428,2437,2444,2394,2334,2092,2456,2658,2447,2343,2564,2602,2478,2352,2484,2345,2506,2289,2556,2424,2410,2572,2560,2246,2427,2499,2449,2309,2330,2531,2551,2555,2396,2459,2391,2404,2341,2260,2246,2272,2335,2580,2536,2606,2341,2653,2338,2483,2361,2574,2338,2544,2420,2444,2235,2237,2529,2460,2484,2535,2289,2490,2644,2505,2574,2435,2484,2334,2401,2431,2362,2414,2212,2451,2545,2456,2285,2390,2427,2391,2371,2246,2349,2410,2395,2363,2541,2398,2313,2394,2236,2340,2469,2468,2275,2571,2306,2395,2421,2541,2536,2378,2415,2304,2350,2411,2432,2177,2426,2485,2251,2560,2418,2417,2415,2231,2415,2282,2281,2257,2459,2715,2349,2270,2369,2413,2459,2819,2420,2646,2240,2548,2525,2298,2354,2169,2380,2593,2627,2137,2312,2500,2417,2539,2391,2407,2256,2383,2303,2437,2339,2456,2465,2489,2514,2337,2325,2244,2346,2264,2331,2566,2444,2326,2627,2075,2513,2382,2348,2420,2504,2139,2393,2336,2357,2671,2511,2304,2295,2554,2459,2170,2453,2225,2413,2535,2405,2370,2453,2497,2431,2398,2399,2317,2719,2499,2641,2496,2376,2559,2179,2310,2391,2415,2395,2354,2392,2271,2587,2420,2449,2483,2388,2399,2254,2489,2475,2502,2371,2445,2616,2539,2402,2647,2376,2672,2410,2606,2464,2190,2288,2477,2557,2355,2564,2290,2503,2544,2253,2557,2312,2739,2426,2451,2379,2619,2287,2147,2411,2528,2337,2287,2355,2418,2462,2381,2224,2406,2328,2332,2455,2347,2701,2383,2438,2440,2435,2274,2407,2249,2364,2396,2407,2512,2478,2451,2481,2217,2348,2454,2575,2194,2326,2458,2568,2285,2468,2302,2483,2496,2504,2492,2298,2647,2492,2291,2294,2342,2509,2455,2244,2195,2413,2405,2504,2498,2207,2402,2428,2456,2499,2363,2434,2317,2349,2407,2203,2522,2432,2330,2703,2344,2240,2710,2526,2390,2350,2428,2312,2505,2216,2537,2454,2453,2423,2410,2434,2315,2501,2434,2451,2403,2369,2393,2486,2532,2397,2748,2560,2530,2486,2451,2466,2349,2374,2305,2403,2460,2497,2285,2437,2489,2322,2363,2363,2331,2416,2220,2437,2436,2417,2287,2333,2281,2537,2355,2505,2475,2607,2425,2565,2343,2382,2474,2532,2360,2284,2291,2478,2423,2395,2343,2176,2491,2237,2446,2401,2356,2497,2599,2420,2385,2456,2517,2303,2253,2462,2562,2230,2594,2348,2478,2394,2392,2414,2344,2519,2318,2398,2393,2261,2384,2449,2394,2382,2355,2468,2500,2529,2293,2377,2403,2428,2304,2605,2567,2272,2438,2303,2426,2342,2348,2551,2230,2551,2436,2324,2527,2457,2461,2508,2370,2332,2399,2527,2440,2388,2470,2322,2452,2276,2333,2272,2384,2442,2398,2278,2664,2304,2313,2449,2323,2306,2382,2312,2144,2425,2428,2514,2409,2134,2336,2551,2261,2447,2422,2384,2382,2375,2511,2427,2252,2308,2436,2402,2513,2446,2349,2396,2438,2348,2183,2519,2454,2567,2365,2397,2448,2251,2377
2481,2087,2428,2286,2313,2367,2421,2100,2233,2298,2655,2518,1985,2252,2412,2383,2504,2377,2366,2081,2462,2210,2265,2739,2375,2351,2491,2281,2395,2384,2393,2268,2428,2346,2415,2398,2474,2418,2256,2213,2353,2136,2112,2329,2357,2351,2414,2201,2179,2448,2177,2472,2346,2465,2438,2286,2462,2502,2356,2186,2280,2297,2248,2393,2406,2099,2382,2352,2409,2304,2254,2211,2483,2391,2312,2229,2359,2177,2312,2259,2183,2350,2460,2314,2309,2354,2382,2090,2254,2223,2299,2370,2248,2244,2532,2337,2341,2599,2419,2289,2287,2279,2303,2208,2089,2188,2190,2302,2357,2439,2324,2433,2435,2372,2314,2518,2461,2409,2332,2288,2398,2140,2377,2468,2382,2407,2088,2348,2188,2268,2166,2619,2450,2178,2174,2229,2221,2147,2063,2322,2457,2376,2336,2407,2405,2319,2494,2500,2233,2390,2198,2458,2605,2595,2266,2171,2520,2256,2392,2203,2561,2536,2140,2362,2490,2359,2152,2196,2375,2413,2308,2476,2260,2413,2360,2578,2372,2257,2469,2333,2364,2298,2179,2300,2322,2435,2132,2391,2573,2424,2346,2350,2486,2359,2404,2441,2519,2361,2290,2388,2474,2369,2315,2239,2375,2328,2252,2408,2387,2163,2314,2430,2249,2388,2286,2280,2214,2192,2171,2322,2296,2425,2235,2461,2393,2331,2274,2249,2239,2494,2141,2343,2245,2462,2460,2286,2172,2421,2425,2486,2374,2443,2397,2353,2450,2267,2469,2137,2408,2318,2298,2190,2050,2398,2402,2390,2325,2423,2391,2318,2055,2426,2264,2305,2463,2429,2326,2242,2122,2377,2251,2149,2314,2387,2175,2318,2436,2335,2400,2348,2442,2381,2437,2322,2028,2221,2295,2447,2476,2216,2148,2445,2430,2544,2215,2382,2457,2243,2244,2460,2454,2635,2364,2499,2299,2221,2548,2147,2364,2465,2615,2369,2232,2219,2222,2384,2226,2437,2213,2241,2097,2346,2268,2350,2417,2377,2363,2434,2096,2240,2426,2247,2435,2353,2397,2578,2346,2410,2497,2316,2398,2404,2230,2290,2470,2357,2484,2284,2232,2279,2425,2264,2166,2401,2565,2297,2131,2297,2278,2461,2421,2215,2353,2268,2466,2344,2419,2177,2232,2284,2342,2479,2064,2245,2258,2390,2389,2279,2140,2434,2202,2327,2325,2256,2448,2160,2458,2313,2437,2538,2397,2323,2679,2388,2140,2252,2258,2225,2420,2525,2362,2280,2249,2516,2289,2005,2300,2272,2297,2597,2348,2444,2253,2376,2316,2253,2478,2330,2298,2355,2462,2371,2300,2231,2354,2426,2002,2122,2036,2379,2354,2252,2387,2271,2428,2445,2410,2278,2170,2445,2375,2325,2586,2356,2364,2379,2298,2454,2328,2229,2258,2482,2207,2544,2332,2221,2373,2320,2447,2341,2442,2141,2360,2286,2501,2225,2445,2408,2489,2386,2244,2331,2165,2153,2509,2335,2393,2350,2459,2461,2309,2096,2352,2245,2482,2328,2286,2284,2263,2280,2348,2478,2339,2308,2257,2143,2361,2554,2439,2377,2523,2433,2383,2224,2498,2413,2263,2232,2515,2399,2284,2430,2340,2201,2370,2402,2364,2263,2305,2448,2312,2518,2450,2392,2378,2295,2347,2188,2086,2197,2335,2411,2439,2528,2283,2557,2341,2385,2300,2624,2323,2465,2347,2379,2170,2251,2537,2246,2432,2372,2220,2493,2494,2437,2517,2328,2402,2208,2325,2471,2207,2341,2166,2319,2518,2448,2232,2346,2360,2398,2368,2278,2291,2327,2310,2196,2497,2355,2277,2391,2264,2330,2268,2375,2324,2490,2288,2383,2329,2613,2342,2319,2463,2239,2204,2310,2396,2094,2258,2404,2263,2414,2332,2383,2314,2278,2380,2245,2173,2181,2352,2600,2247,2246,2328,2320,2463,2713,2384,2563,2128,2483,2380,2416,2206,2183,2346,2625,2463,2129,2198,2478,2312,2378,2313,2342,2124,2398,2247,2299,2293,2301,2399,2482,2358,2300,2270,2210,2214,2288,2258,2569,2405,2283,2529,2153,2411,2270,2294,2297,2325,2043,2367,2229,2280,2610,2493,2131,2213,2507,2361,2078,2294,2076,2346,2366,2339,2299,2465,2430,2314,2373,2244,2302,2664,2516,2550,2329,2289,2477,2165,2260,2262,2307,2330,2299,2284,2151,2450,2397,2344,2459,2420,2293,2224,2318,2346,2399,2321,2345,2603,2406,2338,2448,2341,2527,2418,2472,2426,2218,2261,2490,2408,2317,2523,2313,2416,2535,2177,2397,2195,2592,2297,2334,2382,2452,2145,2085,2272,2522,2297,2204,2248,2297,2458,2202,2200,2295,2264,2299,2285,2220,2567,2306,2284,2260,2493,2225,2394,2172,2233,2162,2341,2360,2493,2395,2314,2115,2299,2391,2446,2219,2370,2329,2480,2080,2356,2179,2254,2430,2406,2444,2238,2514,2384,2191,2271,2243,2398,2331,2230,2128,2421,2295,2372,2577,2129,2306,2388,2332,2478,2270,2328,2234,2248,2384,2078,2516,2366,2227,2606,2277,2134,2545,2470,2437,2248,2334,2300,2448,2234,2512,2367,2373,2317,2346,2384,2221,2426,2362,2427,2368,2345,2373,2401,2409,2234,2736,2625,2463,2534,2454,2407,2235,2321,2257,2328,2518,2320,2254,2380,2459,2373,2238,2310,2289,2351,2196,2312,2342,2224,2264,2213,2272,2462,2365,2628,2397,2561,2352,2483,2364,2321,2409,2559,2365,2243,2317,2355,2228,2393,2259,2077,2341,2161,2347,2427,2364,2360,2523,2314,2383,2418,2367,2321,2156,2496,2452,2100,2535,2220,2491,2348,2277,2329,2175,2451,2278,2364,2332,2211,2272,2403,2285,2434,2422,2347,2413,2410,2252,2310,2298,2385,2246,2527,2387,2305,2237,2232,2279,2279,2156,2512,2224,2521,2411,2350,2387,2468,2388,2427,2263,2266,2270,2431,2270,2363,2377,2138,2403,2265,2243,2173,2205,2481,2321,2205,2499,2137,2328,2297,2299,2200,2361,2178,2176,2319,2406,2386,2248,2133,2230,2437,2200,2415,2474,2261,2389,2293,2433,2320,2226,2239,2347,2299,2351,2449,2255,2334,2372,2297,2202,2405,2375,2407,2348,2317,2324,2167,2319
2551,2240,2383,2269,2476,2361,2610,2125,2306,2366,2805,2571,2092,2123,2454,2468,2703,2362,2521,2233,2544,2364,2380,2824,2463,2408,2554,2398,2445,2384,2433,2321,2482,2410,2418,2479,2496,2421,2428,2280,2430,2282,2348,2388,2384,2425,2463,2397,2246,2543,2244,2530,2392,2572,2525,2385,2497,2640,2514,2264,2268,2362,2434,2549,2584,2226,2512,2294,2379,2401,2285,2227,2528,2440,2294,2190,2554,2310,2403,2353,2301,2359,2647,2416,2360,2478,2498,2286,2368,2315,2416,2456,2304,2308,2617,2437,2516,2642,2431,2392,2342,2465,2511,2314,2163,2256,2312,2342,2440,2514,2403,2563,2604,2440,2370,2430,2729,2426,2465,2266,2543,2419,2472,2501,2429,2533,2145,2352,2311,2408,2309,2593,2480,2271,2201,2318,2286,2297,2074,2420,2605,2383,2386,2463,2450,2551,2586,2649,2345,2505,2262,2441,2611,2762,2349,2304,2596,2388,2511,2390,2485,2607,2378,2516,2537,2470,2316,2302,2463,2516,2416,2428,2444,2477,2419,2727,2442,2381,2443,2381,2404,2235,2299,2373,2386,2531,2256,2454,2632,2577,2436,2371,2524,2502,2490,2430,2643,2400,2434,2473,2574,2444,2488,2321,2533,2310,2285,2431,2472,2178,2429,2538,2371,2371,2372,2344,2323,2181,2256,2340,2325,2400,2337,2514,2515,2415,2342,2431,2294,2603,2181,2387,2320,2547,2455,2458,2284,2472,2555,2500,2442,2492,2497,2428,2527,2414,2518,2294,2476,2456,2472,2405,2281,2529,2453,2420,2269,2476,2504,2442,2203,2537,2375,2428,2432,2523,2306,2288,2119,2481,2404,2192,2375,2520,2196,2483,2579,2373,2501,2545,2520,2429,2499,2522,2231,2456,2326,2611,2612,2305,2179,2606,2506,2571,2143,2397,2617,2174,2338,2545,2639,2703,2485,2544,2423,2274,2535,2269,2472,2549,2668,2445,2273,2332,2367,2537,2317,2376,2398,2262,2171,2401,2336,2339,2578,2428,2534,2596,2111,2356,2564,2318,2544,2488,2480,2538,2434,2577,2656,2337,2407,2476,2345,2444,2513,2494,2624,2395,2368,2290,2696,2376,2189,2444,2627,2322,2293,2401,2253,2463,2514,2380,2564,2412,2564,2397,2495,2299,2246,2481,2438,2520,2086,2319,2393,2454,2532,2467,2172,2572,2431,2326,2429,2456,2464,2328,2550,2439,2503,2542,2467,2529,2781,2453,2236,2391,2407,2264,2439,2560,2408,2279,2274,2594,2438,2025,2524,2411,2401,2684,2366,2516,2332,2480,2511,2373,2441,2471,2335,2491,2481,2568,2539,2433,2480,2551,2139,2284,2184,2529,2423,2354,2508,2489,2531,2446,2547,2407,2324,2550,2398,2496,2611,2347,2434,2416,2407,2632,2381,2369,2399,2539,2299,2611,2525,2321,2416,2330,2702,2484,2361,2273,2326,2295,2570,2396,2431,2649,2519,2632,2352,2337,2301,2297,2465,2385,2469,2477,2503,2466,2381,2145,2396,2491,2471,2431,2458,2393,2406,2426,2426,2481,2409,2421,2346,2138,2359,2739,2505,2488,2529,2591,2513,2281,2416,2408,2517,2424,2538,2456,2323,2559,2540,2258,2371,2643,2437,2418,2399,2487,2489,2572,2436,2538,2380,2310,2479,2329,2345,2265,2352,2548,2550,2510,2463,2653,2328,2428,2388,2663,2455,2553,2412,2421,2291,2326,2583,2262,2421,2604,2268,2563,2705,2570,2485,2312,2532,2350,2431,2507,2358,2321,2362,2452,2724,2483,2329,2482,2571,2406,2436,2305,2355,2400,2416,2402,2528,2457,2345,2370,2406,2370,2462,2403,2342,2458,2406,2447,2536,2558,2426,2339,2580,2268,2302,2319,2542,2168,2441,2596,2301,2556,2440,2632,2427,2322,2528,2303,2337,2262,2437,2684,2410,2370,2478,2439,2575,2741,2395,2533,2346,2580,2572,2454,2361,2317,2323,2645,2666,2211,2358,2444,2495,2435,2489,2343,2219,2384,2382,2405,2460,2401,2546,2552,2499,2405,2267,2272,2363,2327,2295,2522,2516,2228,2661,2339,2491,2447,2497,2325,2479,2213,2509,2324,2396,2654,2595,2406,2319,2607,2532,2168,2403,2212,2397,2470,2414,2348,2566,2496,2391,2461,2349,2471,2694,2560,2674,2467,2389,2518,2226,2377,2256,2489,2396,2243,2414,2396,2586,2461,2430,2496,2434,2531,2286,2402,2501,2534,2354,2496,2579,2474,2412,2545,2527,2687,2508,2583,2555,2292,2299,2597,2545,2365,2603,2297,2628,2626,2281,2516,2277,2819,2350,2397,2394,2484,2181,2236,2454,2631,2332,2324,2368,2376,2470,2306,2231,2379,2310,2496,2442,2443,2766,2458,2425,2304,2470,2328,2524,2224,2361,2226,2461,2468,2540,2430,2430,2294,2292,2501,2501,2347,2384,2318,2536,2280,2486,2341,2398,2373,2492,2635,2235,2597,2398,2326,2292,2397,2461,2538,2378,2177,2414,2422,2420,2703,2266,2420,2406,2352,2540,2394,2535,2294,2404,2354,2205,2569,2377,2308,2731,2435,2240,2668,2453,2381,2256,2352,2426,2466,2315,2535,2502,2425,2421,2399,2458,2409,2416,2366,2605,2413,2307,2496,2422,2479,2412,2606,2658,2490,2494,2534,2454,2394,2375,2318,2399,2588,2412,2355,2410,2504,2361,2266,2516,2368,2470,2327,2422,2473,2420,2345,2311,2418,2547,2371,2516,2528,2680,2486,2620,2387,2356,2492,2717,2442,2236,2357,2454,2386,2383,2387,2185,2437,2311,2369,2584,2422,2493,2586,2491,2435,2539,2532,2411,2349,2581,2574,2283,2603,2355,2527,2326,2360,2476,2232,2583,2352,2445,2364,2265,2482,2471,2437,2300,2443,2406,2591,2478,2336,2414,2291,2498,2322,2682,2578,2315,2373,2311,2351,2398,2336,2535,2210,2550,2415,2402,2456,2533,2472,2404,2497,2381,2320,2541,2457,2559,2602,2291,2456,2329,2489,2313,2351,2489,2496,2377,2515,2228,2392,2450,2421,2359,2409,2292,2193,2383,2426,2391,2391,2126,2398,2425,2208,2450,2409,2242,2461,2429,2500,2336,2381,2384,2342,2383,2409,2498,2364,2511,2303,2364,2386,2575,2547,2605,2464,2462,2470,2217,2417
2521,2217,2469,2339,2376,2428,2412,2306,2313,2376,2725,2503,2110,2267,2544,2464,2647,2412,2410,2341,2605,2338,2332,2860,2559,2447,2459,2378,2491,2400,2393,2340,2462,2588,2395,2547,2500,2446,2389,2299,2569,2221,2249,2447,2306,2452,2505,2413,2218,2546,2296,2534,2454,2497,2601,2362,2457,2573,2499,2287,2268,2445,2390,2451,2529,2129,2533,2430,2448,2443,2257,2311,2453,2466,2343,2254,2492,2235,2381,2289,2310,2393,2571,2453,2400,2481,2540,2245,2301,2324,2468,2435,2370,2304,2652,2430,2528,2651,2415,2341,2290,2509,2377,2322,2189,2281,2283,2317,2389,2595,2489,2547,2602,2516,2406,2427,2628,2458,2400,2380,2542,2423,2449,2538,2453,2444,2155,2383,2396,2360,2226,2649,2539,2160,2297,2300,2375,2399,2223,2412,2604,2403,2449,2461,2493,2600,2608,2546,2405,2383,2294,2458,2528,2682,2399,2266,2633,2421,2481,2448,2482,2577,2327,2403,2570,2478,2340,2292,2401,2465,2373,2555,2384,2464,2502,2737,2402,2381,2498,2366,2394,2394,2223,2394,2463,2484,2309,2439,2508,2582,2496,2375,2527,2501,2432,2521,2575,2407,2404,2520,2559,2489,2412,2293,2470,2404,2402,2397,2446,2236,2474,2507,2373,2340,2327,2328,2227,2209,2320,2373,2412,2474,2493,2451,2360,2417,2296,2457,2321,2683,2208,2469,2243,2593,2544,2361,2290,2476,2504,2586,2463,2514,2389,2367,2596,2383,2497,2320,2464,2428,2500,2374,2194,2622,2468,2428,2290,2566,2506,2458,2178,2558,2343,2522,2529,2565,2373,2361,2315,2449,2426,2258,2378,2491,2208,2482,2513,2362,2561,2433,2554,2412,2485,2462,2215,2357,2353,2558,2634,2339,2219,2442,2514,2537,2217,2473,2555,2169,2283,2527,2525,2620,2472,2536,2405,2352,2577,2301,2523,2616,2641,2529,2283,2309,2389,2459,2370,2393,2421,2335,2274,2444,2408,2332,2631,2441,2535,2479,2195,2376,2603,2371,2495,2405,2583,2613,2372,2550,2649,2450,2393,2429,2418,2411,2492,2433,2596,2386,2337,2287,2744,2360,2186,2531,2594,2400,2353,2362,2470,2490,2533,2338,2544,2374,2597,2404,2470,2362,2191,2486,2447,2606,2109,2246,2332,2474,2470,2491,2239,2603,2384,2382,2340,2391,2363,2153,2552,2406,2466,2603,2543,2539,2787,2487,2219,2361,2369,2310,2479,2516,2483,2458,2323,2503,2497,2135,2648,2379,2368,2634,2385,2607,2280,2417,2455,2345,2497,2412,2232,2447,2515,2455,2500,2442,2544,2479,2225,2269,2247,2492,2327,2338,2587,2427,2463,2588,2522,2328,2384,2510,2331,2467,2703,2326,2464,2371,2458,2616,2349,2322,2327,2629,2337,2615,2419,2312,2468,2328,2569,2466,2588,2247,2351,2370,2562,2400,2494,2608,2603,2618,2345,2408,2385,2315,2508,2413,2392,2433,2535,2509,2498,2237,2371,2437,2528,2427,2400,2406,2372,2462,2525,2544,2462,2398,2428,2127,2341,2638,2499,2482,2572,2531,2555,2286,2452,2451,2454,2443,2544,2450,2335,2528,2403,2201,2407,2559,2602,2322,2413,2543,2480,2534,2510,2545,2416,2309,2526,2312,2311,2313,2364,2480,2435,2502,2487,2652,2437,2393,2423,2759,2427,2555,2487,2563,2371,2348,2492,2322,2400,2488,2322,2520,2659,2548,2616,2389,2423,2271,2368,2419,2407,2429,2331,2394,2631,2481,2305,2465,2501,2330,2459,2371,2323,2495,2460,2393,2492,2440,2347,2450,2403,2434,2512,2397,2387,2511,2479,2331,2492,2652,2467,2419,2638,2366,2291,2391,2590,2111,2368,2565,2243,2524,2425,2549,2443,2351,2469,2385,2262,2190,2461,2700,2357,2374,2455,2306,2679,2766,2441,2555,2269,2552,2510,2385,2365,2332,2400,2571,2607,2146,2331,2498,2465,2396,2435,2429,2183,2449,2484,2536,2426,2422,2560,2610,2417,2434,2352,2386,2392,2305,2290,2570,2470,2143,2662,2327,2445,2432,2364,2387,2504,2164,2390,2312,2376,2699,2410,2289,2354,2623,2506,2132,2403,2168,2497,2539,2501,2349,2545,2429,2457,2445,2378,2519,2837,2541,2785,2465,2511,2567,2213,2450,2404,2530,2419,2525,2306,2302,2573,2501,2445,2636,2510,2524,2286,2367,2456,2516,2296,2488,2654,2528,2377,2591,2403,2615,2555,2421,2531,2272,2349,2631,2507,2483,2600,2319,2514,2614,2221,2455,2354,2706,2427,2474,2382,2467,2215,2297,2428,2652,2329,2359,2278,2471,2579,2346,2311,2273,2479,2411,2425,2470,2661,2457,2420,2408,2529,2367,2373,2254,2363,2188,2469,2374,2591,2382,2430,2191,2365,2580,2508,2310,2342,2406,2495,2210,2524,2268,2273,2351,2492,2586,2488,2608,2459,2327,2380,2325,2518,2473,2350,2157,2445,2429,2423,2512,2308,2469,2411,2325,2579,2424,2512,2309,2494,2368,2188,2468,2319,2378,2664,2404,2333,2736,2454,2349,2253,2342,2441,2446,2367,2549,2451,2447,2467,2327,2469,2337,2529,2298,2614,2459,2400,2539,2556,2492,2350,2606,2672,2556,2508,2618,2535,2315,2351,2359,2378,2666,2479,2483,2386,2588,2398,2282,2478,2373,2447,2348,2400,2405,2394,2291,2468,2432,2549,2309,2639,2532,2719,2370,2612,2343,2325,2538,2737,2448,2209,2420,2519,2369,2436,2374,2211,2487,2217,2434,2604,2451,2451,2604,2557,2441,2589,2447,2433,2279,2541,2538,2338,2620,2328,2602,2380,2361,2415,2193,2565,2333,2486,2327,2262,2568,2450,2489,2396,2348,2453,2557,2438,2371,2471,2383,2561,2202,2551,2521,2331,2358,2354,2398,2367,2301,2566,2295,2612,2442,2430,2423,2509,2560,2451,2436,2439,2369,2519,2339,2429,2480,2282,2403,2300,2382,2306,2250,2459,2518,2397,2471,2205,2453,2390,2409,2341,2485,2277,2197,2508,2371,2452,2374,2174,2452,2483,2300,2482,2474,2344,2464,2431,2489,2384,2253,2343,2448,2446,2448,2478,2338,2486,2317,2350,2331,2552,2503,2585,2520,2421,2466,2246,2453
2513,2238,2410,2249,2411,2286,2358,2227,2361,2309,2578,2458,2078,2162,2274,2374,2621,2382,2350,2196,2518,2307,2292,2765,2541,2404,2362,2389,2408,2281,2305,2258,2452,2410,2351,2498,2417,2401,2314,2194,2417,2217,2298,2294,2310,2334,2467,2173,2113,2534,2251,2494,2355,2400,2527,2297,2336,2492,2435,2256,2213,2353,2355,2415,2480,2277,2441,2322,2342,2389,2228,2262,2461,2409,2372,2179,2424,2173,2442,2193,2218,2300,2527,2371,2372,2403,2535,2224,2326,2260,2421,2373,2292,2182,2505,2391,2399,2482,2303,2243,2280,2414,2274,2255,2113,2192,2214,2284,2368,2512,2378,2531,2512,2369,2360,2330,2696,2436,2306,2170,2473,2245,2402,2431,2311,2408,2200,2324,2320,2264,2227,2491,2527,2113,2179,2148,2294,2282,2134,2433,2537,2324,2407,2342,2535,2502,2441,2509,2277,2335,2330,2317,2543,2604,2302,2294,2476,2251,2383,2345,2373,2429,2221,2389,2475,2301,2248,2376,2355,2296,2226,2418,2319,2430,2481,2682,2422,2275,2389,2225,2371,2217,2194,2358,2271,2531,2174,2341,2500,2461,2328,2248,2478,2378,2434,2405,2532,2361,2300,2342,2407,2387,2266,2284,2388,2216,2355,2432,2410,2227,2383,2522,2288,2384,2341,2232,2274,2086,2200,2278,2325,2408,2366,2387,2287,2390,2175,2269,2336,2566,2226,2360,2243,2495,2389,2311,2248,2290,2479,2508,2374,2440,2359,2265,2464,2285,2362,2277,2460,2418,2310,2320,2207,2560,2445,2377,2245,2470,2397,2338,2177,2464,2161,2474,2436,2616,2316,2270,2281,2461,2348,2276,2457,2284,2133,2419,2535,2364,2534,2382,2442,2307,2456,2301,2242,2297,2176,2576,2542,2238,2224,2496,2429,2313,2149,2319,2426,2176,2180,2417,2455,2482,2385,2518,2324,2265,2470,2194,2305,2403,2582,2480,2159,2276,2374,2400,2201,2312,2296,2235,2259,2405,2259,2394,2568,2354,2447,2400,2118,2400,2469,2326,2508,2417,2529,2450,2369,2479,2543,2346,2369,2399,2286,2362,2390,2407,2444,2330,2306,2193,2594,2392,2051,2399,2633,2298,2345,2242,2329,2442,2454,2383,2412,2263,2489,2412,2342,2217,2207,2400,2369,2534,2048,2191,2301,2341,2370,2349,2138,2518,2278,2240,2207,2421,2346,2257,2626,2350,2381,2594,2369,2436,2664,2377,2192,2256,2372,2162,2399,2457,2398,2354,2248,2507,2424,1924,2484,2410,2394,2481,2334,2489,2235,2362,2448,2377,2396,2283,2134,2331,2345,2375,2447,2340,2338,2488,2093,2265,2194,2342,2379,2292,2544,2357,2434,2478,2467,2320,2340,2490,2331,2475,2621,2261,2414,2197,2386,2571,2173,2245,2295,2614,2298,2581,2466,2268,2373,2365,2552,2476,2341,2120,2181,2220,2455,2305,2418,2539,2423,2558,2281,2258,2294,2296,2414,2313,2339,2377,2461,2381,2283,2180,2305,2305,2426,2361,2392,2306,2331,2476,2291,2496,2370,2282,2279,2106,2300,2540,2406,2394,2459,2454,2461,2174,2319,2329,2337,2432,2428,2357,2242,2492,2334,2159,2295,2487,2465,2209,2338,2351,2308,2472,2364,2437,2389,2289,2353,2197,2359,2262,2357,2395,2346,2435,2427,2656,2236,2352,2322,2541,2377,2592,2459,2422,2285,2242,2434,2223,2347,2480,2247,2434,2491,2371,2419,2269,2431,2266,2349,2437,2265,2369,2234,2352,2537,2384,2237,2416,2417,2276,2323,2333,2172,2373,2375,2330,2415,2303,2264,2332,2277,2426,2365,2281,2292,2457,2389,2320,2503,2503,2384,2413,2450,2191,2130,2325,2572,2070,2364,2425,2294,2392,2375,2545,2397,2320,2426,2381,2224,2142,2406,2598,2306,2334,2296,2236,2503,2554,2466,2492,2206,2410,2485,2461,2281,2284,2371,2636,2573,2046,2216,2429,2348,2285,2332,2385,2171,2420,2433,2401,2335,2368,2426,2539,2314,2380,2310,2316,2199,2218,2379,2551,2404,2169,2546,2298,2392,2424,2350,2375,2383,2072,2388,2268,2257,2617,2334,2260,2327,2532,2426,2058,2368,2127,2326,2487,2467,2286,2423,2409,2458,2290,2293,2518,2771,2550,2621,2436,2506,2427,2160,2377,2275,2496,2387,2241,2344,2327,2445,2509,2423,2548,2459,2394,2116,2319,2343,2498,2280,2371,2455,2479,2323,2492,2391,2607,2421,2456,2427,2258,2172,2653,2504,2394,2617,2238,2442,2455,2154,2488,2369,2711,2286,2422,2276,2319,2100,2191,2305,2535,2215,2380,2247,2409,2459,2308,2223,2280,2258,2361,2355,2338,2479,2412,2301,2397,2326,2437,2388,2251,2387,2138,2307,2346,2511,2341,2431,2177,2245,2454,2487,2262,2324,2283,2463,2174,2447,2232,2249,2255,2385,2420,2479,2534,2280,2314,2258,2182,2408,2333,2279,2216,2268,2298,2305,2555,2325,2444,2340,2302,2413,2266,2453,2359,2418,2313,2083,2451,2259,2266,2564,2411,2225,2563,2465,2445,2306,2309,2318,2464,2329,2441,2415,2359,2298,2264,2379,2352,2390,2286,2481,2508,2314,2459,2450,2400,2289,2466,2516,2448,2336,2469,2390,2305,2320,2307,2365,2560,2378,2331,2373,2438,2395,2249,2425,2324,2478,2391,2442,2414,2244,2267,2290,2388,2451,2275,2481,2398,2672,2320,2531,2338,2271,2433,2656,2435,2155,2335,2373,2401,2377,2302,2127,2405,2117,2311,2501,2384,2472,2526,2470,2427,2550,2415,2337,2235,2486,2471,2252,2458,2364,2494,2352,2274,2409,2210,2537,2304,2392,2316,2238,2443,2355,2374,2418,2392,2310,2449,2487,2267,2313,2357,2452,2161,2548,2380,2291,2267,2291,2222,2320,2230,2482,2291,2404,2387,2314,2413,2338,2389,2464,2311,2378,2340,2423,2364,2508,2503,2261,2425,2329,2379,2263,2295,2381,2428,2271,2388,2177,2292,2347,2230,2260,2363,2261,2256,2446,2327,2313,2289,2077,2398,2366,2246,2396,2455,2277,2309,2408,2435,2268,2292,2267,2255,2318,2329,2411,2312,2448,2293,2298,2251,2462,2486,2447,2431,2311,2412,2125,2370
2504,2261,2604,2281,2395,2353,2571,2264,2365,2435,2613,2602,2212,2262,2438,2441,2635,2545,2440,2341,2621,2446,2494,2808,2522,2550,2409,2371,2545,2399,2331,2263,2552,2516,2361,2482,2411,2543,2345,2433,2506,2292,2402,2388,2435,2473,2554,2413,2243,2515,2341,2603,2428,2475,2665,2366,2386,2509,2562,2373,2322,2394,2464,2446,2536,2296,2465,2425,2357,2449,2353,2265,2667,2511,2378,2260,2625,2274,2349,2323,2298,2452,2627,2437,2345,2610,2596,2261,2384,2350,2451,2373,2372,2311,2717,2583,2466,2628,2373,2280,2342,2623,2388,2234,2224,2174,2285,2346,2498,2598,2483,2494,2666,2445,2468,2379,2664,2498,2356,2224,2549,2345,2349,2576,2391,2456,2268,2359,2452,2371,2283,2650,2537,2225,2264,2170,2353,2380,2311,2480,2541,2347,2385,2384,2544,2546,2541,2507,2401,2476,2301,2338,2413,2695,2365,2340,2610,2415,2422,2390,2530,2553,2353,2465,2519,2375,2274,2430,2408,2414,2280,2470,2327,2532,2519,2784,2498,2335,2393,2254,2433,2305,2146,2438,2286,2545,2358,2379,2478,2604,2467,2367,2555,2435,2530,2507,2606,2388,2448,2438,2548,2431,2377,2364,2353,2326,2502,2474,2530,2325,2567,2442,2316,2324,2337,2386,2342,2268,2362,2312,2400,2556,2420,2541,2396,2522,2284,2382,2449,2569,2255,2517,2272,2607,2502,2413,2272,2478,2564,2604,2445,2537,2459,2312,2465,2305,2420,2392,2574,2511,2440,2386,2240,2628,2565,2441,2285,2449,2452,2520,2211,2568,2332,2574,2478,2648,2336,2486,2392,2519,2355,2384,2439,2495,2144,2644,2564,2422,2607,2370,2506,2404,2572,2449,2300,2467,2331,2564,2605,2288,2245,2505,2532,2466,2232,2397,2503,2173,2283,2479,2455,2611,2478,2537,2389,2279,2563,2211,2462,2439,2690,2608,2275,2333,2510,2517,2349,2372,2503,2351,2291,2469,2469,2433,2595,2413,2508,2581,2239,2448,2504,2405,2551,2445,2613,2471,2544,2532,2683,2512,2432,2434,2381,2444,2538,2569,2605,2463,2381,2326,2594,2322,2130,2482,2753,2400,2440,2277,2412,2497,2618,2360,2522,2338,2622,2507,2406,2268,2273,2452,2445,2548,2177,2238,2349,2357,2452,2387,2264,2577,2432,2317,2264,2381,2447,2247,2604,2525,2477,2642,2476,2563,2788,2533,2278,2400,2371,2346,2438,2527,2572,2481,2368,2642,2525,2092,2611,2347,2383,2608,2393,2454,2327,2501,2503,2505,2436,2363,2287,2522,2497,2438,2493,2463,2541,2612,2262,2223,2299,2480,2390,2256,2500,2455,2463,2627,2606,2375,2383,2500,2480,2517,2644,2325,2317,2303,2470,2756,2408,2351,2448,2633,2403,2702,2477,2426,2431,2469,2482,2454,2480,2186,2370,2367,2566,2425,2404,2528,2495,2628,2370,2405,2430,2484,2438,2434,2467,2540,2517,2521,2477,2301,2376,2394,2561,2402,2508,2483,2471,2486,2491,2517,2534,2385,2472,2169,2387,2642,2523,2478,2579,2519,2601,2215,2377,2428,2495,2520,2462,2420,2303,2500,2402,2294,2337,2575,2607,2373,2448,2450,2418,2563,2456,2463,2502,2318,2465,2297,2382,2244,2510,2563,2434,2588,2496,2616,2326,2343,2424,2650,2618,2641,2488,2517,2431,2321,2481,2325,2410,2491,2319,2554,2751,2594,2483,2335,2552,2197,2396,2397,2312,2437,2316,2451,2565,2377,2357,2470,2574,2447,2308,2305,2336,2450,2487,2361,2480,2419,2358,2413,2305,2590,2485,2376,2423,2459,2541,2343,2538,2552,2542,2379,2483,2365,2285,2365,2659,2182,2433,2533,2351,2473,2452,2593,2422,2362,2513,2364,2344,2276,2388,2790,2379,2469,2502,2376,2639,2667,2587,2680,2409,2506,2413,2523,2332,2391,2645,2607,2691,2129,2319,2613,2530,2354,2496,2391,2240,2521,2444,2502,2434,2598,2630,2662,2364,2384,2407,2521,2284,2455,2421,2670,2397,2237,2700,2379,2554,2553,2354,2412,2434,2247,2543,2362,2456,2727,2377,2320,2396,2493,2475,2185,2379,2229,2496,2552,2535,2269,2471,2542,2508,2443,2370,2667,2745,2642,2647,2468,2437,2425,2217,2451,2402,2610,2354,2380,2361,2390,2517,2464,2447,2620,2608,2480,2218,2356,2466,2518,2303,2476,2558,2482,2428,2597,2528,2665,2508,2508,2548,2285,2288,2651,2454,2584,2668,2306,2674,2563,2231,2482,2373,2707,2412,2543,2356,2519,2317,2211,2414,2670,2366,2410,2416,2477,2483,2393,2324,2387,2339,2378,2331,2543,2505,2450,2415,2478,2356,2417,2414,2270,2395,2202,2434,2486,2682,2382,2575,2315,2245,2429,2504,2310,2377,2384,2557,2220,2594,2294,2262,2340,2599,2557,2477,2551,2463,2361,2388,2350,2488,2450,2308,2283,2228,2386,2478,2654,2371,2552,2473,2325,2540,2542,2537,2361,2599,2311,2234,2592,2312,2401,2663,2342,2314,2730,2407,2439,2395,2523,2433,2477,2466,2539,2485,2492,2403,2307,2514,2286,2495,2304,2556,2649,2465,2545,2537,2558,2372,2560,2602,2511,2386,2443,2532,2320,2330,2387,2468,2523,2455,2471,2487,2451,2503,2285,2572,2452,2537,2452,2494,2414,2419,2336,2447,2450,2586,2388,2523,2470,2614,2399,2667,2477,2353,2612,2678,2497,2274,2365,2493,2427,2544,2476,2232,2491,2282,2334,2568,2389,2427,2530,2570,2461,2598,2540,2426,2283,2540,2612,2333,2621,2416,2504,2319,2342,2462,2197,2572,2361,2476,2438,2240,2503,2510,2451,2427,2528,2371,2552,2495,2324,2451,2417,2526,2259,2508,2515,2337,2431,2312,2363,2321,2343,2650,2411,2520,2390,2553,2447,2466,2588,2575,2383,2389,2440,2550,2339,2513,2463,2292,2455,2420,2386,2298,2408,2465,2452,2427,2525,2148,2347,2441,2391,2399,2419,2276,2325,2478,2410,2553,2363,2207,2552,2424,2315,2408,2428,2300,2392,2403,2601,2342,2416,2436,2415,2317,2453,2457,2356,2457,2388,2452,2288,2563,2568,2546,2643,2423,2566,2227,2365
2429,2231,2475,2208,2273,2383,2525,2231,2334,2311,2559,2510,2172,2281,2360,2438,2554,2375,2421,2254,2495,2412,2371,2709,2535,2435,2458,2334,2423,2330,2271,2234,2438,2477,2366,2473,2336,2388,2262,2239,2412,2202,2479,2352,2476,2344,2465,2271,2143,2527,2255,2464,2330,2377,2528,2289,2271,2501,2413,2207,2171,2352,2327,2322,2494,2228,2462,2391,2404,2402,2309,2215,2553,2414,2448,2201,2575,2270,2420,2210,2265,2389,2643,2327,2332,2469,2500,2199,2302,2349,2462,2337,2282,2232,2586,2512,2484,2438,2317,2267,2309,2404,2412,2211,2197,2141,2302,2233,2502,2512,2353,2476,2561,2324,2452,2341,2697,2481,2361,2119,2448,2300,2438,2399,2319,2428,2287,2230,2385,2282,2207,2469,2494,2083,2181,2090,2313,2418,2165,2471,2436,2359,2358,2388,2472,2631,2365,2385,2376,2415,2284,2413,2285,2586,2315,2271,2386,2307,2401,2285,2325,2395,2172,2282,2342,2306,2209,2294,2338,2330,2156,2395,2254,2433,2520,2719,2419,2262,2380,2243,2283,2286,2152,2385,2258,2507,2226,2310,2360,2513,2391,2344,2332,2428,2523,2461,2483,2339,2358,2367,2406,2321,2343,2290,2249,2289,2449,2502,2372,2325,2403,2444,2235,2294,2312,2170,2259,2276,2267,2254,2401,2381,2318,2371,2340,2478,2280,2282,2468,2476,2323,2457,2284,2435,2486,2335,2239,2284,2526,2559,2268,2510,2311,2213,2450,2339,2510,2372,2521,2426,2326,2244,2179,2537,2505,2333,2220,2382,2395,2492,2209,2490,2208,2450,2430,2568,2281,2375,2317,2383,2251,2260,2420,2313,2170,2402,2439,2265,2536,2356,2366,2233,2427,2277,2393,2338,2305,2479,2488,2200,2206,2435,2531,2339,2250,2390,2457,2135,2224,2435,2411,2623,2390,2435,2315,2405,2680,2200,2408,2371,2546,2426,2249,2281,2396,2416,2238,2330,2433,2253,2217,2337,2335,2367,2455,2308,2433,2514,2084,2408,2430,2383,2481,2431,2537,2420,2412,2354,2650,2450,2360,2348,2320,2293,2328,2407,2542,2392,2298,2287,2567,2289,2071,2384,2707,2303,2322,2233,2266,2279,2497,2306,2410,2292,2517,2407,2439,2194,2179,2247,2384,2426,2038,2139,2356,2313,2370,2352,2261,2570,2408,2161,2323,2243,2510,2194,2589,2402,2421,2496,2403,2430,2692,2483,2209,2325,2434,2264,2329,2521,2401,2435,2317,2479,2458,1971,2529,2288,2288,2510,2294,2263,2183,2391,2445,2471,2377,2328,2178,2315,2431,2353,2288,2472,2318,2591,2165,2338,2249,2375,2353,2302,2381,2320,2446,2469,2447,2260,2353,2430,2324,2421,2428,2252,2329,2291,2430,2615,2386,2209,2257,2492,2254,2534,2372,2257,2368,2373,2490,2367,2519,2218,2297,2266,2526,2350,2354,2604,2512,2554,2384,2228,2347,2443,2289,2442,2437,2434,2504,2505,2438,2270,2313,2259,2478,2384,2462,2341,2322,2495,2379,2458,2423,2317,2374,2090,2357,2595,2413,2215,2484,2558,2429,2216,2306,2356,2431,2507,2395,2341,2255,2572,2321,2257,2330,2611,2450,2273,2326,2443,2411,2491,2421,2515,2379,2390,2328,2193,2285,2214,2427,2452,2270,2557,2424,2523,2372,2335,2454,2499,2516,2580,2430,2451,2324,2348,2382,2164,2391,2529,2310,2436,2582,2453,2359,2193,2526,2142,2401,2335,2361,2330,2249,2233,2444,2277,2205,2437,2455,2315,2347,2358,2283,2433,2449,2316,2444,2275,2331,2389,2232,2318,2381,2299,2408,2411,2370,2288,2612,2464,2402,2303,2339,2312,2222,2385,2641,2204,2306,2512,2290,2380,2356,2501,2312,2303,2450,2277,2281,2258,2261,2626,2342,2311,2393,2259,2503,2478,2477,2583,2182,2393,2483,2430,2298,2412,2475,2603,2519,2086,2166,2499,2356,2180,2423,2372,2261,2396,2356,2404,2346,2461,2545,2584,2278,2257,2299,2409,2086,2236,2427,2595,2411,2182,2620,2267,2486,2560,2287,2252,2440,2080,2342,2327,2351,2555,2237,2202,2362,2452,2451,2168,2229,2170,2430,2477,2545,2276,2435,2493,2479,2286,2294,2565,2644,2544,2626,2365,2389,2396,2253,2451,2372,2572,2366,2384,2366,2372,2458,2361,2425,2543,2409,2385,2256,2331,2314,2490,2153,2341,2540,2410,2371,2497,2464,2577,2624,2464,2380,2306,2184,2619,2432,2468,2612,2213,2519,2484,2120,2399,2258,2638,2274,2470,2419,2336,2302,2192,2251,2563,2267,2315,2268,2426,2453,2361,2270,2352,2254,2369,2290,2412,2412,2385,2327,2299,2227,2383,2365,2122,2296,2184,2325,2307,2469,2270,2411,2228,2102,2350,2376,2287,2335,2347,2450,2218,2544,2248,2251,2170,2410,2451,2448,2505,2337,2381,2224,2261,2322,2376,2315,2294,2189,2347,2231,2552,2391,2497,2350,2279,2400,2449,2561,2366,2513,2222,2057,2537,2256,2333,2682,2332,2306,2593,2436,2371,2285,2316,2304,2372,2412,2487,2478,2298,2356,2307,2475,2339,2518,2285,2528,2462,2302,2420,2452,2487,2260,2454,2414,2544,2310,2465,2466,2187,2252,2356,2450,2459,2353,2374,2321,2348,2434,2154,2506,2483,2421,2284,2503,2269,2294,2245,2306,2455,2497,2406,2451,2434,2546,2268,2568,2371,2282,2402,2603,2525,2234,2266,2317,2334,2374,2371,2107,2394,2190,2309,2523,2298,2519,2563,2406,2514,2491,2364,2404,2194,2408,2395,2234,2512,2394,2562,2345,2280,2371,2272,2492,2349,2479,2394,2142,2395,2329,2323,2328,2451,2355,2468,2432,2319,2335,2310,2460,2126,2464,2406,2271,2210,2210,2343,2308,2306,2447,2325,2368,2338,2377,2443,2287,2360,2425,2319,2270,2371,2370,2304,2442,2372,2256,2470,2227,2312,2234,2406,2391,2512,2365,2443,2152,2344,2294,2356,2340,2511,2208,2207,2432,2341,2336,2265,2160,2373,2379,2239,2344,2416,2302,2341,2395,2398,2398,2306,2337,2354,2297,2288,2363,2259,2426,2174,2277,2328,2452,2373,2395,2482,2222,2461,2191,2270
2648,2287,2613,2268,2339,2371,2616,2280,2401,2508,2574,2566,2265,2338,2439,2505,2576,2416,2523,2371,2708,2425,2463,2696,2615,2456,2422,2362,2613,2361,2528,2311,2530,2507,2443,2496,2349,2525,2370,2297,2425,2312,2500,2345,2362,2417,2447,2342,2179,2584,2372,2616,2388,2488,2640,2425,2255,2627,2543,2266,2319,2415,2379,2419,2637,2297,2472,2381,2426,2445,2431,2258,2730,2594,2427,2298,2617,2352,2484,2267,2339,2519,2739,2446,2488,2554,2554,2303,2407,2452,2441,2439,2423,2313,2631,2593,2592,2408,2395,2325,2424,2501,2391,2250,2354,2258,2375,2343,2609,2567,2437,2490,2745,2467,2435,2433,2805,2500,2374,2190,2488,2362,2440,2485,2436,2669,2341,2301,2377,2365,2331,2647,2439,2206,2248,2202,2430,2461,2293,2449,2622,2420,2297,2394,2533,2631,2468,2534,2462,2532,2357,2343,2396,2568,2484,2340,2522,2304,2519,2256,2465,2558,2294,2412,2478,2378,2248,2337,2488,2445,2273,2506,2423,2569,2522,2809,2475,2363,2468,2358,2367,2361,2197,2462,2376,2538,2363,2389,2464,2523,2562,2375,2426,2441,2491,2503,2521,2470,2399,2505,2512,2305,2350,2450,2312,2374,2566,2509,2542,2397,2575,2521,2258,2382,2458,2279,2349,2193,2331,2356,2477,2482,2359,2524,2503,2532,2313,2300,2499,2650,2328,2520,2281,2595,2503,2437,2267,2431,2586,2598,2420,2593,2330,2327,2514,2371,2528,2416,2673,2460,2481,2335,2235,2470,2605,2418,2275,2490,2425,2457,2234,2551,2293,2504,2590,2711,2316,2424,2458,2555,2269,2455,2523,2467,2195,2575,2497,2388,2661,2473,2401,2384,2498,2355,2407,2396,2346,2483,2502,2313,2337,2562,2621,2411,2336,2347,2435,2162,2312,2557,2442,2636,2448,2490,2396,2378,2627,2230,2372,2350,2582,2507,2293,2455,2425,2490,2235,2403,2547,2323,2320,2420,2533,2405,2476,2434,2438,2550,2232,2652,2428,2429,2563,2521,2623,2516,2563,2370,2670,2550,2441,2553,2391,2378,2450,2431,2507,2497,2281,2294,2696,2273,2062,2445,2716,2279,2513,2292,2340,2409,2666,2424,2545,2404,2569,2424,2501,2274,2230,2271,2406,2447,2171,2219,2412,2404,2405,2446,2332,2568,2422,2280,2430,2369,2434,2193,2654,2524,2493,2580,2490,2506,2765,2592,2236,2412,2364,2383,2459,2513,2479,2400,2466,2507,2563,2061,2643,2323,2404,2645,2429,2359,2297,2546,2624,2543,2496,2317,2266,2474,2399,2495,2388,2448,2455,2671,2321,2386,2393,2471,2501,2307,2475,2385,2587,2607,2508,2319,2435,2476,2388,2560,2580,2349,2320,2285,2530,2659,2411,2309,2409,2567,2317,2801,2427,2386,2467,2508,2577,2338,2547,2298,2315,2369,2576,2403,2423,2511,2579,2568,2300,2381,2358,2554,2384,2434,2470,2532,2598,2484,2469,2302,2438,2353,2624,2433,2560,2558,2485,2563,2453,2601,2521,2465,2349,2183,2366,2656,2442,2348,2575,2592,2519,2195,2391,2551,2461,2595,2530,2469,2387,2568,2492,2285,2240,2640,2621,2262,2508,2468,2492,2565,2472,2665,2542,2400,2546,2289,2386,2227,2501,2546,2369,2645,2506,2646,2363,2394,2442,2526,2505,2607,2476,2483,2463,2417,2530,2239,2489,2501,2426,2515,2556,2498,2336,2166,2617,2209,2550,2480,2387,2428,2346,2299,2530,2302,2324,2455,2590,2407,2274,2456,2347,2515,2547,2367,2480,2320,2378,2476,2266,2538,2423,2338,2535,2463,2541,2255,2712,2527,2435,2477,2448,2380,2356,2469,2613,2187,2447,2682,2420,2449,2437,2554,2412,2312,2480,2405,2345,2337,2343,2801,2359,2402,2537,2445,2535,2536,2590,2598,2314,2496,2464,2517,2299,2570,2514,2655,2552,2156,2309,2552,2402,2412,2514,2400,2289,2481,2553,2607,2480,2497,2609,2630,2412,2274,2455,2514,2218,2390,2542,2783,2465,2232,2699,2302,2551,2607,2382,2387,2436,2338,2458,2317,2373,2680,2324,2245,2467,2574,2599,2228,2328,2232,2494,2570,2593,2277,2528,2553,2521,2388,2336,2631,2716,2621,2623,2410,2492,2466,2236,2510,2424,2651,2467,2441,2345,2497,2494,2414,2588,2607,2492,2597,2330,2437,2429,2549,2364,2401,2520,2491,2393,2611,2574,2649,2586,2570,2562,2405,2293,2698,2477,2641,2675,2377,2613,2520,2260,2496,2425,2734,2295,2515,2484,2464,2263,2238,2334,2630,2302,2433,2344,2433,2641,2419,2332,2257,2299,2438,2172,2530,2461,2500,2398,2368,2336,2480,2510,2266,2430,2237,2418,2405,2683,2436,2536,2264,2162,2488,2391,2350,2473,2401,2499,2289,2593,2268,2337,2264,2607,2541,2523,2520,2443,2424,2215,2380,2502,2493,2350,2302,2257,2448,2287,2588,2488,2523,2499,2310,2500,2613,2536,2412,2632,2339,2179,2593,2423,2418,2607,2365,2450,2622,2446,2446,2231,2462,2411,2524,2548,2584,2536,2425,2411,2365,2573,2406,2576,2283,2526,2568,2462,2496,2475,2622,2411,2550,2499,2655,2355,2388,2447,2308,2339,2365,2606,2613,2335,2525,2526,2411,2469,2348,2546,2457,2491,2465,2480,2373,2389,2324,2397,2589,2589,2328,2555,2453,2548,2467,2669,2511,2400,2542,2756,2490,2329,2333,2358,2315,2491,2524,2246,2459,2273,2421,2732,2436,2628,2698,2539,2441,2632,2497,2422,2225,2610,2505,2313,2682,2457,2608,2331,2344,2500,2290,2478,2458,2577,2410,2180,2539,2471,2438,2394,2511,2486,2649,2468,2469,2370,2410,2619,2274,2549,2436,2385,2395,2416,2397,2369,2415,2629,2402,2408,2311,2511,2481,2439,2518,2562,2402,2439,2472,2478,2308,2563,2474,2377,2424,2406,2462,2324,2504,2537,2450,2373,2528,2139,2432,2407,2482,2421,2545,2274,2369,2568,2484,2403,2395,2210,2448,2407,2343,2388,2563,2374,2345,2408,2357,2397,2523,2416,2381,2442,2431,2432,2302,2418,2288,2539,2452,2491,2565,2435,2601,2351,2525,2332,2384
2579,2350,2666,2367,2262,2348,2570,2213,2478,2407,2620,2568,2363,2233,2502,2493,2524,2528,2469,2356,2695,2400,2592,2702,2587,2527,2510,2384,2543,2335,2451,2274,2479,2397,2545,2506,2372,2535,2467,2366,2379,2384,2557,2247,2466,2430,2407,2270,2118,2563,2319,2509,2407,2359,2655,2371,2263,2606,2508,2204,2309,2496,2408,2510,2521,2350,2377,2410,2454,2517,2505,2259,2850,2619,2550,2312,2692,2335,2516,2330,2269,2459,2728,2425,2402,2568,2545,2334,2408,2367,2469,2446,2497,2391,2503,2650,2568,2486,2409,2448,2353,2535,2458,2436,2303,2230,2374,2333,2662,2538,2506,2493,2762,2511,2501,2446,2782,2507,2342,2143,2574,2396,2430,2551,2493,2488,2476,2388,2392,2391,2461,2575,2440,2200,2254,2280,2429,2426,2365,2506,2449,2482,2440,2392,2639,2582,2407,2515,2497,2526,2445,2352,2328,2604,2458,2278,2506,2416,2574,2447,2401,2568,2286,2434,2567,2348,2318,2329,2463,2430,2205,2371,2416,2643,2498,2804,2458,2249,2575,2400,2387,2385,2271,2495,2368,2639,2313,2398,2520,2516,2601,2402,2487,2539,2567,2537,2575,2342,2399,2486,2618,2385,2356,2334,2296,2359,2553,2452,2442,2348,2683,2610,2399,2419,2473,2410,2377,2296,2421,2320,2483,2633,2441,2529,2430,2562,2306,2322,2433,2612,2395,2563,2301,2533,2538,2446,2378,2446,2669,2578,2379,2583,2301,2386,2436,2332,2516,2302,2577,2518,2394,2387,2283,2529,2441,2345,2210,2465,2469,2450,2249,2567,2314,2630,2522,2763,2251,2473,2462,2587,2317,2525,2534,2364,2212,2586,2497,2422,2614,2421,2423,2383,2498,2374,2452,2477,2307,2550,2516,2353,2322,2453,2600,2440,2329,2380,2389,2137,2306,2426,2461,2555,2463,2477,2290,2368,2601,2283,2485,2410,2606,2553,2277,2397,2364,2463,2361,2276,2553,2382,2207,2414,2581,2519,2430,2389,2430,2593,2129,2533,2549,2410,2703,2471,2638,2559,2553,2367,2580,2460,2434,2455,2487,2383,2466,2485,2500,2488,2313,2333,2686,2342,2194,2460,2656,2371,2470,2243,2288,2456,2585,2469,2451,2312,2601,2491,2511,2302,2342,2353,2447,2572,2204,2183,2431,2373,2424,2353,2401,2617,2417,2277,2452,2447,2412,2196,2644,2584,2465,2585,2456,2630,2777,2586,2276,2519,2452,2361,2355,2527,2416,2468,2299,2572,2643,2061,2574,2334,2445,2593,2416,2262,2216,2575,2516,2474,2479,2425,2340,2513,2405,2544,2512,2499,2506,2641,2309,2457,2497,2469,2528,2319,2366,2424,2613,2602,2614,2447,2486,2524,2391,2567,2536,2311,2388,2444,2492,2647,2420,2320,2453,2525,2333,2698,2441,2365,2393,2535,2468,2287,2567,2262,2346,2373,2744,2411,2447,2558,2523,2638,2427,2416,2426,2538,2467,2465,2519,2566,2627,2475,2566,2270,2434,2329,2583,2528,2488,2376,2476,2473,2486,2540,2531,2323,2430,2200,2374,2680,2418,2341,2559,2590,2433,2264,2385,2536,2588,2592,2524,2420,2385,2662,2388,2334,2227,2653,2532,2392,2439,2430,2538,2565,2485,2599,2494,2383,2518,2348,2300,2282,2452,2419,2363,2605,2630,2610,2388,2366,2399,2484,2503,2759,2406,2453,2483,2513,2533,2349,2411,2498,2312,2516,2563,2574,2445,2190,2609,2099,2524,2564,2354,2413,2318,2245,2468,2392,2269,2475,2661,2406,2259,2419,2390,2521,2552,2394,2604,2423,2368,2500,2297,2527,2403,2400,2446,2444,2470,2263,2723,2385,2448,2437,2520,2390,2319,2530,2692,2299,2391,2723,2410,2500,2337,2540,2373,2325,2495,2292,2492,2461,2312,2880,2308,2445,2500,2445,2405,2529,2529,2614,2331,2573,2521,2516,2370,2676,2573,2699,2599,2150,2326,2556,2509,2315,2544,2469,2361,2460,2544,2503,2459,2524,2798,2670,2436,2275,2398,2596,2305,2331,2563,2868,2454,2232,2628,2263,2547,2599,2380,2374,2558,2213,2410,2308,2376,2697,2282,2265,2527,2600,2544,2343,2369,2299,2571,2564,2633,2245,2514,2615,2507,2426,2261,2610,2823,2661,2683,2422,2508,2553,2340,2402,2457,2670,2517,2426,2373,2446,2526,2312,2544,2632,2568,2462,2357,2491,2353,2494,2347,2423,2541,2523,2343,2504,2554,2595,2605,2549,2506,2277,2394,2787,2587,2601,2680,2373,2540,2529,2112,2479,2424,2757,2442,2573,2467,2501,2357,2200,2431,2535,2308,2396,2445,2499,2575,2389,2313,2389,2347,2423,2273,2478,2494,2526,2450,2462,2433,2457,2469,2219,2555,2139,2615,2415,2638,2437,2474,2189,2163,2479,2523,2418,2426,2459,2545,2198,2616,2281,2346,2247,2542,2496,2515,2519,2498,2612,2310,2302,2465,2457,2351,2380,2270,2362,2222,2628,2457,2592,2477,2314,2481,2567,2635,2480,2573,2293,2171,2574,2303,2328,2570,2341,2544,2596,2504,2412,2298,2471,2338,2452,2474,2455,2600,2440,2418,2244,2563,2428,2588,2321,2429,2589,2409,2606,2435,2511,2382,2584,2492,2536,2355,2429,2577,2226,2279,2541,2645,2585,2373,2467,2545,2437,2515,2328,2578,2648,2386,2456,2425,2357,2429,2363,2368,2603,2602,2454,2589,2510,2578,2457,2517,2492,2305,2481,2693,2571,2411,2325,2383,2390,2500,2511,2252,2362,2194,2408,2667,2341,2542,2572,2545,2411,2646,2466,2512,2310,2495,2540,2254,2542,2453,2608,2450,2402,2451,2348,2623,2423,2539,2500,2301,2618,2477,2415,2396,2564,2404,2572,2486,2379,2395,2335,2594,2217,2612,2536,2358,2278,2408,2513,2282,2355,2573,2476,2325,2290,2372,2473,2444,2548,2632,2533,2422,2529,2523,2397,2489,2476,2447,2512,2333,2491,2269,2512,2541,2464,2427,2540,2212,2413,2374,2549,2528,2556,2259,2346,2490,2419,2408,2364,2268,2549,2398,2348,2309,2567,2353,2427,2407,2373,2355,2458,2397,2339,2424,2396,2341,2232,2469,2219,2469,2435,2492,2662,2479,2597,2287,2524,2325,2281
2369,2145,2273,2111,2016,2134,2258,2052,2277,2167,2332,2278,2096,2093,2241,2201,2288,2283,2279,2086,2406,2141,2372,2338,2361,2255,2139,2143,2371,2144,2222,2118,2147,2282,2265,2319,2171,2345,2128,2180,2120,2086,2186,2060,2267,2097,2114,2186,1964,2408,2108,2257,2212,2183,2319,2115,2092,2422,2205,2077,1969,2187,2112,2181,2219,2165,2172,2143,2141,2241,2204,2102,2395,2299,2209,2064,2432,2174,2299,2208,1985,2330,2508,2153,2234,2224,2224,2148,2190,2191,2132,2166,2277,2239,2314,2430,2421,2280,2110,2200,2216,2245,2247,2220,2212,2117,2094,2024,2388,2242,2184,2288,2521,2245,2129,2238,2513,2238,2116,1943,2373,2205,2195,2239,2284,2406,2230,2117,2201,2073,2165,2393,2198,2138,2065,2058,2232,2181,2167,2336,2198,2198,2199,2214,2373,2465,2118,2232,2260,2210,2166,2149,2036,2295,2277,2074,2256,2107,2344,2211,2219,2341,2110,2220,2301,2087,2142,2064,2271,2154,1958,2267,2212,2308,2274,2470,2325,2018,2258,2209,2090,2058,2027,2206,2127,2327,2140,2065,2203,2242,2342,2116,2299,2331,2385,2321,2302,2217,2183,2205,2363,2146,2155,2136,2193,2186,2289,2173,2214,2086,2371,2347,2098,2076,2192,2133,2174,2050,2136,2095,2198,2277,2250,2224,2229,2350,1992,2175,2174,2335,2250,2256,2134,2333,2240,2164,2175,2211,2360,2322,2275,2277,2165,2161,2267,2156,2261,2112,2423,2296,2117,2174,2133,2181,2225,2200,2114,2217,2290,2246,2068,2312,2056,2319,2217,2562,2074,2228,2261,2305,2026,2219,2196,2156,2004,2184,2231,2093,2429,2257,2096,2117,2295,2061,2344,2161,2186,2321,2254,2115,2102,2265,2293,2245,2257,2216,2185,2017,2100,2300,2222,2383,2169,2261,2159,2133,2448,2106,2162,2226,2283,2272,2105,2171,2189,2141,2094,2126,2265,2197,2059,2128,2323,2177,2159,2192,2251,2259,2017,2354,2262,2184,2420,2324,2334,2363,2257,2193,2447,2269,2318,2218,2127,2026,2239,2233,2218,2230,2057,2007,2413,2157,1840,2167,2431,2143,2236,2084,2150,2219,2454,2184,2158,2260,2334,2191,2371,2016,2125,2162,2255,2186,1925,2009,2239,2111,2142,2141,2181,2179,2216,2148,2129,2167,2218,2040,2406,2365,2311,2327,2190,2384,2568,2335,2065,2240,2184,2200,2149,2208,2249,2302,2180,2286,2392,1913,2321,2170,2209,2378,2173,2162,2073,2380,2350,2219,2167,2068,2239,2308,2107,2268,2208,2297,2275,2539,2077,2307,2229,2231,2176,2127,2104,2284,2416,2361,2272,2175,2189,2197,2122,2318,2304,2206,2177,2147,2346,2462,2316,1997,2201,2334,2122,2461,2171,2111,2244,2263,2310,2156,2286,2131,2173,2158,2268,2182,2216,2290,2197,2344,2151,2243,2222,2256,2164,2209,2256,2387,2370,2264,2285,2150,2190,2126,2315,2200,2364,2168,2272,2201,2302,2403,2297,2200,2160,1998,2191,2478,2142,2157,2340,2285,2263,2120,2136,2322,2260,2299,2185,2154,2226,2419,2267,2099,1966,2420,2338,2144,2180,2219,2234,2242,2249,2303,2295,2121,2355,2088,2093,2046,2257,2277,2154,2297,2211,2388,2164,2265,2260,2307,2225,2330,2175,2262,2233,2234,2304,2038,2181,2283,2056,2224,2264,2207,2219,1906,2423,1989,2287,2184,2205,2135,2111,2044,2180,2073,1993,2238,2431,2223,2055,2318,2087,2297,2247,2154,2375,2146,2141,2293,2084,2159,2279,2138,2264,2180,2311,2080,2461,2021,2161,2217,2198,2234,2170,2195,2278,1937,2203,2413,2138,2144,2141,2322,2109,2094,2264,2128,2188,2198,2152,2567,2136,2249,2148,2180,2286,2260,2274,2369,2109,2275,2374,2336,2152,2412,2248,2370,2232,1939,2153,2304,2203,2119,2226,2193,2120,2339,2232,2301,2288,2319,2382,2401,2199,2063,2201,2297,2055,2180,2291,2467,2261,2055,2515,2109,2230,2424,2079,2221,2254,2066,2263,2127,2123,2529,2078,2105,2208,2385,2328,2090,2157,2056,2412,2270,2315,2075,2266,2413,2260,2195,2133,2359,2507,2418,2249,2160,2322,2205,2072,2207,2280,2374,2249,2164,2114,2257,2256,2116,2278,2364,2232,2203,2186,2185,2222,2320,2125,2153,2345,2328,2104,2264,2348,2408,2370,2253,2268,2105,2140,2400,2315,2336,2395,2109,2373,2283,1996,2192,2201,2440,2148,2312,2196,2233,2092,2047,2223,2354,2015,2228,2237,2371,2361,2188,2070,2101,2067,2265,2042,2215,2235,2199,2187,2177,2285,2321,2236,2071,2227,2006,2347,2086,2408,2199,2284,2013,2056,2318,2160,2199,2150,2148,2209,2055,2265,2105,2062,1999,2327,2244,2333,2288,2163,2227,2067,2014,2306,2151,2222,2190,2078,2086,1999,2334,2210,2179,2318,2067,2177,2338,2337,2201,2341,2093,1956,2336,2168,2226,2230,2136,2188,2379,2246,2239,2139,2212,2178,2322,2272,2314,2283,2190,2097,2073,2313,2249,2353,2124,2238,2219,2233,2444,2118,2401,2187,2382,2250,2266,2134,2184,2299,2023,2055,2169,2321,2326,2175,2297,2302,2123,2194,2160,2355,2341,2293,2236,2206,2188,2166,2145,2172,2422,2443,2207,2367,2172,2333,2231,2242,2312,2159,2267,2381,2231,2123,2061,2137,2180,2377,2263,1995,2071,2068,2166,2448,2129,2374,2451,2230,2070,2372,2193,2276,2101,2391,2287,2135,2286,2239,2377,2275,2168,2186,2101,2272,2125,2325,2234,2112,2268,2380,2160,2059,2370,2243,2325,2253,2144,2078,2230,2385,2050,2319,2241,2162,2095,2047,2158,1994,2146,2351,2358,2143,2052,2200,2192,2151,2324,2347,2237,2234,2275,2329,2134,2197,2340,2185,2232,2174,2237,2172,2234,2259,2260,2162,2221,1979,2218,2176,2276,2307,2288,1969,2176,2283,2127,2202,2121,2135,2217,2160,2125,2206,2284,2222,2139,2212,2102,2211,2279,2177,2149,2274,2177,2163,2086,2237,2088,2194,2220,2306,2310,2162,2379,2101,2245,2101,2017
2591,2397,2478,2377,2249,2386,2599,2253,2482,2381,2540,2533,2287,2355,2464,2438,2482,2579,2472,2367,2662,2322,2561,2702,2556,2552,2387,2333,2583,2356,2334,2375,2371,2442,2429,2496,2369,2476,2368,2369,2473,2404,2535,2298,2503,2424,2289,2451,2120,2588,2354,2544,2454,2334,2561,2469,2214,2548,2453,2205,2225,2474,2416,2356,2525,2355,2425,2373,2411,2559,2491,2287,2641,2588,2577,2333,2607,2362,2617,2340,2279,2519,2706,2488,2609,2583,2464,2313,2460,2470,2309,2429,2458,2438,2550,2656,2728,2441,2401,2420,2406,2477,2554,2430,2362,2290,2365,2335,2555,2548,2477,2552,2704,2552,2465,2512,2731,2485,2396,2189,2554,2456,2415,2492,2410,2501,2537,2364,2351,2332,2479,2674,2445,2238,2291,2294,2401,2444,2250,2596,2444,2501,2384,2349,2493,2641,2273,2555,2497,2446,2477,2333,2308,2473,2534,2269,2463,2405,2511,2456,2428,2654,2324,2533,2443,2349,2486,2324,2503,2446,2122,2575,2420,2575,2508,2762,2535,2254,2460,2427,2332,2364,2203,2514,2274,2519,2439,2336,2426,2432,2604,2371,2510,2564,2507,2541,2545,2354,2372,2472,2566,2397,2383,2404,2362,2325,2579,2394,2458,2384,2584,2493,2389,2296,2517,2360,2357,2193,2350,2315,2448,2461,2430,2460,2419,2485,2320,2353,2424,2558,2344,2482,2337,2619,2529,2415,2371,2523,2694,2540,2483,2538,2331,2391,2475,2337,2573,2415,2594,2577,2410,2357,2440,2530,2532,2416,2227,2540,2417,2424,2295,2580,2220,2547,2459,2713,2276,2445,2583,2565,2267,2427,2503,2447,2312,2422,2444,2538,2679,2331,2429,2314,2360,2320,2496,2391,2289,2508,2514,2429,2325,2411,2487,2500,2406,2431,2310,2211,2278,2488,2430,2573,2371,2555,2404,2370,2552,2300,2473,2512,2556,2559,2312,2451,2397,2406,2251,2363,2507,2479,2218,2404,2634,2415,2511,2437,2559,2508,2273,2666,2503,2551,2716,2477,2613,2550,2516,2430,2565,2460,2501,2549,2335,2316,2497,2403,2550,2538,2362,2208,2689,2369,2228,2601,2754,2430,2550,2305,2357,2489,2661,2502,2437,2422,2569,2441,2595,2313,2308,2399,2381,2490,2243,2235,2412,2293,2478,2424,2407,2490,2426,2446,2430,2338,2488,2249,2678,2609,2672,2592,2467,2611,2760,2495,2351,2442,2432,2441,2295,2560,2378,2519,2340,2521,2583,2131,2629,2364,2384,2646,2450,2358,2372,2588,2560,2559,2485,2377,2394,2574,2447,2547,2354,2547,2521,2710,2294,2577,2375,2417,2506,2388,2281,2432,2606,2585,2651,2396,2493,2596,2326,2475,2535,2477,2380,2442,2544,2618,2402,2293,2421,2674,2397,2676,2379,2358,2438,2520,2500,2273,2559,2375,2393,2337,2656,2339,2406,2432,2544,2706,2454,2423,2467,2588,2323,2414,2388,2602,2560,2574,2471,2364,2425,2358,2569,2409,2572,2449,2540,2361,2562,2502,2702,2396,2501,2140,2372,2736,2437,2374,2709,2667,2365,2431,2379,2612,2560,2622,2522,2445,2488,2648,2450,2363,2228,2625,2526,2335,2432,2421,2319,2536,2420,2508,2495,2325,2468,2408,2362,2349,2494,2514,2387,2598,2663,2663,2300,2418,2453,2480,2513,2680,2371,2466,2369,2524,2558,2146,2412,2551,2274,2510,2538,2576,2351,2114,2513,2227,2541,2452,2466,2335,2314,2205,2450,2289,2273,2377,2782,2517,2228,2701,2338,2558,2402,2271,2597,2371,2506,2558,2303,2495,2506,2498,2623,2347,2597,2337,2728,2324,2503,2593,2385,2590,2424,2507,2624,2155,2396,2717,2349,2407,2365,2651,2339,2279,2548,2444,2383,2412,2351,2899,2440,2582,2447,2466,2458,2423,2481,2653,2405,2456,2616,2634,2412,2701,2542,2625,2511,2245,2367,2529,2459,2332,2424,2496,2344,2585,2554,2505,2543,2580,2699,2594,2432,2267,2482,2407,2347,2489,2534,2772,2453,2206,2711,2421,2555,2721,2364,2448,2543,2300,2471,2329,2397,2712,2236,2210,2481,2694,2571,2297,2380,2383,2612,2559,2576,2316,2563,2679,2512,2474,2250,2578,2890,2728,2604,2503,2527,2585,2248,2435,2554,2613,2566,2461,2358,2573,2448,2449,2529,2554,2503,2504,2349,2475,2442,2570,2290,2335,2649,2606,2363,2442,2584,2677,2617,2454,2566,2275,2327,2594,2586,2617,2696,2345,2598,2502,2197,2450,2451,2606,2445,2620,2519,2559,2277,2291,2459,2452,2284,2571,2409,2609,2584,2446,2386,2414,2382,2395,2274,2503,2394,2443,2433,2525,2552,2430,2334,2331,2477,2064,2553,2390,2665,2550,2605,2198,2274,2469,2381,2435,2458,2405,2453,2222,2495,2271,2312,2268,2600,2528,2563,2553,2474,2485,2347,2341,2551,2408,2459,2491,2248,2418,2377,2657,2474,2524,2597,2314,2480,2628,2567,2538,2564,2272,2178,2693,2330,2425,2356,2363,2560,2463,2493,2426,2309,2504,2382,2548,2508,2515,2547,2364,2367,2268,2556,2435,2572,2357,2408,2471,2453,2677,2407,2629,2484,2516,2443,2494,2304,2487,2612,2386,2448,2416,2598,2548,2480,2497,2576,2402,2436,2407,2597,2580,2455,2413,2399,2473,2444,2319,2316,2567,2562,2418,2693,2469,2546,2384,2525,2539,2429,2471,2577,2509,2369,2245,2424,2363,2463,2380,2201,2363,2319,2419,2744,2361,2607,2637,2443,2426,2604,2320,2571,2349,2596,2442,2336,2501,2361,2648,2431,2353,2353,2398,2492,2391,2509,2473,2376,2524,2586,2320,2400,2530,2423,2492,2466,2447,2309,2462,2759,2308,2547,2466,2286,2224,2417,2357,2259,2416,2604,2640,2339,2307,2429,2438,2408,2520,2568,2444,2438,2483,2602,2472,2499,2545,2431,2392,2244,2466,2338,2446,2632,2493,2345,2477,2324,2506,2422,2425,2524,2547,2243,2459,2496,2447,2462,2356,2310,2503,2393,2286,2399,2601,2489,2266,2493,2438,2398,2493,2447,2368,2429,2356,2402,2207,2415,2366,2439,2452,2563,2516,2499,2641,2271,2595,2286,2225
2365,2203,2437,2419,2148,2341,2400,2176,2541,2395,2461,2430,2294,2252,2297,2339,2506,2453,2453,2354,2582,2291,2475,2520,2526,2508,2217,2291,2489,2304,2322,2314,2296,2425,2361,2471,2288,2409,2274,2344,2376,2344,2370,2192,2430,2307,2229,2409,2126,2448,2249,2472,2318,2226,2510,2390,2176,2593,2401,2175,2146,2441,2319,2337,2361,2341,2326,2287,2279,2502,2363,2353,2494,2444,2424,2300,2458,2278,2600,2325,2102,2476,2589,2409,2492,2420,2501,2204,2335,2415,2215,2251,2394,2274,2411,2580,2632,2349,2258,2273,2336,2332,2390,2384,2214,2294,2348,2273,2616,2411,2383,2457,2694,2483,2425,2418,2632,2391,2271,2069,2366,2332,2310,2458,2380,2493,2532,2288,2247,2169,2379,2476,2360,2197,2289,2175,2337,2344,2220,2441,2354,2389,2382,2373,2439,2533,2167,2432,2546,2329,2353,2209,2178,2463,2420,2308,2342,2246,2387,2380,2338,2528,2264,2456,2421,2288,2277,2300,2484,2409,2123,2447,2328,2435,2498,2632,2371,2290,2297,2404,2254,2261,2195,2387,2224,2397,2337,2216,2446,2314,2538,2250,2478,2450,2478,2538,2524,2335,2355,2397,2540,2323,2413,2189,2374,2212,2542,2279,2340,2325,2575,2367,2277,2337,2472,2420,2269,2218,2279,2234,2462,2383,2348,2416,2442,2487,2177,2291,2347,2362,2283,2409,2248,2536,2333,2364,2168,2338,2655,2421,2496,2469,2300,2336,2397,2206,2387,2362,2637,2532,2255,2300,2285,2531,2477,2393,2118,2422,2339,2379,2236,2367,2269,2437,2529,2517,2246,2475,2436,2414,2197,2380,2390,2299,2312,2503,2510,2428,2552,2397,2344,2106,2298,2129,2456,2361,2381,2371,2438,2331,2300,2330,2502,2423,2345,2360,2195,2150,2212,2335,2243,2473,2315,2462,2307,2365,2547,2181,2289,2353,2413,2397,2251,2384,2344,2313,2202,2387,2430,2373,2261,2248,2469,2388,2318,2451,2432,2508,2194,2543,2488,2485,2618,2399,2553,2384,2424,2356,2431,2462,2454,2351,2235,2270,2436,2394,2317,2463,2261,2223,2595,2216,2069,2453,2597,2426,2465,2244,2166,2335,2646,2391,2186,2272,2513,2303,2541,2238,2319,2308,2320,2369,2175,2221,2378,2253,2339,2370,2415,2346,2332,2349,2223,2281,2395,2182,2505,2485,2529,2549,2380,2519,2658,2364,2344,2411,2336,2289,2234,2313,2286,2408,2315,2438,2592,2107,2521,2286,2430,2527,2372,2279,2270,2466,2560,2418,2411,2332,2312,2473,2328,2408,2297,2470,2405,2639,2196,2431,2440,2398,2459,2261,2200,2347,2510,2701,2529,2385,2399,2500,2213,2496,2517,2442,2283,2354,2409,2509,2471,2245,2369,2498,2358,2517,2268,2317,2389,2525,2413,2276,2431,2217,2283,2351,2529,2333,2384,2454,2363,2548,2382,2429,2396,2466,2287,2383,2370,2422,2548,2507,2434,2342,2275,2279,2373,2302,2419,2377,2418,2313,2406,2462,2403,2398,2269,2215,2304,2536,2304,2339,2468,2578,2299,2323,2349,2533,2454,2552,2401,2440,2455,2490,2371,2376,2133,2615,2509,2455,2403,2281,2288,2451,2392,2360,2405,2385,2546,2341,2266,2232,2373,2481,2248,2535,2487,2465,2337,2357,2406,2389,2377,2484,2283,2394,2333,2428,2420,2167,2304,2441,2224,2410,2410,2373,2285,2125,2392,2229,2437,2380,2412,2308,2367,2149,2289,2236,2176,2361,2614,2400,2021,2564,2286,2459,2319,2340,2485,2220,2442,2428,2220,2366,2457,2471,2548,2337,2480,2242,2617,2220,2347,2459,2466,2513,2280,2522,2568,2096,2349,2588,2267,2243,2362,2540,2311,2282,2553,2292,2288,2415,2292,2771,2447,2459,2366,2522,2335,2258,2379,2391,2305,2389,2540,2466,2388,2763,2416,2536,2459,2213,2273,2423,2271,2256,2453,2391,2343,2508,2429,2539,2528,2411,2553,2529,2408,2238,2342,2401,2278,2353,2446,2706,2408,2115,2514,2237,2460,2582,2339,2378,2427,2185,2411,2259,2346,2620,2285,2220,2434,2444,2485,2307,2387,2305,2584,2577,2487,2232,2514,2484,2457,2450,2148,2648,2757,2679,2440,2335,2444,2548,2248,2280,2448,2498,2476,2339,2175,2379,2327,2399,2479,2453,2372,2293,2268,2389,2256,2546,2331,2297,2516,2462,2295,2349,2577,2498,2536,2285,2544,2302,2234,2571,2434,2455,2539,2233,2448,2432,2246,2262,2369,2618,2303,2524,2414,2493,2170,2313,2439,2457,2152,2421,2399,2428,2511,2320,2324,2278,2340,2316,2240,2330,2330,2333,2383,2352,2458,2428,2274,2323,2411,2107,2422,2349,2554,2408,2548,2162,2066,2438,2314,2293,2239,2363,2433,2177,2400,2251,2228,2237,2392,2439,2449,2378,2312,2415,2227,2251,2386,2389,2246,2357,2291,2261,2213,2517,2368,2497,2563,2211,2357,2500,2541,2485,2542,2236,2147,2617,2236,2369,2393,2286,2447,2546,2449,2307,2185,2417,2306,2458,2450,2537,2386,2298,2258,2162,2454,2342,2485,2333,2375,2363,2414,2526,2322,2511,2445,2527,2360,2409,2260,2295,2574,2289,2264,2298,2581,2520,2358,2307,2487,2297,2425,2437,2566,2446,2391,2406,2355,2272,2316,2380,2285,2506,2539,2283,2511,2447,2469,2244,2420,2465,2344,2390,2470,2316,2271,2193,2330,2487,2506,2240,2172,2291,2338,2441,2593,2288,2440,2475,2328,2323,2549,2252,2484,2318,2567,2395,2317,2394,2363,2556,2345,2372,2337,2352,2489,2425,2442,2505,2392,2489,2419,2281,2263,2496,2367,2453,2405,2377,2277,2263,2648,2227,2397,2355,2306,2185,2263,2368,2116,2282,2451,2477,2311,2247,2272,2327,2286,2508,2527,2278,2457,2458,2572,2333,2432,2514,2350,2371,2281,2397,2264,2333,2557,2480,2236,2363,2184,2442,2240,2286,2405,2477,2127,2405,2452,2411,2310,2303,2249,2367,2290,2259,2287,2526,2253,2211,2406,2288,2287,2489,2356,2327,2479,2277,2374,2135,2312,2207,2310,2386,2437,2581,2392,2493,2169,2484,2220,2169
2471,2420,2422,2440,2321,2370,2554,2356,2483,2510,2592,2511,2402,2322,2467,2427,2473,2500,2509,2368,2750,2392,2492,2601,2509,2580,2252,2302,2529,2306,2426,2394,2528,2486,2474,2636,2579,2518,2364,2424,2394,2370,2391,2254,2431,2343,2282,2488,2192,2493,2373,2529,2361,2251,2598,2458,2289,2553,2569,2191,2299,2537,2343,2397,2454,2361,2405,2250,2333,2647,2530,2398,2555,2435,2508,2380,2638,2323,2622,2381,2372,2569,2762,2605,2510,2499,2565,2408,2452,2489,2301,2346,2536,2427,2497,2605,2615,2421,2335,2347,2321,2454,2363,2405,2442,2430,2420,2374,2642,2463,2395,2595,2783,2478,2601,2404,2671,2436,2411,2249,2559,2331,2479,2501,2402,2545,2583,2488,2399,2336,2581,2527,2435,2311,2391,2361,2360,2449,2365,2629,2462,2456,2490,2430,2502,2625,2319,2572,2603,2428,2506,2325,2205,2576,2501,2283,2455,2368,2518,2484,2450,2488,2425,2593,2583,2364,2483,2394,2570,2371,2143,2538,2432,2437,2577,2679,2417,2304,2325,2544,2358,2453,2179,2473,2407,2443,2480,2360,2506,2388,2566,2377,2576,2501,2590,2629,2520,2336,2294,2478,2653,2312,2374,2289,2418,2257,2525,2383,2417,2326,2613,2436,2364,2317,2583,2430,2404,2220,2367,2252,2441,2487,2492,2543,2551,2542,2240,2370,2391,2475,2278,2486,2385,2651,2370,2469,2281,2380,2715,2479,2532,2493,2410,2510,2538,2295,2557,2531,2658,2611,2323,2309,2366,2531,2579,2378,2226,2434,2320,2502,2389,2573,2375,2521,2437,2692,2320,2473,2526,2477,2329,2511,2443,2449,2462,2470,2603,2398,2648,2458,2419,2326,2405,2305,2526,2373,2355,2471,2638,2510,2445,2392,2479,2620,2453,2569,2238,2270,2294,2524,2321,2511,2335,2552,2451,2496,2579,2380,2409,2488,2474,2491,2269,2501,2387,2377,2353,2466,2496,2550,2278,2336,2616,2471,2425,2406,2590,2465,2326,2642,2525,2598,2596,2376,2619,2458,2510,2441,2587,2535,2452,2462,2299,2386,2547,2460,2471,2606,2410,2328,2510,2424,2137,2557,2641,2504,2681,2216,2388,2387,2626,2533,2414,2396,2511,2417,2651,2284,2423,2355,2326,2477,2302,2339,2427,2288,2440,2482,2444,2496,2311,2443,2394,2311,2451,2338,2600,2651,2500,2693,2400,2632,2743,2416,2359,2515,2400,2421,2231,2498,2332,2455,2323,2493,2630,2207,2517,2294,2406,2546,2553,2304,2497,2711,2661,2590,2559,2346,2358,2575,2461,2540,2515,2617,2373,2644,2288,2440,2302,2438,2490,2345,2206,2474,2623,2698,2535,2377,2531,2501,2268,2523,2626,2512,2421,2411,2531,2606,2457,2288,2467,2561,2505,2641,2368,2373,2399,2492,2439,2330,2502,2313,2353,2375,2563,2360,2511,2511,2470,2561,2489,2485,2534,2507,2393,2326,2406,2523,2618,2530,2436,2392,2397,2349,2567,2448,2565,2507,2614,2353,2498,2548,2576,2375,2452,2108,2356,2686,2361,2398,2875,2649,2334,2411,2442,2562,2595,2683,2396,2406,2723,2614,2411,2366,2146,2662,2580,2533,2521,2373,2459,2530,2397,2462,2528,2323,2608,2450,2406,2455,2470,2616,2416,2561,2649,2579,2391,2496,2455,2526,2467,2656,2397,2456,2469,2462,2501,2378,2456,2584,2322,2539,2471,2545,2362,2250,2497,2300,2526,2392,2462,2318,2326,2271,2444,2435,2192,2418,2762,2507,2164,2627,2283,2533,2493,2352,2599,2347,2454,2446,2294,2512,2497,2538,2624,2361,2566,2286,2715,2203,2461,2556,2587,2608,2314,2477,2587,2191,2574,2768,2193,2362,2394,2625,2344,2300,2504,2348,2421,2573,2408,2835,2580,2687,2395,2599,2331,2430,2552,2525,2434,2517,2671,2573,2468,2756,2429,2649,2593,2297,2369,2511,2313,2355,2524,2438,2442,2572,2557,2432,2524,2500,2751,2576,2476,2256,2388,2447,2262,2284,2445,2685,2493,2310,2623,2340,2449,2696,2442,2460,2531,2322,2466,2275,2509,2671,2281,2204,2511,2632,2612,2290,2307,2414,2688,2441,2641,2391,2551,2584,2524,2452,2263,2670,2801,2750,2621,2459,2417,2687,2344,2325,2490,2553,2493,2423,2183,2582,2450,2383,2574,2578,2503,2401,2294,2406,2379,2557,2294,2363,2600,2676,2379,2321,2691,2556,2594,2519,2615,2409,2295,2594,2505,2585,2576,2441,2525,2546,2363,2473,2441,2615,2491,2549,2511,2504,2290,2360,2482,2486,2281,2532,2429,2532,2680,2320,2323,2404,2328,2485,2184,2494,2384,2417,2561,2367,2503,2525,2339,2391,2536,2111,2562,2466,2693,2412,2631,2186,2184,2516,2450,2395,2517,2405,2559,2231,2533,2390,2266,2352,2594,2341,2536,2488,2433,2474,2291,2297,2474,2447,2472,2520,2283,2339,2281,2569,2547,2578,2552,2208,2427,2574,2460,2541,2626,2301,2206,2791,2252,2432,2527,2340,2605,2574,2523,2417,2253,2613,2465,2519,2577,2478,2543,2297,2312,2330,2651,2376,2622,2464,2472,2386,2454,2627,2317,2628,2392,2497,2451,2458,2362,2410,2560,2420,2330,2430,2640,2582,2555,2385,2602,2344,2513,2329,2704,2610,2536,2500,2390,2404,2310,2390,2313,2584,2543,2368,2557,2384,2506,2434,2480,2622,2391,2565,2486,2503,2229,2247,2434,2446,2539,2451,2267,2342,2434,2377,2706,2420,2543,2635,2428,2298,2621,2435,2640,2471,2662,2428,2349,2531,2387,2646,2393,2445,2445,2497,2505,2415,2563,2511,2406,2436,2447,2410,2485,2476,2502,2534,2577,2441,2350,2508,2785,2389,2439,2447,2361,2342,2245,2401,2216,2471,2550,2573,2422,2349,2407,2391,2323,2540,2556,2412,2536,2446,2661,2499,2447,2617,2446,2335,2318,2379,2343,2347,2573,2595,2278,2487,2309,2525,2373,2398,2546,2506,2413,2431,2517,2370,2354,2349,2344,2555,2430,2330,2434,2579,2407,2204,2482,2364,2421,2548,2495,2343,2353,2335,2384,2197,2389,2326,2449,2465,2472,2595,2489,2603,2356,2589,2224,2275
2444,2331,2309,2304,2301,2301,2454,2104,2441,2429,2452,2421,2350,2216,2230,2350,2395,2460,2366,2341,2633,2194,2404,2475,2432,2460,2254,2235,2358,2263,2376,2417,2430,2412,2459,2538,2264,2490,2378,2334,2330,2295,2382,2247,2415,2299,2253,2310,2175,2361,2169,2415,2397,2204,2589,2468,2191,2670,2476,2183,2257,2399,2382,2301,2431,2330,2404,2196,2314,2538,2471,2314,2525,2333,2424,2350,2473,2235,2581,2266,2260,2468,2637,2430,2483,2506,2498,2290,2440,2297,2089,2162,2313,2298,2371,2606,2620,2314,2262,2370,2295,2338,2425,2380,2410,2343,2321,2319,2554,2312,2358,2475,2546,2378,2456,2352,2542,2402,2269,2123,2388,2284,2254,2547,2326,2523,2501,2372,2285,2222,2501,2465,2443,2220,2297,2272,2211,2321,2199,2533,2411,2338,2461,2356,2399,2489,2240,2376,2504,2378,2265,2246,2235,2507,2401,2214,2414,2234,2318,2379,2374,2452,2398,2489,2426,2292,2313,2320,2450,2286,2157,2455,2348,2269,2452,2629,2339,2326,2233,2491,2275,2265,2197,2329,2236,2458,2349,2173,2245,2299,2478,2352,2471,2473,2524,2524,2501,2307,2290,2486,2568,2200,2394,2228,2291,2177,2487,2318,2291,2290,2461,2357,2322,2312,2442,2347,2291,2246,2223,2255,2431,2356,2386,2388,2470,2432,2170,2355,2345,2345,2303,2528,2334,2531,2335,2409,2246,2295,2694,2487,2389,2421,2351,2401,2449,2302,2532,2432,2596,2563,2292,2322,2201,2451,2508,2318,2273,2430,2250,2337,2342,2482,2268,2315,2508,2503,2243,2396,2514,2351,2221,2283,2354,2360,2317,2520,2428,2379,2499,2344,2332,2108,2346,2265,2456,2289,2270,2395,2455,2395,2274,2447,2385,2504,2366,2497,2161,2126,2306,2435,2233,2502,2250,2363,2388,2373,2456,2252,2326,2343,2424,2450,2284,2461,2372,2322,2236,2450,2449,2475,2340,2200,2461,2320,2345,2344,2496,2459,2255,2550,2355,2440,2433,2263,2496,2357,2426,2388,2505,2400,2461,2336,2323,2267,2457,2383,2501,2458,2355,2238,2543,2297,2184,2424,2449,2421,2525,2148,2305,2315,2605,2345,2251,2248,2464,2394,2492,2135,2267,2338,2297,2474,2145,2314,2409,2241,2361,2449,2395,2385,2228,2442,2194,2299,2428,2195,2464,2445,2485,2534,2345,2573,2539,2421,2250,2386,2324,2221,2207,2424,2232,2398,2307,2314,2550,2155,2418,2313,2305,2576,2449,2312,2400,2598,2526,2415,2414,2309,2309,2471,2507,2491,2380,2554,2369,2569,2247,2393,2232,2395,2412,2155,2202,2398,2480,2570,2435,2336,2436,2403,2241,2417,2487,2327,2280,2318,2478,2431,2408,2271,2453,2525,2397,2476,2213,2348,2307,2389,2402,2258,2320,2133,2214,2213,2458,2270,2411,2475,2370,2542,2523,2421,2421,2498,2271,2358,2320,2447,2528,2515,2458,2308,2287,2171,2395,2437,2569,2269,2479,2373,2420,2390,2481,2311,2447,2069,2178,2465,2306,2203,2567,2541,2308,2360,2337,2510,2463,2581,2313,2365,2465,2480,2399,2391,2137,2652,2475,2435,2392,2265,2365,2518,2429,2391,2400,2265,2356,2275,2288,2255,2375,2469,2312,2436,2510,2463,2321,2350,2363,2443,2413,2530,2235,2334,2413,2475,2403,2229,2266,2423,2237,2331,2421,2475,2309,2182,2347,2274,2510,2336,2474,2237,2254,2178,2318,2364,2113,2356,2688,2331,2073,2549,2114,2478,2293,2298,2502,2274,2416,2285,2275,2401,2444,2419,2534,2354,2394,2204,2592,2214,2464,2511,2439,2490,2267,2449,2448,2058,2369,2628,2256,2258,2285,2541,2313,2336,2427,2287,2329,2438,2176,2641,2466,2640,2242,2623,2184,2344,2462,2425,2345,2334,2519,2596,2378,2612,2301,2535,2417,2247,2448,2412,2313,2325,2395,2298,2484,2503,2488,2474,2515,2378,2612,2416,2403,2206,2327,2414,2177,2385,2436,2730,2482,2211,2545,2275,2482,2487,2350,2360,2398,2225,2349,2257,2408,2499,2376,2183,2392,2510,2435,2332,2179,2250,2504,2547,2495,2241,2283,2385,2328,2442,2218,2567,2679,2595,2548,2360,2387,2545,2367,2145,2386,2473,2393,2294,2111,2406,2409,2471,2444,2378,2424,2385,2260,2344,2330,2506,2340,2280,2314,2506,2231,2258,2764,2502,2565,2330,2501,2320,2240,2469,2363,2504,2416,2364,2538,2397,2331,2303,2322,2575,2479,2388,2419,2403,2207,2328,2373,2501,2122,2476,2396,2229,2553,2256,2278,2251,2340,2339,2205,2385,2435,2317,2433,2401,2452,2430,2202,2266,2359,1991,2480,2395,2504,2324,2548,2170,2114,2391,2388,2411,2430,2266,2475,2224,2457,2374,2170,2167,2601,2470,2384,2491,2326,2425,2331,2286,2376,2340,2290,2440,2195,2359,2135,2421,2475,2376,2474,2150,2293,2415,2448,2594,2492,2165,2211,2604,2166,2316,2420,2236,2489,2409,2449,2184,2261,2506,2396,2540,2545,2457,2461,2285,2271,2272,2478,2360,2493,2338,2398,2305,2428,2563,2328,2476,2310,2455,2458,2448,2266,2310,2515,2273,2399,2346,2510,2558,2339,2432,2582,2257,2437,2329,2599,2504,2509,2368,2341,2274,2230,2353,2216,2569,2563,2313,2557,2344,2450,2342,2363,2454,2426,2386,2429,2406,2154,2269,2482,2331,2429,2374,2166,2275,2317,2383,2627,2380,2402,2425,2415,2234,2563,2315,2471,2459,2480,2457,2312,2465,2415,2505,2356,2313,2384,2379,2385,2377,2492,2430,2319,2463,2388,2294,2339,2321,2361,2376,2443,2301,2230,2302,2651,2386,2323,2341,2373,2208,2181,2288,2231,2351,2506,2564,2381,2201,2248,2246,2363,2531,2463,2253,2304,2514,2678,2384,2479,2422,2377,2372,2215,2442,2214,2344,2455,2511,2169,2292,2286,2409,2274,2405,2506,2393,2295,2436,2411,2445,2250,2313,2309,2413,2425,2296,2414,2545,2360,2031,2429,2298,2426,2432,2358,2236,2365,2202,2234,2161,2358,2274,2511,2361,2483,2485,2388,2450,2085,2425,2213,2234
2503,2396,2483,2393,2339,2358,2567,2275,2482,2567,2497,2517,2519,2310,2396,2360,2440,2529,2418,2380,2610,2176,2533,2587,2497,2571,2291,2255,2543,2458,2556,2468,2410,2478,2437,2551,2522,2607,2421,2428,2308,2362,2405,2299,2380,2383,2284,2443,2246,2469,2359,2708,2327,2269,2699,2479,2385,2745,2589,2242,2235,2539,2475,2425,2491,2351,2475,2343,2404,2652,2512,2474,2601,2408,2469,2486,2586,2288,2512,2321,2438,2637,2722,2588,2614,2597,2570,2337,2461,2495,2232,2369,2509,2300,2539,2628,2689,2425,2372,2501,2377,2544,2548,2523,2517,2403,2436,2336,2646,2488,2462,2566,2702,2313,2535,2333,2515,2501,2434,2298,2585,2338,2425,2612,2406,2577,2599,2368,2373,2372,2583,2571,2453,2301,2340,2411,2353,2479,2402,2517,2432,2419,2530,2425,2386,2554,2229,2555,2725,2575,2412,2260,2274,2535,2558,2415,2465,2389,2582,2411,2425,2519,2525,2568,2509,2332,2453,2515,2497,2414,2195,2601,2325,2382,2535,2630,2452,2402,2286,2444,2405,2471,2251,2446,2416,2512,2503,2346,2455,2373,2660,2456,2566,2496,2516,2604,2564,2317,2356,2446,2642,2187,2425,2414,2482,2386,2533,2429,2529,2239,2568,2338,2424,2372,2494,2378,2396,2225,2257,2350,2502,2414,2425,2564,2569,2459,2197,2430,2429,2449,2332,2523,2441,2737,2355,2427,2340,2438,2787,2613,2445,2371,2435,2573,2587,2351,2563,2555,2663,2728,2336,2296,2409,2516,2645,2411,2350,2495,2269,2559,2483,2565,2375,2494,2482,2528,2314,2474,2589,2469,2289,2398,2537,2423,2351,2590,2516,2459,2609,2400,2385,2210,2501,2266,2554,2363,2292,2449,2614,2463,2443,2415,2567,2543,2485,2523,2272,2241,2427,2516,2259,2503,2393,2506,2478,2325,2589,2454,2461,2419,2558,2578,2388,2478,2403,2378,2273,2451,2437,2521,2388,2362,2524,2496,2401,2483,2429,2477,2453,2544,2465,2568,2565,2293,2552,2575,2520,2454,2520,2470,2525,2338,2352,2395,2622,2400,2490,2559,2360,2242,2586,2456,2216,2439,2583,2495,2662,2203,2404,2304,2600,2405,2368,2292,2636,2368,2607,2255,2426,2374,2366,2524,2265,2310,2313,2371,2434,2393,2483,2461,2429,2469,2383,2332,2417,2296,2549,2492,2547,2658,2435,2597,2638,2598,2358,2520,2453,2329,2278,2380,2310,2435,2436,2404,2664,2202,2532,2444,2353,2540,2555,2332,2525,2648,2566,2535,2493,2376,2326,2497,2443,2568,2603,2579,2386,2628,2341,2508,2334,2449,2582,2393,2257,2465,2524,2660,2587,2480,2549,2481,2338,2516,2582,2583,2382,2463,2461,2522,2459,2380,2413,2548,2471,2555,2368,2440,2552,2482,2462,2350,2436,2236,2346,2291,2537,2363,2465,2597,2492,2607,2654,2579,2582,2494,2297,2481,2387,2546,2653,2526,2360,2383,2341,2363,2456,2504,2606,2420,2443,2387,2458,2520,2605,2321,2366,2248,2301,2626,2278,2408,2707,2533,2423,2406,2317,2464,2577,2608,2526,2467,2706,2656,2447,2326,2231,2664,2532,2584,2418,2266,2394,2455,2479,2437,2429,2382,2513,2544,2378,2423,2442,2639,2437,2478,2571,2519,2421,2453,2427,2550,2430,2663,2361,2545,2475,2459,2566,2352,2292,2521,2177,2515,2493,2522,2335,2231,2476,2232,2570,2426,2590,2357,2354,2270,2289,2472,2221,2420,2802,2400,2218,2616,2261,2560,2386,2475,2697,2307,2490,2421,2366,2533,2496,2615,2563,2373,2439,2259,2678,2234,2490,2503,2548,2644,2321,2595,2696,2130,2477,2789,2306,2297,2457,2662,2290,2374,2559,2407,2437,2463,2342,2766,2533,2609,2377,2554,2192,2368,2564,2587,2337,2483,2664,2577,2472,2646,2439,2654,2519,2303,2371,2471,2366,2397,2465,2378,2469,2485,2558,2436,2493,2438,2707,2481,2492,2360,2400,2557,2234,2421,2589,2629,2444,2362,2627,2412,2501,2643,2423,2434,2506,2318,2331,2281,2594,2606,2388,2214,2507,2502,2486,2369,2311,2413,2641,2643,2656,2327,2445,2454,2519,2464,2210,2647,2629,2830,2540,2445,2357,2690,2515,2238,2451,2548,2432,2353,2177,2574,2271,2522,2466,2533,2510,2394,2216,2369,2401,2572,2327,2388,2341,2652,2355,2326,2716,2585,2590,2516,2651,2419,2337,2548,2414,2628,2618,2487,2519,2512,2361,2344,2386,2487,2489,2486,2529,2416,2337,2399,2527,2683,2104,2549,2488,2458,2807,2299,2393,2469,2337,2464,2231,2558,2517,2370,2551,2388,2603,2507,2454,2366,2542,2141,2597,2425,2607,2462,2582,2296,2223,2525,2494,2508,2455,2358,2422,2362,2578,2411,2188,2196,2473,2456,2501,2491,2397,2541,2457,2317,2480,2376,2388,2566,2298,2397,2255,2455,2579,2563,2651,2211,2433,2431,2575,2572,2578,2311,2260,2712,2186,2356,2506,2431,2514,2544,2491,2363,2310,2513,2475,2519,2644,2450,2558,2311,2317,2331,2487,2482,2510,2542,2424,2354,2602,2670,2386,2505,2482,2499,2454,2645,2357,2356,2544,2433,2426,2465,2584,2692,2469,2378,2662,2405,2474,2447,2755,2609,2563,2388,2439,2329,2207,2404,2275,2664,2478,2447,2472,2393,2453,2496,2496,2656,2538,2553,2541,2372,2287,2339,2505,2520,2540,2482,2283,2408,2394,2395,2681,2408,2628,2552,2380,2314,2538,2352,2495,2462,2657,2511,2456,2500,2526,2489,2411,2461,2543,2532,2611,2477,2625,2499,2455,2478,2509,2387,2434,2390,2465,2550,2386,2399,2313,2379,2718,2445,2346,2492,2427,2326,2190,2391,2347,2536,2621,2571,2488,2294,2262,2424,2399,2597,2591,2389,2517,2492,2639,2501,2441,2573,2481,2394,2353,2557,2351,2493,2489,2549,2156,2407,2275,2537,2380,2439,2571,2428,2393,2434,2456,2453,2348,2376,2290,2556,2443,2312,2556,2737,2361,2211,2461,2338,2435,2543,2482,2430,2402,2292,2375,2259,2497,2363,2428,2469,2571,2564,2424,2586,2259,2511,2230,2289
2379,2472,2503,2434,2230,2382,2510,2094,2555,2432,2501,2462,2462,2319,2403,2384,2424,2502,2362,2358,2585,2333,2439,2603,2485,2549,2313,2221,2454,2340,2536,2479,2400,2537,2608,2544,2432,2654,2433,2391,2344,2398,2506,2308,2448,2407,2315,2412,2287,2466,2273,2551,2357,2208,2790,2496,2417,2668,2523,2256,2299,2550,2539,2438,2596,2295,2469,2389,2423,2605,2537,2458,2493,2505,2455,2424,2551,2302,2556,2362,2385,2559,2720,2427,2574,2561,2487,2373,2421,2518,2166,2245,2441,2273,2534,2747,2693,2353,2337,2551,2337,2446,2511,2510,2481,2412,2376,2243,2567,2456,2465,2480,2607,2378,2580,2389,2476,2463,2358,2208,2515,2313,2381,2530,2417,2514,2541,2326,2408,2327,2616,2375,2460,2396,2481,2377,2390,2375,2304,2541,2427,2364,2551,2472,2484,2634,2318,2502,2648,2538,2488,2293,2240,2517,2477,2318,2415,2314,2556,2433,2509,2434,2519,2632,2466,2338,2412,2401,2485,2407,2225,2468,2276,2324,2601,2676,2433,2445,2343,2506,2204,2407,2294,2445,2495,2472,2458,2292,2535,2430,2664,2439,2514,2556,2612,2613,2540,2342,2349,2582,2666,2317,2467,2372,2347,2332,2594,2443,2384,2298,2587,2395,2358,2277,2400,2374,2427,2198,2250,2374,2557,2515,2456,2623,2592,2575,2179,2375,2454,2409,2362,2587,2367,2721,2493,2400,2320,2444,2720,2587,2379,2482,2504,2606,2562,2395,2585,2586,2759,2624,2262,2357,2370,2534,2634,2439,2303,2489,2316,2502,2536,2418,2415,2521,2589,2500,2327,2421,2570,2371,2272,2252,2489,2453,2345,2583,2448,2480,2457,2404,2462,2209,2423,2282,2535,2331,2285,2513,2614,2495,2431,2445,2535,2531,2345,2476,2195,2297,2440,2528,2255,2524,2339,2627,2464,2383,2636,2413,2428,2438,2612,2561,2333,2555,2415,2322,2314,2467,2445,2493,2342,2277,2576,2427,2479,2430,2478,2350,2382,2528,2476,2420,2494,2318,2555,2543,2638,2426,2484,2488,2503,2357,2326,2399,2536,2505,2452,2531,2410,2341,2492,2399,2250,2477,2501,2477,2645,2175,2415,2286,2552,2350,2328,2404,2636,2363,2558,2172,2414,2355,2443,2529,2326,2369,2446,2357,2357,2540,2537,2439,2469,2497,2402,2436,2555,2353,2549,2587,2609,2600,2352,2622,2695,2500,2335,2493,2397,2331,2184,2374,2372,2392,2405,2379,2655,2161,2558,2287,2344,2461,2621,2271,2552,2594,2530,2499,2544,2417,2348,2482,2516,2619,2546,2556,2453,2560,2224,2369,2291,2434,2600,2455,2335,2467,2505,2589,2653,2410,2435,2504,2330,2570,2530,2416,2430,2499,2533,2614,2536,2367,2512,2563,2666,2615,2324,2335,2436,2558,2483,2322,2336,2269,2306,2283,2396,2454,2563,2646,2525,2539,2523,2541,2481,2525,2465,2491,2449,2567,2538,2584,2447,2444,2395,2342,2499,2500,2545,2335,2538,2434,2434,2384,2587,2377,2428,2257,2342,2517,2324,2279,2608,2607,2391,2528,2386,2514,2573,2587,2507,2433,2698,2612,2488,2283,2251,2671,2577,2544,2485,2277,2374,2482,2379,2357,2406,2352,2520,2506,2391,2411,2375,2561,2294,2501,2565,2541,2419,2394,2438,2485,2443,2639,2291,2405,2620,2553,2505,2256,2313,2430,2232,2444,2478,2487,2396,2320,2447,2302,2604,2393,2553,2314,2297,2319,2300,2489,2296,2531,2742,2437,2166,2742,2294,2556,2407,2495,2560,2257,2569,2557,2469,2426,2574,2587,2594,2385,2404,2241,2535,2272,2524,2538,2570,2581,2372,2514,2551,2290,2414,2738,2508,2306,2426,2642,2228,2381,2509,2390,2521,2404,2285,2679,2443,2651,2417,2560,2234,2413,2479,2668,2307,2359,2530,2620,2373,2699,2521,2647,2549,2348,2440,2349,2387,2316,2528,2396,2492,2463,2577,2470,2602,2463,2666,2435,2445,2293,2372,2523,2262,2500,2619,2692,2585,2360,2587,2435,2549,2613,2345,2385,2366,2353,2395,2283,2593,2444,2490,2263,2497,2551,2517,2314,2310,2364,2547,2623,2724,2285,2413,2498,2642,2390,2136,2605,2793,2750,2523,2435,2355,2693,2490,2299,2411,2517,2367,2417,2248,2503,2419,2436,2504,2524,2592,2474,2326,2469,2317,2625,2273,2317,2453,2522,2332,2350,2763,2583,2614,2550,2592,2353,2404,2646,2503,2652,2592,2540,2600,2539,2330,2327,2421,2497,2601,2555,2501,2481,2294,2421,2532,2620,2136,2576,2475,2487,2819,2333,2393,2451,2429,2437,2223,2540,2523,2367,2606,2370,2540,2411,2416,2344,2579,2150,2540,2372,2488,2405,2578,2306,2146,2456,2504,2511,2413,2357,2597,2259,2547,2404,2306,2286,2552,2404,2594,2505,2363,2563,2378,2435,2515,2354,2469,2534,2174,2505,2213,2493,2527,2528,2511,2242,2480,2527,2599,2680,2534,2279,2316,2682,2273,2504,2551,2330,2439,2453,2565,2321,2270,2478,2398,2568,2627,2379,2557,2333,2232,2255,2472,2538,2676,2527,2431,2440,2556,2589,2372,2526,2458,2476,2444,2694,2327,2387,2592,2355,2446,2472,2547,2536,2488,2470,2608,2371,2509,2649,2702,2468,2529,2406,2409,2437,2190,2428,2328,2682,2543,2407,2556,2412,2456,2318,2422,2555,2487,2582,2535,2388,2191,2452,2581,2438,2455,2454,2232,2395,2352,2419,2729,2466,2465,2539,2417,2241,2629,2391,2496,2439,2692,2499,2473,2548,2367,2611,2494,2429,2470,2571,2585,2495,2540,2469,2413,2478,2528,2377,2392,2373,2456,2455,2495,2331,2269,2388,2709,2317,2356,2387,2448,2395,2229,2321,2389,2457,2583,2551,2567,2316,2274,2416,2376,2522,2571,2378,2446,2537,2778,2508,2451,2553,2470,2394,2253,2489,2317,2514,2534,2530,2235,2380,2362,2475,2381,2544,2615,2376,2465,2516,2514,2451,2394,2323,2288,2598,2457,2425,2433,2700,2378,2267,2474,2292,2465,2532,2499,2458,2424,2255,2349,2247,2479,2355,2272,2414,2579,2516,2422,2516,2208,2522,2166,2245
2372,2341,2308,2376,2203,2186,2428,2146,2419,2337,2441,2366,2511,2284,2308,2165,2355,2460,2193,2373,2643,2225,2338,2452,2360,2419,2233,2151,2387,2222,2319,2381,2277,2510,2499,2546,2388,2436,2412,2385,2245,2320,2232,2189,2313,2442,2124,2426,2269,2361,2300,2512,2310,2090,2617,2409,2299,2743,2476,2245,2205,2404,2469,2336,2499,2336,2393,2156,2439,2535,2501,2445,2418,2478,2370,2413,2504,2173,2482,2319,2270,2482,2591,2491,2401,2439,2359,2368,2370,2505,1989,2142,2384,2209,2387,2646,2550,2411,2231,2435,2280,2372,2457,2500,2462,2275,2288,2243,2606,2384,2453,2398,2578,2297,2420,2343,2330,2338,2378,2113,2479,2228,2331,2466,2349,2479,2506,2201,2359,2360,2454,2367,2401,2253,2466,2366,2305,2373,2247,2479,2387,2365,2459,2388,2227,2523,2243,2411,2580,2410,2386,2190,2129,2410,2459,2162,2459,2199,2487,2271,2349,2378,2468,2435,2431,2345,2315,2281,2398,2258,2243,2417,2215,2298,2569,2560,2326,2315,2194,2463,2318,2441,2217,2417,2357,2454,2335,2315,2444,2285,2582,2286,2389,2375,2414,2610,2404,2253,2249,2473,2544,2347,2419,2230,2324,2312,2401,2332,2386,2195,2479,2288,2427,2205,2369,2240,2410,2179,2266,2290,2416,2367,2307,2568,2494,2386,2243,2214,2327,2375,2298,2516,2272,2524,2346,2330,2180,2359,2629,2393,2391,2348,2403,2534,2371,2282,2440,2466,2621,2551,2203,2257,2359,2422,2510,2323,2407,2359,2205,2351,2537,2348,2265,2323,2490,2440,2195,2395,2518,2325,2172,2224,2459,2341,2298,2351,2368,2383,2427,2351,2387,2150,2366,2252,2464,2375,2315,2439,2510,2335,2206,2319,2487,2477,2376,2427,2127,2142,2402,2458,2167,2387,2302,2509,2427,2402,2415,2422,2441,2383,2526,2398,2244,2424,2336,2219,2269,2478,2336,2414,2311,2270,2511,2386,2299,2361,2346,2371,2298,2429,2477,2449,2351,2214,2481,2469,2491,2290,2370,2471,2353,2095,2250,2295,2430,2313,2297,2432,2348,2318,2493,2434,2251,2465,2438,2299,2564,2163,2451,2250,2481,2281,2223,2321,2463,2223,2479,2226,2304,2348,2337,2445,2230,2332,2314,2316,2310,2389,2472,2345,2316,2368,2261,2499,2392,2240,2442,2409,2388,2521,2329,2492,2563,2375,2285,2345,2366,2354,2155,2248,2282,2121,2451,2313,2623,2135,2488,2261,2246,2442,2465,2102,2520,2490,2366,2425,2439,2278,2278,2478,2424,2464,2497,2489,2304,2385,2239,2302,2221,2425,2545,2217,2269,2379,2373,2622,2420,2318,2324,2386,2261,2405,2348,2452,2294,2377,2504,2539,2462,2293,2341,2434,2546,2444,2230,2273,2396,2350,2345,2331,2271,2179,2181,2213,2453,2314,2454,2489,2408,2458,2507,2455,2460,2402,2262,2411,2294,2433,2479,2500,2309,2303,2263,2292,2281,2423,2478,2342,2368,2271,2396,2360,2501,2338,2362,2243,2130,2490,2239,2189,2514,2434,2276,2464,2353,2329,2477,2470,2422,2321,2643,2597,2370,2326,2193,2555,2438,2484,2390,2169,2267,2396,2368,2331,2286,2228,2489,2516,2279,2368,2387,2493,2179,2353,2484,2454,2449,2366,2378,2459,2346,2529,2263,2436,2417,2365,2366,2191,2323,2334,2188,2327,2508,2469,2223,2261,2308,2259,2468,2353,2371,2241,2265,2232,2235,2410,2202,2488,2677,2267,2197,2599,2137,2439,2377,2420,2710,2203,2349,2429,2472,2432,2379,2556,2452,2384,2250,2099,2572,2123,2379,2467,2464,2548,2268,2414,2424,2209,2461,2668,2266,2207,2354,2549,2243,2379,2501,2376,2433,2260,2293,2573,2268,2594,2187,2513,2173,2279,2488,2487,2255,2336,2511,2460,2270,2483,2389,2517,2534,2288,2323,2275,2301,2345,2441,2279,2407,2437,2418,2332,2454,2308,2554,2432,2412,2264,2197,2429,2170,2329,2424,2600,2459,2331,2367,2312,2446,2527,2202,2389,2332,2202,2302,2274,2543,2436,2447,2280,2407,2421,2482,2329,2224,2290,2515,2572,2508,2215,2254,2418,2426,2455,2169,2532,2624,2618,2417,2463,2298,2713,2487,2149,2322,2408,2329,2353,2068,2492,2368,2468,2448,2427,2419,2325,2202,2424,2300,2613,2202,2294,2320,2491,2213,2310,2705,2472,2546,2361,2555,2346,2291,2511,2306,2545,2347,2432,2527,2402,2255,2254,2329,2379,2557,2508,2416,2349,2359,2259,2414,2538,2098,2529,2442,2278,2667,2240,2394,2419,2382,2363,2189,2423,2302,2255,2500,2311,2362,2422,2392,2312,2338,2117,2397,2295,2393,2448,2452,2200,2128,2397,2405,2351,2342,2255,2447,2085,2394,2362,2313,2232,2486,2325,2338,2420,2335,2453,2409,2332,2451,2342,2298,2497,2118,2322,2152,2397,2479,2436,2429,2140,2403,2439,2444,2575,2571,2271,2145,2531,2080,2361,2472,2371,2429,2369,2319,2333,2158,2461,2438,2412,2489,2277,2489,2311,2164,2124,2367,2423,2451,2451,2412,2285,2382,2496,2336,2396,2309,2386,2374,2458,2365,2346,2553,2331,2274,2327,2466,2495,2297,2343,2557,2297,2344,2338,2644,2467,2363,2372,2271,2341,2071,2272,2158,2544,2454,2494,2539,2357,2395,2394,2392,2537,2356,2520,2370,2314,2140,2355,2409,2352,2454,2269,2212,2337,2369,2338,2564,2418,2333,2319,2276,2211,2524,2301,2426,2349,2531,2338,2454,2433,2416,2542,2368,2331,2210,2492,2611,2483,2530,2405,2310,2356,2342,2298,2393,2343,2406,2324,2395,2280,2098,2324,2526,2292,2291,2404,2360,2319,2218,2323,2326,2364,2529,2451,2455,2242,2167,2331,2359,2452,2590,2324,2397,2382,2659,2408,2374,2508,2399,2257,2277,2485,2322,2424,2458,2498,2124,2345,2266,2402,2240,2379,2564,2336,2346,2437,2425,2309,2319,2315,2302,2538,2367,2403,2442,2647,2354,2214,2468,2187,2411,2479,2358,2368,2417,2161,2241,2269,2453,2314,2268,2398,2461,2388,2415,2518,2164,2331,2198,2309
2441,2468,2418,2536,2355,2347,2550,2196,2441,2487,2506,2508,2532,2384,2439,2288,2425,2558,2278,2476,2620,2265,2320,2671,2437,2392,2282,2259,2505,2308,2402,2322,2359,2485,2517,2648,2527,2522,2324,2380,2365,2488,2354,2342,2312,2437,2179,2493,2425,2601,2391,2596,2331,2159,2559,2470,2417,2750,2443,2270,2221,2509,2617,2465,2428,2486,2509,2230,2550,2515,2614,2529,2540,2476,2447,2614,2542,2280,2597,2335,2337,2476,2578,2598,2541,2533,2463,2358,2383,2488,2074,2241,2457,2386,2437,2637,2643,2516,2355,2579,2346,2420,2545,2554,2417,2355,2363,2213,2603,2556,2529,2421,2604,2459,2506,2434,2515,2466,2491,2227,2526,2414,2322,2530,2355,2561,2635,2316,2403,2366,2577,2371,2507,2462,2590,2441,2357,2393,2386,2484,2401,2442,2588,2523,2360,2611,2373,2513,2707,2476,2532,2349,2127,2489,2528,2278,2433,2341,2439,2422,2383,2408,2621,2478,2510,2255,2460,2371,2444,2326,2204,2615,2303,2384,2729,2606,2441,2416,2306,2491,2344,2481,2285,2490,2469,2579,2450,2386,2464,2393,2549,2310,2415,2492,2528,2752,2546,2411,2453,2520,2668,2378,2463,2239,2436,2331,2543,2417,2437,2271,2501,2272,2532,2368,2406,2293,2439,2260,2277,2256,2436,2418,2347,2659,2567,2455,2271,2466,2486,2367,2395,2554,2392,2556,2424,2428,2323,2497,2748,2497,2306,2437,2388,2527,2438,2264,2540,2651,2728,2710,2364,2330,2381,2457,2686,2394,2334,2508,2319,2488,2475,2451,2400,2537,2561,2426,2302,2482,2706,2495,2226,2296,2480,2452,2338,2494,2382,2428,2357,2418,2510,2169,2382,2295,2503,2386,2341,2518,2617,2441,2306,2475,2581,2550,2437,2469,2171,2201,2587,2444,2227,2412,2344,2621,2581,2384,2487,2417,2521,2419,2543,2516,2345,2546,2355,2372,2359,2516,2371,2523,2404,2370,2495,2518,2365,2411,2439,2471,2457,2544,2445,2499,2309,2238,2497,2573,2598,2366,2413,2409,2529,2396,2321,2331,2514,2426,2431,2474,2426,2501,2517,2461,2293,2520,2436,2434,2702,2243,2474,2340,2485,2366,2291,2357,2657,2260,2564,2286,2357,2472,2315,2574,2240,2491,2486,2390,2339,2634,2564,2439,2382,2541,2359,2623,2566,2298,2607,2584,2463,2581,2343,2664,2675,2503,2405,2431,2489,2433,2182,2393,2455,2255,2505,2328,2636,2304,2436,2343,2352,2368,2531,2212,2510,2567,2518,2560,2482,2354,2394,2510,2554,2609,2465,2536,2323,2467,2382,2376,2367,2505,2692,2284,2242,2433,2392,2708,2569,2480,2377,2469,2310,2461,2454,2620,2471,2516,2656,2563,2607,2333,2498,2561,2532,2511,2348,2354,2321,2435,2431,2315,2372,2252,2297,2286,2503,2313,2512,2674,2527,2523,2579,2572,2428,2385,2387,2516,2401,2464,2654,2471,2462,2504,2195,2381,2391,2487,2607,2362,2408,2414,2449,2380,2543,2440,2375,2294,2229,2507,2323,2336,2621,2471,2218,2415,2342,2431,2490,2678,2527,2306,2662,2644,2411,2424,2274,2642,2499,2618,2397,2223,2426,2586,2473,2374,2366,2370,2523,2627,2328,2595,2416,2676,2243,2419,2574,2550,2400,2435,2473,2626,2446,2550,2263,2526,2426,2468,2459,2303,2381,2467,2237,2467,2513,2531,2334,2335,2427,2303,2563,2407,2481,2264,2310,2311,2324,2409,2280,2548,2684,2509,2202,2709,2245,2539,2466,2478,2692,2213,2578,2478,2535,2553,2432,2618,2561,2365,2353,2188,2621,2230,2545,2559,2498,2619,2342,2613,2504,2388,2484,2677,2412,2256,2445,2479,2287,2476,2481,2450,2465,2367,2310,2605,2364,2826,2416,2455,2309,2206,2477,2682,2311,2363,2647,2524,2395,2568,2451,2550,2503,2434,2502,2406,2316,2368,2467,2405,2429,2503,2473,2408,2474,2570,2714,2414,2406,2311,2415,2478,2221,2395,2581,2652,2587,2385,2427,2481,2519,2596,2423,2467,2464,2299,2425,2350,2634,2533,2412,2257,2397,2485,2463,2365,2245,2319,2589,2618,2681,2200,2322,2432,2454,2396,2232,2591,2710,2749,2511,2511,2363,2744,2517,2239,2373,2411,2441,2436,2181,2445,2409,2533,2505,2584,2452,2445,2332,2479,2307,2673,2233,2372,2445,2492,2301,2368,2669,2561,2643,2445,2521,2381,2429,2632,2383,2649,2502,2454,2661,2477,2405,2328,2377,2466,2618,2557,2387,2413,2477,2367,2437,2657,2103,2638,2393,2365,2867,2349,2517,2314,2481,2404,2263,2506,2542,2271,2511,2430,2476,2469,2469,2325,2537,2220,2464,2433,2518,2492,2615,2409,2201,2435,2496,2462,2465,2348,2557,2203,2443,2461,2311,2319,2661,2403,2470,2510,2367,2629,2508,2389,2540,2436,2417,2537,2098,2548,2321,2471,2556,2510,2454,2316,2401,2403,2596,2575,2626,2357,2321,2579,2310,2459,2476,2471,2412,2420,2370,2308,2340,2528,2546,2477,2678,2391,2485,2346,2154,2309,2424,2556,2711,2504,2417,2354,2555,2693,2430,2488,2385,2409,2459,2621,2373,2414,2551,2363,2343,2486,2564,2437,2344,2413,2602,2364,2471,2362,2778,2550,2524,2424,2365,2383,2179,2425,2221,2638,2537,2549,2531,2420,2414,2427,2481,2469,2297,2607,2502,2404,2236,2404,2525,2453,2512,2424,2276,2372,2343,2425,2679,2426,2395,2456,2314,2300,2645,2318,2510,2352,2667,2434,2567,2533,2449,2517,2547,2404,2327,2589,2621,2480,2603,2450,2475,2489,2403,2324,2429,2456,2505,2449,2503,2426,2226,2430,2642,2437,2370,2404,2396,2445,2346,2373,2393,2578,2640,2515,2486,2367,2250,2422,2451,2494,2640,2425,2453,2493,2809,2563,2597,2492,2480,2298,2296,2544,2495,2442,2506,2594,2173,2316,2406,2440,2359,2549,2745,2394,2452,2507,2425,2415,2343,2429,2382,2664,2505,2454,2486,2699,2450,2254,2560,2344,2534,2557,2475,2477,2382,2179,2270,2261,2533,2376,2361,2460,2483,2518,2455,2526,2205,2431,2313,2212
2358,2304,2384,2511,2232,2310,2358,2156,2421,2369,2447,2445,2478,2285,2315,2225,2278,2535,2149,2430,2509,2252,2261,2548,2367,2325,2180,2112,2424,2318,2384,2363,2360,2421,2450,2499,2430,2527,2305,2421,2322,2354,2407,2335,2234,2374,2088,2366,2189,2321,2334,2366,2220,2217,2467,2376,2385,2620,2273,2294,2250,2360,2529,2364,2384,2412,2379,2228,2453,2454,2540,2425,2339,2427,2472,2617,2404,2196,2517,2298,2289,2473,2515,2482,2515,2415,2290,2326,2376,2359,2144,2138,2407,2345,2357,2563,2558,2417,2194,2481,2257,2341,2441,2536,2432,2254,2376,2167,2596,2498,2372,2426,2541,2292,2434,2280,2466,2346,2507,2183,2444,2303,2206,2507,2325,2404,2393,2308,2301,2328,2421,2338,2417,2316,2480,2366,2275,2318,2344,2459,2389,2270,2487,2374,2371,2491,2272,2461,2560,2446,2502,2269,2121,2377,2381,2277,2425,2353,2382,2398,2244,2273,2486,2389,2461,2182,2310,2224,2409,2359,2175,2440,2258,2355,2582,2493,2315,2402,2246,2519,2307,2424,2218,2486,2424,2420,2429,2371,2419,2383,2428,2225,2295,2443,2397,2554,2427,2327,2384,2458,2496,2321,2379,2152,2337,2214,2385,2230,2355,2296,2363,2199,2490,2274,2390,2346,2348,2147,2204,2198,2314,2233,2341,2479,2436,2389,2294,2330,2477,2401,2300,2434,2240,2465,2371,2311,2170,2432,2594,2433,2317,2368,2386,2480,2380,2219,2422,2512,2667,2523,2279,2303,2292,2322,2617,2384,2273,2355,2269,2418,2483,2361,2277,2326,2409,2365,2264,2385,2708,2296,2200,2140,2415,2378,2254,2310,2371,2449,2378,2301,2327,2181,2313,2246,2490,2465,2322,2475,2448,2344,2210,2318,2426,2536,2349,2469,2153,2239,2392,2451,2168,2385,2256,2557,2404,2371,2423,2425,2407,2274,2386,2313,2254,2528,2277,2231,2195,2395,2271,2431,2290,2225,2553,2475,2225,2397,2583,2396,2291,2446,2400,2422,2282,2223,2364,2540,2575,2219,2359,2389,2384,2279,2248,2224,2549,2303,2361,2358,2394,2453,2382,2350,2249,2479,2389,2340,2638,2145,2423,2272,2372,2299,2207,2274,2428,2170,2438,2276,2271,2320,2342,2423,2184,2489,2411,2309,2250,2459,2488,2434,2242,2490,2220,2514,2452,2203,2506,2407,2343,2319,2292,2533,2531,2393,2321,2295,2474,2356,2107,2339,2310,2155,2393,2347,2521,2238,2356,2278,2332,2311,2384,2226,2395,2385,2363,2531,2332,2226,2288,2360,2422,2391,2491,2468,2264,2375,2281,2316,2240,2329,2493,2297,2067,2317,2330,2613,2427,2329,2246,2365,2205,2401,2244,2405,2391,2483,2447,2351,2488,2349,2388,2411,2445,2510,2266,2410,2235,2349,2320,2193,2221,2145,2279,2207,2385,2296,2469,2530,2330,2475,2437,2543,2362,2389,2323,2384,2219,2361,2535,2412,2402,2314,2214,2291,2253,2323,2494,2245,2312,2288,2531,2372,2461,2405,2371,2228,2109,2431,2300,2223,2551,2374,2157,2354,2300,2370,2496,2431,2363,2385,2485,2535,2390,2356,2212,2536,2366,2523,2342,2291,2250,2409,2321,2344,2223,2269,2396,2621,2283,2473,2313,2648,2176,2357,2403,2457,2406,2261,2306,2511,2311,2394,2215,2382,2497,2459,2262,2269,2215,2369,2282,2297,2531,2368,2224,2232,2298,2237,2532,2336,2475,2158,2280,2276,2323,2301,2333,2495,2624,2340,2147,2574,2088,2445,2500,2447,2528,2141,2469,2504,2325,2394,2390,2469,2427,2269,2245,2169,2584,2251,2567,2562,2402,2482,2145,2411,2418,2322,2399,2733,2292,2093,2341,2387,2209,2328,2315,2345,2455,2258,2217,2431,2252,2599,2256,2480,2264,2275,2452,2502,2240,2350,2564,2380,2275,2463,2326,2460,2494,2340,2448,2204,2376,2299,2419,2344,2448,2411,2347,2372,2288,2457,2581,2454,2327,2262,2263,2547,2172,2320,2449,2580,2451,2395,2344,2394,2354,2493,2303,2303,2327,2285,2376,2279,2405,2513,2357,2207,2370,2392,2501,2393,2167,2406,2552,2577,2521,2116,2241,2356,2489,2422,2126,2486,2448,2612,2553,2311,2264,2516,2438,2137,2262,2324,2266,2339,2131,2377,2309,2444,2275,2403,2331,2294,2281,2364,2302,2531,2185,2306,2319,2446,2166,2297,2521,2343,2609,2373,2424,2242,2360,2395,2293,2574,2492,2459,2619,2402,2376,2273,2426,2458,2615,2368,2357,2264,2377,2366,2300,2450,2080,2577,2343,2281,2748,2282,2403,2317,2355,2276,2106,2320,2414,2132,2426,2344,2287,2461,2386,2379,2414,2095,2349,2326,2365,2480,2589,2198,2161,2484,2462,2374,2330,2199,2395,2110,2316,2440,2261,2249,2551,2269,2384,2354,2288,2536,2436,2335,2416,2341,2319,2442,2033,2320,2235,2332,2453,2383,2365,2298,2272,2360,2491,2529,2607,2331,2222,2522,2193,2308,2398,2317,2326,2366,2358,2285,2215,2407,2370,2412,2588,2294,2387,2371,2158,2280,2348,2305,2491,2474,2357,2322,2368,2527,2365,2408,2274,2330,2399,2487,2313,2340,2565,2346,2279,2460,2412,2370,2293,2368,2487,2301,2414,2415,2621,2507,2384,2352,2310,2396,2063,2326,2257,2588,2381,2573,2345,2374,2262,2416,2413,2456,2387,2474,2371,2322,2088,2295,2378,2496,2390,2299,2192,2347,2368,2329,2524,2415,2315,2315,2219,2123,2464,2243,2363,2341,2619,2295,2402,2429,2374,2626,2394,2363,2300,2479,2502,2517,2436,2341,2345,2463,2284,2262,2359,2435,2351,2451,2442,2283,2084,2250,2503,2415,2347,2420,2399,2360,2287,2313,2354,2319,2448,2395,2406,2217,2258,2182,2319,2536,2552,2333,2493,2412,2592,2478,2429,2466,2326,2178,2239,2431,2335,2435,2403,2602,2173,2378,2214,2376,2362,2367,2642,2305,2365,2414,2358,2331,2335,2396,2340,2569,2355,2420,2330,2527,2278,2191,2453,2182,2396,2538,2330,2367,2360,2161,2316,2165,2503,2267,2311,2452,2438,2488,2291,2416,2194,2413,2218,2227
2465,2396,2454,2593,2418,2285,2514,2247,2421,2395,2555,2462,2589,2342,2478,2473,2421,2606,2304,2567,2559,2348,2346,2742,2326,2474,2230,2167,2459,2326,2401,2410,2349,2594,2595,2561,2452,2559,2364,2382,2439,2509,2534,2329,2205,2503,2190,2451,2309,2533,2447,2501,2341,2309,2527,2432,2502,2704,2400,2348,2439,2453,2587,2332,2460,2520,2452,2212,2590,2541,2590,2570,2479,2521,2568,2658,2524,2295,2590,2272,2487,2381,2596,2622,2543,2502,2408,2395,2392,2559,2175,2298,2420,2368,2503,2731,2658,2484,2232,2600,2384,2521,2588,2577,2460,2385,2545,2316,2594,2536,2573,2514,2662,2356,2476,2382,2450,2460,2480,2205,2517,2455,2163,2558,2387,2553,2508,2341,2429,2315,2584,2358,2512,2531,2580,2415,2359,2383,2360,2519,2461,2436,2543,2482,2317,2606,2283,2426,2562,2506,2569,2278,2136,2504,2477,2348,2475,2440,2471,2579,2265,2441,2605,2425,2518,2255,2403,2305,2392,2457,2221,2555,2317,2365,2636,2584,2455,2483,2278,2497,2367,2312,2416,2537,2468,2497,2354,2351,2369,2356,2570,2216,2318,2360,2508,2655,2548,2406,2460,2487,2708,2458,2507,2225,2514,2253,2595,2339,2391,2394,2529,2285,2559,2340,2355,2362,2354,2275,2343,2298,2481,2318,2447,2564,2617,2506,2249,2389,2530,2401,2317,2441,2318,2550,2450,2480,2186,2413,2548,2533,2297,2469,2564,2671,2546,2262,2442,2591,2727,2590,2337,2410,2379,2385,2662,2459,2406,2393,2359,2414,2597,2429,2344,2489,2455,2339,2308,2470,2683,2436,2244,2302,2486,2408,2331,2347,2476,2470,2396,2445,2497,2143,2168,2385,2504,2493,2442,2525,2611,2565,2312,2365,2608,2695,2372,2532,2226,2272,2513,2468,2267,2415,2224,2600,2510,2404,2430,2514,2548,2355,2396,2533,2326,2526,2362,2315,2322,2498,2282,2530,2466,2383,2577,2478,2380,2582,2564,2410,2430,2561,2511,2457,2326,2360,2437,2523,2562,2346,2390,2381,2478,2345,2235,2382,2593,2399,2410,2378,2472,2568,2565,2410,2342,2490,2366,2437,2672,2157,2509,2359,2444,2409,2252,2300,2472,2418,2548,2354,2343,2370,2335,2529,2317,2641,2565,2353,2386,2501,2605,2393,2391,2600,2250,2640,2490,2351,2585,2499,2408,2460,2401,2645,2622,2399,2523,2417,2551,2528,2107,2476,2306,2233,2545,2460,2545,2261,2469,2298,2407,2366,2468,2283,2407,2549,2471,2575,2621,2477,2441,2453,2442,2500,2444,2453,2429,2435,2381,2421,2355,2449,2723,2388,2193,2349,2395,2613,2514,2445,2401,2414,2279,2474,2370,2390,2515,2550,2562,2483,2557,2341,2472,2535,2497,2588,2267,2415,2254,2398,2412,2345,2384,2276,2369,2321,2576,2254,2525,2655,2405,2525,2501,2512,2429,2443,2313,2436,2343,2423,2660,2479,2419,2439,2277,2359,2391,2447,2518,2419,2368,2276,2513,2420,2512,2437,2427,2297,2171,2451,2268,2268,2630,2455,2235,2390,2307,2532,2604,2643,2508,2312,2588,2623,2423,2495,2226,2553,2376,2509,2485,2309,2453,2429,2509,2277,2364,2338,2606,2733,2379,2525,2559,2717,2275,2504,2448,2559,2440,2451,2413,2544,2451,2468,2344,2406,2516,2429,2402,2425,2357,2460,2304,2364,2553,2457,2289,2389,2347,2313,2610,2399,2517,2236,2227,2377,2332,2505,2405,2516,2665,2351,2216,2620,2220,2547,2552,2407,2719,2237,2570,2550,2434,2471,2429,2626,2572,2439,2316,2287,2653,2365,2533,2697,2503,2437,2373,2507,2525,2528,2522,2640,2373,2317,2463,2469,2251,2321,2496,2444,2555,2349,2339,2590,2414,2733,2300,2428,2297,2231,2462,2546,2266,2363,2548,2514,2395,2493,2444,2555,2507,2494,2555,2386,2357,2498,2600,2409,2498,2541,2455,2301,2350,2473,2618,2537,2431,2344,2410,2518,2229,2439,2566,2734,2614,2422,2440,2485,2449,2728,2221,2428,2479,2457,2573,2453,2586,2555,2373,2346,2390,2482,2529,2376,2250,2442,2632,2650,2585,2287,2379,2467,2531,2453,2330,2512,2571,2706,2503,2556,2296,2690,2491,2373,2399,2458,2341,2424,2214,2502,2388,2493,2424,2514,2362,2515,2377,2469,2442,2547,2292,2310,2411,2485,2298,2344,2621,2428,2675,2437,2405,2267,2574,2605,2330,2592,2597,2487,2637,2507,2420,2284,2464,2469,2656,2500,2309,2338,2448,2455,2373,2575,2182,2768,2428,2438,2845,2356,2461,2435,2487,2403,2216,2531,2472,2220,2478,2344,2438,2614,2370,2370,2448,2191,2406,2473,2444,2555,2726,2373,2230,2456,2580,2351,2394,2316,2458,2151,2453,2516,2446,2265,2580,2446,2484,2527,2324,2597,2496,2358,2481,2449,2393,2609,2120,2348,2290,2455,2536,2494,2445,2295,2298,2356,2542,2544,2675,2310,2532,2594,2336,2362,2431,2361,2430,2365,2371,2416,2402,2484,2482,2430,2665,2368,2526,2359,2122,2277,2395,2451,2637,2548,2400,2236,2311,2623,2408,2517,2346,2389,2494,2551,2331,2470,2618,2458,2370,2591,2414,2439,2360,2480,2622,2444,2340,2527,2761,2538,2367,2409,2345,2358,2178,2358,2278,2611,2596,2653,2480,2406,2335,2402,2440,2439,2361,2529,2483,2365,2244,2339,2345,2532,2442,2304,2287,2414,2493,2407,2479,2446,2326,2408,2296,2247,2551,2366,2518,2533,2696,2387,2418,2451,2385,2568,2522,2494,2396,2570,2567,2582,2592,2501,2453,2389,2331,2318,2496,2448,2439,2445,2409,2633,2185,2380,2628,2553,2362,2393,2510,2455,2388,2497,2474,2458,2473,2522,2455,2326,2340,2326,2390,2633,2609,2454,2603,2580,2606,2518,2504,2566,2302,2250,2291,2548,2408,2477,2453,2533,2226,2329,2234,2489,2369,2443,2722,2366,2453,2543,2517,2359,2349,2415,2375,2714,2400,2445,2462,2673,2414,2253,2496,2199,2430,2612,2434,2436,2323,2148,2374,2260,2518,2513,2313,2551,2482,2464,2393,2433,2185,2400,2356,2335
2515,2383,2510,2587,2349,2289,2492,2157,2426,2436,2554,2390,2531,2357,2442,2322,2418,2564,2286,2585,2509,2308,2259,2638,2402,2433,2251,2267,2533,2334,2392,2429,2405,2539,2475,2528,2375,2505,2304,2479,2577,2447,2586,2327,2221,2405,2175,2515,2390,2474,2513,2429,2354,2282,2484,2542,2500,2772,2466,2467,2529,2505,2485,2359,2516,2535,2508,2252,2576,2473,2622,2509,2483,2529,2552,2557,2537,2361,2563,2298,2432,2411,2443,2555,2481,2473,2486,2392,2349,2554,2202,2237,2467,2359,2523,2806,2572,2454,2347,2662,2408,2491,2570,2671,2521,2405,2537,2223,2493,2501,2504,2463,2680,2286,2452,2368,2466,2486,2456,2293,2448,2429,2277,2442,2344,2577,2522,2427,2386,2354,2541,2343,2558,2491,2646,2460,2369,2454,2309,2579,2442,2412,2540,2387,2342,2508,2378,2494,2660,2480,2535,2357,2213,2403,2479,2387,2509,2346,2544,2499,2393,2398,2686,2461,2382,2327,2420,2293,2486,2402,2132,2484,2326,2353,2703,2748,2425,2514,2309,2528,2308,2506,2317,2629,2498,2518,2431,2358,2473,2299,2574,2344,2376,2328,2421,2644,2483,2432,2397,2571,2720,2380,2549,2283,2528,2318,2587,2234,2391,2267,2431,2303,2493,2306,2377,2250,2359,2259,2300,2281,2517,2248,2419,2630,2538,2449,2454,2499,2602,2399,2368,2565,2239,2531,2527,2470,2299,2534,2594,2479,2370,2515,2599,2553,2490,2251,2445,2558,2722,2736,2382,2513,2362,2336,2764,2436,2346,2413,2272,2430,2711,2484,2368,2517,2494,2355,2379,2409,2751,2352,2222,2214,2465,2482,2384,2423,2435,2549,2390,2473,2454,2180,2308,2390,2539,2448,2420,2527,2642,2522,2317,2437,2593,2654,2471,2543,2179,2251,2561,2476,2269,2403,2404,2501,2503,2389,2414,2415,2406,2376,2438,2413,2226,2485,2330,2350,2285,2522,2338,2579,2445,2364,2579,2545,2273,2527,2494,2306,2432,2483,2468,2511,2206,2427,2422,2523,2500,2389,2460,2465,2489,2403,2228,2367,2534,2316,2309,2402,2409,2554,2490,2422,2354,2454,2367,2402,2659,2157,2479,2449,2397,2322,2379,2168,2523,2280,2532,2336,2420,2328,2317,2504,2227,2667,2508,2313,2392,2536,2731,2363,2251,2563,2328,2542,2478,2388,2616,2530,2515,2388,2414,2629,2539,2336,2433,2343,2558,2556,2212,2382,2359,2154,2487,2528,2504,2318,2597,2364,2444,2319,2379,2427,2430,2515,2477,2596,2561,2513,2434,2466,2492,2390,2512,2565,2358,2492,2375,2489,2326,2434,2738,2350,2200,2354,2320,2696,2425,2398,2307,2500,2312,2403,2379,2363,2518,2550,2510,2404,2503,2342,2455,2470,2589,2546,2170,2512,2353,2377,2318,2335,2302,2307,2333,2349,2551,2296,2652,2671,2410,2399,2624,2554,2434,2480,2440,2613,2425,2550,2631,2505,2444,2355,2331,2400,2361,2389,2495,2310,2390,2273,2459,2489,2535,2358,2397,2391,2201,2529,2420,2279,2519,2465,2193,2353,2429,2482,2617,2545,2462,2408,2645,2600,2442,2392,2265,2516,2404,2459,2424,2317,2367,2483,2475,2327,2370,2290,2557,2811,2274,2431,2456,2803,2331,2495,2460,2604,2435,2419,2430,2499,2367,2406,2373,2498,2529,2485,2451,2467,2316,2248,2279,2348,2561,2421,2287,2387,2315,2331,2486,2288,2486,2322,2277,2373,2330,2482,2425,2463,2672,2375,2319,2511,2426,2455,2572,2422,2658,2291,2545,2457,2470,2477,2443,2662,2467,2442,2401,2290,2662,2357,2526,2770,2537,2453,2366,2552,2467,2492,2526,2767,2292,2258,2479,2589,2273,2331,2516,2442,2585,2311,2272,2539,2375,2784,2324,2467,2245,2294,2535,2514,2464,2228,2632,2538,2283,2433,2468,2538,2499,2423,2551,2374,2387,2374,2541,2465,2418,2455,2409,2355,2332,2483,2606,2472,2399,2277,2297,2593,2290,2523,2538,2733,2571,2499,2470,2431,2435,2725,2388,2385,2430,2386,2552,2438,2623,2618,2435,2259,2432,2499,2616,2336,2281,2599,2709,2616,2580,2190,2309,2403,2646,2437,2431,2663,2507,2732,2622,2456,2273,2586,2462,2429,2376,2394,2394,2321,2266,2571,2414,2533,2421,2442,2455,2448,2280,2448,2257,2502,2299,2351,2449,2545,2383,2359,2640,2449,2704,2442,2394,2307,2466,2589,2418,2561,2533,2433,2673,2491,2433,2373,2463,2413,2654,2630,2424,2421,2551,2399,2418,2547,2180,2626,2357,2366,2849,2377,2371,2468,2488,2324,2129,2537,2478,2202,2381,2408,2375,2523,2458,2432,2397,2183,2492,2402,2502,2485,2746,2282,2232,2493,2591,2506,2393,2340,2409,2235,2444,2507,2388,2332,2483,2394,2398,2499,2355,2647,2519,2386,2506,2372,2335,2578,2147,2440,2274,2487,2508,2393,2385,2387,2380,2439,2583,2617,2576,2439,2414,2526,2306,2484,2457,2381,2462,2372,2464,2331,2362,2480,2463,2353,2597,2331,2495,2434,2297,2463,2435,2270,2572,2405,2398,2232,2326,2715,2439,2596,2393,2387,2479,2588,2290,2411,2544,2365,2317,2593,2399,2442,2385,2482,2747,2449,2449,2620,2734,2586,2385,2402,2495,2500,2161,2397,2369,2693,2575,2672,2450,2380,2248,2438,2552,2447,2368,2592,2531,2354,2266,2379,2393,2626,2476,2452,2200,2415,2464,2313,2502,2530,2259,2337,2284,2280,2549,2252,2497,2612,2763,2284,2542,2567,2424,2430,2446,2552,2432,2540,2466,2545,2450,2480,2381,2415,2320,2369,2584,2386,2491,2445,2469,2519,2066,2369,2545,2546,2397,2407,2583,2579,2387,2370,2403,2459,2455,2395,2441,2327,2370,2313,2371,2646,2695,2491,2503,2572,2667,2590,2528,2672,2353,2282,2340,2572,2473,2423,2466,2472,2313,2357,2305,2455,2474,2435,2739,2368,2364,2424,2564,2364,2386,2471,2493,2641,2408,2400,2407,2569,2348,2346,2444,2297,2445,2560,2420,2531,2258,2079,2427,2328,2481,2517,2379,2482,2490,2493,2376,2436,2254,2508,2371,2450
2226,2189,2278,2271,2231,2085,2254,1990,2165,2192,2252,2237,2224,2103,2270,2190,2124,2360,2028,2387,2233,2025,2120,2413,2145,2330,1981,2036,2350,2065,2105,2258,2239,2333,2222,2317,2081,2314,2077,2139,2322,2239,2392,2142,2076,2219,2065,2219,2255,2320,2176,2220,2143,2122,2133,2284,2302,2565,2362,2238,2212,2191,2259,2083,2346,2250,2366,2111,2348,2198,2247,2232,2285,2212,2251,2263,2288,2173,2358,2053,2126,2233,2262,2335,2313,2126,2176,2101,2142,2289,1885,2100,2269,2227,2237,2512,2273,2292,2070,2465,2180,2261,2317,2441,2234,2182,2317,2046,2335,2295,2282,2211,2374,2078,2412,2136,2230,2248,2274,1986,2236,2204,2071,2337,2008,2256,2202,2060,2256,2150,2287,2183,2358,2384,2295,2222,2150,2205,2033,2215,2118,2188,2352,2194,2135,2276,2197,2217,2427,2230,2378,2018,1953,2190,2199,2266,2202,2254,2231,2301,2167,2150,2370,2222,2227,2137,2202,2085,2269,2160,1967,2294,2057,2132,2398,2325,2280,2156,2059,2326,2152,2283,2292,2338,2135,2333,2236,2104,2198,2123,2271,2116,2118,2105,2146,2373,2285,2247,2066,2256,2436,2275,2222,1943,2212,2119,2207,2072,2124,2016,2259,2058,2304,2151,2064,2090,2187,1993,2085,1997,2226,1988,2192,2327,2246,2243,2185,2286,2215,2193,2079,2275,2052,2290,2272,2327,2081,2348,2312,2251,2115,2258,2351,2305,2149,2056,2204,2343,2365,2336,2121,2213,2148,2219,2420,2148,2158,2088,2080,2166,2401,2190,2165,2242,2204,2163,2102,2243,2465,2159,1986,1986,2191,2224,2131,2184,2182,2239,2175,2243,2255,2145,2084,2010,2283,2232,2340,2288,2324,2322,2143,2124,2247,2430,2189,2260,1992,2054,2446,2330,2050,2280,2180,2137,2221,2170,2203,2176,2255,2114,2184,2223,1998,2232,2122,2119,1971,2182,2072,2373,2168,2257,2286,2247,2078,2192,2267,2117,2121,2304,2233,2238,2140,2147,2195,2228,2325,2132,2188,2186,2254,2114,2133,2279,2376,2055,2147,2151,2155,2318,2138,2164,2074,2188,2074,2219,2378,1977,2200,2172,2285,2052,2215,2004,2167,2021,2297,2069,2233,2148,2134,2321,2146,2328,2206,2090,2077,2206,2383,2082,2115,2345,2085,2260,2251,2180,2285,2085,2213,2130,2162,2245,2229,2147,2171,2129,2340,2307,1914,2167,2133,1986,2218,2234,2331,2163,2266,2083,2237,2225,2142,2131,2216,2266,2215,2247,2252,2226,2169,2219,2327,2254,2201,2384,2138,2185,2151,2118,2136,2196,2541,2178,1948,2137,2136,2358,2098,2184,2152,2219,2159,2282,2130,2177,2282,2229,2295,2235,2274,2118,2181,2254,2329,2320,2048,2208,2130,2224,2064,2127,2100,2131,2101,2164,2221,2111,2256,2473,2214,2201,2306,2234,2191,2184,2140,2320,2206,2234,2457,2249,2146,2220,2097,2254,2092,2197,2228,2224,2134,2089,2286,2144,2255,2147,2168,2165,1983,2244,2076,2125,2335,2206,2010,2131,2155,2198,2364,2282,2146,2065,2255,2319,2300,2153,2110,2223,2227,2243,2167,2119,2189,2215,2220,2039,2066,2074,2299,2475,2126,2253,2268,2457,2069,2183,2278,2262,2251,2284,2198,2379,2042,2176,2227,2084,2257,2345,2187,2262,2116,2098,2152,2009,2271,2175,2080,2304,2112,2151,2241,2040,2323,2066,2090,2138,2025,2127,2170,2188,2416,2094,2118,2273,2188,2235,2289,2133,2315,2099,2305,2272,2176,2287,2226,2364,2186,2231,2142,2036,2407,2103,2253,2390,2250,2264,2167,2280,2271,2171,2320,2387,2086,2023,2205,2250,2027,2089,2318,2249,2272,2063,2063,2196,2158,2427,2174,2186,2129,2011,2238,2288,2163,2038,2187,2322,2133,2212,2338,2328,2206,2230,2298,2197,2223,2233,2306,2203,2197,2299,2114,2168,2067,2231,2400,2274,2152,2128,2064,2335,2119,2314,2223,2404,2373,2242,2163,2182,2164,2412,2133,2167,2166,2103,2268,2329,2421,2418,2118,2045,2215,2224,2297,2074,1964,2325,2449,2386,2321,1972,2161,2143,2330,2213,2167,2356,2236,2362,2364,2201,2049,2290,2294,2153,2173,2130,2103,2072,1985,2254,2156,2240,2196,2322,2094,2175,2078,2204,2156,2180,2155,2094,2273,2299,2171,2127,2389,2120,2361,2262,2222,2053,2231,2307,2143,2388,2290,2255,2394,2262,2230,2142,2246,2207,2334,2456,2164,2192,2303,2272,2167,2224,1972,2347,2197,2134,2507,2015,2127,2285,2149,2069,1919,2240,2185,2030,2221,2273,2190,2374,2286,2124,2203,1935,2253,2158,2214,2198,2455,2125,1974,2270,2383,2185,2165,2113,2263,1931,2187,2284,2153,1943,2235,2167,2324,2231,2178,2374,2253,2079,2247,2164,2172,2376,1960,2113,1957,2300,2314,2243,2252,2097,2108,2200,2337,2366,2418,2227,2359,2341,2028,2224,2188,2118,2263,2212,2142,2025,2119,2278,2163,2207,2253,2032,2310,2253,2105,2170,2192,2166,2327,2180,2187,2109,2113,2353,2095,2311,2000,2214,2227,2255,2196,2106,2187,2113,2115,2318,2301,2239,2260,2244,2426,2203,2142,2336,2511,2337,2134,2119,2229,2239,1980,2205,2205,2327,2253,2417,2266,2078,2015,2147,2190,2099,2150,2250,2264,2206,2010,2199,2141,2359,2152,2117,2003,2146,2290,2088,2335,2183,2083,2039,2065,2075,2369,2068,2192,2240,2435,2106,2263,2286,2139,2284,2132,2256,2159,2291,2314,2447,2273,2246,2159,2179,2065,2130,2287,2167,2197,2082,2111,2354,2020,2167,2315,2243,2066,2172,2329,2284,2202,2267,2105,2175,2211,2136,2282,2141,2052,2026,2166,2363,2355,2314,2257,2244,2397,2409,2267,2424,2063,2127,2106,2396,2082,2253,2169,2194,2034,2167,2031,2284,2228,2235,2383,2102,2156,2294,2283,2117,2129,2126,2282,2403,2109,2271,2268,2315,2127,2089,2223,1972,2155,2353,2220,2262,2098,1965,2258,2033,2272,2204,2149,2319,2196,2198,2120,2189,2053,2212,2030,2221
2518,2334,2549,2487,2443,2325,2508,2209,2426,2494,2442,2387,2501,2387,2419,2450,2415,2603,2185,2667,2432,2260,2395,2743,2382,2452,2173,2248,2503,2255,2370,2514,2508,2596,2385,2570,2471,2523,2236,2434,2541,2569,2666,2257,2217,2473,2390,2577,2461,2439,2441,2491,2345,2327,2373,2541,2448,2803,2522,2504,2523,2412,2435,2205,2584,2383,2423,2291,2653,2311,2639,2527,2464,2536,2410,2479,2580,2397,2566,2283,2403,2468,2427,2520,2571,2383,2493,2337,2420,2626,2181,2351,2466,2323,2409,2665,2546,2491,2242,2682,2390,2472,2555,2487,2435,2322,2477,2354,2443,2565,2548,2457,2528,2291,2532,2332,2423,2418,2517,2243,2478,2436,2330,2560,2345,2485,2546,2260,2560,2406,2523,2473,2512,2612,2525,2380,2395,2383,2286,2449,2445,2419,2600,2358,2312,2580,2416,2435,2541,2493,2524,2251,2201,2443,2498,2494,2303,2331,2509,2614,2472,2424,2600,2340,2448,2430,2394,2261,2495,2407,2297,2541,2330,2423,2666,2598,2467,2351,2352,2649,2303,2514,2489,2591,2416,2550,2444,2328,2402,2311,2544,2266,2275,2345,2377,2556,2492,2404,2385,2527,2650,2376,2589,2274,2454,2323,2630,2361,2351,2292,2370,2291,2418,2248,2303,2212,2412,2212,2332,2236,2468,2205,2442,2405,2531,2344,2439,2441,2535,2412,2306,2434,2266,2551,2470,2555,2289,2552,2653,2466,2329,2498,2612,2595,2364,2177,2460,2510,2715,2621,2560,2454,2338,2503,2732,2362,2393,2288,2322,2517,2582,2449,2367,2387,2395,2317,2449,2421,2698,2335,2240,2246,2416,2407,2439,2591,2410,2510,2359,2425,2481,2215,2234,2377,2515,2424,2537,2662,2588,2528,2313,2439,2543,2720,2450,2652,2183,2341,2705,2494,2363,2387,2346,2408,2610,2372,2443,2447,2501,2371,2388,2442,2268,2540,2343,2325,2268,2453,2333,2561,2479,2356,2530,2481,2228,2367,2476,2342,2344,2487,2513,2560,2286,2380,2563,2490,2510,2390,2470,2387,2481,2387,2330,2482,2654,2258,2385,2328,2393,2468,2454,2421,2290,2433,2287,2329,2651,2129,2493,2369,2514,2324,2388,2285,2543,2297,2487,2299,2452,2373,2292,2580,2411,2622,2604,2313,2371,2470,2644,2441,2351,2543,2398,2411,2538,2433,2549,2418,2519,2368,2434,2568,2393,2362,2527,2345,2447,2534,2146,2401,2427,2217,2589,2542,2500,2389,2479,2348,2407,2353,2413,2326,2415,2421,2505,2441,2588,2493,2462,2435,2444,2451,2342,2585,2409,2424,2405,2441,2364,2464,2722,2396,2156,2334,2335,2664,2300,2333,2216,2452,2230,2498,2345,2419,2473,2492,2461,2415,2456,2362,2452,2501,2599,2541,2286,2455,2403,2379,2330,2268,2269,2272,2316,2265,2524,2341,2582,2632,2376,2362,2504,2541,2462,2474,2452,2533,2481,2533,2591,2498,2466,2384,2278,2441,2347,2405,2414,2375,2371,2266,2478,2415,2487,2420,2475,2402,2224,2464,2313,2362,2565,2440,2165,2269,2388,2500,2608,2504,2383,2375,2657,2561,2461,2476,2292,2501,2437,2616,2452,2287,2458,2404,2383,2282,2251,2342,2574,2773,2403,2550,2442,2647,2228,2503,2477,2658,2505,2456,2501,2535,2358,2330,2496,2402,2540,2553,2468,2429,2251,2295,2299,2329,2492,2370,2407,2475,2390,2325,2445,2220,2366,2302,2405,2384,2323,2377,2385,2416,2634,2362,2421,2626,2464,2403,2457,2373,2598,2367,2508,2447,2444,2519,2507,2581,2365,2422,2345,2261,2655,2372,2579,2618,2392,2545,2407,2526,2398,2395,2556,2655,2326,2287,2465,2443,2310,2302,2452,2408,2606,2333,2304,2441,2281,2740,2376,2535,2302,2214,2443,2505,2436,2192,2467,2538,2290,2504,2474,2512,2419,2485,2644,2363,2419,2368,2462,2536,2399,2511,2376,2424,2353,2567,2545,2482,2392,2282,2221,2635,2230,2596,2552,2693,2573,2506,2403,2458,2345,2583,2290,2388,2436,2398,2570,2648,2682,2563,2366,2319,2358,2580,2598,2272,2116,2514,2665,2474,2533,2254,2333,2353,2585,2360,2434,2575,2569,2627,2543,2498,2321,2539,2614,2445,2370,2314,2380,2251,2312,2548,2283,2473,2383,2573,2341,2455,2334,2501,2316,2357,2328,2326,2500,2590,2402,2318,2570,2402,2633,2543,2443,2234,2380,2497,2479,2574,2585,2349,2631,2526,2516,2404,2447,2429,2603,2531,2343,2443,2638,2480,2392,2447,2171,2623,2406,2380,2828,2278,2457,2383,2529,2315,2170,2448,2518,2320,2536,2388,2490,2617,2507,2304,2340,2195,2503,2440,2556,2471,2786,2358,2261,2344,2617,2410,2516,2359,2446,2174,2465,2536,2489,2264,2480,2418,2466,2489,2446,2562,2510,2350,2485,2492,2399,2696,2111,2293,2237,2543,2531,2550,2396,2308,2268,2329,2466,2669,2669,2453,2584,2530,2263,2463,2376,2396,2381,2497,2367,2284,2298,2425,2560,2503,2567,2291,2487,2563,2348,2411,2477,2351,2654,2351,2466,2339,2221,2666,2478,2448,2312,2491,2473,2486,2325,2346,2417,2366,2323,2586,2550,2382,2451,2502,2682,2615,2506,2660,2655,2581,2353,2394,2353,2520,2155,2416,2508,2585,2511,2801,2441,2264,2271,2362,2521,2363,2352,2520,2561,2430,2199,2452,2402,2492,2494,2446,2227,2372,2504,2392,2457,2494,2284,2317,2232,2329,2681,2274,2486,2564,2647,2315,2472,2570,2348,2512,2453,2480,2486,2627,2495,2630,2447,2436,2381,2350,2248,2300,2440,2330,2361,2381,2364,2616,2196,2442,2483,2558,2348,2341,2512,2598,2529,2409,2365,2470,2447,2359,2496,2378,2334,2413,2350,2595,2630,2433,2546,2544,2590,2671,2453,2552,2262,2338,2337,2572,2307,2520,2478,2485,2309,2315,2230,2446,2436,2367,2684,2390,2525,2537,2394,2425,2377,2320,2480,2666,2310,2511,2463,2564,2391,2341,2488,2150,2394,2498,2427,2359,2297,2085,2613,2352,2478,2456,2451,2532,2340,2447,2412,2381,2192,2426,2369,2510
2336,2268,2466,2431,2329,2236,2433,2165,2306,2464,2410,2357,2330,2340,2363,2395,2312,2545,2077,2531,2319,2198,2262,2702,2264,2376,2204,2130,2472,2231,2337,2394,2366,2431,2431,2468,2255,2539,2224,2463,2503,2450,2500,2237,2185,2218,2255,2426,2432,2413,2336,2431,2371,2223,2332,2482,2348,2734,2327,2416,2417,2346,2307,2142,2405,2326,2394,2245,2509,2289,2481,2326,2415,2368,2366,2397,2475,2386,2478,2186,2359,2323,2359,2489,2521,2254,2380,2267,2305,2537,2170,2250,2363,2266,2415,2533,2424,2426,2145,2668,2334,2496,2490,2484,2394,2315,2389,2283,2402,2485,2466,2412,2414,2183,2432,2296,2382,2288,2461,2146,2388,2294,2158,2520,2184,2447,2417,2196,2379,2331,2437,2328,2452,2486,2451,2318,2330,2259,2160,2365,2250,2295,2522,2367,2321,2530,2280,2354,2516,2392,2451,2180,2154,2324,2406,2612,2317,2287,2511,2493,2346,2256,2510,2372,2455,2365,2418,2240,2347,2328,2123,2486,2166,2378,2516,2534,2328,2366,2293,2606,2251,2422,2279,2460,2258,2471,2322,2243,2304,2143,2455,2131,2233,2272,2237,2465,2383,2327,2271,2516,2586,2318,2391,2183,2393,2284,2513,2282,2371,2232,2236,2197,2426,2248,2199,2175,2291,2176,2320,2135,2419,2093,2330,2432,2382,2274,2428,2365,2451,2356,2258,2426,2165,2458,2433,2585,2247,2540,2438,2450,2192,2358,2527,2389,2399,2118,2350,2573,2597,2494,2457,2439,2258,2510,2620,2270,2438,2172,2230,2345,2484,2409,2421,2375,2379,2218,2332,2453,2522,2158,2285,2113,2313,2363,2366,2377,2286,2384,2279,2366,2419,2276,2236,2263,2373,2429,2473,2533,2442,2491,2274,2412,2495,2606,2349,2529,2078,2209,2575,2425,2157,2364,2296,2392,2392,2312,2339,2335,2406,2340,2268,2455,2191,2341,2291,2185,2196,2374,2219,2509,2385,2294,2460,2374,2149,2293,2486,2303,2306,2511,2413,2450,2138,2321,2385,2420,2498,2292,2290,2267,2440,2276,2261,2324,2489,2161,2434,2292,2306,2575,2302,2384,2212,2320,2256,2243,2478,2203,2302,2253,2345,2183,2309,2222,2454,2205,2388,2272,2370,2334,2287,2463,2406,2601,2439,2298,2206,2379,2545,2312,2397,2475,2282,2320,2389,2340,2386,2281,2501,2363,2393,2482,2349,2241,2320,2237,2392,2422,2066,2296,2272,2119,2364,2338,2451,2292,2464,2341,2369,2274,2205,2309,2361,2348,2411,2393,2534,2416,2379,2468,2301,2361,2411,2427,2408,2327,2357,2250,2278,2381,2691,2313,1990,2332,2303,2542,2278,2256,2257,2317,2221,2458,2232,2292,2449,2446,2437,2283,2415,2173,2442,2440,2497,2407,2231,2324,2375,2305,2123,2214,2327,2284,2443,2234,2365,2282,2515,2588,2310,2311,2421,2423,2451,2432,2330,2564,2387,2363,2629,2340,2375,2286,2295,2329,2247,2236,2321,2368,2208,2298,2378,2338,2522,2376,2357,2345,2055,2378,2256,2248,2491,2299,2058,2321,2459,2378,2519,2396,2383,2325,2512,2523,2446,2335,2166,2394,2341,2474,2358,2290,2325,2303,2374,2259,2267,2264,2524,2595,2309,2488,2389,2463,2187,2347,2440,2511,2492,2444,2394,2510,2183,2209,2397,2262,2426,2426,2363,2427,2266,2230,2144,2303,2338,2302,2329,2382,2236,2372,2315,2277,2468,2330,2237,2263,2270,2340,2343,2311,2495,2184,2447,2524,2419,2368,2409,2218,2511,2266,2477,2353,2359,2423,2499,2513,2369,2381,2368,2168,2512,2330,2537,2546,2322,2458,2323,2541,2307,2288,2449,2520,2266,2123,2346,2355,2207,2219,2436,2457,2500,2220,2263,2377,2184,2668,2302,2494,2399,2223,2480,2488,2343,2055,2381,2650,2239,2450,2375,2457,2351,2399,2516,2377,2276,2379,2421,2435,2431,2441,2254,2384,2231,2491,2508,2465,2355,2240,2223,2494,2196,2412,2405,2523,2410,2474,2293,2327,2309,2455,2220,2331,2342,2369,2455,2474,2561,2634,2363,2282,2376,2352,2540,2292,2162,2505,2546,2415,2501,2264,2254,2337,2460,2330,2244,2439,2351,2574,2527,2400,2249,2508,2476,2374,2271,2369,2311,2230,2213,2435,2271,2349,2258,2387,2262,2315,2375,2454,2228,2292,2296,2266,2355,2480,2331,2371,2555,2394,2548,2449,2377,2172,2328,2448,2343,2554,2447,2376,2541,2290,2508,2384,2394,2309,2631,2563,2298,2327,2664,2418,2380,2361,2164,2566,2334,2313,2725,2230,2367,2332,2372,2280,1930,2426,2380,2189,2459,2340,2394,2480,2633,2254,2331,2082,2395,2321,2447,2414,2520,2348,2122,2287,2548,2368,2363,2303,2460,2085,2371,2478,2417,2331,2420,2400,2392,2417,2384,2548,2471,2259,2318,2338,2316,2574,2098,2311,2126,2432,2468,2515,2468,2311,2173,2329,2384,2553,2554,2370,2403,2510,2187,2371,2111,2428,2407,2429,2284,2177,2338,2397,2434,2315,2526,2183,2574,2440,2265,2306,2285,2272,2390,2213,2236,2290,2211,2601,2357,2409,2286,2254,2379,2513,2273,2286,2371,2375,2157,2511,2562,2280,2297,2292,2566,2487,2358,2467,2602,2452,2238,2299,2381,2418,2105,2365,2367,2416,2392,2661,2326,2206,2204,2329,2370,2261,2344,2449,2513,2422,2163,2327,2244,2321,2329,2417,2113,2277,2407,2259,2497,2462,2274,2206,2266,2194,2528,2263,2357,2521,2511,2223,2387,2457,2290,2399,2406,2482,2337,2430,2473,2557,2367,2366,2414,2285,2212,2209,2403,2233,2241,2303,2320,2594,1994,2355,2424,2473,2181,2257,2558,2510,2306,2386,2333,2276,2320,2249,2368,2433,2172,2249,2255,2505,2618,2289,2393,2405,2479,2509,2437,2524,2087,2316,2215,2387,2219,2434,2333,2389,2229,2326,2257,2351,2269,2366,2608,2259,2384,2490,2270,2322,2369,2243,2461,2545,2255,2481,2231,2492,2294,2267,2375,2100,2378,2523,2310,2433,2212,1933,2466,2188,2329,2400,2287,2392,2309,2413,2426,2288,2237,2319,2270,2363
2488,2402,2555,2618,2439,2324,2437,2121,2349,2495,2527,2352,2436,2407,2437,2465,2467,2642,2226,2549,2487,2269,2317,2656,2433,2475,2250,2168,2539,2295,2312,2494,2446,2525,2546,2497,2365,2637,2421,2525,2513,2515,2612,2333,2296,2437,2321,2434,2572,2580,2411,2495,2373,2345,2408,2598,2441,2736,2507,2511,2454,2530,2283,2242,2433,2429,2386,2351,2634,2432,2584,2476,2378,2500,2470,2451,2564,2438,2603,2225,2497,2425,2448,2480,2578,2377,2509,2393,2446,2591,2184,2277,2431,2267,2567,2657,2424,2493,2257,2612,2355,2486,2661,2476,2479,2309,2457,2447,2412,2651,2598,2390,2570,2331,2573,2469,2343,2312,2452,2145,2508,2398,2241,2485,2284,2482,2565,2237,2521,2460,2526,2464,2485,2491,2570,2389,2416,2395,2384,2481,2460,2326,2533,2396,2416,2572,2469,2574,2567,2445,2652,2278,2247,2482,2454,2536,2336,2288,2612,2679,2421,2352,2537,2260,2568,2526,2473,2373,2445,2474,2230,2503,2252,2417,2593,2547,2528,2416,2343,2585,2368,2418,2377,2572,2303,2554,2434,2319,2355,2323,2625,2209,2225,2329,2443,2558,2506,2401,2474,2639,2559,2337,2540,2259,2416,2462,2520,2349,2377,2257,2372,2225,2296,2280,2249,2271,2424,2197,2404,2201,2402,2174,2502,2562,2569,2309,2466,2453,2535,2455,2334,2433,2255,2540,2461,2496,2305,2580,2480,2471,2287,2514,2506,2514,2394,2264,2442,2607,2697,2528,2581,2438,2321,2522,2761,2287,2486,2174,2358,2461,2580,2404,2513,2348,2540,2335,2272,2543,2574,2224,2410,2173,2380,2516,2474,2491,2413,2487,2391,2432,2559,2315,2266,2380,2394,2470,2609,2714,2543,2603,2367,2572,2571,2717,2456,2547,2164,2335,2689,2541,2261,2436,2443,2425,2445,2394,2466,2482,2423,2272,2429,2515,2296,2532,2439,2296,2382,2422,2315,2464,2406,2389,2496,2453,2191,2425,2608,2396,2370,2494,2445,2456,2263,2298,2497,2502,2558,2390,2473,2450,2448,2355,2390,2470,2601,2248,2366,2387,2499,2650,2400,2503,2380,2371,2294,2364,2615,2148,2469,2326,2418,2312,2398,2220,2467,2280,2483,2255,2320,2422,2397,2531,2399,2652,2497,2327,2389,2502,2712,2380,2309,2647,2367,2529,2532,2394,2477,2448,2578,2421,2411,2544,2409,2300,2436,2237,2431,2564,2131,2402,2372,2184,2487,2371,2534,2363,2499,2439,2480,2368,2399,2453,2402,2332,2536,2351,2578,2437,2431,2514,2468,2422,2500,2491,2382,2393,2398,2419,2322,2507,2745,2491,2166,2344,2445,2544,2375,2315,2318,2389,2261,2428,2287,2590,2611,2511,2456,2371,2385,2450,2462,2526,2633,2527,2248,2464,2509,2427,2239,2295,2367,2325,2400,2351,2465,2267,2577,2743,2392,2356,2499,2473,2450,2524,2405,2641,2505,2425,2619,2475,2567,2353,2371,2380,2354,2414,2430,2463,2370,2337,2359,2446,2450,2367,2431,2477,2126,2529,2311,2307,2501,2422,2154,2402,2426,2498,2692,2537,2526,2398,2568,2552,2555,2464,2225,2435,2393,2629,2320,2291,2406,2405,2449,2348,2237,2396,2662,2828,2359,2629,2353,2506,2258,2443,2441,2595,2532,2501,2458,2527,2314,2400,2507,2324,2536,2506,2392,2417,2389,2293,2273,2415,2435,2414,2399,2398,2348,2385,2443,2353,2399,2365,2325,2397,2244,2428,2331,2362,2492,2342,2580,2519,2603,2451,2452,2339,2573,2466,2626,2451,2523,2569,2410,2601,2434,2478,2352,2245,2550,2384,2493,2738,2343,2508,2439,2566,2411,2463,2485,2553,2309,2308,2450,2446,2295,2219,2488,2503,2510,2309,2370,2363,2221,2603,2375,2562,2332,2187,2548,2744,2369,2206,2487,2598,2383,2501,2468,2462,2441,2389,2646,2524,2466,2386,2410,2569,2405,2545,2301,2437,2357,2568,2583,2493,2386,2386,2217,2592,2240,2509,2500,2746,2388,2579,2365,2358,2336,2512,2315,2371,2404,2475,2546,2566,2602,2713,2481,2382,2484,2543,2607,2327,2177,2475,2754,2497,2627,2254,2252,2326,2545,2397,2469,2545,2512,2694,2499,2488,2274,2474,2680,2393,2466,2302,2371,2366,2283,2585,2277,2456,2298,2559,2273,2389,2407,2560,2321,2354,2355,2300,2528,2561,2474,2376,2504,2517,2542,2555,2576,2213,2390,2587,2414,2626,2404,2494,2539,2484,2589,2405,2579,2491,2617,2696,2335,2487,2698,2412,2441,2389,2142,2685,2364,2499,2790,2250,2471,2315,2455,2413,2051,2373,2441,2315,2447,2361,2525,2739,2715,2332,2380,2173,2470,2309,2477,2502,2606,2414,2265,2319,2508,2512,2463,2372,2363,2290,2423,2527,2556,2393,2444,2495,2483,2428,2440,2609,2527,2362,2421,2454,2433,2744,2102,2383,2236,2576,2522,2517,2457,2370,2325,2288,2511,2669,2698,2512,2557,2612,2357,2444,2337,2487,2316,2557,2407,2226,2374,2486,2538,2385,2564,2334,2573,2466,2245,2398,2467,2318,2464,2355,2346,2267,2330,2569,2429,2342,2342,2439,2460,2569,2327,2302,2331,2378,2239,2464,2557,2353,2477,2392,2669,2586,2464,2514,2640,2556,2356,2359,2416,2536,2197,2518,2512,2572,2433,2643,2430,2297,2296,2327,2573,2361,2386,2408,2575,2400,2231,2501,2398,2428,2352,2393,2148,2352,2475,2334,2489,2451,2370,2263,2239,2421,2555,2207,2518,2740,2570,2218,2532,2593,2378,2470,2510,2476,2411,2568,2537,2651,2463,2366,2472,2323,2275,2204,2405,2336,2450,2346,2373,2585,2137,2366,2576,2391,2348,2356,2611,2621,2431,2439,2387,2381,2511,2364,2453,2402,2189,2225,2419,2538,2728,2355,2451,2521,2509,2689,2529,2576,2203,2391,2289,2504,2310,2489,2361,2495,2312,2429,2187,2459,2328,2338,2686,2195,2464,2571,2301,2455,2260,2212,2553,2625,2342,2479,2328,2550,2381,2366,2571,2214,2470,2457,2390,2508,2319,1955,2466,2295,2429,2540,2381,2568,2383,2446,2344,2287,2406,2289,2467,2536
2373,2357,2438,2431,2351,2192,2450,2134,2335,2483,2358,2216,2306,2332,2446,2469,2345,2524,2053,2652,2329,2217,2320,2585,2317,2384,2186,2155,2369,2223,2308,2488,2296,2471,2396,2527,2178,2511,2304,2452,2454,2341,2520,2233,2187,2253,2240,2410,2508,2355,2268,2393,2290,2224,2269,2482,2323,2676,2360,2345,2398,2398,2246,2172,2283,2398,2317,2317,2553,2340,2419,2475,2446,2307,2430,2379,2435,2364,2577,2298,2377,2220,2345,2423,2510,2382,2451,2269,2325,2473,2158,2235,2279,2231,2396,2612,2451,2394,2087,2560,2321,2434,2534,2377,2247,2326,2509,2314,2354,2489,2479,2257,2521,2198,2419,2422,2264,2198,2566,2154,2441,2339,2155,2377,2200,2472,2523,2235,2413,2271,2392,2407,2373,2384,2481,2394,2346,2335,2302,2423,2342,2220,2519,2363,2378,2465,2362,2348,2452,2348,2441,2158,2132,2326,2390,2452,2223,2215,2414,2393,2388,2219,2492,2253,2459,2542,2505,2246,2327,2390,2132,2484,2162,2392,2444,2372,2371,2399,2265,2496,2210,2277,2324,2440,2271,2412,2434,2282,2256,2268,2473,2153,2161,2294,2377,2449,2384,2242,2358,2577,2436,2311,2384,2228,2207,2331,2535,2334,2406,2231,2274,2240,2303,2196,2194,2236,2305,2114,2341,2147,2417,2126,2331,2450,2437,2365,2286,2388,2437,2271,2142,2457,2094,2504,2407,2478,2224,2477,2392,2319,2119,2419,2431,2260,2352,2183,2363,2538,2514,2488,2427,2375,2235,2485,2593,2289,2404,2153,2314,2489,2445,2436,2498,2363,2435,2108,2309,2440,2523,2109,2392,2140,2279,2482,2382,2334,2356,2365,2209,2333,2613,2242,2250,2290,2427,2404,2542,2621,2404,2501,2345,2460,2418,2580,2346,2524,2058,2237,2547,2498,2216,2385,2374,2429,2391,2287,2486,2405,2312,2326,2362,2380,2268,2359,2391,2294,2245,2387,2318,2591,2404,2393,2377,2362,2189,2339,2452,2378,2284,2468,2439,2346,2187,2281,2396,2308,2369,2356,2457,2410,2302,2136,2310,2347,2652,2157,2307,2246,2376,2525,2281,2405,2320,2178,2297,2214,2477,2168,2386,2239,2274,2186,2350,2183,2430,2296,2513,2120,2344,2456,2383,2385,2318,2577,2396,2255,2394,2482,2531,2357,2318,2525,2356,2540,2495,2405,2374,2284,2450,2270,2405,2444,2281,2237,2326,2215,2408,2527,2057,2286,2276,2205,2415,2254,2401,2272,2495,2271,2474,2315,2363,2399,2280,2249,2374,2364,2523,2359,2405,2373,2394,2275,2286,2427,2343,2306,2351,2269,2417,2390,2578,2387,2009,2272,2317,2465,2314,2276,2281,2350,2261,2412,2253,2546,2366,2396,2341,2292,2384,2343,2355,2389,2615,2460,2206,2374,2396,2222,2111,2211,2282,2221,2411,2365,2418,2280,2466,2570,2461,2340,2379,2405,2336,2526,2363,2464,2390,2467,2513,2337,2500,2325,2240,2194,2294,2313,2351,2382,2400,2370,2334,2278,2418,2349,2302,2401,2107,2430,2222,2077,2453,2301,2088,2398,2419,2305,2619,2335,2416,2302,2491,2431,2551,2355,2097,2375,2354,2581,2272,2260,2308,2386,2417,2385,2192,2366,2508,2683,2279,2544,2268,2402,2174,2389,2319,2590,2552,2450,2423,2364,2161,2278,2496,2212,2476,2399,2340,2496,2383,2164,2232,2250,2304,2341,2371,2400,2315,2318,2344,2386,2343,2297,2322,2360,2221,2379,2307,2291,2406,2263,2457,2448,2402,2360,2482,2207,2533,2300,2499,2268,2369,2462,2359,2569,2413,2362,2367,2155,2477,2272,2440,2562,2323,2432,2322,2444,2285,2461,2403,2472,2345,2230,2380,2325,2257,2208,2474,2350,2451,2218,2175,2261,2069,2644,2363,2483,2301,2128,2376,2580,2338,2000,2401,2604,2336,2284,2399,2338,2363,2382,2565,2343,2258,2417,2376,2592,2292,2440,2154,2316,2294,2399,2496,2399,2325,2285,2104,2621,2206,2410,2368,2512,2332,2546,2212,2427,2246,2280,2303,2416,2306,2351,2369,2436,2503,2588,2282,2308,2426,2497,2438,2198,2216,2574,2550,2405,2529,2262,2350,2189,2352,2259,2382,2502,2349,2673,2497,2485,2269,2426,2545,2327,2371,2266,2302,2287,2241,2349,2256,2338,2246,2479,2247,2287,2367,2468,2210,2327,2312,2299,2390,2566,2266,2324,2491,2493,2479,2531,2374,2169,2245,2534,2335,2443,2347,2347,2473,2310,2461,2308,2424,2422,2598,2436,2200,2395,2686,2403,2436,2284,2132,2483,2255,2438,2657,2153,2338,2336,2459,2287,1990,2409,2349,2262,2363,2280,2395,2730,2627,2325,2469,2133,2305,2326,2233,2380,2517,2380,2273,2286,2459,2416,2379,2312,2382,2133,2352,2378,2418,2346,2293,2361,2355,2367,2389,2576,2401,2296,2319,2312,2337,2556,2117,2334,2123,2426,2463,2520,2341,2263,2199,2248,2434,2628,2481,2403,2472,2437,2269,2469,2161,2437,2373,2382,2320,2037,2376,2376,2461,2264,2467,2251,2499,2389,2309,2303,2290,2169,2416,2221,2174,2286,2195,2464,2313,2324,2265,2366,2409,2432,2284,2249,2295,2379,2177,2453,2568,2298,2369,2294,2501,2393,2372,2402,2576,2412,2301,2309,2218,2475,2173,2433,2489,2430,2439,2590,2307,2194,2177,2229,2511,2242,2178,2327,2516,2413,2158,2336,2308,2289,2390,2311,2042,2363,2422,2337,2344,2372,2346,2294,2153,2161,2563,2231,2418,2462,2481,2208,2445,2545,2272,2299,2422,2415,2330,2481,2460,2507,2282,2289,2411,2196,2232,2212,2397,2273,2339,2287,2249,2535,2095,2197,2478,2388,2380,2422,2590,2561,2348,2336,2322,2271,2361,2322,2419,2362,2160,2201,2310,2525,2552,2254,2431,2391,2384,2534,2425,2519,2142,2267,2199,2377,2371,2422,2343,2327,2154,2342,2150,2384,2255,2281,2537,2177,2482,2544,2241,2323,2308,2261,2439,2489,2228,2421,2267,2451,2382,2282,2512,2054,2362,2396,2305,2334,2327,1949,2396,2252,2338,2391,2272,2523,2244,2234,2302,2219,2371,2265,2406,2431
2451,2370,2490,2567,2453,2183,2540,2209,2389,2439,2478,2374,2336,2445,2511,2516,2445,2591,2245,2760,2270,2285,2404,2606,2282,2489,2178,2232,2462,2272,2349,2577,2452,2551,2466,2617,2269,2601,2328,2563,2519,2391,2582,2287,2251,2351,2331,2459,2578,2492,2408,2510,2514,2259,2378,2516,2369,2745,2441,2433,2411,2499,2172,2235,2303,2391,2416,2387,2541,2410,2520,2598,2540,2468,2568,2442,2552,2478,2535,2262,2443,2370,2506,2503,2587,2457,2556,2360,2325,2523,2217,2307,2353,2315,2406,2591,2541,2358,2193,2583,2365,2568,2674,2426,2442,2356,2556,2390,2439,2608,2524,2417,2535,2204,2507,2468,2321,2347,2515,2310,2487,2345,2250,2525,2275,2529,2620,2386,2493,2472,2496,2334,2450,2536,2510,2551,2372,2355,2380,2504,2447,2397,2554,2407,2566,2562,2391,2380,2487,2512,2564,2287,2339,2365,2492,2599,2397,2223,2542,2496,2378,2392,2669,2396,2516,2505,2544,2302,2405,2505,2237,2593,2184,2403,2545,2400,2462,2312,2380,2526,2379,2423,2400,2485,2311,2518,2415,2260,2302,2270,2570,2187,2245,2354,2495,2551,2595,2443,2512,2532,2559,2313,2526,2280,2261,2329,2635,2350,2395,2380,2415,2306,2353,2313,2200,2191,2304,2216,2455,2278,2524,2239,2515,2487,2538,2317,2474,2405,2537,2461,2448,2496,2297,2549,2458,2611,2249,2569,2289,2437,2179,2513,2398,2371,2428,2386,2400,2633,2640,2599,2582,2381,2240,2500,2645,2240,2457,2250,2404,2529,2596,2491,2557,2459,2545,2219,2372,2489,2515,2172,2435,2256,2440,2449,2463,2499,2396,2524,2397,2399,2654,2371,2268,2403,2459,2459,2539,2561,2484,2590,2397,2496,2512,2606,2488,2608,2128,2366,2687,2478,2380,2420,2480,2415,2451,2421,2532,2446,2435,2390,2317,2549,2285,2506,2503,2353,2267,2492,2375,2627,2530,2479,2415,2368,2235,2362,2470,2351,2359,2482,2524,2527,2242,2493,2401,2507,2558,2435,2452,2470,2447,2301,2359,2356,2606,2210,2487,2377,2499,2616,2411,2520,2425,2368,2340,2292,2531,2209,2541,2240,2439,2343,2471,2245,2493,2295,2487,2251,2417,2559,2462,2555,2360,2616,2451,2310,2495,2684,2740,2448,2453,2652,2445,2584,2495,2433,2417,2442,2477,2356,2401,2502,2352,2333,2410,2322,2512,2600,2074,2450,2400,2206,2452,2306,2596,2399,2558,2425,2444,2400,2380,2373,2333,2357,2408,2423,2642,2468,2488,2554,2396,2386,2428,2507,2531,2323,2421,2449,2559,2454,2674,2456,2243,2289,2378,2538,2369,2246,2361,2411,2272,2450,2321,2551,2587,2563,2419,2429,2474,2482,2455,2482,2789,2579,2268,2425,2491,2285,2242,2386,2267,2360,2480,2440,2420,2295,2569,2661,2533,2453,2391,2353,2513,2583,2437,2567,2463,2538,2546,2497,2582,2318,2463,2256,2339,2377,2476,2532,2458,2350,2430,2414,2445,2366,2415,2505,2079,2524,2262,2303,2680,2413,2130,2480,2529,2509,2688,2552,2532,2389,2618,2508,2469,2462,2145,2475,2413,2603,2367,2315,2461,2369,2522,2461,2231,2429,2624,2845,2391,2648,2484,2453,2239,2371,2418,2554,2488,2552,2349,2560,2160,2390,2608,2316,2645,2393,2428,2494,2378,2208,2246,2317,2498,2426,2409,2459,2348,2332,2448,2387,2382,2340,2339,2309,2374,2362,2377,2406,2473,2369,2567,2520,2461,2456,2564,2275,2666,2458,2563,2331,2442,2540,2466,2603,2539,2479,2425,2200,2575,2400,2429,2657,2303,2472,2465,2615,2342,2448,2533,2472,2487,2292,2482,2394,2345,2284,2576,2440,2535,2295,2236,2212,2261,2648,2499,2593,2346,2173,2548,2593,2449,2141,2546,2654,2564,2386,2377,2441,2448,2399,2687,2517,2409,2442,2420,2709,2383,2479,2302,2350,2376,2539,2570,2484,2374,2399,2196,2642,2403,2428,2441,2599,2365,2632,2343,2372,2365,2462,2392,2404,2444,2392,2495,2559,2540,2708,2424,2502,2647,2554,2681,2279,2310,2613,2728,2471,2608,2298,2313,2255,2356,2313,2562,2643,2531,2656,2525,2452,2251,2421,2586,2386,2548,2430,2403,2404,2383,2510,2316,2442,2291,2604,2250,2270,2398,2590,2256,2393,2478,2397,2457,2634,2387,2370,2575,2529,2468,2691,2429,2251,2362,2481,2449,2520,2571,2438,2431,2468,2572,2421,2485,2325,2631,2552,2295,2418,2738,2490,2458,2226,2175,2600,2349,2454,2820,2281,2481,2391,2600,2361,2088,2382,2345,2372,2507,2431,2426,2887,2671,2382,2513,2196,2413,2424,2329,2524,2505,2485,2382,2337,2481,2498,2587,2451,2384,2289,2406,2487,2493,2422,2380,2497,2504,2455,2589,2580,2598,2267,2454,2421,2457,2587,2273,2448,2152,2460,2530,2552,2463,2266,2334,2285,2454,2664,2568,2421,2524,2584,2357,2474,2260,2537,2329,2378,2347,2162,2509,2431,2611,2411,2490,2308,2621,2514,2492,2365,2421,2252,2432,2302,2303,2317,2249,2602,2358,2409,2294,2546,2575,2483,2365,2270,2396,2458,2319,2485,2687,2409,2427,2373,2662,2537,2559,2581,2616,2636,2295,2296,2357,2524,2341,2467,2608,2560,2491,2644,2379,2209,2330,2390,2486,2284,2196,2441,2596,2421,2320,2510,2363,2378,2427,2365,2094,2502,2409,2397,2466,2467,2398,2414,2285,2306,2509,2287,2465,2588,2511,2310,2558,2594,2323,2329,2572,2475,2398,2500,2571,2544,2363,2356,2420,2360,2295,2247,2464,2413,2445,2424,2300,2543,2178,2394,2672,2438,2444,2506,2664,2632,2460,2450,2449,2333,2484,2391,2488,2383,2114,2232,2454,2636,2658,2319,2545,2508,2482,2530,2516,2691,2069,2337,2245,2400,2375,2460,2425,2454,2206,2511,2164,2493,2340,2417,2688,2308,2422,2533,2272,2377,2317,2274,2525,2646,2311,2579,2368,2432,2467,2395,2638,2207,2556,2594,2403,2330,2419,2042,2653,2216,2516,2490,2323,2521,2351,2232,2287,2275,2365,2278,2525,2488
2486,2417,2644,2556,2438,2292,2516,2261,2467,2537,2430,2400,2328,2396,2450,2475,2477,2634,2279,2666,2346,2311,2442,2599,2353,2413,2159,2289,2483,2228,2406,2542,2364,2508,2445,2586,2255,2697,2326,2519,2536,2441,2399,2338,2306,2325,2389,2421,2591,2508,2435,2453,2485,2187,2408,2602,2223,2760,2338,2485,2403,2450,2230,2259,2395,2414,2436,2445,2644,2443,2416,2586,2499,2458,2628,2443,2657,2484,2562,2299,2496,2389,2369,2389,2637,2516,2526,2272,2370,2524,2223,2243,2304,2351,2455,2544,2514,2455,2251,2625,2283,2571,2642,2542,2331,2374,2519,2466,2532,2599,2574,2275,2527,2211,2499,2471,2248,2347,2543,2225,2435,2459,2148,2438,2224,2457,2593,2305,2594,2354,2439,2313,2438,2475,2553,2581,2343,2444,2460,2536,2330,2318,2662,2401,2582,2560,2321,2442,2518,2366,2519,2274,2296,2392,2531,2407,2279,2343,2527,2470,2257,2375,2631,2376,2609,2649,2470,2283,2373,2434,2257,2613,2249,2372,2593,2390,2431,2296,2539,2622,2460,2407,2379,2393,2278,2429,2468,2292,2305,2311,2681,2158,2278,2308,2526,2550,2474,2375,2466,2533,2421,2351,2503,2290,2208,2326,2656,2466,2469,2329,2423,2368,2386,2310,2271,2222,2366,2254,2405,2283,2485,2237,2482,2451,2549,2357,2395,2424,2476,2421,2344,2505,2300,2504,2421,2552,2254,2493,2438,2468,2250,2436,2455,2442,2471,2296,2404,2688,2599,2649,2507,2444,2343,2626,2647,2280,2368,2278,2446,2568,2610,2431,2476,2297,2504,2245,2386,2559,2565,2150,2387,2271,2515,2613,2363,2444,2520,2447,2289,2455,2616,2293,2278,2483,2598,2476,2524,2463,2552,2657,2470,2509,2486,2651,2433,2623,2099,2520,2620,2539,2318,2298,2552,2494,2455,2341,2494,2424,2401,2461,2286,2493,2339,2440,2547,2396,2251,2477,2386,2623,2489,2534,2408,2323,2187,2365,2507,2262,2317,2514,2464,2524,2190,2397,2449,2451,2547,2436,2437,2375,2498,2258,2384,2269,2611,2222,2468,2390,2437,2551,2335,2525,2405,2441,2286,2346,2510,2202,2567,2239,2409,2387,2358,2236,2495,2256,2573,2220,2459,2579,2474,2571,2308,2578,2323,2348,2526,2673,2770,2397,2331,2525,2374,2490,2568,2522,2436,2454,2555,2395,2578,2589,2343,2314,2458,2314,2418,2513,2116,2441,2410,2318,2362,2363,2596,2324,2360,2297,2458,2369,2369,2468,2434,2314,2475,2325,2557,2425,2439,2457,2385,2411,2250,2523,2510,2447,2327,2354,2620,2421,2563,2455,2206,2276,2439,2639,2326,2203,2414,2464,2314,2478,2301,2515,2518,2520,2452,2313,2358,2440,2424,2476,2828,2541,2244,2395,2570,2308,2357,2330,2395,2396,2522,2397,2431,2350,2616,2656,2513,2387,2429,2444,2470,2613,2477,2540,2476,2416,2557,2317,2562,2419,2422,2271,2343,2371,2346,2466,2372,2472,2422,2378,2484,2428,2402,2560,2067,2434,2318,2302,2579,2370,2207,2552,2480,2553,2594,2414,2554,2404,2607,2415,2514,2484,2092,2468,2315,2505,2322,2307,2399,2419,2517,2465,2240,2455,2652,2787,2355,2526,2332,2484,2246,2355,2387,2556,2648,2499,2340,2432,2157,2456,2609,2302,2600,2439,2339,2501,2514,2171,2242,2397,2338,2419,2470,2419,2370,2337,2404,2303,2327,2303,2316,2319,2268,2473,2395,2435,2477,2310,2574,2444,2580,2450,2519,2326,2553,2401,2665,2359,2478,2546,2388,2626,2415,2411,2442,2334,2698,2323,2375,2644,2350,2460,2397,2641,2244,2533,2418,2497,2501,2262,2443,2415,2370,2228,2575,2460,2548,2347,2211,2225,2126,2548,2408,2647,2404,2239,2542,2559,2624,2121,2421,2741,2541,2411,2532,2428,2540,2525,2605,2504,2405,2476,2320,2635,2440,2509,2308,2328,2438,2490,2483,2387,2465,2295,2267,2603,2397,2451,2408,2708,2448,2652,2319,2417,2314,2431,2458,2389,2362,2451,2510,2619,2485,2664,2351,2538,2534,2533,2576,2264,2265,2573,2767,2589,2556,2319,2289,2404,2399,2326,2472,2606,2470,2594,2531,2465,2338,2435,2640,2357,2526,2393,2352,2376,2412,2500,2321,2343,2365,2604,2269,2288,2488,2638,2319,2383,2406,2517,2383,2611,2298,2409,2591,2567,2580,2599,2436,2301,2404,2485,2470,2438,2498,2316,2503,2452,2618,2473,2521,2253,2720,2458,2250,2317,2642,2566,2530,2318,2245,2566,2360,2472,2824,2367,2471,2366,2583,2420,2059,2388,2330,2234,2550,2423,2563,2760,2646,2400,2547,2198,2311,2594,2414,2509,2563,2431,2326,2274,2491,2541,2520,2546,2430,2348,2460,2602,2519,2450,2411,2478,2453,2477,2484,2592,2581,2319,2316,2455,2419,2584,2292,2502,2224,2524,2425,2596,2449,2348,2297,2289,2552,2524,2624,2501,2669,2474,2383,2539,2254,2488,2294,2405,2349,2037,2470,2467,2576,2441,2507,2219,2565,2391,2517,2283,2390,2211,2385,2342,2347,2408,2300,2544,2372,2475,2295,2415,2484,2593,2354,2327,2347,2456,2219,2575,2683,2458,2454,2384,2604,2558,2549,2685,2616,2564,2239,2314,2421,2522,2275,2481,2568,2471,2566,2601,2339,2320,2349,2355,2497,2239,2220,2362,2632,2410,2316,2435,2376,2377,2391,2414,2066,2380,2481,2342,2507,2498,2395,2446,2335,2203,2438,2280,2505,2574,2463,2220,2563,2536,2392,2160,2463,2472,2313,2473,2551,2537,2453,2303,2455,2274,2328,2247,2385,2294,2456,2384,2256,2506,2214,2392,2626,2408,2409,2490,2680,2691,2402,2511,2495,2374,2420,2398,2514,2403,2288,2273,2417,2539,2651,2368,2667,2463,2472,2544,2563,2663,2161,2259,2364,2518,2349,2471,2284,2427,2262,2452,2118,2463,2364,2424,2756,2180,2412,2556,2358,2335,2359,2381,2453,2574,2350,2581,2315,2476,2414,2350,2481,2294,2468,2620,2435,2402,2419,2120,2486,2385,2361,2486,2321,2347,2330,2190,2419,2263,2388,2388,2555,2621
2295,2304,2341,2483,2277,2211,2450,2219,2366,2308,2338,2224,2242,2396,2287,2459,2353,2546,2214,2580,2223,2246,2340,2476,2366,2438,2214,2272,2359,2133,2277,2470,2412,2364,2408,2509,2226,2497,2283,2594,2542,2311,2341,2236,2272,2261,2363,2312,2473,2382,2301,2433,2334,2236,2326,2475,2248,2571,2329,2422,2353,2336,2220,2147,2246,2459,2381,2298,2474,2317,2336,2431,2400,2255,2570,2451,2571,2344,2416,2309,2416,2379,2345,2398,2427,2492,2516,2266,2245,2420,2143,2241,2278,2273,2347,2420,2381,2345,2248,2482,2322,2470,2505,2458,2330,2181,2314,2392,2319,2475,2363,2273,2351,2180,2419,2372,2293,2260,2464,2198,2306,2330,2203,2314,2180,2368,2424,2134,2418,2239,2344,2254,2387,2442,2475,2432,2237,2324,2457,2532,2312,2248,2555,2259,2539,2547,2256,2362,2265,2360,2471,2287,2300,2380,2331,2391,2396,2250,2443,2477,2205,2270,2509,2335,2465,2511,2412,2110,2392,2417,2201,2402,2213,2337,2578,2187,2339,2247,2372,2429,2296,2373,2407,2363,2185,2407,2421,2247,2190,2154,2551,2161,2207,2178,2394,2528,2453,2399,2413,2471,2414,2269,2437,2177,2110,2258,2443,2272,2378,2178,2316,2247,2330,2191,2178,2060,2286,2214,2384,2224,2440,2234,2344,2455,2468,2356,2343,2318,2432,2307,2227,2334,2198,2546,2310,2473,2271,2291,2370,2334,2152,2427,2294,2275,2385,2167,2308,2510,2537,2460,2392,2421,2158,2492,2606,2209,2298,2209,2421,2522,2471,2314,2330,2277,2461,2093,2387,2374,2395,2072,2457,2250,2355,2436,2389,2377,2497,2332,2178,2395,2548,2323,2196,2349,2409,2392,2492,2386,2482,2515,2349,2394,2401,2516,2349,2461,1953,2445,2517,2358,2285,2270,2436,2322,2420,2385,2380,2381,2296,2289,2311,2469,2243,2364,2518,2338,2212,2366,2227,2431,2427,2326,2248,2333,2346,2379,2428,2283,2312,2411,2441,2420,2077,2316,2342,2414,2399,2289,2353,2359,2370,2220,2257,2276,2464,2150,2351,2350,2339,2455,2279,2384,2362,2348,2244,2297,2498,2070,2445,2170,2185,2204,2332,2150,2330,2186,2484,2177,2347,2561,2436,2443,2248,2504,2312,2347,2341,2589,2627,2402,2252,2459,2380,2361,2461,2352,2377,2376,2443,2309,2496,2525,2323,2288,2347,2230,2345,2491,1941,2393,2240,2202,2352,2204,2410,2420,2261,2129,2337,2275,2283,2386,2307,2334,2396,2263,2409,2350,2402,2435,2347,2287,2217,2511,2433,2345,2235,2316,2528,2297,2537,2348,2123,2187,2263,2492,2242,2102,2356,2525,2386,2446,2158,2506,2494,2350,2329,2212,2281,2392,2398,2340,2643,2471,2284,2273,2436,2143,2290,2230,2222,2226,2413,2320,2440,2337,2576,2666,2489,2246,2230,2391,2478,2518,2338,2508,2327,2458,2402,2350,2432,2295,2323,2281,2354,2235,2295,2512,2351,2364,2386,2262,2344,2355,2373,2409,1980,2385,2226,2262,2515,2297,2095,2417,2456,2417,2515,2350,2386,2396,2557,2429,2427,2397,2144,2391,2228,2446,2237,2219,2378,2355,2448,2363,2244,2422,2554,2674,2248,2446,2310,2324,2270,2301,2447,2492,2429,2316,2163,2340,2092,2310,2495,2285,2595,2297,2336,2369,2334,2179,2125,2302,2294,2355,2253,2384,2235,2281,2308,2239,2364,2243,2231,2279,2263,2374,2455,2328,2425,2225,2653,2447,2414,2435,2370,2149,2403,2411,2479,2240,2431,2539,2262,2505,2376,2366,2324,2200,2592,2286,2306,2596,2272,2338,2449,2576,2311,2519,2370,2470,2369,2299,2292,2305,2283,2264,2455,2387,2475,2324,2184,2120,2114,2416,2391,2502,2176,2211,2440,2439,2531,2037,2312,2636,2484,2292,2400,2371,2319,2340,2525,2408,2331,2434,2247,2517,2310,2359,2227,2379,2285,2371,2432,2354,2389,2337,2199,2629,2236,2466,2421,2592,2423,2483,2304,2305,2276,2256,2412,2212,2321,2336,2384,2541,2324,2656,2213,2347,2469,2518,2361,2220,2260,2452,2662,2478,2469,2283,2164,2340,2320,2187,2429,2415,2406,2597,2445,2444,2300,2318,2510,2241,2360,2336,2279,2300,2331,2445,2236,2318,2256,2446,2229,2149,2457,2514,2292,2251,2343,2294,2369,2485,2268,2267,2481,2532,2522,2590,2443,2196,2253,2396,2353,2450,2551,2369,2511,2415,2494,2409,2433,2270,2654,2448,2248,2301,2578,2530,2472,2289,2128,2569,2206,2382,2696,2236,2381,2280,2403,2398,2113,2376,2280,2254,2482,2311,2369,2649,2497,2323,2482,2120,2308,2398,2302,2464,2455,2425,2259,2185,2371,2354,2432,2454,2281,2193,2439,2564,2404,2258,2239,2361,2370,2446,2393,2664,2486,2180,2280,2342,2387,2527,2163,2338,2103,2354,2318,2443,2405,2294,2204,2174,2427,2401,2434,2391,2558,2517,2333,2518,2146,2506,2206,2341,2231,2023,2387,2456,2410,2298,2473,2260,2487,2316,2263,2227,2383,2217,2282,2231,2152,2271,2269,2396,2405,2506,2220,2443,2430,2544,2256,2279,2270,2394,2296,2415,2500,2276,2284,2338,2502,2448,2420,2488,2519,2585,2192,2229,2267,2335,2280,2404,2472,2330,2475,2435,2229,2251,2318,2245,2465,2135,2048,2362,2406,2331,2309,2315,2333,2262,2291,2240,2042,2298,2310,2234,2397,2350,2421,2427,2214,2164,2392,2255,2406,2455,2335,2257,2557,2389,2285,2161,2448,2370,2286,2422,2519,2413,2342,2229,2278,2171,2229,2165,2373,2194,2336,2286,2082,2382,2183,2309,2412,2328,2380,2470,2564,2503,2365,2365,2347,2293,2291,2331,2469,2393,2181,2214,2305,2508,2634,2210,2451,2423,2403,2470,2499,2601,2265,2193,2240,2403,2360,2325,2304,2413,2150,2339,2162,2523,2310,2237,2569,2058,2396,2444,2237,2311,2328,2231,2317,2571,2195,2515,2280,2342,2276,2372,2517,2186,2440,2450,2434,2263,2320,2085,2511,2284,2309,2271,2151,2318,2295,2164,2358,2215,2351,2301,2462,2534
2400,2443,2555,2514,2362,2190,2487,2337,2479,2405,2377,2368,2292,2471,2466,2549,2420,2528,2443,2814,2270,2260,2417,2522,2367,2459,2310,2297,2429,2197,2392,2614,2396,2556,2433,2667,2225,2534,2421,2701,2593,2383,2363,2350,2247,2429,2286,2463,2628,2375,2312,2450,2508,2208,2546,2569,2220,2822,2387,2415,2465,2472,2354,2336,2354,2550,2568,2427,2555,2410,2508,2502,2461,2419,2664,2380,2579,2403,2510,2346,2510,2369,2450,2476,2634,2586,2546,2344,2310,2481,2290,2249,2341,2235,2397,2554,2528,2409,2268,2489,2407,2550,2619,2483,2453,2300,2570,2398,2450,2516,2485,2281,2524,2254,2543,2478,2265,2319,2585,2233,2490,2537,2083,2450,2271,2456,2646,2238,2477,2451,2408,2280,2468,2527,2582,2520,2366,2418,2428,2487,2347,2341,2594,2342,2553,2678,2484,2440,2453,2438,2530,2331,2326,2346,2411,2480,2469,2431,2527,2509,2180,2473,2607,2387,2517,2601,2521,2126,2485,2476,2184,2586,2220,2235,2738,2231,2437,2286,2458,2501,2428,2503,2476,2499,2420,2433,2454,2290,2327,2285,2569,2286,2260,2233,2480,2450,2538,2453,2473,2563,2484,2406,2576,2368,2187,2238,2582,2337,2450,2289,2471,2366,2366,2293,2267,2066,2305,2271,2467,2374,2506,2339,2406,2462,2582,2442,2360,2472,2588,2402,2348,2439,2219,2535,2389,2530,2236,2520,2375,2452,2294,2498,2354,2436,2440,2291,2402,2516,2680,2440,2532,2554,2382,2605,2657,2283,2404,2185,2469,2706,2593,2398,2413,2272,2459,2270,2400,2456,2547,2122,2559,2333,2445,2545,2463,2502,2439,2430,2340,2474,2639,2356,2316,2474,2536,2535,2573,2494,2483,2528,2470,2555,2447,2472,2374,2582,2149,2446,2698,2428,2224,2375,2476,2424,2439,2484,2448,2525,2316,2428,2404,2559,2291,2409,2545,2440,2246,2455,2367,2505,2549,2485,2309,2314,2343,2420,2474,2350,2384,2588,2469,2537,2246,2410,2376,2508,2475,2432,2398,2445,2440,2231,2379,2369,2484,2220,2504,2477,2416,2518,2439,2611,2511,2398,2198,2354,2483,2277,2544,2341,2295,2294,2390,2300,2531,2307,2569,2300,2475,2714,2527,2597,2350,2567,2409,2412,2479,2701,2716,2454,2328,2479,2405,2443,2549,2535,2296,2420,2578,2560,2587,2613,2436,2441,2405,2291,2415,2486,2028,2475,2345,2348,2455,2308,2433,2420,2371,2256,2373,2382,2558,2447,2367,2440,2409,2440,2434,2373,2530,2460,2439,2387,2390,2475,2523,2439,2379,2324,2440,2375,2568,2592,2205,2288,2423,2564,2334,2245,2428,2535,2440,2502,2279,2610,2591,2509,2456,2315,2393,2484,2443,2496,2688,2604,2373,2401,2504,2209,2373,2309,2273,2372,2568,2444,2503,2394,2622,2651,2485,2312,2317,2444,2509,2639,2401,2502,2389,2459,2467,2326,2506,2431,2446,2366,2446,2273,2371,2443,2452,2443,2351,2364,2564,2380,2501,2426,2106,2571,2307,2392,2629,2400,2163,2571,2521,2618,2632,2428,2329,2293,2645,2519,2556,2386,2140,2408,2383,2469,2336,2311,2385,2430,2659,2468,2263,2464,2632,2703,2348,2433,2447,2431,2351,2375,2480,2589,2671,2471,2234,2497,2206,2517,2555,2359,2664,2483,2443,2473,2373,2248,2246,2360,2360,2465,2412,2414,2252,2433,2318,2261,2439,2268,2360,2415,2345,2537,2511,2395,2480,2294,2655,2469,2481,2486,2509,2236,2542,2446,2546,2331,2469,2559,2315,2558,2527,2452,2428,2367,2777,2359,2416,2597,2382,2415,2473,2626,2336,2578,2462,2479,2549,2350,2421,2420,2527,2248,2524,2520,2560,2447,2317,2124,2070,2459,2419,2607,2383,2328,2495,2567,2718,2133,2430,2692,2595,2426,2423,2336,2388,2494,2613,2528,2319,2572,2325,2758,2448,2468,2364,2519,2435,2507,2506,2417,2471,2375,2307,2581,2434,2541,2384,2710,2505,2499,2349,2417,2283,2433,2338,2418,2387,2429,2549,2632,2391,2619,2300,2416,2513,2597,2435,2292,2361,2557,2674,2537,2508,2391,2264,2356,2332,2329,2501,2595,2417,2544,2545,2488,2243,2420,2578,2434,2423,2354,2399,2407,2446,2487,2284,2378,2285,2531,2368,2304,2439,2618,2310,2341,2448,2474,2455,2552,2322,2284,2495,2625,2618,2570,2490,2315,2364,2440,2517,2402,2657,2363,2545,2433,2667,2522,2547,2371,2618,2447,2304,2305,2585,2585,2516,2420,2317,2486,2245,2443,2772,2384,2395,2397,2631,2576,2291,2417,2291,2322,2591,2369,2407,2691,2658,2436,2484,2192,2362,2563,2427,2453,2560,2587,2398,2276,2407,2343,2557,2536,2360,2357,2470,2652,2486,2353,2305,2461,2458,2471,2511,2641,2596,2288,2369,2423,2510,2622,2350,2327,2170,2546,2376,2488,2588,2274,2372,2332,2535,2607,2664,2538,2647,2536,2490,2603,2223,2563,2316,2328,2300,2111,2400,2493,2442,2387,2518,2248,2533,2259,2445,2357,2460,2189,2471,2305,2312,2379,2347,2410,2400,2519,2379,2389,2481,2717,2392,2378,2387,2326,2375,2422,2735,2367,2372,2420,2501,2513,2594,2649,2550,2548,2282,2321,2365,2424,2309,2389,2536,2351,2574,2427,2390,2370,2345,2383,2459,2289,2037,2290,2532,2452,2313,2427,2341,2374,2436,2309,2069,2459,2407,2379,2517,2429,2393,2493,2327,2247,2431,2282,2453,2552,2550,2254,2621,2530,2393,2264,2510,2505,2353,2502,2592,2539,2444,2252,2507,2249,2300,2321,2466,2346,2499,2479,2217,2513,2319,2429,2627,2393,2365,2471,2663,2734,2490,2406,2355,2406,2417,2374,2365,2506,2259,2286,2365,2631,2689,2282,2602,2467,2493,2506,2594,2586,2226,2302,2285,2471,2398,2494,2176,2568,2202,2399,2232,2532,2384,2351,2637,2194,2358,2512,2313,2403,2420,2340,2426,2745,2307,2555,2411,2421,2386,2409,2487,2377,2506,2529,2471,2280,2390,2200,2589,2447,2450,2457,2274,2285,2304,2177,2425,2382,2394,2394,2641,2516
2346,2419,2450,2533,2316,2112,2407,2257,2396,2366,2243,2312,2254,2470,2343,2555,2338,2512,2357,2815,2124,2229,2260,2316,2317,2390,2168,2370,2339,2104,2336,2566,2247,2388,2387,2531,2279,2461,2234,2581,2482,2333,2247,2263,2315,2340,2240,2404,2591,2297,2399,2336,2353,2171,2325,2585,2211,2726,2373,2307,2405,2284,2319,2236,2312,2468,2454,2374,2510,2347,2293,2433,2274,2371,2590,2250,2584,2337,2269,2353,2361,2365,2373,2346,2517,2511,2545,2271,2224,2361,2088,2165,2229,2295,2363,2434,2358,2348,2156,2412,2297,2465,2399,2386,2363,2207,2497,2259,2362,2482,2423,2158,2458,2294,2395,2466,2356,2278,2525,2192,2414,2389,2068,2313,2215,2295,2541,2161,2374,2393,2440,2228,2353,2482,2496,2382,2286,2230,2439,2398,2325,2351,2474,2157,2591,2424,2386,2334,2331,2401,2462,2265,2297,2376,2303,2537,2481,2322,2506,2464,2083,2368,2521,2229,2486,2453,2406,2172,2324,2376,2193,2388,2153,2180,2563,2270,2319,2179,2449,2366,2354,2348,2342,2417,2220,2378,2389,2180,2226,2293,2499,2198,2272,2112,2420,2474,2469,2381,2347,2458,2427,2270,2559,2349,2070,2140,2438,2223,2340,2282,2379,2209,2342,2134,2224,1976,2308,2235,2305,2226,2408,2236,2409,2395,2521,2412,2385,2452,2430,2366,2305,2379,2136,2445,2334,2521,2240,2423,2354,2347,2209,2524,2206,2386,2299,2139,2297,2406,2513,2489,2451,2495,2291,2384,2554,2261,2196,2198,2255,2556,2420,2367,2427,2250,2475,2096,2387,2314,2378,2194,2355,2263,2369,2562,2332,2433,2473,2312,2199,2315,2543,2327,2234,2347,2371,2471,2519,2460,2477,2399,2418,2370,2242,2464,2383,2454,2004,2381,2625,2294,2176,2345,2389,2273,2431,2408,2380,2397,2304,2317,2329,2447,2124,2401,2482,2385,2114,2370,2249,2455,2469,2339,2250,2277,2235,2275,2275,2279,2345,2426,2463,2379,2178,2317,2229,2406,2462,2358,2287,2332,2281,2189,2339,2248,2447,2115,2346,2277,2281,2452,2290,2391,2397,2378,2121,2427,2355,2235,2334,2273,2258,2248,2389,2289,2456,2208,2493,2234,2467,2565,2377,2439,2227,2478,2297,2283,2473,2644,2558,2306,2231,2440,2320,2424,2510,2390,2305,2409,2481,2378,2508,2565,2357,2383,2375,2219,2389,2492,2030,2323,2257,2273,2331,2303,2519,2300,2159,2161,2357,2305,2444,2351,2305,2375,2439,2319,2391,2321,2433,2315,2375,2293,2302,2421,2382,2331,2293,2300,2398,2290,2445,2375,2108,2180,2298,2462,2161,2221,2264,2517,2424,2476,2182,2453,2468,2324,2367,2287,2411,2373,2322,2326,2613,2454,2350,2304,2448,2163,2296,2270,2212,2372,2426,2312,2395,2426,2568,2542,2329,2291,2172,2438,2401,2482,2363,2417,2293,2428,2399,2263,2400,2299,2320,2384,2345,2265,2259,2431,2285,2309,2394,2303,2415,2366,2364,2362,2029,2403,2218,2286,2629,2320,2195,2414,2414,2459,2442,2363,2286,2286,2540,2496,2317,2409,2107,2377,2212,2436,2301,2171,2311,2297,2612,2240,2153,2324,2501,2540,2360,2385,2347,2331,2150,2281,2399,2464,2566,2439,2244,2410,2115,2323,2399,2379,2503,2320,2314,2471,2299,2121,2237,2332,2241,2351,2279,2352,2202,2307,2349,2284,2329,2132,2333,2361,2167,2363,2428,2343,2362,2274,2573,2452,2426,2305,2380,2167,2393,2341,2453,2267,2395,2509,2158,2457,2422,2400,2295,2142,2600,2228,2421,2555,2365,2397,2459,2567,2234,2491,2306,2380,2506,2267,2382,2377,2429,2241,2505,2436,2393,2358,2178,2022,2105,2449,2346,2499,2354,2280,2375,2505,2635,2064,2325,2617,2495,2213,2343,2267,2252,2381,2599,2348,2249,2431,2162,2694,2424,2265,2278,2393,2385,2409,2417,2289,2463,2325,2288,2620,2241,2418,2342,2450,2326,2495,2288,2389,2267,2331,2342,2350,2256,2375,2387,2604,2323,2548,2179,2413,2473,2462,2463,2243,2329,2463,2565,2274,2343,2279,2127,2310,2264,2230,2442,2477,2383,2453,2466,2474,2328,2340,2521,2310,2262,2279,2226,2271,2330,2434,2215,2212,2270,2464,2187,2196,2416,2518,2291,2268,2329,2390,2370,2547,2204,2287,2428,2526,2532,2484,2438,2215,2140,2398,2433,2392,2595,2306,2396,2305,2506,2477,2439,2234,2560,2347,2176,2276,2481,2520,2405,2184,2190,2524,2290,2331,2718,2309,2318,2362,2473,2432,2272,2293,2284,2345,2531,2264,2343,2629,2568,2319,2433,2112,2309,2509,2342,2452,2411,2474,2295,2287,2295,2240,2476,2509,2332,2205,2368,2508,2568,2200,2237,2383,2433,2433,2388,2565,2476,2220,2199,2314,2303,2509,2249,2329,2119,2385,2248,2377,2531,2232,2244,2143,2374,2477,2544,2325,2521,2511,2272,2488,2154,2545,2269,2301,2144,2116,2328,2366,2508,2300,2482,2254,2493,2256,2358,2354,2384,2085,2369,2230,2294,2397,2327,2346,2317,2539,2337,2381,2525,2542,2312,2230,2308,2210,2301,2321,2636,2289,2226,2351,2478,2415,2380,2464,2394,2506,2206,2226,2291,2306,2214,2514,2486,2415,2480,2426,2351,2210,2212,2384,2374,2157,2042,2260,2409,2315,2287,2396,2252,2308,2362,2219,2066,2375,2431,2220,2375,2343,2514,2454,2267,2204,2390,2149,2349,2447,2355,2271,2512,2431,2287,2202,2434,2458,2330,2422,2440,2512,2322,2168,2348,2215,2271,2156,2290,2222,2355,2485,2058,2399,2242,2401,2493,2256,2374,2397,2447,2514,2436,2359,2308,2368,2341,2312,2314,2385,2293,2164,2263,2633,2594,2170,2478,2356,2343,2393,2454,2438,2139,2196,2242,2436,2419,2291,2213,2574,2150,2301,2169,2413,2249,2191,2486,2148,2346,2387,2257,2252,2355,2195,2343,2513,2231,2433,2368,2412,2295,2318,2461,2324,2420,2382,2439,2119,2348,2077,2514,2284,2376,2302,2177,2263,2308,2138,2350,2230,2429,2329,2558,2613
2481,2388,2580,2527,2436,2347,2463,2263,2371,2276,2304,2254,2219,2473,2443,2491,2402,2529,2440,2810,2227,2372,2410,2432,2438,2520,2290,2434,2503,2184,2300,2480,2313,2591,2391,2518,2349,2485,2373,2638,2576,2305,2307,2318,2219,2282,2281,2399,2628,2427,2323,2401,2441,2252,2442,2653,2304,2721,2442,2415,2604,2427,2329,2202,2305,2548,2464,2464,2526,2328,2444,2480,2301,2371,2676,2330,2479,2479,2428,2448,2407,2351,2373,2429,2618,2578,2545,2325,2290,2484,2251,2332,2275,2273,2385,2509,2466,2512,2386,2579,2363,2605,2508,2534,2555,2226,2552,2419,2462,2533,2452,2223,2456,2337,2543,2463,2312,2404,2598,2260,2542,2404,2150,2460,2233,2394,2495,2262,2515,2432,2473,2326,2517,2594,2598,2551,2402,2340,2459,2480,2384,2436,2558,2363,2614,2562,2514,2463,2447,2460,2506,2377,2300,2506,2353,2512,2463,2382,2571,2575,2147,2359,2566,2325,2546,2638,2571,2231,2472,2367,2259,2530,2234,2266,2632,2256,2369,2211,2522,2491,2468,2473,2531,2458,2371,2455,2410,2332,2329,2317,2695,2256,2294,2131,2629,2524,2559,2465,2500,2686,2471,2307,2720,2348,2178,2175,2504,2264,2411,2386,2368,2292,2494,2231,2294,2057,2307,2426,2421,2367,2419,2385,2457,2436,2619,2515,2419,2462,2539,2375,2323,2439,2177,2559,2363,2634,2238,2531,2405,2368,2335,2637,2311,2459,2340,2213,2340,2434,2635,2528,2532,2428,2222,2495,2656,2285,2328,2192,2450,2632,2522,2523,2397,2309,2593,2238,2368,2445,2462,2241,2411,2337,2398,2654,2527,2445,2550,2478,2279,2362,2678,2467,2229,2494,2429,2522,2526,2548,2533,2456,2440,2556,2378,2521,2437,2474,2049,2495,2785,2445,2314,2370,2453,2401,2548,2386,2499,2494,2375,2449,2414,2596,2331,2461,2567,2420,2191,2480,2416,2516,2521,2435,2275,2345,2298,2445,2399,2488,2387,2476,2524,2511,2309,2445,2281,2343,2580,2427,2378,2367,2482,2224,2395,2340,2474,2286,2463,2366,2308,2522,2413,2499,2607,2446,2246,2433,2431,2400,2391,2301,2287,2329,2494,2287,2516,2174,2535,2357,2536,2608,2511,2586,2299,2593,2409,2375,2479,2603,2638,2402,2419,2600,2318,2491,2479,2456,2404,2467,2563,2545,2563,2660,2360,2402,2445,2294,2483,2547,2150,2435,2322,2408,2467,2343,2478,2454,2312,2283,2380,2307,2499,2372,2312,2618,2497,2336,2425,2407,2544,2374,2606,2305,2433,2531,2589,2367,2387,2352,2598,2381,2501,2440,2176,2246,2519,2586,2362,2224,2303,2606,2468,2580,2226,2605,2645,2455,2469,2285,2426,2412,2315,2422,2665,2512,2474,2403,2492,2242,2461,2425,2335,2502,2568,2401,2536,2541,2664,2642,2440,2381,2345,2417,2544,2653,2461,2478,2387,2490,2460,2382,2569,2366,2298,2369,2466,2290,2180,2468,2430,2485,2401,2345,2500,2401,2520,2484,2026,2436,2289,2489,2727,2404,2186,2427,2546,2623,2507,2427,2358,2420,2584,2528,2482,2450,2243,2354,2354,2483,2383,2303,2375,2405,2660,2400,2228,2417,2599,2712,2287,2457,2470,2431,2261,2383,2362,2530,2613,2433,2298,2444,2164,2503,2433,2431,2564,2360,2454,2444,2471,2323,2264,2416,2368,2478,2324,2340,2270,2428,2311,2264,2400,2278,2399,2428,2355,2512,2490,2324,2425,2395,2688,2448,2507,2280,2412,2251,2424,2369,2461,2428,2404,2564,2248,2634,2349,2471,2349,2219,2585,2314,2455,2589,2391,2436,2508,2644,2290,2595,2425,2458,2490,2476,2416,2456,2578,2242,2475,2461,2582,2480,2320,2173,2117,2473,2487,2643,2431,2307,2453,2702,2637,2188,2353,2601,2570,2304,2440,2390,2390,2582,2660,2461,2446,2608,2362,2727,2583,2337,2345,2558,2440,2572,2504,2477,2513,2439,2291,2623,2248,2508,2428,2716,2379,2500,2412,2394,2363,2384,2398,2318,2275,2484,2474,2626,2405,2665,2246,2546,2477,2541,2561,2328,2338,2651,2621,2400,2497,2271,2219,2410,2331,2306,2516,2524,2482,2536,2538,2618,2365,2541,2567,2439,2461,2248,2354,2465,2518,2617,2256,2359,2234,2537,2250,2173,2509,2635,2342,2307,2431,2458,2510,2645,2350,2392,2411,2561,2556,2553,2400,2247,2281,2347,2495,2429,2628,2373,2568,2382,2497,2615,2495,2374,2550,2392,2292,2366,2397,2523,2488,2405,2306,2520,2441,2401,2753,2382,2349,2453,2491,2462,2289,2378,2366,2417,2554,2396,2483,2626,2593,2355,2537,2160,2548,2473,2425,2626,2444,2581,2446,2369,2310,2350,2399,2551,2436,2345,2457,2543,2636,2262,2234,2371,2424,2459,2461,2578,2559,2336,2310,2297,2403,2585,2346,2405,2318,2425,2372,2538,2495,2312,2477,2390,2466,2495,2553,2501,2637,2481,2386,2539,2192,2694,2349,2312,2116,2179,2368,2364,2467,2431,2473,2221,2504,2291,2447,2366,2658,2257,2409,2259,2340,2292,2344,2472,2368,2511,2465,2459,2517,2611,2456,2331,2420,2392,2431,2378,2845,2326,2378,2456,2376,2450,2491,2565,2465,2460,2281,2280,2428,2344,2343,2516,2573,2521,2503,2438,2426,2361,2405,2344,2412,2293,2065,2380,2442,2486,2340,2413,2283,2416,2453,2339,2172,2548,2462,2277,2481,2367,2547,2583,2298,2248,2468,2318,2437,2566,2372,2322,2535,2434,2371,2219,2647,2480,2388,2504,2603,2477,2377,2194,2350,2289,2277,2256,2405,2257,2480,2502,2158,2485,2326,2580,2586,2405,2423,2450,2536,2614,2471,2430,2293,2300,2351,2313,2408,2617,2356,2323,2321,2662,2624,2263,2550,2471,2419,2431,2636,2554,2286,2310,2330,2470,2396,2362,2309,2591,2305,2427,2232,2540,2366,2321,2564,2260,2349,2438,2409,2338,2381,2456,2383,2600,2360,2526,2555,2441,2327,2315,2528,2333,2619,2504,2534,2165,2451,2164,2525,2454,2492,2471,2327,2288,2402,2148,2345,2360,2406,2546,2647,2652
2425,2389,2666,2577,2333,2347,2450,2186,2417,2386,2329,2367,2293,2483,2438,2455,2481,2548,2420,2867,2235,2393,2376,2398,2501,2535,2288,2488,2431,2176,2407,2498,2317,2488,2435,2596,2432,2504,2431,2666,2518,2430,2408,2299,2399,2323,2337,2419,2660,2423,2434,2570,2407,2257,2401,2671,2210,2679,2388,2475,2641,2423,2450,2270,2256,2487,2383,2486,2421,2374,2375,2453,2269,2321,2724,2330,2564,2373,2399,2364,2454,2424,2325,2494,2587,2479,2573,2388,2400,2479,2342,2220,2329,2281,2322,2465,2494,2418,2397,2495,2314,2503,2519,2466,2502,2233,2640,2542,2406,2509,2598,2247,2485,2416,2417,2569,2383,2443,2590,2404,2507,2429,2191,2548,2286,2458,2501,2268,2430,2450,2475,2293,2516,2610,2642,2561,2372,2329,2496,2543,2334,2327,2486,2325,2558,2587,2499,2452,2514,2476,2658,2348,2450,2441,2372,2562,2515,2298,2600,2527,2254,2405,2581,2316,2535,2636,2491,2279,2418,2437,2187,2412,2290,2300,2571,2348,2390,2266,2552,2447,2421,2519,2474,2496,2385,2398,2444,2295,2401,2363,2532,2239,2393,2281,2513,2400,2634,2520,2530,2666,2451,2246,2580,2325,2170,2246,2489,2338,2512,2377,2425,2388,2469,2297,2219,2023,2431,2266,2423,2418,2472,2395,2533,2556,2533,2527,2331,2501,2426,2394,2172,2437,2234,2514,2428,2608,2289,2560,2419,2333,2343,2624,2309,2414,2299,2136,2396,2377,2595,2610,2435,2394,2331,2426,2584,2426,2372,2223,2478,2584,2395,2548,2469,2320,2672,2261,2529,2347,2513,2304,2399,2239,2419,2588,2414,2439,2518,2445,2272,2367,2564,2487,2227,2509,2367,2520,2472,2444,2525,2477,2490,2586,2341,2442,2372,2407,2133,2443,2644,2426,2320,2412,2515,2480,2508,2479,2465,2361,2311,2461,2510,2683,2242,2469,2632,2513,2179,2421,2397,2461,2501,2398,2391,2451,2368,2442,2307,2508,2314,2440,2539,2443,2235,2427,2351,2367,2449,2403,2435,2326,2407,2273,2428,2226,2356,2212,2438,2486,2405,2600,2400,2472,2424,2486,2314,2432,2467,2356,2529,2332,2319,2429,2498,2347,2436,2218,2448,2374,2569,2638,2393,2571,2319,2689,2339,2372,2428,2660,2564,2433,2337,2598,2389,2470,2514,2471,2407,2472,2524,2549,2543,2546,2293,2599,2429,2179,2549,2552,2188,2339,2364,2442,2499,2246,2515,2450,2239,2267,2440,2329,2478,2416,2524,2571,2419,2329,2436,2374,2493,2446,2487,2422,2488,2457,2513,2400,2400,2374,2540,2322,2485,2489,2158,2289,2373,2602,2399,2229,2397,2527,2344,2613,2255,2503,2519,2444,2344,2417,2424,2421,2333,2358,2730,2501,2515,2392,2556,2285,2329,2348,2297,2482,2506,2389,2507,2566,2622,2649,2384,2443,2373,2391,2471,2612,2520,2408,2311,2464,2430,2414,2447,2297,2341,2406,2464,2348,2219,2376,2421,2286,2414,2339,2620,2309,2551,2486,2146,2438,2261,2467,2634,2493,2335,2377,2482,2577,2472,2362,2475,2346,2646,2536,2507,2365,2185,2458,2273,2504,2400,2170,2280,2446,2737,2431,2227,2450,2536,2654,2401,2448,2459,2447,2260,2476,2504,2523,2649,2341,2319,2504,2140,2499,2429,2396,2717,2440,2429,2432,2508,2263,2383,2429,2464,2392,2302,2353,2243,2507,2453,2260,2350,2329,2396,2435,2372,2502,2506,2413,2325,2309,2549,2516,2521,2448,2485,2305,2460,2353,2583,2434,2418,2558,2138,2515,2534,2384,2421,2281,2644,2221,2452,2627,2360,2421,2510,2747,2299,2569,2436,2451,2552,2358,2447,2507,2596,2279,2516,2419,2530,2478,2353,2201,2165,2494,2548,2626,2480,2319,2401,2687,2636,2148,2376,2597,2480,2322,2441,2352,2341,2487,2642,2477,2457,2556,2255,2708,2600,2431,2298,2533,2417,2553,2469,2414,2362,2491,2310,2679,2286,2527,2440,2715,2454,2468,2423,2296,2318,2295,2370,2336,2326,2492,2594,2795,2478,2486,2201,2499,2554,2433,2590,2325,2329,2507,2638,2346,2490,2301,2133,2432,2333,2410,2526,2551,2520,2410,2431,2611,2330,2540,2531,2495,2379,2310,2493,2511,2433,2463,2304,2320,2282,2563,2289,2281,2467,2513,2353,2320,2488,2392,2532,2640,2401,2340,2495,2474,2526,2538,2447,2229,2260,2443,2516,2353,2697,2220,2482,2334,2495,2562,2539,2448,2525,2502,2323,2266,2474,2586,2476,2468,2239,2543,2418,2548,2752,2390,2379,2436,2545,2547,2354,2397,2366,2556,2622,2359,2399,2650,2529,2365,2489,2169,2471,2468,2437,2594,2400,2557,2423,2330,2284,2271,2437,2662,2363,2343,2438,2540,2619,2274,2275,2379,2426,2539,2580,2476,2577,2310,2284,2296,2431,2540,2326,2507,2444,2549,2378,2548,2541,2406,2499,2388,2410,2481,2519,2526,2593,2527,2374,2437,2257,2724,2448,2304,2148,2087,2376,2372,2442,2414,2456,2257,2509,2228,2450,2461,2580,2212,2449,2208,2384,2460,2356,2449,2345,2546,2349,2348,2569,2554,2330,2397,2459,2269,2316,2482,2711,2256,2375,2387,2447,2509,2475,2457,2455,2564,2279,2276,2309,2344,2327,2526,2539,2421,2618,2358,2412,2315,2422,2300,2412,2309,2129,2359,2517,2507,2313,2387,2304,2463,2417,2351,2090,2534,2518,2223,2410,2388,2697,2548,2268,2360,2371,2325,2375,2524,2406,2325,2600,2492,2222,2274,2564,2606,2480,2510,2647,2464,2380,2268,2322,2333,2206,2335,2442,2327,2510,2432,2179,2471,2358,2544,2566,2372,2489,2396,2586,2626,2513,2416,2354,2331,2369,2462,2415,2525,2274,2371,2372,2718,2655,2150,2610,2519,2377,2429,2606,2666,2301,2277,2431,2431,2501,2274,2180,2597,2325,2435,2287,2491,2403,2212,2494,2298,2376,2322,2331,2254,2425,2334,2370,2588,2277,2494,2517,2492,2485,2465,2602,2350,2516,2537,2484,2186,2414,2134,2558,2360,2431,2369,2319,2283,2349,2100,2330,2331,2449,2519,2724,2499
2287,2300,2428,2300,2295,2225,2423,2073,2249,2115,2198,2166,2187,2408,2260,2306,2368,2426,2327,2608,2103,2268,2220,2123,2307,2424,2179,2273,2238,2028,2243,2380,2248,2307,2272,2441,2231,2370,2230,2519,2325,2154,2180,2215,2267,2173,2234,2375,2392,2228,2292,2273,2304,2199,2194,2371,2046,2317,2340,2311,2430,2285,2245,2142,2014,2284,2280,2313,2149,2154,2196,2399,2151,2227,2447,2151,2328,2272,2318,2333,2213,2265,2163,2442,2313,2407,2421,2171,2201,2267,2153,2151,2256,2144,2139,2388,2272,2228,2168,2282,2094,2398,2332,2350,2332,2207,2410,2222,2282,2347,2408,2042,2321,2305,2290,2413,2150,2348,2476,2235,2331,2284,2070,2288,2154,2312,2314,2115,2236,2298,2234,2096,2342,2462,2487,2333,2191,2190,2342,2350,2192,2260,2277,2148,2443,2399,2283,2313,2290,2339,2352,2251,2265,2241,2202,2333,2290,2183,2381,2490,2041,2337,2459,2084,2420,2467,2376,2020,2327,2169,2129,2260,2162,2112,2519,2094,2180,2044,2317,2323,2350,2410,2316,2256,2307,2194,2288,2181,2225,2272,2448,2163,2208,2154,2404,2283,2372,2401,2339,2502,2290,2064,2453,2249,2054,2153,2363,2207,2326,2183,2186,2213,2366,2113,2001,1998,2215,2109,2249,2152,2339,2177,2425,2274,2490,2292,2257,2299,2342,2240,2166,2343,2040,2335,2293,2420,2162,2404,2225,2284,2292,2437,2203,2259,2230,2108,2295,2288,2414,2357,2331,2235,2095,2347,2419,2269,2152,2035,2291,2468,2299,2363,2331,2227,2509,2131,2327,2250,2352,2217,2251,2158,2298,2371,2279,2332,2333,2459,2063,2256,2402,2309,2111,2345,2219,2239,2314,2279,2480,2251,2348,2336,2144,2301,2257,2302,1976,2279,2515,2195,2184,2252,2261,2406,2320,2258,2279,2359,2281,2233,2371,2492,2202,2256,2395,2366,2018,2410,2276,2351,2551,2238,2119,2273,2236,2213,2214,2357,2217,2314,2489,2418,2138,2328,2111,2261,2351,2263,2184,2184,2269,2213,2342,2153,2268,2138,2232,2345,2218,2265,2178,2295,2360,2236,2153,2250,2352,2327,2325,2165,2220,2166,2251,2123,2429,2024,2394,2209,2363,2479,2274,2431,1997,2391,2247,2231,2233,2538,2389,2294,2197,2362,2280,2300,2333,2395,2220,2329,2413,2406,2401,2376,2181,2424,2334,2060,2290,2356,2027,2286,2299,2182,2383,2066,2352,2433,2288,2187,2225,2253,2297,2334,2335,2369,2266,2200,2241,2312,2398,2387,2324,2154,2288,2342,2414,2185,2204,2272,2410,2155,2319,2192,2010,2111,2299,2456,2177,2079,2255,2401,2238,2482,2146,2374,2493,2302,2204,2235,2320,2208,2147,2198,2524,2328,2347,2195,2377,2150,2266,2227,2241,2444,2370,2214,2309,2446,2506,2424,2239,2270,2207,2314,2296,2433,2294,2224,2170,2328,2358,2254,2385,2074,2182,2234,2346,2048,2127,2265,2194,2217,2263,2242,2414,2091,2397,2306,1971,2313,2092,2379,2550,2328,2030,2254,2319,2492,2281,2223,2203,2259,2488,2354,2322,2293,2153,2193,2186,2333,2296,2069,2177,2244,2591,2262,2096,2298,2416,2474,2307,2338,2277,2268,2152,2227,2213,2313,2519,2236,2098,2277,2008,2395,2209,2298,2438,2202,2278,2237,2269,2204,2170,2311,2286,2263,2247,2295,2030,2381,2227,2105,2210,2153,2235,2332,2238,2415,2464,2297,2271,2185,2439,2323,2302,2215,2224,2152,2300,2153,2387,2228,2352,2406,2078,2372,2344,2303,2229,2153,2461,2156,2299,2425,2287,2221,2328,2533,2172,2365,2197,2254,2465,2234,2242,2340,2372,2156,2292,2277,2375,2361,2225,2046,2113,2289,2281,2383,2278,2163,2268,2467,2478,1965,2202,2426,2492,2129,2203,2227,2179,2310,2566,2239,2188,2480,2107,2535,2424,2212,2122,2317,2346,2454,2250,2246,2288,2388,2140,2513,2115,2351,2248,2511,2203,2293,2229,2305,2237,2193,2313,2186,2203,2216,2386,2489,2313,2430,2122,2469,2341,2360,2427,2240,2092,2460,2482,2165,2330,2140,2003,2221,2112,2110,2304,2337,2348,2262,2313,2480,2230,2357,2452,2286,2328,2196,2351,2369,2255,2356,2093,2210,2137,2365,2227,2039,2366,2336,2175,2174,2263,2255,2411,2455,2173,2202,2329,2220,2323,2395,2256,2067,2147,2298,2389,2182,2483,2203,2307,2273,2296,2414,2360,2252,2310,2245,2159,2136,2197,2290,2324,2216,2017,2300,2318,2368,2529,2187,2187,2400,2334,2283,2324,2322,2265,2260,2473,2119,2282,2455,2403,2199,2330,2096,2289,2319,2254,2376,2256,2400,2375,2169,2099,2200,2304,2441,2224,2209,2332,2339,2402,2161,2187,2206,2301,2362,2326,2403,2332,2189,2115,2137,2314,2339,2156,2403,2263,2356,2177,2340,2361,2214,2370,2170,2258,2223,2303,2438,2396,2356,2332,2341,2129,2546,2279,2175,1944,2047,2311,2200,2313,2307,2253,2128,2317,2092,2332,2329,2418,2028,2292,2070,2190,2269,2191,2293,2307,2397,2230,2268,2326,2494,2228,2185,2332,2168,2196,2283,2605,2155,2206,2262,2321,2338,2248,2298,2188,2324,2175,2170,2252,2166,2230,2318,2402,2222,2403,2190,2237,2260,2319,2164,2223,2143,2178,2207,2349,2355,2155,2230,2146,2280,2254,2170,1990,2397,2237,2117,2287,2297,2519,2445,2232,2224,2247,2187,2294,2383,2255,2254,2365,2342,2255,2108,2428,2449,2259,2412,2490,2351,2248,2078,2226,2057,2095,2157,2341,2154,2392,2367,2102,2393,2196,2440,2387,2181,2311,2323,2441,2437,2321,2268,2292,2099,2286,2207,2200,2481,2177,2180,2049,2499,2438,2134,2441,2329,2186,2280,2294,2500,2112,2162,2207,2238,2359,2223,2027,2339,2101,2200,2183,2284,2271,2021,2359,2147,2221,2161,2184,2189,2392,2283,2229,2323,2157,2262,2338,2309,2357,2276,2401,2215,2346,2360,2394,2139,2304,2018,2382,2193,2253,2287,2283,2067,2193,1948,2170,2254,2332,2343,2517,2336
2352,2508,2658,2536,2400,2409,2510,2298,2403,2311,2380,2330,2275,2553,2447,2405,2560,2593,2551,2682,2346,2413,2380,2396,2516,2620,2413,2592,2412,2218,2429,2490,2379,2453,2492,2543,2477,2540,2349,2695,2529,2340,2297,2391,2422,2342,2329,2492,2492,2227,2411,2554,2519,2278,2308,2505,2292,2499,2388,2502,2537,2431,2352,2248,2175,2493,2460,2486,2357,2337,2353,2443,2245,2316,2628,2261,2427,2377,2447,2495,2439,2411,2303,2590,2518,2518,2543,2372,2290,2377,2363,2276,2390,2152,2260,2531,2435,2365,2373,2525,2289,2549,2562,2401,2476,2282,2627,2509,2410,2471,2580,2196,2457,2465,2344,2495,2405,2433,2564,2389,2500,2440,2171,2593,2296,2427,2422,2306,2421,2458,2525,2272,2489,2615,2741,2480,2367,2286,2494,2540,2342,2475,2475,2353,2587,2473,2441,2468,2440,2514,2597,2386,2453,2380,2414,2517,2356,2353,2531,2579,2257,2382,2547,2284,2414,2684,2625,2108,2414,2303,2152,2485,2453,2320,2634,2327,2311,2210,2531,2467,2469,2551,2525,2438,2444,2528,2353,2229,2435,2325,2597,2302,2411,2326,2538,2499,2676,2424,2441,2623,2513,2284,2657,2294,2188,2291,2471,2315,2458,2376,2402,2427,2504,2262,2195,2138,2448,2311,2324,2283,2442,2306,2495,2457,2485,2524,2304,2502,2474,2355,2235,2500,2193,2450,2393,2619,2309,2580,2413,2538,2430,2579,2361,2446,2273,2295,2561,2448,2663,2524,2474,2434,2203,2522,2557,2531,2288,2193,2470,2596,2549,2566,2376,2389,2615,2297,2560,2379,2539,2388,2360,2365,2537,2567,2444,2444,2468,2632,2266,2381,2507,2503,2285,2586,2439,2409,2443,2375,2582,2363,2524,2563,2313,2488,2326,2402,2185,2490,2636,2333,2322,2495,2385,2503,2470,2407,2525,2468,2362,2489,2542,2644,2248,2412,2555,2535,2223,2565,2505,2517,2676,2464,2318,2430,2426,2467,2341,2549,2342,2450,2389,2548,2245,2553,2303,2279,2537,2451,2392,2214,2330,2367,2398,2300,2313,2195,2484,2465,2468,2482,2406,2488,2546,2395,2345,2429,2378,2392,2493,2343,2315,2410,2458,2303,2438,2145,2691,2361,2545,2558,2514,2705,2195,2696,2297,2424,2448,2657,2646,2393,2305,2524,2401,2419,2462,2543,2356,2421,2518,2557,2548,2556,2314,2543,2374,2217,2465,2696,2205,2451,2420,2439,2543,2218,2594,2572,2394,2317,2378,2314,2494,2476,2490,2582,2409,2354,2429,2420,2552,2523,2452,2260,2482,2382,2604,2479,2296,2331,2632,2403,2508,2421,2114,2308,2502,2695,2349,2301,2397,2533,2297,2664,2253,2531,2585,2567,2347,2411,2531,2550,2356,2292,2764,2526,2658,2433,2505,2335,2411,2245,2420,2509,2542,2383,2676,2630,2688,2501,2411,2466,2420,2412,2453,2652,2441,2436,2351,2405,2515,2300,2536,2347,2307,2387,2454,2253,2162,2446,2478,2292,2433,2336,2673,2286,2585,2535,2076,2543,2240,2562,2612,2474,2321,2390,2560,2509,2480,2343,2384,2296,2583,2509,2539,2421,2265,2389,2288,2563,2491,2274,2366,2486,2733,2522,2305,2518,2579,2598,2405,2563,2359,2484,2359,2371,2458,2508,2637,2296,2210,2468,2191,2512,2346,2509,2689,2392,2268,2496,2508,2368,2319,2498,2367,2493,2340,2352,2229,2430,2359,2259,2368,2356,2413,2579,2296,2559,2671,2420,2328,2334,2555,2574,2559,2331,2405,2306,2450,2289,2458,2475,2565,2488,2173,2482,2554,2510,2345,2335,2575,2350,2371,2669,2489,2399,2593,2609,2391,2599,2430,2541,2602,2374,2501,2468,2542,2279,2437,2477,2548,2508,2381,2245,2275,2512,2466,2494,2387,2273,2402,2574,2659,2160,2275,2709,2559,2241,2355,2369,2334,2469,2662,2534,2340,2620,2239,2755,2528,2352,2371,2449,2547,2554,2394,2402,2522,2517,2213,2574,2316,2447,2478,2580,2436,2411,2336,2366,2391,2320,2504,2366,2293,2440,2596,2633,2461,2372,2203,2626,2585,2569,2580,2386,2277,2580,2623,2278,2368,2335,2164,2487,2417,2380,2619,2471,2598,2423,2484,2591,2355,2533,2559,2429,2437,2382,2396,2466,2477,2526,2212,2293,2223,2563,2392,2168,2603,2523,2221,2317,2350,2469,2511,2668,2356,2369,2423,2442,2605,2524,2389,2324,2225,2474,2474,2415,2606,2309,2588,2344,2452,2549,2449,2292,2394,2511,2270,2313,2329,2476,2451,2475,2293,2502,2474,2559,2649,2446,2307,2465,2475,2485,2510,2488,2385,2580,2624,2356,2446,2604,2464,2452,2575,2175,2384,2524,2427,2468,2371,2476,2498,2321,2388,2313,2433,2682,2352,2387,2510,2490,2498,2251,2297,2342,2543,2565,2472,2613,2585,2427,2373,2421,2424,2441,2315,2480,2418,2432,2303,2547,2536,2347,2451,2274,2425,2401,2432,2491,2533,2521,2392,2486,2192,2790,2544,2209,2255,2074,2364,2354,2459,2368,2448,2413,2498,2261,2557,2452,2742,2197,2325,2240,2347,2458,2325,2555,2447,2406,2485,2363,2468,2564,2406,2367,2570,2283,2393,2464,2617,2236,2315,2465,2512,2450,2470,2339,2435,2421,2342,2264,2269,2394,2413,2440,2594,2335,2586,2304,2412,2314,2427,2283,2393,2362,2167,2390,2478,2514,2362,2385,2345,2397,2494,2286,2106,2503,2410,2280,2494,2502,2733,2564,2359,2329,2402,2346,2445,2595,2414,2399,2630,2471,2309,2172,2626,2530,2540,2466,2564,2386,2370,2135,2353,2346,2249,2162,2454,2393,2573,2452,2208,2438,2238,2595,2528,2405,2390,2501,2705,2589,2460,2425,2361,2320,2210,2396,2443,2557,2287,2412,2284,2804,2560,2274,2489,2502,2433,2297,2610,2578,2295,2372,2409,2370,2568,2392,2221,2535,2283,2344,2334,2506,2427,2078,2569,2338,2289,2341,2381,2294,2473,2330,2351,2562,2351,2459,2542,2437,2566,2385,2629,2327,2516,2541,2526,2261,2541,2203,2569,2384,2288,2478,2342,2346,2368,2043,2370,2388,2526,2488,2649,2551
2322,2384,2545,2327,2264,2247,2458,2228,2274,2225,2392,2249,2141,2446,2304,2376,2456,2562,2454,2608,2083,2378,2324,2206,2398,2481,2302,2369,2338,2151,2315,2386,2322,2400,2354,2479,2378,2452,2393,2694,2513,2234,2217,2352,2332,2277,2230,2308,2427,2205,2287,2323,2390,2261,2311,2436,2208,2404,2332,2503,2544,2403,2377,2112,2072,2490,2374,2383,2312,2239,2282,2334,2146,2300,2535,2217,2371,2301,2351,2386,2326,2306,2185,2489,2373,2394,2507,2315,2140,2368,2283,2296,2252,2139,2123,2405,2336,2329,2451,2473,2223,2526,2468,2417,2351,2177,2445,2396,2363,2331,2558,2166,2366,2460,2227,2398,2352,2532,2518,2448,2365,2329,2103,2319,2295,2310,2317,2232,2423,2493,2290,2190,2302,2483,2675,2427,2308,2207,2512,2466,2229,2366,2317,2272,2491,2347,2377,2363,2307,2392,2364,2306,2295,2357,2360,2420,2249,2336,2500,2523,2120,2406,2433,2138,2364,2611,2421,2053,2326,2219,2149,2347,2380,2248,2468,2222,2284,2154,2478,2421,2446,2517,2541,2354,2466,2356,2285,2116,2404,2321,2530,2256,2317,2223,2572,2473,2518,2433,2515,2603,2443,2145,2502,2155,2168,2234,2435,2241,2422,2206,2282,2367,2437,2154,2133,2102,2368,2194,2251,2207,2459,2369,2459,2301,2489,2410,2284,2372,2414,2252,2257,2375,2122,2463,2348,2398,2286,2450,2327,2461,2420,2451,2368,2302,2327,2195,2399,2383,2515,2392,2342,2310,2148,2299,2481,2386,2249,2128,2412,2523,2477,2491,2314,2296,2585,2136,2511,2453,2439,2223,2414,2201,2336,2499,2294,2364,2366,2449,2241,2345,2447,2359,2239,2445,2424,2435,2357,2365,2431,2221,2454,2490,2319,2318,2271,2257,2110,2382,2512,2208,2192,2436,2364,2342,2441,2369,2318,2332,2373,2495,2487,2571,2186,2403,2425,2539,2152,2462,2368,2435,2429,2288,2210,2330,2279,2324,2252,2406,2247,2396,2400,2389,2245,2523,2253,2236,2327,2393,2265,2252,2201,2410,2412,2151,2333,2155,2417,2380,2384,2499,2344,2413,2509,2303,2243,2418,2306,2324,2351,2308,2366,2394,2322,2254,2395,2156,2501,2196,2436,2495,2431,2583,2137,2602,2188,2233,2317,2624,2510,2278,2295,2445,2344,2405,2389,2441,2271,2387,2418,2460,2478,2494,2278,2373,2363,2163,2314,2496,2153,2349,2344,2335,2507,2147,2518,2547,2351,2215,2216,2304,2341,2493,2409,2495,2407,2277,2225,2438,2431,2498,2485,2257,2397,2445,2446,2336,2340,2273,2598,2417,2375,2250,2167,2219,2460,2526,2238,2167,2263,2379,2262,2485,2207,2462,2482,2406,2318,2313,2357,2401,2293,2228,2643,2463,2527,2327,2430,2272,2375,2241,2300,2519,2387,2285,2403,2567,2600,2401,2376,2454,2325,2379,2362,2620,2389,2243,2282,2381,2432,2325,2368,2244,2199,2394,2411,2161,2072,2182,2291,2199,2341,2307,2554,2240,2412,2353,2122,2478,2168,2434,2576,2426,2154,2279,2431,2507,2338,2138,2369,2424,2522,2461,2455,2323,2253,2346,2241,2460,2364,2187,2309,2393,2603,2447,2259,2309,2430,2520,2371,2493,2368,2432,2311,2361,2415,2457,2469,2284,2160,2393,2069,2410,2224,2419,2592,2323,2224,2340,2435,2235,2329,2508,2366,2444,2269,2325,2178,2300,2335,2215,2170,2284,2358,2413,2280,2427,2513,2403,2330,2285,2509,2441,2504,2270,2297,2236,2423,2158,2387,2331,2456,2482,2087,2457,2448,2374,2354,2212,2442,2239,2294,2645,2337,2314,2471,2565,2262,2569,2311,2408,2505,2376,2344,2418,2438,2136,2392,2323,2349,2420,2316,2107,2089,2404,2456,2361,2172,2249,2386,2513,2594,2098,2289,2511,2488,2145,2260,2190,2192,2339,2490,2349,2216,2577,2291,2637,2539,2203,2218,2327,2483,2594,2346,2246,2435,2416,2192,2534,2195,2472,2359,2533,2333,2386,2309,2376,2330,2261,2424,2231,2275,2314,2493,2476,2387,2400,2096,2540,2439,2426,2583,2429,2256,2403,2531,2194,2382,2221,2061,2418,2212,2246,2525,2466,2493,2330,2324,2435,2347,2536,2576,2396,2427,2287,2353,2514,2325,2419,2248,2121,2283,2435,2338,2156,2449,2448,2140,2266,2275,2361,2420,2502,2368,2283,2436,2329,2499,2397,2260,2159,2290,2483,2423,2300,2463,2251,2403,2300,2332,2492,2305,2143,2263,2344,2187,2258,2281,2422,2503,2333,2254,2477,2276,2410,2533,2369,2297,2405,2403,2395,2457,2363,2266,2467,2378,2376,2423,2449,2418,2382,2479,2097,2280,2446,2348,2417,2316,2406,2512,2267,2231,2171,2395,2705,2351,2237,2360,2436,2414,2171,2239,2326,2393,2412,2288,2494,2507,2264,2202,2230,2422,2394,2281,2498,2318,2400,2240,2493,2417,2253,2398,2071,2343,2263,2381,2470,2463,2455,2250,2423,2125,2624,2415,2268,2085,2194,2306,2225,2300,2196,2264,2313,2371,2169,2422,2395,2472,2050,2360,2250,2355,2352,2182,2354,2391,2315,2422,2263,2483,2611,2412,2283,2410,2227,2303,2369,2567,2115,2311,2329,2326,2413,2426,2269,2451,2278,2254,2208,2258,2341,2200,2356,2462,2322,2608,2203,2311,2315,2332,2278,2245,2181,2156,2254,2271,2354,2189,2337,2263,2304,2289,2263,1982,2390,2328,2231,2396,2441,2637,2437,2284,2202,2357,2274,2355,2494,2343,2316,2458,2417,2286,2016,2482,2436,2378,2442,2505,2372,2278,2128,2371,2188,2138,2102,2321,2312,2444,2403,2213,2434,2348,2571,2441,2359,2301,2493,2542,2546,2540,2312,2304,2293,2215,2369,2327,2547,2197,2279,2071,2724,2593,2237,2476,2378,2257,2247,2473,2487,2187,2376,2312,2306,2443,2247,2117,2397,2214,2328,2266,2319,2373,1931,2551,2232,2250,2241,2316,2176,2401,2347,2295,2441,2160,2509,2404,2396,2461,2380,2504,2226,2340,2483,2408,2129,2481,2193,2407,2348,2265,2386,2305,2311,2222,1995,2279,2177,2351,2418,2625,2442
2384,2505,2594,2422,2404,2385,2502,2334,2390,2292,2493,2342,2400,2536,2454,2433,2522,2486,2508,2657,2283,2447,2478,2312,2438,2666,2422,2440,2388,2214,2431,2429,2239,2465,2541,2586,2533,2467,2425,2682,2539,2296,2207,2509,2426,2351,2405,2448,2539,2266,2485,2320,2519,2363,2329,2477,2376,2435,2336,2507,2666,2480,2365,2176,2157,2527,2502,2430,2294,2239,2349,2391,2226,2329,2574,2238,2423,2357,2530,2494,2412,2320,2357,2533,2464,2486,2615,2296,2346,2381,2403,2254,2327,2229,2207,2438,2428,2393,2372,2608,2205,2593,2474,2414,2325,2285,2581,2512,2327,2469,2544,2179,2451,2487,2280,2620,2473,2484,2709,2479,2468,2414,2122,2434,2415,2411,2356,2263,2388,2581,2373,2352,2495,2593,2637,2459,2370,2374,2551,2561,2329,2377,2423,2410,2604,2378,2384,2366,2489,2603,2643,2431,2330,2404,2359,2576,2457,2434,2582,2695,2262,2388,2542,2116,2421,2648,2423,2192,2382,2271,2220,2356,2515,2394,2611,2396,2376,2053,2578,2433,2547,2551,2640,2491,2448,2424,2389,2299,2496,2400,2615,2249,2372,2270,2634,2457,2602,2356,2595,2640,2586,2213,2488,2222,2291,2352,2450,2413,2478,2405,2445,2423,2463,2270,2312,2170,2385,2232,2336,2238,2526,2513,2544,2509,2555,2447,2517,2405,2530,2367,2316,2494,2238,2458,2444,2568,2461,2491,2381,2590,2499,2591,2391,2356,2376,2215,2465,2408,2652,2537,2369,2440,2170,2337,2614,2504,2297,2197,2437,2564,2521,2555,2416,2375,2672,2330,2648,2452,2520,2418,2426,2294,2407,2466,2453,2448,2513,2609,2377,2463,2488,2464,2362,2587,2403,2468,2501,2410,2638,2306,2410,2574,2340,2488,2352,2350,2175,2396,2627,2364,2197,2514,2389,2471,2612,2459,2500,2373,2489,2557,2493,2505,2274,2434,2548,2469,2234,2441,2495,2542,2571,2432,2458,2360,2467,2464,2355,2529,2329,2410,2456,2388,2356,2597,2395,2396,2591,2437,2362,2301,2335,2371,2565,2268,2325,2158,2527,2575,2624,2469,2437,2505,2499,2492,2322,2423,2376,2475,2502,2393,2373,2490,2396,2248,2352,2200,2535,2255,2545,2570,2520,2533,2179,2724,2329,2299,2508,2698,2656,2358,2334,2460,2407,2602,2452,2520,2298,2457,2479,2661,2579,2480,2311,2401,2368,2165,2462,2719,2266,2315,2449,2487,2634,2189,2687,2608,2390,2313,2206,2357,2507,2530,2496,2598,2493,2379,2365,2402,2618,2542,2534,2474,2481,2463,2603,2354,2381,2309,2668,2533,2541,2402,2257,2344,2568,2674,2274,2279,2382,2429,2337,2517,2244,2505,2607,2527,2374,2445,2592,2468,2339,2292,2698,2535,2540,2388,2622,2323,2460,2350,2440,2536,2447,2376,2468,2653,2767,2365,2476,2408,2336,2385,2468,2687,2476,2256,2343,2452,2654,2501,2490,2328,2359,2513,2434,2317,2214,2402,2394,2256,2460,2429,2637,2378,2480,2554,2244,2593,2282,2418,2650,2389,2267,2376,2516,2396,2404,2209,2524,2528,2607,2562,2498,2393,2315,2462,2338,2554,2473,2257,2348,2496,2761,2577,2334,2463,2425,2564,2444,2517,2414,2487,2430,2352,2504,2524,2484,2406,2244,2504,2201,2543,2273,2510,2666,2442,2365,2456,2425,2380,2371,2593,2268,2546,2451,2490,2154,2337,2436,2213,2374,2386,2479,2518,2265,2591,2535,2426,2253,2375,2633,2512,2527,2325,2430,2301,2479,2337,2384,2420,2569,2507,2122,2584,2571,2396,2349,2280,2533,2373,2402,2613,2417,2417,2537,2610,2397,2727,2363,2545,2592,2522,2417,2532,2579,2332,2380,2404,2518,2406,2379,2133,2229,2429,2557,2525,2398,2285,2506,2576,2521,2109,2256,2507,2656,2236,2398,2324,2336,2465,2596,2408,2191,2697,2392,2726,2531,2215,2335,2540,2642,2646,2339,2462,2501,2562,2289,2543,2283,2482,2556,2755,2396,2446,2364,2287,2464,2316,2455,2466,2267,2421,2494,2592,2455,2406,2204,2581,2599,2547,2591,2459,2325,2460,2604,2281,2531,2328,2057,2661,2434,2255,2568,2517,2576,2362,2411,2480,2451,2691,2532,2503,2427,2376,2544,2485,2447,2459,2228,2262,2278,2576,2476,2221,2502,2523,2210,2372,2364,2488,2379,2630,2543,2428,2465,2367,2642,2491,2420,2272,2319,2474,2486,2332,2615,2351,2449,2303,2478,2543,2409,2255,2342,2467,2255,2407,2327,2510,2566,2442,2243,2602,2372,2486,2565,2340,2301,2424,2534,2469,2575,2493,2319,2621,2488,2511,2465,2573,2414,2420,2581,2250,2308,2428,2484,2494,2402,2458,2510,2320,2261,2285,2463,2680,2388,2360,2503,2559,2503,2223,2386,2511,2476,2522,2419,2539,2463,2283,2344,2305,2463,2499,2266,2579,2484,2424,2288,2542,2524,2339,2468,2331,2375,2375,2358,2501,2613,2474,2355,2548,2272,2678,2464,2337,2230,2209,2344,2394,2388,2332,2381,2389,2425,2207,2531,2504,2678,2275,2348,2272,2373,2463,2293,2442,2526,2440,2454,2447,2586,2591,2433,2445,2495,2314,2438,2521,2662,2190,2417,2417,2404,2434,2472,2412,2431,2350,2373,2316,2401,2384,2320,2427,2580,2362,2703,2423,2383,2315,2367,2287,2287,2299,2227,2327,2558,2517,2333,2324,2271,2326,2483,2375,2152,2410,2441,2383,2513,2642,2622,2490,2219,2308,2487,2400,2329,2572,2345,2344,2587,2513,2251,2114,2614,2509,2439,2706,2529,2461,2410,2272,2474,2336,2286,2172,2481,2370,2513,2468,2303,2564,2298,2616,2578,2372,2459,2616,2512,2507,2474,2456,2378,2311,2279,2453,2335,2680,2352,2291,2246,2679,2623,2332,2521,2536,2554,2331,2618,2577,2298,2438,2300,2338,2554,2288,2155,2544,2251,2430,2331,2492,2426,2077,2603,2276,2341,2290,2378,2184,2481,2370,2373,2512,2330,2560,2517,2394,2544,2401,2627,2339,2467,2491,2465,2374,2606,2240,2488,2437,2322,2400,2400,2297,2311,2071,2465,2228,2545,2526,2681,2605
2263,2481,2534,2343,2442,2189,2426,2330,2221,2121,2428,2262,2250,2453,2332,2469,2464,2421,2422,2591,2214,2511,2281,2193,2474,2465,2296,2402,2377,2128,2239,2306,2263,2391,2488,2452,2348,2404,2344,2678,2353,2258,2198,2349,2320,2352,2278,2403,2403,2232,2361,2213,2390,2342,2258,2476,2289,2304,2275,2453,2568,2292,2334,2129,2128,2485,2399,2362,2307,2189,2344,2340,2192,2218,2435,2238,2441,2304,2376,2435,2302,2235,2186,2462,2286,2377,2489,2346,2224,2254,2379,2296,2175,2106,2136,2384,2272,2390,2319,2457,2155,2455,2361,2435,2306,2235,2521,2411,2166,2414,2474,2090,2319,2370,2163,2525,2334,2496,2593,2380,2383,2263,2091,2322,2330,2258,2266,2232,2404,2477,2439,2337,2300,2532,2478,2302,2342,2239,2388,2398,2306,2483,2302,2315,2511,2423,2274,2315,2342,2496,2490,2359,2288,2259,2349,2431,2369,2417,2521,2730,2153,2379,2443,2223,2403,2610,2442,2164,2238,2178,2203,2346,2379,2334,2526,2328,2264,2044,2476,2416,2490,2475,2625,2492,2427,2356,2273,2267,2440,2339,2498,2220,2260,2287,2647,2359,2533,2229,2450,2480,2530,2221,2478,2058,2163,2388,2315,2408,2510,2330,2385,2366,2469,2220,2205,2051,2427,2224,2324,2242,2328,2501,2487,2385,2493,2353,2450,2345,2487,2337,2307,2391,2197,2383,2343,2423,2360,2394,2340,2428,2338,2422,2311,2205,2398,2161,2269,2329,2507,2426,2406,2368,2145,2337,2502,2412,2184,2145,2346,2494,2317,2539,2343,2371,2634,2238,2447,2295,2307,2339,2399,2253,2293,2310,2330,2409,2414,2515,2405,2424,2457,2346,2176,2477,2356,2441,2384,2480,2470,2119,2501,2491,2290,2366,2266,2317,2070,2334,2540,2216,2216,2457,2290,2465,2513,2345,2379,2286,2357,2524,2519,2478,2222,2404,2448,2436,2263,2427,2435,2447,2429,2227,2268,2360,2347,2313,2184,2414,2234,2310,2295,2276,2272,2513,2296,2365,2447,2430,2380,2278,2249,2358,2519,2225,2351,2163,2371,2406,2501,2477,2266,2336,2465,2292,2204,2364,2316,2355,2362,2319,2332,2357,2280,2219,2367,2089,2463,2195,2464,2609,2427,2422,2098,2642,2228,2227,2429,2590,2457,2272,2219,2354,2346,2410,2379,2316,2215,2376,2360,2436,2431,2358,2325,2390,2314,2066,2317,2518,2230,2320,2384,2307,2621,2082,2534,2438,2407,2195,2184,2268,2301,2423,2394,2557,2442,2401,2280,2421,2500,2440,2537,2380,2469,2312,2521,2311,2237,2178,2534,2462,2324,2333,2130,2317,2478,2618,2152,2202,2265,2413,2316,2366,2215,2409,2428,2418,2331,2398,2381,2315,2342,2307,2499,2435,2501,2322,2504,2196,2343,2269,2380,2368,2414,2290,2448,2667,2694,2351,2376,2380,2297,2336,2324,2574,2362,2290,2287,2399,2476,2407,2488,2182,2254,2475,2294,2150,2030,2330,2351,2230,2302,2317,2659,2372,2397,2414,2078,2495,2248,2372,2616,2251,2084,2344,2529,2457,2299,2131,2533,2458,2504,2456,2440,2266,2381,2434,2296,2453,2302,2194,2395,2467,2686,2489,2229,2429,2353,2489,2420,2407,2328,2360,2330,2305,2378,2433,2351,2281,2172,2405,2174,2497,2217,2446,2711,2310,2364,2434,2375,2347,2301,2442,2252,2368,2398,2366,2083,2348,2363,2125,2223,2344,2378,2366,2236,2518,2515,2356,2309,2292,2574,2339,2530,2282,2426,2241,2360,2192,2273,2235,2402,2462,2076,2533,2502,2343,2257,2288,2497,2362,2364,2540,2392,2361,2414,2650,2348,2616,2260,2478,2489,2304,2325,2493,2443,2219,2334,2289,2447,2319,2348,2146,2125,2370,2421,2282,2355,2264,2360,2637,2578,2064,2250,2436,2553,2164,2296,2300,2275,2318,2451,2275,2184,2589,2234,2638,2489,2099,2255,2490,2473,2594,2214,2302,2405,2473,2188,2460,2294,2518,2353,2486,2371,2415,2293,2168,2354,2236,2424,2369,2214,2253,2402,2525,2164,2321,2172,2501,2463,2502,2520,2414,2203,2478,2531,2197,2450,2189,2015,2570,2292,2139,2563,2477,2497,2312,2310,2424,2347,2499,2516,2439,2459,2227,2392,2455,2413,2448,2192,2130,2261,2422,2373,2179,2368,2353,2176,2309,2322,2387,2340,2552,2334,2236,2360,2182,2471,2353,2402,2311,2227,2400,2416,2274,2447,2258,2384,2201,2325,2417,2281,2268,2428,2353,2147,2315,2334,2295,2394,2284,2270,2641,2245,2389,2565,2426,2402,2396,2345,2303,2519,2420,2254,2505,2406,2451,2391,2500,2333,2450,2447,2171,2280,2302,2380,2396,2358,2409,2394,2315,2194,2144,2432,2563,2222,2264,2350,2458,2403,2045,2314,2273,2340,2443,2385,2466,2460,2227,2370,2321,2432,2304,2229,2473,2255,2316,2190,2452,2455,2335,2401,2322,2386,2376,2276,2352,2432,2441,2256,2526,2150,2640,2322,2233,2114,2174,2239,2190,2383,2350,2256,2366,2400,2137,2456,2418,2642,2172,2336,2282,2319,2394,2243,2224,2489,2319,2424,2278,2437,2606,2406,2399,2437,2195,2324,2399,2532,2152,2239,2326,2421,2382,2323,2216,2452,2385,2315,2254,2338,2343,2213,2291,2507,2191,2571,2314,2266,2336,2315,2230,2307,2280,2112,2191,2427,2390,2357,2256,2304,2329,2341,2382,2098,2368,2430,2193,2370,2529,2566,2449,2292,2163,2415,2289,2271,2503,2298,2289,2487,2498,2250,2027,2466,2447,2449,2685,2465,2356,2323,2071,2410,2397,2241,2046,2436,2436,2337,2345,2173,2402,2329,2521,2516,2313,2312,2470,2442,2554,2484,2424,2249,2239,2151,2370,2271,2539,2293,2290,2220,2692,2599,2224,2338,2551,2374,2171,2460,2569,2280,2351,2351,2272,2410,2302,2065,2424,2327,2480,2281,2336,2363,2002,2508,2192,2284,2179,2328,2142,2386,2349,2327,2564,2125,2351,2341,2212,2442,2331,2587,2220,2249,2386,2410,2264,2504,2206,2411,2319,2259,2417,2278,2214,2204,2003,2392,2226,2423,2450,2707,2417
2313,2525,2684,2378,2411,2280,2513,2366,2308,2207,2512,2336,2371,2464,2369,2434,2540,2475,2405,2631,2230,2591,2327,2266,2539,2558,2312,2555,2423,2246,2451,2339,2347,2621,2403,2557,2448,2411,2397,2700,2494,2338,2220,2429,2487,2302,2351,2415,2389,2286,2493,2410,2462,2539,2254,2525,2474,2369,2422,2522,2620,2485,2367,2173,2233,2494,2460,2445,2376,2318,2413,2506,2238,2266,2632,2351,2541,2376,2460,2465,2532,2333,2282,2487,2347,2563,2587,2312,2234,2385,2463,2307,2239,2276,2212,2444,2361,2364,2327,2470,2221,2608,2448,2450,2377,2318,2596,2536,2354,2496,2561,2152,2395,2581,2251,2694,2468,2484,2635,2436,2426,2361,2240,2514,2486,2376,2357,2374,2387,2633,2314,2350,2493,2538,2524,2498,2381,2331,2603,2387,2284,2479,2341,2346,2576,2514,2388,2322,2506,2554,2601,2464,2366,2357,2446,2430,2406,2455,2574,2805,2315,2477,2535,2273,2467,2752,2566,2295,2400,2300,2242,2378,2451,2344,2550,2489,2357,2134,2643,2324,2549,2547,2688,2497,2544,2461,2305,2342,2431,2359,2444,2388,2331,2306,2662,2478,2582,2383,2560,2592,2647,2239,2470,2100,2281,2358,2414,2484,2566,2430,2392,2513,2465,2210,2313,2143,2438,2217,2401,2293,2459,2574,2461,2408,2595,2365,2553,2505,2581,2439,2359,2534,2199,2599,2480,2606,2485,2460,2386,2555,2495,2469,2409,2323,2472,2341,2434,2295,2675,2562,2433,2524,2068,2353,2568,2481,2307,2344,2469,2650,2487,2686,2393,2359,2676,2328,2656,2341,2444,2318,2487,2330,2356,2430,2393,2450,2455,2503,2462,2429,2441,2476,2295,2594,2369,2549,2399,2525,2522,2242,2535,2600,2387,2417,2379,2254,2127,2407,2582,2279,2258,2508,2360,2514,2568,2463,2470,2374,2477,2598,2515,2505,2350,2457,2612,2519,2211,2462,2513,2470,2606,2290,2387,2450,2367,2538,2281,2416,2331,2448,2468,2352,2263,2614,2436,2368,2527,2549,2357,2209,2285,2424,2486,2348,2238,2136,2471,2436,2590,2485,2443,2588,2603,2495,2296,2457,2405,2488,2489,2364,2421,2459,2483,2288,2419,2227,2638,2257,2597,2645,2574,2554,2307,2637,2326,2275,2565,2664,2608,2362,2380,2501,2421,2611,2537,2440,2322,2488,2390,2534,2511,2416,2384,2481,2489,2014,2384,2539,2285,2295,2458,2448,2656,2228,2565,2430,2397,2232,2221,2367,2481,2469,2435,2671,2493,2421,2398,2530,2536,2536,2643,2454,2571,2384,2647,2322,2397,2251,2543,2504,2499,2297,2246,2259,2595,2537,2263,2174,2397,2401,2398,2437,2341,2517,2474,2479,2361,2388,2541,2355,2343,2349,2566,2498,2541,2268,2590,2370,2440,2285,2402,2595,2475,2334,2418,2623,2780,2441,2449,2382,2436,2380,2315,2812,2484,2370,2211,2465,2567,2423,2418,2299,2357,2473,2411,2264,2190,2380,2479,2316,2475,2354,2674,2438,2486,2512,2216,2556,2348,2361,2609,2255,2211,2324,2601,2396,2398,2221,2540,2502,2546,2582,2470,2377,2433,2484,2344,2519,2337,2349,2469,2532,2650,2537,2353,2575,2467,2631,2517,2613,2434,2534,2497,2433,2530,2430,2372,2271,2198,2440,2284,2608,2269,2612,2735,2382,2390,2400,2374,2327,2421,2611,2363,2444,2444,2477,2173,2380,2523,2124,2355,2476,2445,2484,2223,2559,2580,2457,2389,2301,2558,2384,2508,2297,2533,2275,2539,2134,2390,2368,2559,2511,2159,2517,2519,2429,2336,2321,2560,2429,2421,2618,2445,2381,2540,2634,2486,2724,2309,2481,2548,2356,2419,2601,2539,2353,2283,2367,2478,2401,2395,2190,2189,2444,2533,2355,2389,2302,2406,2653,2640,2179,2357,2519,2559,2306,2477,2344,2393,2480,2522,2461,2191,2609,2386,2599,2559,2120,2289,2532,2655,2633,2409,2400,2483,2476,2277,2474,2253,2477,2487,2725,2436,2629,2303,2284,2444,2299,2507,2359,2340,2462,2503,2618,2358,2359,2184,2645,2540,2648,2593,2498,2333,2383,2517,2326,2551,2406,2139,2572,2368,2279,2645,2475,2508,2260,2362,2588,2401,2541,2636,2595,2468,2438,2427,2549,2452,2378,2274,2246,2212,2524,2518,2217,2418,2480,2238,2500,2360,2423,2455,2591,2543,2428,2357,2350,2407,2341,2490,2278,2260,2548,2464,2371,2442,2386,2488,2327,2411,2562,2459,2367,2337,2444,2227,2504,2343,2391,2473,2416,2290,2729,2393,2567,2610,2447,2414,2553,2446,2418,2671,2543,2409,2590,2431,2542,2515,2484,2445,2641,2468,2242,2305,2367,2403,2523,2383,2508,2443,2340,2268,2287,2530,2692,2348,2352,2424,2497,2471,2234,2372,2289,2379,2590,2454,2476,2477,2411,2356,2326,2477,2354,2242,2527,2449,2401,2333,2548,2531,2416,2538,2316,2386,2400,2387,2476,2569,2562,2431,2582,2249,2799,2332,2353,2232,2318,2376,2330,2357,2434,2303,2444,2415,2185,2482,2533,2624,2326,2465,2350,2358,2509,2366,2354,2496,2365,2593,2340,2525,2615,2422,2541,2603,2278,2450,2498,2629,2143,2288,2415,2458,2588,2419,2336,2542,2345,2299,2282,2353,2546,2352,2307,2592,2242,2694,2321,2306,2379,2411,2316,2312,2248,2221,2266,2521,2436,2280,2325,2457,2369,2497,2476,2129,2440,2509,2449,2499,2655,2556,2493,2389,2190,2431,2402,2287,2597,2400,2355,2609,2527,2252,2174,2629,2419,2576,2694,2611,2483,2380,2278,2471,2355,2247,2168,2541,2498,2526,2436,2281,2396,2289,2688,2596,2397,2403,2571,2443,2513,2575,2403,2299,2268,2283,2440,2329,2532,2354,2392,2388,2722,2670,2342,2489,2409,2452,2191,2535,2602,2416,2353,2438,2345,2445,2331,2208,2518,2379,2446,2331,2412,2444,2186,2560,2420,2338,2254,2474,2359,2462,2449,2456,2528,2191,2546,2412,2296,2582,2449,2676,2280,2288,2341,2545,2357,2612,2276,2442,2371,2266,2537,2420,2354,2248,2172,2393,2266,2540,2566,2736,2549
2303,2471,2608,2309,2486,2361,2468,2431,2211,2203,2609,2296,2375,2397,2397,2482,2585,2384,2471,2670,2359,2546,2361,2251,2542,2477,2270,2616,2403,2201,2426,2394,2326,2569,2359,2546,2433,2464,2251,2760,2430,2287,2240,2525,2520,2471,2277,2418,2399,2275,2551,2360,2508,2481,2256,2620,2454,2326,2313,2549,2571,2408,2436,2290,2285,2627,2468,2496,2292,2303,2345,2460,2222,2289,2547,2334,2517,2324,2508,2504,2409,2296,2399,2419,2333,2493,2583,2274,2192,2396,2563,2375,2324,2246,2228,2581,2368,2365,2368,2500,2218,2467,2328,2428,2396,2278,2447,2507,2464,2493,2601,2233,2410,2453,2195,2587,2525,2476,2748,2458,2510,2414,2228,2475,2384,2429,2373,2510,2417,2592,2332,2359,2495,2523,2610,2386,2444,2387,2579,2414,2438,2482,2396,2383,2471,2434,2317,2371,2445,2525,2543,2480,2351,2303,2411,2468,2366,2519,2547,2840,2249,2351,2503,2193,2522,2749,2592,2242,2402,2259,2317,2408,2426,2406,2546,2426,2298,2128,2607,2511,2601,2545,2671,2559,2489,2442,2366,2327,2425,2404,2488,2304,2322,2389,2670,2451,2511,2429,2542,2600,2548,2312,2667,2151,2207,2350,2355,2426,2585,2485,2445,2479,2456,2293,2298,2270,2449,2196,2363,2341,2382,2645,2506,2394,2528,2394,2517,2371,2589,2340,2409,2528,2268,2515,2426,2534,2489,2451,2355,2562,2641,2470,2437,2311,2445,2365,2449,2358,2733,2610,2368,2492,2210,2365,2570,2513,2350,2360,2328,2561,2454,2644,2426,2487,2664,2354,2692,2358,2408,2365,2487,2404,2291,2436,2399,2533,2520,2510,2564,2489,2394,2409,2323,2493,2372,2444,2438,2495,2501,2060,2479,2592,2411,2425,2279,2294,2090,2538,2467,2203,2347,2570,2293,2467,2697,2423,2465,2323,2556,2640,2548,2508,2330,2369,2554,2432,2316,2487,2601,2527,2532,2277,2386,2393,2379,2397,2241,2554,2270,2388,2388,2292,2365,2605,2341,2469,2466,2408,2343,2305,2332,2472,2537,2449,2316,2206,2378,2468,2607,2588,2427,2422,2600,2492,2351,2528,2401,2474,2425,2277,2457,2462,2438,2329,2383,2140,2620,2288,2516,2707,2526,2559,2300,2667,2452,2305,2623,2571,2523,2369,2200,2383,2445,2537,2396,2434,2315,2517,2376,2486,2500,2455,2459,2485,2390,2160,2375,2511,2260,2285,2470,2402,2759,2162,2619,2435,2426,2255,2197,2348,2485,2465,2613,2642,2588,2399,2394,2435,2542,2536,2624,2481,2669,2400,2635,2363,2313,2174,2522,2657,2468,2408,2252,2417,2626,2621,2306,2278,2386,2418,2339,2410,2322,2495,2448,2552,2308,2434,2525,2274,2375,2305,2486,2473,2574,2325,2574,2365,2511,2343,2429,2533,2450,2403,2466,2652,2774,2432,2430,2339,2414,2323,2448,2763,2514,2357,2250,2367,2468,2439,2474,2242,2407,2588,2478,2294,2146,2375,2441,2401,2544,2400,2662,2493,2406,2431,2161,2567,2326,2438,2762,2397,2292,2417,2593,2405,2389,2177,2559,2455,2538,2581,2440,2353,2529,2521,2336,2475,2512,2350,2435,2660,2646,2658,2424,2564,2506,2595,2506,2510,2422,2426,2586,2431,2527,2378,2402,2310,2203,2507,2237,2563,2444,2518,2649,2383,2347,2487,2372,2380,2444,2585,2321,2458,2463,2386,2182,2367,2436,2152,2351,2373,2429,2505,2239,2661,2558,2458,2300,2319,2594,2453,2527,2328,2616,2357,2555,2183,2357,2403,2642,2616,2167,2579,2601,2435,2357,2357,2430,2488,2449,2570,2433,2293,2537,2616,2504,2676,2296,2535,2492,2425,2442,2626,2546,2399,2233,2363,2568,2387,2309,2244,2239,2477,2543,2397,2476,2379,2496,2680,2566,2190,2321,2492,2619,2247,2452,2338,2406,2598,2516,2378,2266,2723,2367,2590,2639,2238,2286,2560,2589,2727,2389,2408,2503,2476,2247,2587,2359,2455,2499,2607,2460,2558,2249,2304,2420,2266,2525,2349,2372,2409,2550,2523,2319,2300,2230,2545,2475,2682,2609,2430,2238,2421,2497,2288,2441,2342,2157,2493,2340,2296,2525,2466,2493,2276,2376,2623,2431,2599,2599,2522,2478,2475,2461,2512,2362,2427,2240,2254,2096,2464,2509,2289,2354,2468,2236,2484,2313,2481,2442,2557,2364,2473,2376,2293,2511,2392,2543,2341,2257,2466,2504,2375,2443,2449,2417,2300,2505,2470,2435,2302,2390,2443,2159,2456,2258,2337,2461,2492,2404,2750,2412,2482,2450,2466,2355,2597,2335,2385,2551,2599,2385,2585,2413,2489,2493,2459,2480,2662,2519,2234,2254,2394,2444,2382,2379,2383,2607,2421,2227,2198,2510,2690,2417,2422,2404,2527,2508,2297,2364,2294,2332,2579,2438,2509,2529,2458,2407,2426,2498,2456,2281,2721,2409,2356,2219,2519,2523,2442,2538,2486,2384,2388,2342,2363,2490,2572,2498,2641,2259,2748,2361,2342,2167,2261,2284,2324,2418,2425,2398,2458,2441,2275,2536,2589,2670,2317,2525,2417,2352,2423,2318,2283,2457,2288,2453,2418,2600,2660,2358,2686,2568,2264,2352,2435,2588,2188,2368,2533,2526,2503,2323,2407,2501,2338,2333,2263,2392,2512,2325,2228,2593,2394,2687,2289,2287,2446,2481,2303,2325,2299,2088,2369,2430,2427,2343,2334,2487,2449,2481,2452,2203,2442,2488,2354,2537,2636,2491,2476,2337,2262,2446,2470,2344,2576,2404,2375,2575,2555,2316,2081,2536,2411,2541,2765,2585,2410,2508,2308,2455,2389,2269,2216,2534,2389,2501,2483,2413,2365,2339,2564,2614,2381,2487,2525,2463,2381,2518,2402,2208,2236,2243,2452,2476,2665,2408,2376,2453,2707,2728,2381,2468,2458,2429,2214,2648,2503,2423,2276,2507,2342,2476,2271,2201,2535,2257,2621,2417,2504,2481,2088,2483,2395,2367,2342,2473,2176,2434,2438,2529,2444,2189,2537,2472,2380,2531,2435,2601,2403,2354,2330,2573,2302,2576,2372,2359,2385,2334,2488,2351,2359,2168,2112,2361,2296,2379,2535,2606,2508
2299,2326,2527,2298,2442,2269,2487,2420,2216,2137,2595,2296,2323,2416,2413,2368,2562,2356,2459,2617,2289,2486,2369,2161,2452,2442,2217,2587,2364,2041,2369,2196,2238,2432,2267,2382,2337,2356,2267,2528,2335,2230,2195,2350,2425,2375,2345,2328,2324,2155,2385,2290,2408,2498,2189,2476,2395,2203,2183,2414,2514,2400,2361,2184,2328,2516,2410,2480,2344,2198,2225,2434,2198,2272,2512,2305,2464,2267,2431,2377,2311,2234,2317,2379,2179,2444,2544,2207,2116,2302,2560,2325,2174,2201,2122,2465,2385,2373,2275,2366,2190,2505,2355,2402,2305,2327,2469,2428,2330,2470,2501,2233,2284,2466,2170,2545,2402,2431,2650,2386,2399,2409,2142,2331,2408,2302,2257,2323,2309,2550,2284,2306,2405,2513,2597,2333,2262,2296,2503,2372,2332,2432,2325,2202,2412,2293,2215,2310,2399,2459,2401,2491,2369,2306,2321,2460,2343,2382,2427,2692,2233,2257,2419,2110,2371,2674,2481,2224,2407,2185,2121,2231,2290,2287,2574,2337,2289,2119,2475,2336,2501,2397,2629,2459,2519,2343,2258,2207,2408,2376,2323,2322,2271,2236,2590,2449,2366,2333,2447,2327,2473,2215,2440,2076,2202,2262,2299,2308,2427,2409,2413,2398,2354,2210,2197,2130,2295,2190,2364,2304,2332,2654,2445,2379,2360,2342,2451,2344,2528,2322,2287,2435,2176,2467,2271,2482,2476,2389,2193,2471,2505,2387,2310,2268,2327,2392,2398,2192,2647,2578,2279,2403,2083,2357,2474,2412,2207,2286,2337,2582,2345,2566,2254,2410,2584,2391,2597,2343,2351,2302,2397,2378,2335,2277,2398,2334,2425,2311,2419,2442,2375,2373,2292,2470,2282,2433,2342,2400,2383,2127,2529,2489,2361,2371,2252,2241,2196,2440,2323,2113,2259,2536,2245,2392,2475,2321,2425,2286,2468,2548,2450,2480,2427,2382,2406,2366,2256,2334,2511,2409,2519,2160,2329,2408,2369,2339,2200,2376,2199,2304,2282,2252,2328,2508,2274,2324,2417,2410,2285,2150,2363,2291,2472,2352,2276,2135,2437,2324,2390,2438,2321,2393,2698,2496,2191,2440,2371,2312,2294,2304,2358,2366,2466,2189,2323,2147,2388,2149,2536,2694,2582,2427,2310,2608,2425,2286,2608,2463,2354,2278,2191,2215,2330,2506,2375,2313,2177,2430,2282,2509,2335,2407,2372,2404,2317,2112,2345,2579,2221,2234,2340,2321,2569,2150,2526,2367,2366,2136,2196,2263,2420,2399,2397,2599,2416,2432,2306,2384,2370,2431,2517,2288,2449,2292,2421,2252,2273,2072,2470,2403,2376,2327,2226,2332,2580,2404,2169,2156,2282,2414,2316,2288,2246,2433,2426,2464,2333,2361,2414,2182,2297,2258,2443,2419,2500,2205,2591,2306,2426,2213,2418,2375,2371,2248,2409,2502,2634,2348,2337,2349,2315,2297,2255,2588,2327,2365,2213,2349,2430,2367,2370,2110,2343,2390,2343,2138,2061,2290,2456,2302,2504,2369,2462,2505,2333,2428,2158,2530,2256,2337,2639,2304,2264,2284,2595,2389,2246,2111,2417,2470,2405,2563,2326,2221,2454,2503,2334,2345,2392,2323,2372,2425,2532,2500,2339,2486,2466,2466,2300,2427,2350,2552,2360,2445,2433,2331,2241,2221,2177,2409,2158,2466,2240,2375,2559,2219,2329,2356,2261,2271,2399,2434,2264,2280,2389,2398,2128,2322,2398,2160,2141,2312,2498,2375,2258,2541,2529,2379,2242,2238,2471,2349,2407,2216,2448,2231,2540,2135,2431,2319,2527,2446,2110,2447,2487,2383,2419,2305,2454,2423,2386,2542,2353,2275,2495,2543,2443,2588,2298,2416,2431,2352,2333,2476,2399,2263,2242,2304,2485,2388,2232,2301,2110,2513,2441,2203,2357,2365,2458,2516,2409,2237,2203,2261,2524,2172,2287,2290,2379,2507,2413,2364,2132,2644,2243,2574,2533,2145,2313,2472,2539,2679,2293,2299,2342,2325,2275,2443,2289,2433,2522,2513,2426,2523,2183,2108,2352,2253,2429,2176,2304,2496,2442,2439,2301,2260,2208,2535,2487,2557,2528,2372,2330,2302,2317,2227,2311,2248,2067,2481,2313,2287,2496,2307,2424,2217,2366,2388,2348,2535,2452,2570,2386,2325,2468,2426,2306,2325,2206,2165,2079,2408,2429,2174,2371,2319,2203,2446,2408,2403,2262,2460,2423,2361,2302,2325,2397,2326,2413,2247,2247,2414,2402,2241,2239,2383,2301,2240,2330,2406,2268,2379,2154,2387,2091,2316,2174,2253,2306,2398,2367,2635,2324,2411,2358,2449,2300,2473,2247,2357,2443,2469,2375,2558,2297,2370,2465,2372,2364,2504,2512,2177,2163,2345,2324,2357,2238,2370,2452,2310,2152,2209,2395,2565,2337,2268,2377,2373,2391,2211,2341,2206,2293,2499,2422,2357,2465,2353,2270,2326,2405,2348,2224,2592,2464,2263,2294,2364,2404,2332,2384,2305,2330,2321,2362,2340,2468,2383,2318,2399,2296,2694,2346,2341,2142,2125,2242,2261,2479,2291,2311,2429,2475,2166,2390,2446,2548,2171,2422,2303,2300,2342,2209,2152,2480,2358,2451,2326,2431,2542,2326,2509,2449,2132,2354,2487,2539,2153,2300,2258,2548,2444,2203,2227,2445,2207,2185,2201,2263,2464,2280,2186,2540,2227,2510,2286,2215,2305,2351,2318,2353,2262,2002,2245,2369,2376,2259,2312,2414,2344,2381,2341,2158,2322,2413,2227,2508,2539,2573,2385,2306,2208,2354,2463,2433,2484,2273,2322,2450,2416,2322,2139,2526,2273,2416,2564,2581,2308,2416,2242,2209,2229,2189,2133,2452,2419,2453,2374,2288,2281,2191,2475,2493,2258,2369,2519,2327,2264,2429,2279,2182,2136,2254,2354,2396,2490,2360,2303,2334,2539,2501,2288,2342,2350,2330,2061,2568,2351,2408,2309,2361,2299,2432,2172,2102,2386,2269,2397,2330,2548,2457,2007,2424,2326,2310,2209,2378,2119,2404,2448,2301,2290,2187,2434,2389,2198,2412,2453,2582,2303,2208,2215,2480,2263,2350,2242,2394,2265,2318,2427,2344,2307,2111,2105,2349,2178,2330,2490,2533,2478
2240,2433,2607,2521,2450,2404,2525,2539,2206,2177,2660,2375,2414,2460,2433,2494,2609,2451,2454,2575,2418,2515,2330,2346,2655,2456,2280,2633,2384,2207,2412,2454,2432,2474,2428,2474,2447,2529,2315,2727,2448,2442,2304,2497,2562,2408,2316,2503,2441,2207,2496,2459,2413,2551,2234,2584,2364,2304,2301,2515,2567,2444,2431,2341,2340,2650,2453,2539,2324,2306,2340,2511,2284,2241,2590,2364,2496,2410,2450,2388,2398,2197,2404,2473,2293,2477,2481,2253,2295,2405,2560,2396,2193,2252,2201,2612,2393,2453,2434,2459,2270,2555,2451,2488,2388,2443,2406,2457,2507,2571,2565,2426,2257,2556,2212,2633,2432,2532,2743,2499,2509,2441,2233,2459,2472,2421,2342,2501,2373,2638,2283,2340,2435,2578,2635,2349,2375,2441,2580,2412,2459,2513,2476,2372,2390,2456,2258,2324,2466,2622,2458,2555,2353,2350,2351,2589,2414,2514,2489,2809,2289,2316,2529,2196,2465,2702,2493,2285,2400,2224,2181,2413,2385,2352,2579,2419,2394,2168,2521,2455,2653,2468,2719,2591,2505,2488,2413,2434,2578,2417,2481,2357,2279,2320,2719,2569,2528,2449,2580,2498,2665,2404,2553,2083,2219,2350,2308,2459,2588,2492,2509,2433,2422,2472,2189,2331,2504,2249,2432,2192,2390,2690,2472,2428,2463,2388,2482,2418,2682,2374,2381,2565,2229,2545,2406,2596,2587,2509,2349,2552,2682,2488,2420,2406,2381,2395,2463,2348,2822,2534,2396,2521,2157,2560,2579,2573,2310,2417,2332,2552,2421,2643,2499,2473,2575,2517,2797,2521,2503,2443,2476,2369,2420,2378,2452,2451,2513,2529,2499,2507,2511,2377,2333,2431,2369,2468,2548,2455,2503,2063,2565,2570,2413,2510,2364,2283,2270,2619,2459,2137,2459,2587,2189,2473,2669,2303,2461,2310,2535,2724,2552,2598,2443,2504,2463,2407,2363,2446,2573,2426,2604,2302,2455,2474,2393,2466,2292,2445,2258,2460,2350,2353,2414,2573,2352,2495,2494,2432,2443,2238,2394,2593,2511,2395,2351,2195,2581,2371,2476,2499,2303,2476,2633,2465,2210,2620,2385,2524,2410,2370,2370,2576,2506,2233,2338,2252,2456,2298,2488,2661,2530,2563,2364,2649,2609,2401,2600,2455,2442,2378,2214,2392,2431,2502,2397,2437,2327,2391,2341,2686,2486,2499,2489,2509,2388,2222,2426,2635,2327,2291,2363,2405,2658,2222,2596,2489,2426,2264,2306,2303,2427,2421,2528,2721,2583,2478,2414,2411,2383,2564,2672,2466,2550,2417,2632,2353,2332,2185,2560,2539,2560,2482,2268,2422,2642,2496,2291,2272,2288,2418,2374,2404,2355,2510,2512,2584,2388,2423,2489,2262,2360,2350,2453,2416,2588,2301,2528,2441,2523,2417,2402,2380,2431,2362,2371,2637,2657,2424,2423,2417,2371,2439,2418,2633,2351,2398,2236,2383,2511,2458,2495,2262,2455,2518,2418,2280,2159,2366,2505,2439,2663,2392,2491,2593,2430,2471,2285,2560,2384,2354,2759,2409,2374,2388,2670,2485,2322,2271,2502,2510,2436,2641,2478,2395,2576,2577,2381,2360,2454,2289,2474,2540,2702,2616,2566,2559,2474,2498,2415,2468,2465,2601,2409,2382,2473,2402,2404,2336,2282,2575,2147,2542,2353,2556,2601,2292,2386,2457,2370,2331,2370,2625,2358,2455,2450,2297,2282,2329,2598,2107,2349,2344,2564,2385,2288,2635,2527,2425,2348,2326,2484,2538,2524,2384,2489,2222,2540,2216,2445,2402,2500,2547,2152,2555,2729,2443,2487,2430,2521,2618,2600,2643,2516,2227,2491,2554,2596,2652,2213,2516,2480,2363,2347,2609,2454,2359,2174,2437,2661,2482,2215,2325,2263,2514,2532,2418,2511,2508,2482,2644,2530,2316,2353,2470,2646,2243,2337,2436,2317,2536,2510,2376,2270,2685,2293,2532,2625,2219,2338,2436,2642,2805,2345,2358,2450,2582,2307,2529,2297,2525,2534,2648,2479,2484,2292,2241,2345,2274,2555,2308,2436,2478,2620,2631,2459,2379,2323,2553,2540,2641,2724,2526,2363,2301,2479,2290,2426,2397,2118,2611,2326,2202,2521,2482,2432,2284,2466,2529,2431,2518,2505,2633,2439,2431,2456,2483,2484,2368,2262,2162,2159,2440,2482,2291,2353,2367,2359,2481,2494,2537,2416,2600,2555,2529,2365,2400,2508,2299,2468,2253,2465,2471,2529,2423,2439,2497,2431,2381,2499,2513,2395,2413,2335,2345,2245,2481,2211,2397,2454,2591,2458,2751,2508,2493,2421,2445,2397,2596,2305,2381,2549,2666,2422,2649,2349,2509,2534,2389,2385,2719,2585,2262,2211,2454,2607,2526,2315,2427,2517,2361,2319,2309,2458,2668,2524,2403,2315,2499,2464,2248,2310,2377,2431,2479,2422,2480,2526,2451,2392,2472,2359,2441,2068,2633,2582,2369,2297,2426,2542,2477,2556,2313,2448,2377,2369,2354,2501,2466,2581,2487,2328,2722,2405,2302,2144,2221,2364,2228,2581,2419,2402,2498,2433,2307,2508,2500,2638,2172,2483,2430,2378,2491,2455,2352,2562,2328,2526,2452,2549,2503,2385,2651,2559,2412,2484,2488,2621,2218,2497,2334,2653,2471,2231,2418,2440,2377,2337,2304,2318,2519,2425,2275,2577,2393,2662,2436,2284,2359,2443,2438,2366,2336,2110,2453,2434,2396,2365,2479,2433,2443,2496,2466,2137,2418,2548,2300,2549,2661,2600,2559,2368,2329,2457,2558,2498,2531,2345,2458,2558,2575,2425,2301,2674,2421,2438,2625,2723,2456,2485,2393,2299,2311,2261,2294,2644,2420,2591,2356,2495,2471,2212,2574,2575,2378,2470,2621,2424,2419,2450,2518,2302,2169,2238,2429,2459,2538,2410,2442,2347,2718,2552,2374,2364,2502,2467,2206,2773,2463,2498,2381,2433,2387,2450,2285,2087,2495,2359,2439,2423,2583,2515,2185,2433,2522,2451,2261,2461,2243,2391,2549,2473,2438,2289,2474,2352,2357,2463,2386,2625,2378,2366,2260,2474,2326,2513,2372,2414,2433,2322,2506,2370,2376,2260,2132,2408,2264,2446,2543,2674,2605
2156,2417,2562,2369,2337,2248,2572,2478,2250,2129,2522,2306,2383,2375,2309,2429,2548,2349,2440,2660,2371,2391,2251,2227,2448,2385,2200,2500,2361,2112,2330,2379,2293,2467,2277,2434,2400,2430,2260,2612,2385,2347,2245,2441,2335,2274,2355,2363,2362,2084,2508,2309,2265,2411,2143,2521,2367,2318,2311,2448,2394,2361,2343,2339,2362,2565,2368,2509,2358,2184,2286,2434,2271,2236,2396,2380,2453,2200,2471,2276,2296,2177,2333,2298,2242,2365,2442,2319,2195,2317,2488,2204,2260,2255,2173,2564,2308,2356,2374,2298,2149,2402,2279,2418,2339,2379,2387,2405,2346,2418,2491,2365,2246,2403,2220,2462,2433,2418,2731,2513,2427,2304,2226,2447,2425,2406,2229,2464,2349,2550,2267,2225,2332,2539,2439,2211,2241,2215,2493,2315,2372,2463,2381,2267,2368,2312,2216,2231,2354,2543,2520,2420,2330,2265,2283,2458,2405,2400,2331,2728,2203,2270,2385,2245,2332,2662,2461,2245,2333,2162,2158,2222,2284,2258,2519,2280,2370,2043,2442,2341,2454,2364,2661,2443,2372,2386,2249,2494,2360,2414,2373,2227,2342,2345,2648,2473,2385,2369,2303,2424,2610,2283,2410,2079,2181,2194,2400,2226,2517,2336,2434,2419,2338,2312,2247,2189,2291,2246,2405,2194,2383,2605,2400,2452,2266,2405,2520,2288,2625,2322,2306,2434,2211,2295,2397,2590,2489,2390,2242,2421,2465,2382,2320,2269,2315,2388,2465,2170,2737,2487,2317,2424,2203,2410,2493,2420,2233,2370,2343,2497,2349,2563,2398,2391,2493,2369,2591,2501,2367,2328,2402,2386,2367,2272,2317,2318,2520,2367,2415,2509,2285,2320,2335,2345,2284,2491,2344,2355,2404,2010,2487,2452,2342,2315,2304,2180,2246,2427,2319,2112,2386,2484,2263,2445,2530,2198,2411,2263,2412,2578,2400,2386,2379,2370,2388,2295,2256,2351,2461,2194,2463,2204,2330,2436,2337,2372,2264,2471,2194,2391,2306,2190,2300,2522,2316,2366,2341,2341,2419,2130,2288,2444,2491,2374,2252,2172,2442,2478,2291,2406,2328,2387,2546,2386,2221,2450,2408,2455,2410,2329,2231,2390,2417,2118,2358,2197,2370,2271,2531,2563,2491,2407,2345,2530,2392,2279,2513,2368,2465,2310,2203,2326,2329,2457,2239,2291,2163,2510,2187,2470,2406,2396,2375,2369,2281,2178,2348,2583,2299,2197,2299,2241,2534,2177,2555,2411,2344,2213,2191,2236,2338,2381,2473,2659,2461,2313,2291,2331,2301,2427,2554,2250,2411,2310,2522,2391,2198,2063,2626,2543,2450,2435,2199,2291,2602,2529,2192,2168,2162,2271,2315,2360,2359,2467,2506,2552,2292,2376,2383,2151,2346,2278,2367,2403,2419,2251,2346,2374,2375,2224,2328,2306,2357,2288,2357,2515,2647,2273,2383,2288,2252,2363,2240,2579,2447,2327,2265,2395,2389,2419,2390,2195,2429,2444,2394,2166,2086,2410,2413,2377,2502,2306,2419,2529,2299,2447,2129,2534,2271,2295,2688,2349,2269,2300,2558,2423,2251,2283,2402,2469,2335,2550,2392,2354,2511,2595,2264,2311,2424,2342,2441,2405,2597,2501,2461,2417,2466,2345,2308,2355,2397,2645,2296,2396,2348,2415,2370,2276,2205,2465,2188,2460,2253,2442,2518,2208,2375,2322,2269,2237,2373,2504,2220,2296,2376,2382,2256,2217,2475,2185,2269,2225,2563,2328,2188,2504,2508,2387,2249,2221,2401,2382,2494,2178,2437,2142,2569,2177,2377,2304,2452,2347,2150,2532,2579,2296,2346,2275,2449,2537,2400,2578,2440,2255,2406,2547,2554,2603,2227,2468,2478,2377,2283,2469,2381,2238,2204,2284,2501,2516,2171,2333,2226,2455,2437,2333,2354,2580,2381,2457,2392,2223,2263,2303,2561,2180,2366,2449,2309,2415,2472,2359,2132,2592,2267,2521,2623,2186,2395,2447,2557,2697,2352,2264,2354,2443,2278,2527,2465,2363,2466,2453,2344,2454,2160,2231,2291,2220,2452,2163,2384,2415,2359,2403,2432,2258,2455,2410,2542,2491,2565,2417,2292,2145,2306,2239,2378,2327,2098,2544,2225,2160,2406,2371,2369,2280,2326,2428,2383,2473,2291,2573,2448,2351,2450,2466,2326,2321,2115,2009,2084,2429,2323,2225,2371,2259,2245,2426,2406,2311,2458,2614,2441,2388,2304,2284,2434,2151,2383,2245,2262,2330,2219,2316,2356,2412,2380,2273,2471,2416,2215,2428,2228,2412,2114,2363,2226,2208,2351,2439,2431,2555,2464,2386,2328,2453,2243,2507,2164,2373,2384,2607,2348,2735,2368,2459,2567,2331,2413,2583,2451,2155,2122,2394,2465,2422,2269,2284,2392,2345,2237,2208,2334,2601,2425,2256,2360,2252,2248,2271,2269,2242,2272,2433,2343,2394,2546,2368,2360,2331,2407,2311,2191,2620,2507,2296,2252,2388,2448,2431,2491,2415,2416,2259,2254,2276,2536,2378,2511,2392,2176,2698,2347,2304,2145,2118,2313,2186,2487,2288,2321,2339,2539,2358,2432,2438,2580,2185,2520,2358,2438,2371,2322,2202,2369,2306,2381,2342,2436,2521,2312,2600,2449,2381,2426,2560,2417,2150,2390,2316,2626,2423,2236,2257,2422,2179,2273,2172,2222,2516,2392,2268,2534,2346,2541,2296,2168,2261,2414,2294,2392,2266,2114,2390,2270,2284,2290,2426,2413,2293,2411,2350,2029,2336,2433,2193,2355,2604,2457,2510,2250,2272,2402,2509,2510,2438,2369,2448,2356,2488,2296,2136,2473,2324,2407,2497,2567,2379,2455,2233,2246,2276,2233,2119,2560,2295,2504,2379,2493,2323,2206,2469,2474,2330,2349,2446,2261,2241,2390,2426,2270,2162,2233,2377,2319,2459,2369,2441,2320,2576,2455,2223,2380,2401,2382,2120,2811,2393,2462,2189,2272,2299,2378,2196,2089,2318,2336,2366,2314,2486,2446,2080,2361,2469,2314,2167,2500,2111,2368,2515,2445,2237,2133,2418,2297,2264,2460,2356,2614,2309,2188,2119,2442,2259,2465,2400,2364,2383,2254,2503,2343,2298,2237,2119,2399,2202,2276,2527,2537,2405
2262,2460,2670,2416,2369,2378,2519,2492,2293,2261,2587,2402,2463,2451,2520,2469,2603,2369,2509,2688,2386,2568,2444,2372,2737,2438,2189,2597,2397,2213,2482,2491,2293,2479,2337,2503,2514,2482,2306,2718,2537,2400,2310,2496,2378,2408,2481,2427,2421,2309,2635,2443,2366,2541,2300,2620,2417,2284,2156,2619,2555,2437,2461,2437,2425,2544,2478,2448,2325,2287,2360,2462,2215,2321,2578,2340,2495,2295,2547,2330,2368,2254,2444,2409,2343,2474,2515,2306,2276,2478,2503,2305,2248,2241,2242,2586,2422,2462,2464,2537,2274,2543,2343,2492,2436,2477,2427,2466,2498,2466,2438,2447,2286,2520,2281,2557,2477,2580,2732,2639,2471,2362,2240,2462,2532,2526,2354,2447,2389,2550,2384,2357,2455,2619,2514,2397,2354,2271,2568,2378,2467,2543,2471,2396,2294,2304,2272,2376,2520,2584,2459,2547,2502,2368,2356,2528,2356,2505,2460,2821,2366,2365,2570,2359,2462,2754,2486,2350,2431,2266,2287,2420,2377,2414,2607,2414,2414,2258,2587,2386,2709,2551,2855,2474,2520,2487,2388,2382,2461,2489,2560,2365,2359,2305,2816,2659,2475,2453,2470,2391,2681,2359,2534,2070,2246,2233,2424,2343,2658,2519,2592,2513,2384,2475,2313,2252,2376,2335,2445,2180,2463,2654,2480,2450,2308,2467,2542,2351,2630,2398,2445,2587,2269,2460,2451,2600,2603,2485,2271,2357,2726,2400,2366,2323,2399,2572,2483,2258,2766,2645,2431,2485,2307,2491,2633,2526,2237,2430,2391,2524,2464,2655,2524,2338,2568,2508,2770,2547,2462,2389,2323,2467,2528,2414,2468,2450,2583,2331,2463,2541,2372,2473,2528,2377,2448,2550,2500,2412,2452,2103,2557,2515,2379,2565,2301,2249,2318,2591,2348,2187,2342,2493,2267,2555,2611,2275,2507,2348,2460,2676,2437,2504,2362,2433,2495,2285,2411,2436,2610,2364,2650,2397,2440,2481,2473,2366,2339,2616,2331,2458,2349,2364,2464,2531,2453,2381,2448,2434,2514,2279,2377,2541,2608,2486,2310,2267,2568,2509,2422,2540,2478,2475,2559,2491,2224,2521,2430,2566,2494,2387,2365,2435,2572,2356,2457,2306,2499,2400,2644,2658,2610,2562,2487,2554,2504,2359,2616,2426,2480,2398,2207,2353,2446,2593,2347,2401,2344,2617,2268,2567,2465,2428,2425,2606,2339,2182,2532,2555,2329,2268,2347,2410,2601,2253,2607,2433,2430,2302,2373,2290,2394,2499,2528,2743,2621,2527,2484,2472,2323,2552,2686,2330,2443,2377,2606,2394,2329,2136,2628,2643,2495,2416,2301,2389,2758,2555,2313,2224,2179,2361,2433,2524,2399,2580,2500,2536,2442,2368,2512,2241,2427,2326,2476,2458,2648,2236,2527,2413,2439,2446,2349,2383,2418,2361,2444,2623,2661,2404,2499,2450,2376,2507,2361,2627,2570,2380,2405,2366,2501,2500,2398,2176,2484,2500,2498,2293,2146,2393,2541,2440,2613,2424,2547,2600,2539,2408,2293,2732,2344,2392,2816,2399,2344,2382,2684,2557,2254,2386,2540,2539,2419,2674,2350,2466,2628,2541,2427,2413,2410,2408,2457,2494,2583,2683,2501,2412,2579,2382,2403,2366,2428,2726,2400,2365,2318,2419,2265,2373,2265,2643,2280,2573,2429,2578,2508,2313,2378,2376,2258,2338,2466,2612,2336,2409,2512,2440,2378,2429,2492,2216,2289,2209,2526,2418,2225,2623,2633,2465,2369,2371,2522,2463,2508,2280,2521,2345,2478,2321,2466,2371,2541,2536,2159,2531,2679,2410,2443,2346,2463,2440,2562,2699,2467,2213,2516,2574,2659,2628,2256,2463,2482,2424,2432,2555,2489,2352,2247,2300,2667,2563,2248,2438,2368,2622,2541,2416,2453,2629,2486,2628,2528,2316,2344,2381,2621,2290,2341,2515,2337,2551,2450,2456,2317,2641,2416,2551,2620,2178,2474,2468,2620,2715,2371,2347,2277,2517,2345,2686,2331,2533,2557,2637,2489,2566,2351,2205,2438,2303,2489,2274,2335,2505,2497,2493,2558,2442,2451,2504,2606,2597,2643,2639,2368,2252,2484,2343,2461,2437,2234,2649,2400,2104,2467,2358,2448,2363,2544,2519,2443,2467,2397,2665,2574,2382,2557,2496,2485,2454,2097,2078,2258,2451,2507,2256,2520,2464,2234,2493,2475,2414,2531,2651,2664,2472,2450,2380,2498,2221,2458,2357,2385,2375,2406,2443,2443,2479,2428,2375,2369,2653,2298,2513,2319,2449,2242,2541,2369,2431,2452,2495,2559,2572,2516,2471,2306,2437,2272,2657,2241,2394,2695,2683,2521,2666,2384,2531,2658,2334,2447,2680,2534,2281,2163,2503,2457,2470,2236,2420,2486,2446,2412,2340,2374,2673,2509,2385,2437,2379,2396,2282,2375,2247,2458,2553,2394,2520,2617,2441,2430,2453,2464,2426,2235,2646,2599,2401,2487,2400,2540,2441,2532,2390,2461,2369,2401,2287,2511,2365,2501,2462,2286,2724,2386,2399,2215,2231,2448,2311,2626,2472,2511,2484,2605,2427,2492,2502,2619,2204,2617,2400,2434,2460,2452,2342,2466,2304,2423,2496,2512,2562,2493,2633,2490,2488,2587,2596,2595,2269,2433,2367,2728,2459,2341,2414,2503,2308,2518,2357,2361,2507,2497,2333,2578,2491,2633,2437,2285,2310,2457,2400,2391,2353,2127,2455,2371,2367,2296,2477,2531,2436,2499,2437,2159,2437,2495,2290,2546,2507,2597,2592,2285,2271,2437,2593,2523,2529,2281,2533,2498,2558,2403,2250,2556,2354,2513,2505,2771,2507,2468,2264,2324,2322,2325,2241,2643,2462,2623,2444,2566,2505,2334,2543,2537,2301,2479,2615,2430,2249,2500,2504,2372,2248,2345,2475,2580,2477,2508,2468,2427,2591,2689,2369,2385,2502,2415,2279,2939,2436,2484,2312,2424,2369,2486,2251,2146,2497,2439,2496,2394,2551,2493,2202,2456,2577,2386,2295,2556,2219,2455,2535,2499,2424,2274,2425,2460,2317,2456,2458,2680,2285,2253,2233,2426,2332,2529,2420,2541,2425,2447,2569,2388,2391,2225,2138,2421,2189,2417,2515,2660,2626
2220,2450,2629,2416,2422,2419,2568,2514,2288,2276,2591,2386,2438,2455,2436,2513,2642,2337,2489,2674,2358,2485,2389,2254,2637,2391,2121,2677,2469,2208,2472,2487,2250,2502,2374,2435,2531,2433,2375,2720,2558,2433,2322,2502,2302,2318,2483,2408,2535,2241,2481,2332,2415,2581,2236,2491,2423,2281,2264,2560,2646,2409,2535,2525,2481,2670,2456,2464,2331,2370,2391,2393,2247,2384,2461,2414,2435,2364,2538,2345,2324,2294,2487,2344,2210,2472,2417,2416,2274,2439,2449,2473,2312,2240,2377,2636,2510,2500,2528,2405,2225,2470,2405,2468,2545,2553,2550,2422,2510,2499,2502,2389,2289,2560,2268,2457,2482,2510,2823,2665,2481,2382,2323,2507,2513,2650,2326,2437,2350,2560,2365,2197,2484,2681,2527,2275,2421,2245,2520,2321,2458,2396,2499,2433,2263,2415,2306,2345,2655,2530,2462,2529,2434,2350,2340,2501,2412,2565,2410,2760,2334,2326,2570,2232,2418,2790,2538,2424,2436,2225,2201,2384,2490,2324,2587,2501,2444,2220,2587,2492,2534,2509,2812,2524,2549,2448,2345,2513,2488,2503,2409,2385,2429,2392,2692,2620,2453,2490,2430,2484,2650,2251,2536,2122,2180,2283,2527,2327,2672,2528,2524,2358,2437,2457,2317,2277,2380,2279,2542,2304,2480,2525,2452,2532,2303,2433,2468,2260,2608,2390,2456,2658,2344,2559,2420,2603,2540,2558,2404,2352,2557,2484,2339,2223,2413,2543,2444,2172,2694,2599,2417,2449,2361,2554,2706,2562,2321,2531,2413,2546,2401,2634,2617,2445,2495,2451,2607,2483,2361,2429,2300,2387,2515,2339,2373,2424,2499,2362,2502,2544,2367,2511,2382,2468,2385,2459,2510,2364,2470,2073,2617,2548,2405,2458,2434,2320,2388,2487,2361,2161,2433,2534,2356,2406,2648,2268,2534,2405,2466,2580,2565,2431,2560,2419,2569,2282,2355,2406,2522,2292,2763,2274,2504,2506,2514,2377,2388,2540,2221,2432,2397,2335,2476,2588,2408,2405,2338,2399,2443,2307,2488,2549,2657,2563,2238,2264,2681,2409,2357,2521,2466,2450,2643,2422,2294,2463,2326,2601,2553,2410,2374,2525,2596,2304,2399,2312,2405,2401,2680,2553,2540,2505,2485,2620,2444,2370,2612,2376,2478,2342,2316,2319,2342,2600,2417,2428,2377,2570,2291,2618,2451,2490,2516,2533,2357,2237,2459,2550,2301,2298,2439,2460,2607,2373,2717,2392,2356,2403,2255,2231,2381,2360,2560,2678,2524,2470,2423,2334,2309,2610,2624,2408,2365,2385,2590,2430,2350,2201,2625,2726,2531,2527,2236,2491,2616,2532,2265,2187,2269,2315,2371,2463,2499,2500,2553,2516,2455,2446,2457,2190,2550,2259,2454,2391,2567,2374,2452,2492,2474,2366,2484,2396,2369,2459,2502,2665,2640,2541,2465,2420,2385,2482,2351,2627,2490,2386,2484,2384,2538,2464,2491,2248,2539,2459,2543,2272,2150,2370,2571,2399,2554,2342,2535,2630,2504,2374,2254,2757,2235,2434,2737,2418,2493,2379,2638,2579,2383,2361,2538,2494,2345,2573,2462,2510,2615,2655,2418,2405,2429,2293,2531,2540,2513,2579,2640,2526,2458,2484,2468,2427,2414,2703,2477,2399,2331,2506,2311,2376,2336,2638,2330,2500,2388,2614,2450,2353,2417,2377,2284,2407,2418,2629,2156,2369,2543,2360,2402,2366,2438,2255,2337,2253,2670,2347,2335,2602,2540,2508,2308,2273,2470,2373,2544,2317,2524,2369,2714,2207,2355,2401,2593,2590,2177,2595,2718,2479,2420,2462,2380,2549,2481,2686,2470,2267,2465,2603,2681,2693,2273,2455,2549,2333,2366,2651,2394,2380,2208,2394,2646,2642,2303,2358,2382,2624,2468,2381,2403,2645,2520,2599,2361,2381,2393,2420,2618,2295,2410,2483,2352,2571,2593,2478,2248,2624,2398,2575,2673,2243,2490,2506,2559,2716,2487,2328,2406,2466,2436,2574,2356,2447,2548,2509,2424,2494,2310,2266,2385,2314,2450,2258,2409,2529,2479,2552,2408,2378,2488,2543,2602,2553,2681,2558,2217,2226,2424,2272,2559,2396,2233,2598,2470,2218,2442,2446,2435,2232,2570,2510,2463,2498,2455,2605,2587,2469,2598,2464,2415,2396,2135,2145,2278,2427,2439,2303,2387,2368,2233,2573,2426,2366,2546,2626,2717,2501,2394,2402,2434,2177,2499,2383,2368,2388,2409,2436,2335,2440,2429,2400,2365,2663,2263,2524,2376,2370,2199,2602,2363,2450,2400,2553,2585,2613,2460,2505,2285,2439,2397,2621,2335,2413,2569,2666,2527,2654,2264,2502,2670,2408,2486,2661,2595,2229,2186,2469,2563,2421,2166,2304,2541,2389,2422,2293,2345,2731,2497,2379,2337,2371,2311,2300,2299,2294,2432,2502,2311,2471,2570,2439,2410,2474,2360,2424,2357,2715,2559,2359,2366,2353,2652,2558,2481,2381,2438,2503,2362,2396,2461,2459,2533,2527,2338,2674,2420,2414,2190,2166,2401,2303,2628,2541,2512,2614,2642,2378,2521,2631,2590,2218,2560,2384,2298,2465,2415,2367,2457,2322,2496,2553,2378,2555,2424,2552,2576,2554,2566,2406,2620,2246,2467,2383,2721,2555,2317,2463,2549,2316,2506,2402,2247,2625,2535,2298,2507,2407,2694,2436,2385,2380,2478,2429,2416,2306,2018,2530,2407,2332,2316,2584,2446,2394,2411,2365,2107,2406,2520,2378,2584,2541,2389,2506,2446,2341,2484,2626,2520,2512,2343,2596,2515,2527,2423,2255,2593,2381,2454,2472,2760,2530,2453,2323,2264,2393,2314,2220,2601,2514,2675,2562,2608,2487,2332,2553,2568,2477,2474,2592,2431,2341,2439,2433,2284,2216,2243,2618,2477,2544,2585,2424,2384,2630,2561,2309,2468,2493,2405,2160,2925,2472,2603,2308,2421,2395,2451,2190,2251,2418,2398,2521,2341,2479,2535,2238,2409,2474,2419,2354,2655,2223,2393,2456,2479,2230,2353,2355,2481,2308,2378,2433,2552,2337,2258,2248,2418,2400,2517,2455,2389,2398,2331,2533,2315,2373,2313,2056,2469,2145,2379,2538,2586,2456
1923,2166,2214,2210,2140,2172,2217,2266,2132,2032,2520,2124,2213,2237,2221,2200,2466,2082,2243,2380,2124,2347,2238,2132,2483,2085,1944,2394,2111,2048,2231,2213,2079,2258,2238,2150,2288,2175,2174,2477,2129,2256,2078,2268,2078,2150,2295,2216,2184,2098,2349,2138,2202,2283,2091,2299,2179,2091,1999,2332,2389,2155,2214,2287,2246,2318,2143,2289,2205,1983,2189,2156,1970,2134,2306,2224,2200,2156,2193,2092,2104,2085,2185,2143,2089,2310,2187,2125,2145,2224,2237,2134,2154,1952,2022,2308,2182,2181,2277,2247,2055,2311,2119,2240,2274,2189,2195,2096,2273,2284,2177,2187,2104,2254,2002,2261,2244,2266,2461,2346,2311,2144,2121,2277,2259,2376,2152,2186,2097,2281,2069,2108,2214,2336,2285,2094,2187,2029,2167,2177,2272,2188,2201,2140,2110,2087,2089,2132,2335,2360,2205,2272,2114,2064,2052,2293,2246,2243,2297,2432,2126,2132,2216,1969,2288,2406,2264,2208,2287,1981,1907,2180,2308,2167,2297,2210,2239,2098,2346,2202,2314,2268,2598,2264,2262,2207,2173,2246,2242,2293,2188,2101,2110,2109,2486,2338,2170,2231,2247,2262,2414,2121,2304,1962,2040,2054,2237,2125,2452,2252,2266,2199,2200,2274,2105,1992,2115,2111,2187,2057,2211,2359,2196,2360,2069,2188,2352,2090,2387,2139,2146,2474,2123,2236,2249,2376,2321,2244,2215,2130,2349,2197,2181,2073,2106,2315,2201,2023,2553,2361,2287,2193,2161,2346,2487,2359,2083,2256,2160,2335,2179,2423,2219,2088,2273,2217,2405,2245,2178,2132,2128,2200,2325,2213,2215,2125,2397,2168,2328,2367,2107,2199,2221,2255,2159,2272,2306,2116,2151,1865,2469,2226,2225,2192,2202,2081,2180,2233,2173,1960,2245,2208,2127,2198,2418,1996,2250,2191,2102,2388,2156,2303,2233,2119,2197,2099,2140,2063,2343,2143,2344,2120,2272,2293,2168,2172,2213,2289,2054,2119,2182,2151,2171,2342,2162,2298,2191,2168,2169,2152,2236,2324,2391,2194,2071,2083,2401,2107,2122,2308,2277,2246,2377,2122,1970,2274,2100,2434,2253,2126,2056,2358,2375,2106,2158,2164,2149,2276,2460,2303,2347,2293,2250,2493,2181,2139,2347,2059,2361,2066,2032,2113,2190,2404,2112,2159,2139,2304,2137,2308,2169,2247,2201,2268,2054,2090,2215,2292,2198,2152,2132,2239,2308,2040,2393,2158,2178,2228,2143,2152,2103,2262,2366,2394,2221,2206,2216,2145,2101,2458,2343,2173,2159,2189,2396,2189,2080,2000,2373,2411,2311,2254,2127,2228,2497,2240,2160,2136,2080,2079,2197,2194,2119,2281,2348,2323,2234,2210,2283,2033,2300,2185,2299,2191,2278,2066,2291,2280,2191,2131,2115,2072,2100,2242,2247,2404,2313,2229,2393,2236,2262,2211,2172,2295,2255,2106,2229,2098,2336,2248,2255,2022,2242,2207,2288,2035,1917,2155,2378,2256,2294,2141,2247,2431,2271,2105,2094,2493,2138,2278,2540,2143,2255,2185,2374,2389,2055,2210,2275,2148,2176,2467,2220,2172,2330,2365,2289,2222,2099,2209,2241,2251,2307,2453,2378,2293,2318,2163,2226,2141,2215,2534,2261,2273,2091,2226,2182,2149,2008,2376,2188,2285,2207,2250,2164,2143,2148,2032,2082,2165,2211,2377,2005,2241,2251,2161,2119,2170,2199,2005,2119,2041,2345,2111,1989,2357,2212,2273,2124,2133,2309,2166,2321,2088,2257,2118,2269,2110,2135,2139,2295,2282,2003,2199,2373,2190,2246,2189,2157,2242,2274,2376,2274,2057,2284,2259,2386,2430,1993,2182,2336,2210,2218,2369,2157,2051,2005,2048,2324,2409,2088,2120,2126,2370,2227,2112,2202,2354,2150,2406,2212,2097,2191,2110,2449,2114,2138,2255,2196,2294,2303,2243,2109,2376,2119,2268,2370,1993,2254,2225,2275,2379,2215,2065,2233,2240,2108,2338,2133,2299,2341,2211,2242,2337,2072,2010,2159,2128,2268,2059,2132,2248,2261,2301,2284,2185,2255,2352,2538,2230,2466,2257,2122,2101,2259,2052,2305,2262,1899,2389,2258,1920,2177,2170,2220,2254,2244,2259,2220,2185,2151,2326,2302,2314,2334,2289,2024,2274,2009,1994,2090,2260,2162,2097,2213,2283,2027,2282,2216,2138,2296,2381,2373,2225,2190,2160,2242,1967,2191,2076,2119,2144,2189,2262,2157,2257,2277,2156,2130,2337,2050,2333,2148,2197,1953,2391,2148,2193,2147,2171,2243,2320,2156,2311,2066,2206,2150,2366,2085,2185,2323,2396,2242,2391,2163,2429,2459,2154,2214,2406,2239,1999,1924,2252,2255,2257,2016,2150,2321,2150,2147,2140,2190,2332,2337,2065,2195,2186,2152,2172,2055,2005,2134,2350,2107,2191,2324,2100,2265,2181,2223,2146,2112,2364,2348,2276,2237,2160,2293,2315,2319,2174,2185,2193,2152,2114,2272,2155,2168,2201,2183,2416,2190,2205,1976,1913,2210,2104,2468,2281,2282,2316,2487,2182,2307,2417,2342,2012,2305,2166,2095,2200,2207,2066,2238,2140,2272,2173,2278,2262,2198,2388,2322,2241,2310,2290,2312,1979,2111,2266,2356,2305,2083,2223,2304,2094,2283,2167,2146,2283,2275,2050,2191,2133,2392,2174,2026,2197,2199,2107,2110,2078,1864,2289,2058,2071,2152,2317,2213,2193,2218,2225,1876,2219,2264,2163,2221,2288,2194,2199,2189,2034,2260,2373,2317,2197,2189,2320,2267,2256,2093,2008,2380,2218,2233,2262,2467,2260,2269,2076,2100,2183,2079,1949,2284,2218,2404,2295,2346,2247,2118,2204,2293,2145,2186,2299,2320,2091,2194,2338,2120,1961,1991,2287,2285,2268,2366,2268,2209,2370,2330,2104,2190,2299,2190,1988,2645,2154,2312,2133,2238,2183,2227,1986,2007,2238,2164,2335,2013,2341,2283,1981,2165,2271,2150,2099,2430,1997,2129,2261,2234,2122,2112,2116,2223,2077,2269,2248,2321,2076,2023,2000,2155,2248,2269,2220,2360,2234,2154,2340,2150,2198,2061,1891,2175,1923,2105,2210,2374,2251
2156,2414,2473,2396,2429,2464,2472,2545,2416,2177,2822,2560,2392,2428,2502,2470,2635,2292,2536,2585,2350,2464,2465,2385,2630,2372,2180,2736,2483,2304,2515,2443,2313,2538,2521,2341,2573,2415,2413,2797,2429,2390,2366,2466,2335,2408,2560,2408,2536,2300,2571,2323,2401,2585,2292,2400,2436,2354,2306,2607,2673,2284,2420,2631,2432,2618,2473,2469,2443,2319,2298,2456,2222,2357,2549,2488,2381,2387,2403,2324,2460,2409,2533,2420,2242,2543,2357,2428,2327,2441,2484,2410,2359,2291,2314,2548,2528,2452,2476,2509,2274,2398,2352,2461,2552,2622,2447,2364,2521,2456,2380,2402,2373,2576,2274,2534,2499,2546,2689,2636,2595,2386,2493,2446,2397,2647,2288,2409,2361,2566,2360,2225,2466,2605,2424,2335,2468,2199,2482,2402,2505,2441,2411,2380,2316,2257,2360,2348,2536,2488,2426,2627,2563,2368,2325,2551,2528,2553,2484,2670,2352,2303,2465,2192,2466,2653,2427,2479,2466,2220,2251,2360,2433,2430,2566,2522,2362,2409,2556,2420,2609,2459,2796,2448,2335,2526,2501,2516,2597,2399,2517,2377,2350,2387,2694,2677,2497,2561,2487,2439,2616,2329,2482,2135,2313,2403,2518,2440,2638,2466,2556,2407,2420,2562,2291,2275,2366,2363,2383,2346,2427,2495,2472,2606,2282,2475,2461,2354,2535,2388,2437,2631,2341,2586,2433,2610,2484,2535,2347,2421,2521,2453,2313,2309,2333,2494,2468,2288,2725,2540,2448,2417,2255,2602,2690,2498,2352,2478,2548,2585,2396,2581,2575,2353,2510,2474,2693,2493,2383,2365,2278,2541,2462,2341,2357,2430,2528,2418,2450,2496,2355,2511,2515,2527,2327,2458,2503,2321,2405,2071,2668,2532,2407,2431,2457,2300,2258,2520,2505,2250,2615,2514,2411,2475,2632,2207,2456,2509,2485,2591,2335,2470,2439,2407,2473,2380,2322,2464,2580,2306,2750,2272,2433,2592,2317,2542,2456,2509,2292,2371,2369,2429,2371,2546,2398,2488,2365,2355,2562,2374,2602,2532,2579,2391,2239,2303,2691,2388,2388,2487,2534,2521,2667,2510,2257,2612,2339,2632,2518,2436,2281,2601,2535,2318,2475,2307,2433,2563,2730,2619,2480,2555,2499,2657,2389,2483,2648,2346,2523,2250,2373,2337,2419,2544,2277,2386,2341,2512,2417,2518,2363,2472,2486,2463,2343,2272,2485,2598,2385,2463,2366,2474,2569,2290,2606,2345,2470,2409,2352,2373,2380,2457,2624,2733,2555,2491,2384,2384,2278,2668,2540,2367,2393,2342,2604,2401,2322,2261,2604,2685,2468,2442,2315,2397,2626,2490,2375,2234,2177,2212,2434,2448,2480,2492,2631,2482,2481,2365,2419,2186,2590,2417,2516,2401,2644,2396,2506,2491,2520,2542,2420,2388,2355,2545,2469,2634,2618,2460,2532,2540,2516,2543,2370,2564,2485,2424,2654,2269,2591,2450,2454,2255,2497,2474,2453,2279,2155,2377,2542,2421,2485,2282,2423,2572,2525,2299,2321,2735,2310,2527,2737,2391,2497,2387,2489,2570,2237,2435,2469,2365,2380,2706,2344,2483,2556,2709,2504,2420,2456,2371,2553,2432,2585,2653,2658,2506,2523,2382,2418,2400,2508,2722,2598,2462,2309,2477,2403,2499,2329,2627,2298,2512,2471,2625,2462,2339,2384,2382,2349,2507,2352,2522,2271,2434,2503,2483,2445,2466,2506,2247,2318,2252,2496,2273,2321,2543,2439,2557,2421,2307,2387,2357,2510,2359,2447,2420,2593,2379,2331,2471,2556,2513,2224,2512,2667,2401,2537,2390,2285,2590,2515,2609,2448,2283,2538,2600,2696,2729,2308,2426,2547,2407,2387,2640,2442,2403,2349,2295,2597,2667,2428,2390,2431,2683,2458,2499,2344,2629,2430,2567,2355,2302,2549,2361,2626,2453,2218,2487,2381,2704,2589,2453,2311,2587,2395,2480,2642,2323,2535,2396,2562,2690,2414,2211,2367,2576,2363,2558,2325,2518,2510,2498,2382,2518,2507,2171,2371,2364,2495,2359,2479,2445,2594,2531,2482,2553,2507,2562,2607,2537,2727,2517,2370,2214,2545,2256,2397,2457,2213,2652,2655,2129,2423,2419,2499,2508,2572,2524,2480,2548,2398,2625,2439,2509,2594,2459,2310,2357,2196,2148,2300,2474,2331,2279,2441,2374,2312,2444,2382,2322,2549,2584,2695,2570,2506,2305,2529,2248,2442,2237,2354,2366,2467,2530,2399,2497,2452,2435,2328,2700,2249,2548,2404,2468,2164,2641,2392,2415,2383,2533,2425,2541,2381,2630,2305,2413,2291,2662,2232,2390,2643,2596,2445,2541,2367,2534,2640,2368,2501,2693,2555,2308,2229,2426,2436,2428,2224,2258,2518,2461,2341,2301,2401,2538,2533,2291,2363,2476,2336,2357,2359,2346,2346,2532,2353,2394,2615,2385,2461,2417,2380,2375,2425,2693,2689,2438,2495,2466,2569,2514,2484,2311,2447,2475,2367,2264,2447,2361,2398,2510,2368,2671,2408,2406,2208,2160,2477,2293,2698,2522,2523,2604,2688,2410,2611,2550,2578,2197,2646,2422,2441,2409,2481,2405,2395,2388,2391,2524,2437,2484,2342,2660,2503,2452,2575,2410,2496,2352,2386,2354,2624,2523,2302,2631,2547,2233,2557,2437,2366,2583,2572,2285,2426,2288,2772,2464,2262,2462,2420,2339,2397,2372,2078,2615,2234,2311,2432,2543,2519,2369,2483,2450,2141,2402,2451,2332,2500,2607,2368,2558,2341,2267,2535,2557,2615,2538,2431,2644,2497,2543,2446,2130,2613,2443,2513,2586,2696,2679,2496,2288,2316,2314,2282,2314,2490,2478,2633,2531,2593,2475,2426,2511,2481,2325,2487,2580,2422,2331,2608,2506,2338,2166,2318,2595,2462,2586,2667,2474,2337,2585,2649,2213,2351,2536,2432,2186,2877,2395,2599,2361,2452,2388,2441,2162,2232,2425,2369,2488,2271,2511,2587,2281,2387,2451,2309,2365,2597,2260,2465,2516,2528,2263,2283,2409,2497,2311,2504,2511,2541,2367,2184,2168,2457,2447,2603,2466,2548,2417,2406,2543,2424,2349,2240,2144,2405,2084,2370,2517,2567,2523
2114,2297,2452,2365,2321,2342,2351,2507,2346,2241,2637,2429,2233,2314,2562,2560,2575,2277,2491,2471,2345,2496,2411,2305,2566,2289,2062,2545,2325,2294,2416,2404,2313,2379,2351,2308,2405,2420,2357,2642,2267,2399,2218,2517,2232,2408,2521,2217,2391,2308,2531,2254,2380,2583,2254,2375,2438,2442,2157,2401,2565,2283,2333,2375,2459,2441,2369,2459,2381,2205,2401,2442,2237,2316,2421,2482,2314,2327,2296,2172,2361,2333,2502,2414,2215,2461,2248,2259,2188,2410,2282,2406,2266,2248,2233,2478,2354,2439,2362,2521,2264,2399,2206,2471,2492,2447,2315,2269,2416,2413,2327,2344,2275,2339,2221,2463,2400,2514,2691,2542,2488,2224,2421,2455,2368,2425,2237,2399,2249,2472,2346,2198,2377,2461,2406,2108,2371,2123,2420,2349,2449,2400,2348,2258,2192,2239,2311,2345,2529,2495,2352,2468,2484,2336,2354,2319,2355,2396,2332,2599,2307,2262,2393,2168,2415,2588,2529,2465,2367,2041,2195,2390,2392,2388,2359,2410,2439,2320,2405,2317,2445,2459,2632,2411,2226,2496,2503,2524,2516,2379,2267,2161,2288,2347,2602,2563,2403,2479,2405,2387,2625,2259,2378,2120,2247,2336,2298,2340,2655,2474,2372,2386,2275,2414,2266,2180,2284,2342,2323,2313,2363,2442,2379,2503,2275,2422,2327,2181,2378,2324,2324,2697,2312,2368,2311,2453,2380,2418,2372,2336,2426,2421,2227,2277,2319,2468,2411,2179,2540,2484,2271,2312,2283,2529,2601,2392,2319,2425,2480,2506,2285,2531,2473,2212,2355,2443,2633,2516,2260,2338,2185,2388,2468,2272,2306,2342,2512,2289,2404,2536,2256,2380,2452,2453,2253,2444,2385,2312,2371,2122,2523,2430,2376,2333,2385,2209,2268,2470,2424,2134,2434,2438,2284,2411,2558,2148,2298,2459,2314,2605,2321,2397,2346,2368,2370,2338,2369,2441,2568,2198,2455,2204,2380,2475,2175,2468,2417,2504,2165,2324,2303,2315,2245,2404,2341,2529,2262,2276,2438,2390,2526,2485,2499,2337,2064,2238,2529,2406,2212,2464,2407,2363,2568,2407,2144,2380,2215,2549,2538,2354,2312,2525,2507,2249,2271,2248,2339,2418,2634,2437,2357,2484,2466,2485,2246,2293,2554,2165,2409,2195,2262,2286,2323,2473,2213,2281,2264,2350,2326,2486,2349,2510,2340,2561,2184,2196,2444,2477,2341,2350,2229,2413,2478,2242,2555,2304,2399,2336,2403,2280,2248,2405,2549,2581,2328,2499,2320,2255,2157,2645,2531,2428,2269,2288,2419,2386,2281,2168,2414,2605,2461,2321,2238,2362,2455,2323,2385,2163,2245,2220,2440,2340,2331,2327,2483,2352,2466,2421,2298,2138,2504,2364,2340,2407,2472,2342,2359,2397,2490,2379,2281,2305,2296,2434,2421,2534,2469,2466,2546,2445,2371,2518,2334,2461,2415,2333,2482,2175,2570,2387,2327,2175,2386,2420,2387,2246,2118,2415,2530,2390,2342,2307,2422,2528,2348,2142,2287,2731,2216,2395,2664,2398,2520,2349,2429,2538,2269,2343,2383,2300,2311,2629,2344,2380,2454,2679,2449,2408,2335,2305,2369,2312,2589,2504,2507,2402,2442,2308,2396,2332,2385,2597,2534,2468,2144,2278,2335,2434,2209,2525,2391,2441,2305,2481,2376,2230,2299,2286,2241,2440,2383,2492,2176,2458,2528,2312,2427,2289,2508,2181,2259,2263,2497,2327,2148,2428,2381,2496,2289,2258,2435,2350,2435,2275,2349,2340,2556,2310,2257,2314,2500,2446,2253,2439,2562,2307,2389,2274,2299,2424,2413,2557,2354,2258,2434,2467,2569,2547,2241,2321,2479,2339,2241,2543,2403,2307,2272,2206,2507,2610,2248,2288,2327,2477,2391,2293,2325,2462,2350,2490,2216,2264,2506,2320,2618,2293,2175,2483,2312,2486,2443,2367,2338,2487,2257,2452,2642,2253,2358,2348,2514,2558,2246,2212,2359,2458,2446,2548,2261,2433,2394,2411,2318,2441,2331,2105,2343,2243,2302,2218,2416,2419,2450,2367,2519,2443,2349,2448,2581,2402,2645,2394,2335,2152,2437,2200,2460,2510,2206,2537,2600,2031,2284,2231,2510,2459,2449,2382,2379,2326,2199,2437,2464,2385,2501,2418,2295,2350,2147,2177,2253,2449,2316,2172,2372,2347,2375,2490,2519,2244,2399,2637,2537,2369,2254,2306,2416,2066,2271,2196,2222,2215,2331,2388,2327,2532,2504,2382,2216,2491,2178,2517,2261,2396,2065,2458,2276,2387,2336,2474,2395,2384,2349,2471,2201,2520,2281,2699,2201,2261,2478,2482,2322,2592,2286,2460,2636,2286,2447,2671,2445,2223,2098,2425,2403,2414,2058,2236,2470,2398,2273,2286,2415,2437,2501,2184,2290,2331,2292,2229,2377,2185,2192,2474,2310,2339,2533,2308,2418,2375,2330,2271,2365,2495,2473,2403,2398,2391,2578,2435,2412,2297,2363,2350,2316,2207,2467,2360,2411,2391,2362,2476,2249,2351,2190,1973,2365,2281,2702,2421,2377,2520,2599,2307,2597,2576,2529,2127,2495,2424,2308,2279,2432,2326,2409,2295,2415,2330,2385,2415,2365,2458,2362,2280,2462,2293,2329,2302,2264,2400,2585,2477,2260,2462,2582,2213,2480,2374,2394,2500,2441,2214,2326,2218,2662,2299,2182,2408,2351,2241,2218,2239,1966,2458,2220,2430,2355,2469,2520,2357,2366,2461,2013,2388,2427,2318,2296,2559,2260,2496,2403,2257,2438,2511,2388,2445,2368,2498,2478,2456,2366,2182,2513,2339,2431,2454,2707,2618,2442,2272,2225,2327,2266,2204,2496,2339,2520,2519,2427,2476,2338,2259,2527,2322,2356,2426,2396,2148,2397,2465,2170,2102,2230,2480,2287,2460,2575,2472,2329,2548,2555,2255,2280,2433,2323,2172,2777,2350,2460,2284,2325,2293,2306,2059,2056,2332,2374,2386,2199,2473,2443,2214,2349,2496,2301,2144,2653,2144,2289,2465,2404,2170,2301,2264,2290,2320,2373,2389,2393,2314,2090,2184,2403,2387,2374,2274,2476,2347,2273,2434,2275,2332,2277,2081,2294,2063,2191,2291,2469,2348
2193,2366,2429,2334,2420,2537,2473,2572,2430,2352,2782,2578,2390,2520,2527,2555,2765,2228,2748,2559,2427,2533,2427,2359,2621,2292,2112,2553,2413,2244,2388,2530,2404,2385,2478,2385,2629,2522,2480,2728,2409,2504,2328,2511,2470,2449,2527,2364,2520,2362,2509,2465,2430,2610,2316,2379,2411,2471,2229,2559,2604,2290,2425,2564,2425,2558,2491,2622,2485,2267,2483,2484,2384,2326,2614,2609,2342,2496,2425,2315,2350,2363,2568,2425,2251,2560,2375,2452,2357,2574,2478,2383,2396,2352,2254,2624,2493,2496,2455,2604,2357,2414,2382,2468,2554,2544,2455,2413,2456,2452,2433,2542,2351,2509,2284,2510,2551,2557,2883,2644,2596,2288,2519,2555,2447,2462,2355,2493,2451,2646,2454,2338,2388,2495,2450,2225,2443,2288,2452,2425,2541,2445,2449,2384,2283,2295,2382,2418,2699,2484,2515,2568,2557,2428,2283,2402,2472,2535,2410,2671,2378,2278,2481,2189,2529,2808,2593,2505,2542,2213,2346,2408,2508,2417,2535,2447,2470,2455,2582,2405,2591,2386,2679,2388,2304,2534,2585,2512,2601,2454,2438,2303,2345,2476,2591,2706,2391,2468,2470,2358,2555,2319,2364,2250,2316,2378,2429,2498,2670,2502,2589,2418,2401,2434,2378,2278,2349,2457,2476,2376,2472,2509,2437,2469,2236,2562,2455,2402,2471,2455,2417,2670,2265,2507,2292,2561,2457,2500,2560,2402,2487,2548,2330,2376,2295,2679,2489,2329,2622,2644,2394,2392,2430,2720,2671,2549,2374,2558,2566,2590,2330,2605,2621,2309,2540,2477,2641,2552,2451,2404,2357,2598,2527,2236,2320,2503,2563,2380,2436,2660,2350,2389,2454,2541,2367,2554,2448,2402,2319,2112,2613,2538,2493,2344,2502,2353,2367,2556,2344,2390,2640,2567,2458,2380,2618,2196,2403,2494,2387,2634,2423,2368,2434,2366,2468,2386,2371,2411,2641,2338,2501,2259,2388,2605,2269,2526,2477,2556,2290,2441,2361,2414,2332,2545,2480,2634,2331,2436,2390,2556,2670,2585,2598,2315,2245,2255,2626,2421,2374,2480,2496,2446,2656,2525,2276,2569,2367,2608,2639,2448,2378,2588,2676,2300,2387,2282,2477,2478,2736,2458,2369,2471,2482,2622,2374,2387,2603,2195,2514,2317,2410,2302,2474,2543,2284,2427,2315,2526,2400,2645,2389,2571,2521,2571,2351,2311,2563,2650,2461,2424,2460,2564,2558,2290,2648,2249,2512,2485,2400,2406,2472,2435,2616,2840,2423,2494,2406,2389,2282,2648,2493,2454,2243,2393,2491,2379,2409,2255,2573,2650,2489,2502,2320,2416,2590,2489,2434,2225,2357,2150,2462,2445,2412,2430,2490,2487,2508,2496,2467,2294,2601,2393,2394,2371,2449,2469,2425,2555,2542,2598,2387,2353,2315,2476,2520,2616,2467,2502,2620,2560,2466,2432,2416,2578,2600,2452,2500,2254,2674,2445,2417,2275,2501,2498,2354,2288,2184,2535,2542,2418,2393,2413,2409,2728,2466,2232,2224,2663,2290,2558,2722,2432,2552,2354,2429,2529,2343,2412,2434,2362,2305,2708,2440,2409,2489,2726,2454,2421,2453,2422,2465,2423,2602,2678,2579,2506,2509,2435,2431,2474,2400,2744,2591,2470,2197,2536,2435,2427,2385,2567,2424,2557,2472,2592,2411,2415,2303,2416,2196,2492,2360,2532,2230,2473,2620,2470,2480,2290,2555,2223,2402,2271,2636,2380,2329,2490,2431,2553,2308,2406,2515,2414,2608,2408,2471,2451,2694,2361,2385,2395,2586,2394,2206,2497,2627,2481,2559,2339,2286,2455,2621,2547,2519,2342,2568,2665,2651,2594,2279,2479,2584,2397,2293,2618,2472,2521,2385,2397,2652,2624,2364,2392,2368,2580,2447,2486,2451,2561,2407,2571,2208,2331,2605,2388,2650,2409,2289,2474,2344,2641,2589,2503,2264,2468,2390,2420,2704,2390,2506,2460,2660,2647,2421,2215,2434,2524,2494,2593,2375,2561,2509,2588,2460,2468,2413,2219,2396,2280,2377,2419,2511,2430,2595,2502,2646,2500,2455,2558,2741,2529,2757,2598,2345,2192,2612,2316,2550,2494,2298,2584,2756,2157,2357,2397,2615,2562,2609,2480,2450,2419,2428,2632,2407,2368,2592,2488,2405,2471,2152,2206,2318,2469,2390,2357,2449,2399,2293,2553,2527,2304,2504,2651,2574,2562,2391,2435,2564,2158,2350,2181,2252,2235,2384,2498,2422,2521,2609,2436,2239,2692,2299,2589,2443,2505,2160,2611,2421,2321,2380,2538,2480,2524,2457,2577,2408,2505,2198,2735,2326,2365,2662,2520,2448,2664,2340,2590,2672,2305,2523,2739,2586,2363,2176,2327,2437,2494,2207,2332,2426,2492,2359,2290,2458,2544,2691,2320,2421,2476,2368,2342,2416,2285,2288,2574,2339,2328,2635,2328,2475,2445,2409,2308,2425,2642,2707,2516,2569,2502,2644,2614,2536,2328,2430,2416,2442,2186,2547,2454,2513,2517,2458,2539,2320,2435,2245,2104,2584,2281,2750,2479,2568,2693,2705,2432,2646,2516,2605,2178,2624,2437,2405,2416,2460,2435,2450,2416,2439,2435,2416,2473,2483,2705,2401,2396,2539,2416,2300,2340,2351,2488,2673,2486,2330,2566,2564,2311,2532,2582,2476,2555,2522,2303,2510,2405,2666,2481,2261,2495,2326,2298,2288,2376,2102,2567,2342,2371,2397,2549,2575,2330,2482,2520,2131,2551,2519,2337,2448,2657,2303,2530,2390,2340,2552,2750,2549,2503,2372,2687,2415,2510,2453,2300,2598,2434,2484,2531,2714,2628,2394,2312,2277,2377,2299,2358,2618,2450,2583,2589,2510,2539,2459,2533,2577,2375,2525,2554,2472,2255,2544,2416,2306,2174,2312,2561,2470,2517,2694,2651,2418,2582,2627,2280,2372,2528,2562,2195,2874,2445,2525,2385,2377,2376,2518,2124,2271,2387,2300,2479,2222,2590,2586,2351,2492,2542,2431,2225,2781,2321,2406,2542,2530,2152,2329,2428,2458,2370,2491,2583,2447,2329,2179,2304,2435,2440,2464,2495,2641,2503,2279,2514,2393,2361,2311,2189,2284,2189,2240,2414,2562,2498
2167,2274,2392,2264,2187,2348,2442,2470,2308,2259,2616,2419,2263,2376,2441,2372,2538,2177,2643,2381,2399,2368,2424,2166,2507,2194,2043,2443,2268,2294,2362,2435,2307,2298,2389,2263,2460,2447,2385,2562,2309,2380,2266,2429,2440,2441,2433,2325,2495,2325,2483,2397,2387,2465,2359,2297,2390,2410,2098,2374,2597,2312,2387,2457,2367,2385,2380,2525,2377,2228,2328,2426,2335,2289,2568,2496,2309,2469,2257,2337,2201,2322,2478,2402,2171,2477,2318,2390,2211,2420,2477,2421,2256,2292,2227,2494,2429,2481,2393,2518,2315,2434,2283,2414,2435,2502,2363,2328,2410,2373,2470,2380,2255,2397,2179,2365,2415,2523,2712,2557,2457,2205,2337,2403,2412,2428,2268,2459,2297,2451,2362,2155,2378,2498,2322,2157,2312,2234,2480,2366,2500,2396,2502,2257,2135,2289,2259,2234,2475,2491,2382,2392,2386,2397,2322,2299,2434,2332,2453,2620,2316,2239,2420,2113,2439,2648,2486,2381,2446,2086,2404,2320,2392,2408,2353,2468,2401,2374,2367,2146,2410,2328,2564,2245,2196,2495,2440,2512,2554,2427,2345,2191,2290,2208,2543,2529,2339,2492,2471,2343,2548,2265,2379,2278,2300,2301,2330,2377,2595,2454,2474,2398,2211,2428,2276,2181,2276,2293,2377,2301,2301,2465,2359,2450,2194,2423,2343,2313,2287,2355,2269,2582,2157,2511,2330,2445,2298,2480,2469,2347,2420,2465,2341,2261,2216,2558,2333,2259,2552,2603,2342,2413,2309,2514,2604,2289,2365,2544,2394,2429,2306,2532,2620,2236,2357,2443,2532,2466,2279,2273,2134,2398,2426,2299,2293,2282,2509,2255,2380,2485,2364,2391,2378,2390,2249,2405,2453,2288,2322,2111,2426,2366,2468,2338,2388,2290,2226,2464,2304,2285,2532,2389,2329,2361,2545,2078,2208,2374,2216,2543,2325,2336,2321,2394,2287,2374,2348,2302,2548,2266,2437,2146,2263,2543,2287,2407,2365,2506,2257,2258,2328,2358,2275,2467,2358,2551,2319,2406,2431,2460,2635,2557,2504,2265,2191,2198,2498,2332,2307,2477,2391,2305,2545,2419,2280,2473,2266,2553,2654,2440,2378,2572,2545,2256,2324,2157,2333,2363,2609,2449,2378,2416,2461,2519,2420,2223,2666,2137,2456,2248,2311,2268,2392,2377,2166,2270,2240,2441,2349,2474,2258,2449,2343,2621,2266,2185,2487,2525,2399,2347,2372,2490,2417,2309,2496,2256,2401,2457,2401,2314,2338,2395,2480,2677,2375,2450,2365,2316,2233,2620,2386,2393,2252,2218,2445,2363,2287,2132,2406,2611,2336,2323,2326,2311,2551,2381,2426,2125,2316,2092,2488,2291,2342,2351,2514,2431,2506,2395,2406,2159,2506,2308,2386,2298,2440,2368,2302,2529,2408,2536,2321,2309,2309,2281,2437,2609,2490,2520,2572,2393,2411,2476,2435,2426,2485,2395,2401,2235,2507,2430,2273,2204,2495,2449,2292,2237,2053,2491,2496,2273,2325,2386,2427,2496,2429,2168,2291,2603,2178,2455,2588,2366,2532,2337,2390,2498,2293,2229,2434,2395,2278,2571,2397,2291,2383,2643,2424,2375,2341,2350,2326,2332,2574,2557,2473,2415,2318,2351,2377,2360,2381,2666,2625,2418,2147,2473,2381,2330,2272,2575,2390,2443,2421,2458,2333,2312,2280,2292,2203,2359,2296,2384,2163,2408,2448,2219,2497,2166,2503,2210,2413,2147,2460,2243,2198,2419,2402,2493,2246,2173,2498,2323,2472,2306,2491,2337,2580,2389,2252,2294,2468,2392,2253,2386,2473,2394,2470,2283,2227,2375,2443,2535,2396,2247,2474,2485,2580,2501,2248,2397,2530,2390,2281,2544,2357,2379,2339,2233,2560,2586,2328,2465,2334,2442,2431,2457,2374,2417,2279,2479,2108,2358,2571,2255,2525,2345,2233,2362,2286,2491,2564,2275,2261,2467,2261,2291,2573,2290,2414,2404,2413,2619,2236,2328,2385,2469,2453,2529,2313,2445,2372,2497,2308,2412,2267,2120,2334,2239,2306,2313,2391,2328,2577,2319,2484,2450,2312,2396,2554,2433,2596,2475,2267,2099,2537,2155,2538,2491,2128,2581,2614,2147,2220,2192,2509,2505,2555,2301,2315,2392,2249,2564,2411,2385,2540,2319,2290,2288,2154,2071,2278,2466,2292,2260,2279,2296,2227,2581,2455,2252,2384,2568,2522,2560,2398,2348,2526,2128,2238,2229,2255,2203,2338,2429,2375,2387,2541,2303,2286,2491,2118,2489,2383,2460,2092,2367,2383,2296,2229,2562,2376,2427,2326,2527,2349,2530,2197,2721,2305,2314,2471,2515,2328,2473,2296,2436,2696,2254,2357,2636,2491,2204,1960,2276,2388,2310,2031,2329,2446,2404,2238,2276,2401,2400,2527,2254,2368,2452,2314,2238,2404,2214,2185,2415,2133,2321,2604,2326,2404,2328,2277,2249,2291,2447,2630,2401,2501,2332,2584,2531,2473,2253,2387,2361,2300,2215,2464,2393,2459,2469,2395,2395,2329,2382,2255,2118,2400,2347,2632,2379,2488,2437,2578,2431,2632,2646,2506,2161,2512,2351,2388,2340,2495,2332,2368,2378,2442,2456,2274,2354,2384,2642,2408,2397,2405,2283,2321,2321,2260,2455,2578,2386,2318,2518,2473,2178,2388,2442,2392,2496,2473,2178,2356,2292,2485,2372,2207,2383,2363,2153,2243,2353,2021,2457,2284,2265,2387,2509,2543,2278,2423,2451,2035,2483,2470,2249,2287,2486,2205,2486,2389,2260,2402,2687,2408,2415,2206,2548,2453,2398,2384,2176,2507,2460,2394,2408,2615,2524,2470,2174,2196,2397,2277,2211,2608,2318,2589,2543,2509,2471,2462,2445,2399,2398,2422,2422,2345,2170,2478,2360,2156,2138,2323,2578,2410,2454,2639,2493,2388,2466,2543,2184,2277,2370,2458,2080,2778,2439,2399,2318,2224,2346,2383,2057,2178,2424,2255,2408,2173,2443,2592,2246,2357,2481,2334,2106,2643,2124,2353,2487,2529,2091,2247,2234,2424,2413,2363,2516,2352,2262,2206,2312,2373,2400,2466,2370,2470,2403,2178,2377,2256,2376,2339,2207,2302,2103,2252,2301,2489,2457
2224,2369,2329,2367,2438,2494,2526,2552,2373,2282,2686,2581,2307,2417,2546,2418,2636,2304,2670,2456,2582,2477,2525,2327,2580,2241,2109,2549,2447,2389,2482,2552,2452,2320,2555,2361,2589,2329,2501,2648,2543,2475,2381,2502,2516,2557,2485,2341,2598,2238,2403,2420,2383,2668,2373,2352,2411,2421,2280,2462,2580,2323,2478,2517,2436,2484,2486,2529,2445,2282,2453,2563,2455,2386,2563,2526,2248,2617,2336,2366,2364,2484,2520,2462,2373,2590,2270,2398,2333,2400,2591,2452,2470,2387,2337,2523,2481,2471,2407,2585,2394,2486,2396,2538,2523,2481,2507,2448,2455,2562,2455,2529,2393,2465,2276,2522,2562,2485,2774,2574,2520,2335,2422,2563,2414,2510,2318,2475,2470,2548,2362,2266,2458,2555,2474,2312,2387,2278,2558,2486,2578,2412,2621,2299,2260,2361,2499,2267,2618,2585,2447,2532,2583,2427,2329,2301,2421,2426,2422,2752,2432,2384,2459,2156,2460,2783,2595,2447,2596,2242,2416,2422,2486,2492,2524,2500,2456,2615,2503,2394,2531,2407,2597,2373,2299,2502,2527,2651,2706,2396,2432,2393,2457,2237,2686,2624,2434,2555,2475,2445,2634,2414,2378,2237,2352,2464,2419,2559,2644,2602,2459,2538,2291,2532,2354,2339,2362,2447,2446,2344,2458,2566,2474,2523,2238,2485,2496,2383,2428,2407,2400,2708,2272,2534,2429,2518,2421,2386,2529,2386,2538,2564,2384,2371,2274,2596,2401,2263,2651,2659,2494,2415,2484,2678,2611,2455,2380,2609,2520,2536,2315,2688,2619,2229,2535,2516,2567,2420,2456,2348,2273,2488,2522,2259,2360,2450,2528,2279,2389,2490,2409,2488,2402,2526,2341,2497,2527,2420,2429,2263,2576,2448,2542,2361,2404,2355,2440,2554,2477,2402,2604,2603,2385,2414,2600,2190,2349,2517,2342,2677,2433,2330,2425,2409,2376,2439,2497,2434,2684,2327,2480,2286,2391,2645,2430,2527,2401,2540,2302,2288,2371,2451,2457,2448,2421,2602,2315,2423,2455,2486,2702,2569,2648,2341,2338,2254,2683,2476,2359,2484,2541,2378,2634,2509,2396,2474,2240,2673,2673,2492,2358,2552,2552,2323,2364,2356,2454,2378,2639,2561,2417,2492,2488,2563,2435,2491,2774,2288,2536,2443,2383,2409,2390,2457,2270,2408,2328,2500,2306,2649,2391,2526,2439,2776,2411,2380,2646,2583,2410,2411,2446,2510,2480,2323,2644,2339,2423,2545,2462,2412,2407,2393,2559,2788,2524,2530,2368,2448,2311,2656,2505,2425,2130,2328,2437,2470,2409,2210,2474,2610,2479,2488,2387,2352,2644,2382,2407,2221,2341,2235,2592,2400,2478,2496,2679,2590,2422,2563,2445,2284,2665,2329,2448,2402,2441,2394,2446,2652,2562,2607,2604,2255,2361,2440,2538,2592,2568,2658,2603,2539,2524,2500,2372,2541,2556,2505,2463,2352,2589,2479,2475,2307,2623,2532,2392,2262,2125,2465,2513,2367,2481,2398,2405,2590,2585,2191,2442,2602,2270,2581,2637,2434,2671,2394,2448,2609,2355,2323,2385,2443,2387,2604,2360,2470,2495,2730,2479,2292,2354,2502,2420,2337,2754,2551,2572,2484,2516,2318,2506,2492,2449,2867,2612,2585,2181,2584,2399,2482,2291,2620,2493,2541,2342,2530,2330,2382,2359,2416,2283,2530,2330,2517,2266,2550,2565,2328,2520,2392,2505,2380,2405,2217,2485,2355,2286,2495,2381,2501,2382,2341,2542,2514,2643,2440,2530,2426,2673,2425,2465,2297,2562,2366,2298,2441,2683,2493,2655,2360,2382,2428,2576,2529,2485,2341,2573,2586,2686,2461,2318,2410,2618,2489,2390,2672,2515,2580,2443,2323,2691,2636,2399,2482,2456,2654,2563,2563,2424,2512,2400,2357,2196,2291,2727,2346,2577,2526,2250,2482,2427,2665,2606,2549,2310,2446,2451,2389,2566,2361,2501,2477,2523,2590,2341,2352,2464,2494,2632,2644,2389,2466,2530,2669,2352,2369,2485,2187,2509,2370,2380,2417,2523,2431,2715,2479,2647,2518,2545,2507,2593,2499,2752,2533,2448,2212,2687,2223,2578,2488,2267,2628,2680,2147,2333,2357,2633,2518,2602,2384,2441,2518,2416,2596,2402,2434,2691,2340,2388,2513,2185,2212,2382,2574,2315,2273,2312,2426,2358,2736,2482,2301,2570,2557,2651,2632,2447,2429,2542,2221,2314,2343,2236,2275,2323,2563,2397,2488,2671,2395,2384,2595,2324,2556,2467,2615,2198,2604,2400,2268,2334,2614,2541,2472,2423,2583,2499,2551,2299,2752,2308,2453,2641,2598,2455,2592,2333,2564,2653,2325,2464,2726,2553,2365,2064,2335,2434,2462,2180,2354,2547,2460,2467,2369,2429,2374,2696,2416,2379,2532,2348,2353,2450,2368,2346,2569,2373,2350,2737,2429,2512,2425,2341,2243,2356,2551,2621,2474,2603,2481,2685,2630,2471,2357,2417,2439,2414,2260,2491,2529,2498,2521,2596,2498,2445,2507,2271,2137,2481,2441,2734,2475,2607,2472,2610,2408,2714,2574,2590,2293,2706,2355,2364,2502,2444,2420,2308,2347,2482,2476,2427,2329,2485,2706,2495,2482,2606,2316,2418,2426,2243,2517,2682,2487,2405,2623,2581,2295,2397,2587,2525,2532,2582,2250,2543,2378,2617,2473,2224,2546,2360,2260,2281,2455,2068,2531,2426,2495,2523,2531,2605,2339,2531,2515,2149,2502,2549,2387,2370,2517,2205,2546,2416,2360,2390,2788,2532,2470,2439,2715,2429,2448,2397,2299,2522,2457,2553,2538,2758,2610,2507,2401,2298,2373,2329,2338,2632,2483,2639,2597,2571,2611,2530,2501,2450,2381,2653,2586,2389,2393,2440,2365,2262,2223,2364,2685,2493,2429,2595,2759,2477,2579,2765,2316,2357,2396,2491,2255,2814,2497,2569,2296,2346,2466,2519,2264,2335,2458,2341,2411,2278,2530,2633,2411,2438,2534,2452,2366,2644,2306,2483,2626,2543,2230,2342,2283,2439,2320,2402,2520,2483,2342,2271,2309,2505,2513,2535,2635,2478,2406,2373,2539,2277,2428,2413,2259,2362,2197,2318,2518,2476,2415
2321,2357,2339,2432,2425,2434,2602,2575,2514,2311,2672,2532,2280,2469,2484,2448,2563,2296,2690,2457,2580,2398,2426,2249,2560,2277,2132,2545,2391,2298,2437,2695,2486,2260,2528,2422,2576,2398,2534,2663,2425,2451,2453,2596,2529,2569,2549,2320,2662,2348,2329,2442,2366,2677,2418,2331,2430,2449,2184,2505,2634,2299,2491,2463,2424,2468,2408,2561,2460,2317,2472,2665,2490,2416,2566,2521,2364,2631,2353,2263,2326,2414,2621,2520,2343,2635,2269,2453,2295,2455,2465,2552,2328,2518,2352,2621,2509,2379,2390,2556,2433,2364,2429,2525,2485,2334,2490,2410,2537,2488,2545,2483,2245,2381,2298,2415,2589,2518,2791,2589,2532,2420,2386,2514,2469,2513,2309,2476,2386,2593,2423,2381,2505,2518,2383,2316,2386,2300,2510,2413,2578,2405,2558,2401,2207,2404,2467,2298,2613,2552,2521,2577,2615,2376,2388,2438,2480,2517,2450,2651,2376,2282,2471,2223,2460,2651,2530,2416,2608,2262,2434,2412,2491,2453,2497,2548,2483,2560,2443,2448,2515,2403,2646,2316,2426,2485,2491,2601,2569,2313,2434,2284,2321,2387,2650,2573,2483,2540,2469,2499,2651,2433,2476,2299,2472,2561,2565,2552,2577,2582,2583,2457,2131,2548,2519,2261,2272,2466,2415,2362,2373,2566,2463,2518,2356,2540,2463,2494,2445,2488,2384,2719,2269,2536,2382,2452,2492,2401,2495,2391,2587,2492,2452,2445,2344,2599,2410,2349,2608,2735,2371,2429,2415,2700,2569,2393,2352,2668,2514,2551,2277,2607,2623,2187,2533,2490,2525,2399,2450,2337,2359,2550,2506,2355,2405,2487,2521,2319,2407,2552,2548,2458,2531,2520,2270,2538,2545,2265,2404,2253,2531,2561,2592,2410,2439,2326,2461,2593,2377,2386,2660,2596,2416,2356,2504,2238,2358,2439,2451,2767,2390,2367,2402,2437,2435,2456,2448,2446,2673,2309,2500,2321,2457,2629,2391,2451,2408,2650,2313,2363,2412,2432,2432,2538,2335,2575,2329,2425,2343,2492,2630,2577,2635,2471,2304,2235,2604,2501,2483,2609,2575,2432,2503,2528,2358,2616,2281,2560,2673,2465,2348,2680,2544,2341,2426,2276,2475,2444,2644,2589,2410,2541,2563,2604,2504,2454,2762,2235,2527,2447,2433,2388,2441,2468,2321,2328,2315,2616,2342,2585,2439,2455,2490,2711,2393,2282,2494,2683,2434,2429,2477,2559,2540,2325,2634,2347,2409,2491,2569,2476,2484,2499,2401,2797,2441,2528,2415,2414,2355,2785,2490,2432,2265,2399,2513,2409,2397,2215,2419,2575,2498,2411,2381,2394,2693,2394,2456,2268,2388,2159,2501,2424,2439,2414,2711,2625,2497,2516,2444,2318,2610,2352,2514,2406,2505,2340,2442,2658,2535,2661,2599,2406,2336,2314,2590,2635,2602,2722,2659,2578,2460,2357,2303,2571,2499,2493,2427,2470,2542,2432,2386,2329,2668,2581,2399,2299,2185,2644,2456,2414,2462,2445,2511,2559,2499,2145,2409,2665,2306,2638,2719,2535,2595,2346,2527,2580,2461,2289,2463,2554,2343,2619,2414,2425,2515,2706,2428,2352,2392,2600,2434,2277,2586,2582,2579,2537,2527,2295,2451,2534,2453,2807,2756,2518,2203,2544,2540,2364,2387,2595,2484,2638,2347,2526,2386,2418,2368,2464,2258,2494,2368,2492,2376,2508,2498,2355,2475,2367,2570,2413,2469,2241,2466,2344,2262,2564,2337,2505,2326,2312,2586,2448,2568,2409,2531,2383,2731,2504,2384,2436,2619,2368,2379,2405,2602,2361,2539,2341,2390,2432,2609,2392,2502,2364,2505,2666,2815,2491,2390,2468,2593,2512,2371,2691,2483,2521,2354,2269,2610,2610,2462,2498,2427,2631,2502,2585,2372,2485,2378,2457,2229,2365,2748,2396,2650,2461,2340,2457,2299,2623,2594,2516,2265,2530,2456,2386,2546,2356,2476,2468,2518,2623,2392,2333,2519,2435,2627,2575,2395,2439,2511,2594,2443,2321,2477,2198,2528,2250,2335,2460,2553,2413,2604,2436,2632,2436,2460,2494,2584,2416,2649,2446,2450,2162,2678,2127,2542,2547,2242,2522,2795,2156,2329,2298,2575,2608,2601,2396,2424,2582,2345,2644,2447,2442,2650,2475,2494,2502,2178,2188,2392,2558,2306,2233,2414,2402,2418,2771,2539,2227,2511,2639,2533,2630,2529,2494,2747,2178,2259,2288,2277,2225,2394,2493,2431,2546,2564,2360,2460,2611,2224,2527,2474,2693,2161,2616,2360,2229,2351,2564,2547,2487,2407,2588,2492,2479,2261,2721,2432,2430,2576,2617,2459,2633,2285,2680,2661,2242,2346,2697,2512,2418,1998,2330,2398,2391,2094,2372,2595,2536,2493,2307,2516,2390,2574,2340,2352,2459,2333,2345,2519,2299,2373,2643,2313,2446,2635,2368,2479,2336,2416,2335,2376,2501,2601,2408,2625,2451,2540,2648,2544,2472,2493,2422,2462,2224,2511,2456,2488,2460,2537,2583,2484,2335,2295,2152,2442,2390,2650,2458,2599,2585,2645,2437,2700,2694,2557,2180,2667,2438,2574,2457,2358,2420,2355,2362,2431,2588,2395,2417,2511,2768,2466,2511,2561,2365,2527,2420,2321,2617,2685,2534,2324,2619,2633,2236,2365,2586,2434,2555,2579,2130,2514,2400,2522,2494,2223,2541,2509,2188,2359,2450,2069,2565,2430,2479,2531,2496,2610,2364,2491,2593,2098,2587,2671,2339,2489,2552,2245,2505,2483,2326,2463,2712,2382,2499,2414,2746,2403,2485,2420,2377,2631,2457,2452,2471,2766,2604,2523,2353,2366,2435,2441,2417,2752,2597,2592,2660,2464,2621,2542,2503,2456,2394,2648,2537,2479,2313,2513,2406,2330,2219,2480,2615,2533,2482,2718,2646,2475,2613,2743,2236,2303,2361,2470,2180,2763,2377,2460,2218,2354,2352,2475,2185,2348,2520,2342,2487,2444,2491,2728,2336,2473,2598,2492,2327,2656,2374,2385,2628,2584,2264,2261,2217,2425,2362,2424,2520,2542,2370,2229,2382,2532,2510,2587,2475,2537,2534,2291,2432,2269,2405,2553,2281,2462,2244,2462,2424,2516,2408
2244,2283,2277,2292,2353,2453,2542,2457,2498,2262,2592,2469,2267,2397,2465,2342,2520,2118,2546,2335,2436,2316,2465,2140,2590,2161,2063,2454,2446,2245,2378,2554,2385,2280,2463,2205,2541,2241,2363,2550,2325,2329,2285,2475,2506,2495,2479,2338,2427,2310,2234,2381,2323,2523,2329,2314,2288,2384,2254,2431,2504,2258,2365,2392,2305,2394,2406,2401,2396,2218,2400,2425,2494,2337,2466,2460,2194,2681,2152,2293,2227,2414,2583,2362,2377,2460,2250,2320,2319,2204,2447,2365,2375,2378,2273,2446,2408,2393,2337,2572,2406,2349,2327,2410,2272,2306,2403,2280,2488,2418,2318,2453,2245,2396,2293,2307,2522,2400,2777,2581,2387,2316,2386,2437,2526,2477,2192,2472,2317,2592,2392,2299,2303,2396,2311,2243,2256,2154,2416,2187,2544,2394,2403,2297,2209,2270,2455,2196,2585,2385,2388,2505,2384,2319,2282,2358,2374,2434,2385,2604,2468,2288,2369,2155,2435,2646,2482,2377,2484,2243,2408,2345,2397,2359,2443,2415,2396,2485,2307,2323,2471,2204,2528,2213,2276,2476,2460,2599,2514,2315,2441,2220,2384,2245,2534,2501,2375,2539,2377,2379,2466,2252,2437,2265,2438,2466,2448,2453,2392,2507,2363,2406,2179,2453,2307,2273,2172,2543,2326,2283,2214,2484,2317,2364,2297,2334,2403,2324,2440,2408,2282,2539,2181,2501,2337,2440,2295,2326,2455,2299,2502,2335,2319,2361,2314,2484,2329,2226,2635,2619,2412,2406,2364,2589,2427,2300,2304,2619,2343,2398,2290,2518,2583,2235,2455,2409,2393,2271,2281,2303,2205,2467,2308,2260,2347,2383,2524,2286,2300,2539,2323,2362,2539,2479,2207,2328,2497,2274,2314,2211,2536,2410,2500,2384,2339,2237,2366,2419,2287,2254,2633,2584,2346,2352,2438,2159,2154,2494,2300,2662,2407,2311,2346,2388,2307,2432,2385,2481,2672,2251,2403,2208,2282,2596,2341,2331,2228,2485,2261,2301,2286,2313,2379,2435,2319,2492,2290,2332,2400,2424,2546,2523,2484,2375,2282,2161,2599,2448,2338,2566,2450,2305,2458,2467,2279,2495,2190,2510,2527,2342,2326,2606,2480,2223,2276,2214,2378,2247,2562,2414,2388,2447,2391,2542,2370,2426,2603,2209,2406,2413,2293,2364,2363,2413,2174,2269,2293,2611,2401,2471,2255,2394,2388,2612,2328,2222,2418,2534,2361,2381,2328,2460,2332,2348,2597,2249,2305,2497,2362,2343,2407,2416,2454,2700,2337,2416,2269,2382,2269,2626,2326,2286,2218,2385,2429,2333,2231,2129,2351,2463,2399,2341,2384,2298,2593,2420,2416,2250,2345,2134,2361,2322,2425,2342,2570,2463,2444,2563,2305,2246,2525,2318,2547,2444,2410,2277,2382,2461,2403,2540,2495,2248,2306,2256,2506,2500,2479,2603,2656,2461,2400,2263,2243,2431,2430,2413,2466,2420,2475,2439,2300,2175,2511,2456,2280,2263,2155,2486,2397,2315,2341,2400,2478,2495,2372,2124,2384,2644,2264,2497,2557,2443,2500,2323,2443,2497,2418,2255,2259,2433,2359,2428,2235,2347,2375,2684,2342,2251,2439,2475,2366,2215,2474,2476,2460,2481,2387,2213,2484,2377,2377,2691,2598,2524,2171,2430,2373,2375,2364,2590,2356,2557,2319,2428,2274,2253,2208,2433,2168,2443,2282,2472,2314,2517,2502,2327,2459,2285,2472,2238,2422,2162,2491,2261,2164,2320,2307,2475,2228,2260,2417,2397,2540,2339,2491,2365,2694,2365,2260,2287,2518,2347,2241,2324,2601,2393,2510,2376,2307,2208,2442,2460,2365,2257,2509,2505,2608,2439,2306,2446,2497,2607,2266,2535,2484,2404,2349,2125,2564,2570,2257,2459,2383,2533,2403,2532,2408,2464,2244,2399,2182,2252,2663,2264,2561,2323,2207,2396,2237,2465,2523,2407,2254,2372,2356,2223,2450,2271,2377,2234,2459,2475,2340,2296,2493,2344,2464,2452,2404,2230,2360,2549,2288,2207,2389,2177,2451,2197,2234,2421,2501,2251,2596,2274,2642,2496,2376,2519,2642,2334,2556,2355,2390,2122,2549,2151,2443,2367,2302,2501,2652,2140,2267,2296,2486,2484,2468,2437,2357,2473,2298,2581,2409,2246,2511,2282,2372,2413,2119,2113,2377,2453,2329,2212,2377,2328,2288,2615,2437,2302,2491,2468,2518,2586,2289,2396,2667,2137,2163,2281,2228,2207,2266,2442,2332,2439,2407,2295,2351,2636,2159,2446,2414,2531,2133,2560,2295,2189,2265,2502,2429,2576,2341,2476,2395,2477,2175,2552,2352,2337,2545,2526,2249,2462,2191,2466,2586,2250,2294,2621,2438,2396,1903,2204,2356,2384,1964,2221,2509,2506,2416,2273,2416,2323,2521,2392,2296,2306,2294,2146,2441,2215,2308,2569,2196,2390,2534,2352,2379,2240,2302,2251,2332,2456,2523,2400,2609,2431,2542,2468,2479,2290,2395,2399,2277,2311,2496,2503,2430,2350,2570,2365,2360,2309,2311,2139,2471,2336,2605,2359,2342,2355,2628,2393,2646,2538,2460,2176,2577,2372,2507,2307,2311,2346,2295,2297,2393,2472,2273,2324,2359,2717,2366,2480,2527,2302,2415,2314,2180,2428,2554,2399,2368,2405,2436,2220,2307,2468,2432,2531,2488,2100,2409,2422,2439,2377,2211,2504,2404,2159,2357,2306,2022,2425,2311,2485,2400,2457,2547,2392,2445,2494,2068,2523,2506,2295,2410,2451,2138,2459,2419,2351,2402,2640,2415,2393,2277,2672,2371,2352,2358,2333,2522,2381,2355,2274,2595,2581,2440,2341,2222,2392,2309,2289,2513,2377,2590,2618,2402,2418,2463,2460,2407,2395,2663,2340,2391,2365,2498,2252,2330,2265,2369,2538,2422,2452,2563,2598,2545,2373,2622,2162,2265,2341,2402,2157,2675,2380,2335,2198,2296,2235,2384,2250,2301,2409,2359,2531,2232,2496,2553,2203,2337,2541,2422,2176,2514,2302,2396,2440,2549,2230,2366,2129,2347,2420,2347,2470,2418,2362,2198,2305,2472,2451,2520,2353,2408,2436,2270,2372,2191,2390,2343,2251,2303,2184,2245,2357,2371,2327
2342,2339,2387,2490,2481,2385,2527,2563,2440,2350,2696,2595,2366,2379,2433,2406,2631,2128,2696,2385,2435,2449,2560,2216,2597,2169,2105,2536,2507,2325,2397,2624,2524,2286,2497,2377,2545,2332,2610,2679,2474,2445,2449,2615,2583,2493,2670,2392,2549,2407,2412,2614,2319,2650,2491,2424,2412,2393,2386,2405,2507,2318,2453,2396,2468,2423,2507,2531,2444,2311,2476,2483,2558,2509,2564,2515,2321,2721,2304,2359,2401,2530,2647,2528,2457,2626,2310,2459,2377,2420,2520,2554,2419,2548,2339,2544,2458,2468,2425,2515,2406,2426,2388,2539,2357,2342,2503,2351,2531,2546,2499,2528,2275,2468,2399,2370,2601,2485,2694,2664,2598,2361,2488,2617,2563,2728,2377,2522,2385,2435,2423,2447,2429,2521,2445,2388,2289,2292,2417,2414,2550,2473,2596,2336,2257,2253,2548,2235,2742,2466,2604,2537,2497,2367,2338,2439,2448,2521,2386,2648,2374,2234,2433,2194,2498,2566,2605,2342,2550,2357,2446,2416,2456,2382,2570,2470,2594,2642,2538,2472,2550,2349,2688,2291,2378,2482,2584,2738,2592,2380,2426,2289,2450,2381,2583,2524,2476,2578,2444,2497,2691,2417,2482,2307,2586,2571,2548,2503,2498,2665,2462,2490,2251,2450,2491,2276,2316,2560,2526,2355,2359,2476,2415,2371,2389,2465,2426,2439,2487,2488,2240,2758,2316,2515,2430,2512,2369,2415,2581,2275,2646,2512,2336,2437,2401,2609,2505,2371,2610,2724,2400,2432,2392,2685,2558,2414,2384,2695,2516,2406,2314,2582,2669,2296,2472,2538,2478,2332,2403,2326,2406,2443,2367,2301,2367,2463,2590,2417,2398,2582,2354,2475,2603,2484,2238,2467,2480,2338,2471,2328,2543,2452,2536,2392,2519,2298,2474,2438,2412,2310,2734,2604,2348,2488,2570,2221,2335,2642,2427,2693,2378,2353,2397,2447,2338,2471,2488,2511,2706,2353,2459,2338,2300,2615,2487,2419,2424,2757,2365,2349,2463,2440,2390,2553,2281,2675,2376,2487,2501,2565,2597,2496,2574,2394,2383,2279,2532,2487,2445,2762,2547,2491,2674,2538,2311,2463,2292,2576,2660,2315,2393,2616,2560,2395,2410,2407,2387,2334,2630,2497,2466,2532,2529,2677,2370,2424,2684,2280,2551,2488,2365,2357,2484,2442,2423,2354,2283,2542,2365,2541,2377,2412,2467,2734,2494,2376,2493,2552,2429,2385,2444,2549,2415,2340,2567,2294,2403,2601,2546,2394,2378,2472,2543,2767,2416,2483,2306,2517,2377,2716,2360,2401,2177,2454,2627,2411,2243,2365,2637,2626,2592,2407,2441,2454,2654,2572,2487,2294,2281,2134,2477,2364,2568,2445,2673,2410,2485,2556,2334,2320,2600,2355,2541,2448,2478,2396,2483,2605,2501,2551,2593,2385,2405,2275,2659,2612,2584,2649,2754,2558,2485,2399,2366,2471,2428,2438,2416,2461,2495,2447,2392,2250,2741,2555,2429,2344,2202,2567,2553,2480,2451,2481,2537,2535,2448,2154,2552,2701,2369,2664,2586,2507,2601,2354,2551,2605,2414,2270,2415,2500,2496,2551,2501,2246,2389,2754,2428,2247,2497,2564,2406,2297,2513,2569,2634,2567,2593,2227,2451,2563,2430,2691,2790,2617,2323,2452,2494,2453,2457,2648,2526,2552,2367,2535,2418,2506,2364,2583,2327,2631,2318,2478,2360,2562,2546,2387,2548,2234,2567,2343,2498,2232,2547,2433,2303,2551,2410,2646,2359,2380,2520,2452,2576,2459,2560,2413,2769,2414,2245,2472,2587,2311,2335,2432,2569,2452,2542,2362,2395,2313,2623,2471,2503,2390,2542,2646,2761,2524,2379,2569,2468,2630,2399,2503,2463,2475,2389,2141,2619,2557,2345,2464,2463,2642,2515,2591,2487,2566,2325,2502,2181,2510,2643,2447,2496,2292,2341,2445,2326,2591,2595,2574,2348,2460,2493,2393,2448,2403,2337,2405,2468,2592,2372,2466,2728,2357,2610,2647,2495,2532,2525,2690,2419,2343,2494,2252,2464,2347,2319,2403,2564,2357,2612,2458,2594,2481,2492,2643,2575,2489,2601,2495,2445,2261,2704,2331,2510,2478,2345,2617,2735,2171,2348,2432,2526,2670,2695,2405,2519,2653,2271,2671,2494,2451,2619,2399,2426,2460,2168,2248,2404,2560,2326,2253,2392,2430,2298,2704,2546,2342,2643,2552,2485,2661,2436,2575,2709,2224,2298,2320,2328,2210,2451,2431,2391,2473,2493,2490,2401,2577,2394,2514,2368,2687,2194,2649,2385,2190,2405,2611,2613,2542,2441,2585,2450,2552,2418,2618,2430,2294,2668,2623,2481,2616,2283,2661,2649,2327,2402,2777,2405,2314,2064,2323,2343,2471,2135,2348,2577,2620,2522,2416,2498,2365,2636,2452,2338,2433,2277,2246,2592,2212,2375,2638,2181,2400,2615,2433,2425,2357,2397,2436,2365,2550,2541,2473,2631,2499,2409,2725,2511,2459,2410,2420,2457,2313,2461,2540,2568,2344,2662,2464,2451,2316,2326,2222,2562,2424,2653,2461,2441,2531,2709,2501,2765,2485,2540,2274,2670,2450,2502,2501,2476,2481,2394,2370,2444,2574,2375,2450,2516,2725,2487,2484,2638,2383,2597,2430,2297,2544,2783,2513,2436,2460,2419,2295,2453,2649,2513,2588,2611,2220,2438,2439,2567,2513,2290,2511,2588,2186,2485,2369,2106,2376,2453,2602,2511,2518,2512,2478,2493,2566,2174,2610,2527,2446,2454,2505,2241,2513,2428,2307,2435,2655,2411,2494,2351,2678,2444,2371,2470,2479,2753,2465,2500,2439,2817,2643,2571,2379,2411,2415,2579,2405,2565,2541,2693,2703,2426,2506,2494,2554,2334,2421,2634,2464,2510,2486,2470,2333,2409,2316,2600,2591,2469,2479,2604,2762,2587,2471,2711,2254,2417,2359,2430,2246,2756,2513,2473,2314,2443,2401,2445,2193,2350,2505,2354,2563,2487,2511,2675,2327,2426,2537,2435,2287,2535,2294,2364,2530,2674,2337,2266,2199,2479,2406,2446,2582,2566,2408,2327,2431,2622,2486,2596,2511,2473,2521,2305,2475,2276,2398,2462,2328,2428,2259,2462,2446,2483,2438
2227,2256,2302,2419,2342,2422,2484,2396,2390,2344,2583,2500,2255,2406,2459,2250,2477,2258,2446,2345,2317,2347,2440,2129,2537,2222,2092,2511,2429,2327,2326,2511,2348,2296,2426,2263,2458,2370,2442,2409,2341,2466,2326,2558,2612,2380,2453,2408,2622,2369,2232,2418,2192,2548,2362,2250,2309,2204,2257,2325,2443,2318,2432,2379,2326,2375,2427,2532,2310,2209,2392,2393,2390,2404,2405,2438,2261,2705,2201,2266,2275,2355,2645,2420,2341,2473,2234,2427,2298,2333,2341,2399,2326,2496,2313,2450,2394,2497,2412,2518,2393,2379,2297,2378,2269,2273,2343,2354,2506,2400,2300,2529,2290,2425,2333,2366,2599,2430,2727,2513,2480,2322,2373,2434,2471,2563,2178,2536,2365,2411,2380,2283,2304,2480,2474,2315,2180,2173,2315,2378,2516,2462,2424,2271,2125,2175,2496,2165,2549,2432,2434,2517,2430,2321,2374,2324,2357,2408,2324,2546,2465,2100,2450,2184,2401,2521,2459,2289,2402,2311,2338,2217,2415,2460,2506,2404,2489,2478,2366,2424,2413,2312,2405,2209,2246,2383,2399,2614,2441,2356,2335,2227,2427,2319,2455,2527,2343,2535,2389,2467,2524,2296,2403,2347,2579,2534,2513,2508,2452,2542,2416,2410,2101,2403,2303,2187,2282,2444,2329,2192,2226,2380,2353,2296,2298,2396,2398,2433,2429,2380,2265,2672,2186,2451,2391,2541,2322,2333,2501,2313,2569,2335,2326,2327,2265,2482,2341,2307,2520,2523,2334,2400,2387,2591,2382,2428,2342,2581,2431,2323,2238,2430,2582,2122,2366,2359,2311,2279,2263,2308,2234,2374,2311,2228,2362,2400,2543,2297,2320,2444,2286,2378,2555,2463,2189,2322,2397,2395,2422,2295,2487,2381,2427,2315,2410,2294,2481,2568,2287,2245,2744,2530,2270,2419,2419,2177,2286,2569,2352,2488,2350,2372,2346,2423,2312,2392,2515,2540,2699,2272,2352,2212,2268,2549,2377,2391,2388,2434,2294,2282,2282,2291,2406,2494,2325,2609,2325,2400,2464,2493,2514,2396,2427,2281,2159,2234,2454,2390,2282,2570,2509,2322,2508,2427,2309,2355,2301,2360,2487,2332,2373,2569,2451,2253,2299,2282,2382,2264,2590,2555,2393,2438,2416,2517,2275,2362,2458,2176,2444,2462,2331,2434,2408,2408,2399,2334,2315,2484,2433,2566,2316,2290,2391,2562,2391,2235,2506,2448,2467,2421,2301,2477,2332,2302,2556,2194,2481,2449,2478,2358,2355,2429,2509,2591,2390,2438,2283,2385,2299,2649,2384,2308,2276,2324,2495,2233,2257,2227,2516,2533,2412,2360,2360,2339,2585,2443,2398,2304,2341,2160,2347,2301,2493,2332,2606,2352,2377,2417,2218,2197,2500,2309,2402,2400,2379,2256,2436,2525,2553,2546,2563,2184,2332,2238,2591,2602,2393,2498,2539,2547,2504,2328,2307,2383,2458,2381,2513,2393,2497,2311,2375,2249,2565,2465,2321,2291,2175,2437,2538,2332,2414,2389,2579,2358,2396,2128,2375,2509,2433,2521,2463,2438,2507,2284,2340,2467,2333,2192,2304,2360,2378,2387,2398,2225,2257,2687,2400,2169,2444,2513,2353,2203,2443,2625,2533,2620,2467,2235,2367,2388,2452,2703,2570,2467,2245,2363,2440,2333,2266,2475,2462,2492,2365,2484,2299,2384,2322,2549,2228,2464,2153,2408,2265,2401,2482,2232,2424,2177,2519,2256,2477,2146,2513,2372,2284,2403,2336,2598,2309,2265,2504,2431,2512,2363,2510,2275,2754,2359,2278,2319,2510,2287,2251,2492,2506,2320,2532,2347,2321,2303,2522,2386,2467,2288,2312,2485,2652,2393,2358,2441,2403,2657,2368,2404,2431,2394,2384,2031,2458,2456,2381,2460,2415,2519,2453,2469,2374,2442,2208,2474,2142,2337,2535,2325,2495,2306,2223,2353,2241,2541,2515,2519,2292,2397,2396,2325,2495,2330,2354,2338,2360,2369,2346,2367,2440,2394,2460,2498,2454,2351,2364,2601,2316,2254,2549,2206,2336,2202,2270,2396,2574,2275,2546,2337,2484,2428,2471,2522,2481,2448,2506,2408,2324,2223,2639,2226,2419,2383,2289,2480,2670,2168,2296,2372,2479,2413,2619,2416,2423,2511,2246,2695,2390,2343,2574,2410,2348,2379,2074,2134,2374,2485,2254,2221,2259,2262,2265,2583,2401,2247,2623,2393,2375,2627,2339,2488,2682,2180,2202,2296,2391,2211,2268,2403,2310,2423,2506,2325,2281,2472,2298,2382,2356,2563,2120,2570,2259,2151,2351,2484,2511,2547,2303,2496,2455,2347,2248,2439,2385,2331,2568,2533,2327,2547,2252,2554,2587,2198,2280,2655,2481,2330,1929,2257,2431,2364,2082,2270,2445,2633,2446,2316,2418,2298,2491,2374,2367,2323,2200,2138,2522,2117,2317,2532,2122,2421,2582,2381,2520,2217,2298,2247,2278,2409,2451,2401,2559,2468,2360,2638,2416,2408,2380,2468,2239,2197,2470,2513,2455,2339,2577,2497,2332,2277,2270,2138,2536,2379,2535,2343,2374,2456,2469,2390,2614,2465,2497,2217,2608,2361,2490,2386,2418,2492,2253,2239,2256,2459,2389,2278,2382,2702,2421,2462,2605,2291,2449,2391,2205,2412,2653,2513,2336,2434,2305,2198,2409,2525,2441,2446,2483,2019,2339,2372,2519,2443,2095,2449,2546,2121,2428,2368,2069,2440,2374,2522,2377,2398,2397,2419,2463,2513,2104,2535,2568,2296,2352,2398,2182,2404,2436,2269,2396,2630,2364,2414,2248,2595,2404,2322,2419,2357,2668,2403,2407,2303,2483,2442,2423,2420,2252,2404,2356,2439,2556,2484,2594,2612,2368,2414,2430,2400,2317,2397,2626,2306,2422,2301,2434,2295,2286,2265,2550,2542,2477,2400,2618,2626,2531,2338,2693,2156,2505,2331,2301,2244,2621,2514,2364,2199,2407,2257,2291,2242,2247,2437,2209,2483,2429,2450,2579,2272,2386,2456,2366,2244,2580,2303,2326,2471,2513,2199,2276,2128,2315,2385,2392,2414,2403,2379,2302,2369,2550,2341,2524,2412,2306,2392,2303,2353,2275,2371,2402,2288,2402,2209,2353,2366,2436,2365
2364,2341,2376,2491,2428,2477,2536,2551,2485,2341,2688,2605,2361,2427,2422,2338,2530,2349,2608,2299,2373,2379,2604,2211,2636,2147,2245,2545,2508,2357,2420,2618,2361,2327,2520,2278,2585,2414,2474,2510,2439,2453,2402,2563,2636,2507,2593,2407,2644,2342,2305,2514,2251,2611,2537,2338,2372,2279,2312,2483,2467,2516,2456,2415,2345,2412,2583,2720,2430,2279,2508,2465,2534,2523,2467,2455,2301,2765,2374,2368,2503,2454,2702,2530,2554,2526,2330,2477,2334,2417,2374,2635,2387,2544,2346,2630,2521,2504,2466,2651,2404,2465,2426,2485,2473,2304,2417,2299,2530,2483,2420,2566,2385,2465,2475,2406,2703,2495,2700,2600,2611,2349,2435,2538,2595,2655,2275,2649,2391,2535,2468,2479,2410,2596,2554,2373,2300,2208,2530,2414,2643,2452,2615,2287,2362,2293,2544,2225,2587,2510,2408,2542,2565,2378,2389,2410,2390,2515,2255,2708,2502,2313,2487,2138,2554,2675,2442,2391,2525,2375,2393,2356,2481,2527,2451,2506,2623,2599,2419,2469,2558,2360,2495,2328,2310,2454,2579,2738,2519,2363,2469,2367,2482,2433,2441,2531,2376,2736,2410,2474,2661,2358,2489,2424,2544,2549,2503,2566,2500,2636,2474,2538,2214,2539,2412,2345,2321,2595,2523,2327,2341,2428,2596,2361,2409,2468,2541,2409,2464,2472,2224,2800,2279,2475,2475,2676,2221,2365,2542,2279,2562,2492,2430,2495,2404,2593,2399,2370,2564,2578,2298,2451,2438,2578,2408,2503,2465,2611,2521,2459,2358,2572,2690,2233,2470,2528,2389,2398,2361,2420,2335,2515,2309,2324,2420,2481,2635,2401,2215,2583,2306,2529,2676,2499,2281,2426,2430,2482,2452,2343,2518,2405,2547,2529,2473,2413,2428,2433,2527,2364,2816,2448,2271,2506,2576,2228,2367,2564,2425,2540,2463,2416,2450,2504,2392,2521,2604,2579,2763,2262,2431,2247,2212,2631,2515,2601,2461,2593,2388,2454,2278,2406,2448,2609,2416,2627,2293,2537,2545,2627,2684,2434,2553,2465,2260,2313,2547,2488,2358,2587,2610,2484,2570,2428,2395,2548,2433,2523,2540,2414,2411,2669,2723,2382,2436,2414,2487,2319,2646,2746,2559,2450,2441,2664,2358,2479,2583,2320,2525,2492,2466,2501,2505,2437,2433,2314,2384,2555,2439,2619,2390,2410,2382,2685,2549,2310,2564,2574,2519,2436,2360,2521,2348,2434,2673,2232,2489,2463,2553,2455,2443,2483,2524,2684,2437,2521,2416,2546,2371,2684,2445,2413,2339,2414,2474,2349,2325,2403,2575,2632,2651,2421,2418,2449,2659,2511,2560,2364,2359,2204,2504,2441,2604,2436,2669,2467,2486,2451,2338,2310,2600,2436,2510,2470,2423,2393,2485,2683,2534,2540,2499,2310,2342,2387,2709,2729,2496,2617,2596,2601,2480,2264,2401,2459,2509,2454,2487,2477,2524,2344,2454,2292,2719,2509,2367,2319,2317,2572,2518,2441,2364,2550,2552,2621,2427,2101,2526,2686,2459,2602,2556,2417,2665,2410,2385,2629,2383,2218,2456,2546,2504,2398,2404,2360,2381,2774,2455,2150,2532,2610,2409,2241,2470,2696,2585,2603,2456,2242,2461,2429,2556,2712,2665,2642,2342,2583,2602,2380,2399,2590,2564,2578,2510,2570,2408,2562,2314,2444,2221,2566,2377,2406,2374,2412,2547,2446,2490,2318,2558,2489,2478,2329,2538,2343,2423,2545,2349,2605,2366,2349,2548,2396,2589,2460,2565,2412,2783,2391,2199,2405,2539,2467,2431,2558,2494,2528,2565,2499,2336,2511,2540,2412,2614,2466,2524,2560,2696,2468,2391,2513,2425,2733,2589,2353,2559,2368,2412,2135,2562,2504,2339,2419,2516,2556,2568,2664,2417,2563,2269,2544,2214,2456,2549,2439,2580,2442,2394,2585,2354,2723,2702,2652,2335,2391,2591,2276,2533,2426,2370,2336,2551,2509,2454,2451,2489,2472,2648,2645,2493,2401,2376,2733,2417,2303,2509,2370,2512,2343,2357,2504,2603,2314,2577,2418,2600,2581,2609,2704,2534,2557,2589,2508,2520,2306,2845,2304,2485,2479,2329,2594,2754,2252,2331,2483,2521,2558,2660,2422,2525,2450,2380,2693,2460,2494,2657,2442,2435,2446,2258,2273,2507,2416,2365,2332,2370,2445,2355,2713,2580,2347,2719,2534,2522,2746,2466,2549,2756,2281,2266,2379,2416,2326,2368,2550,2296,2456,2403,2558,2469,2523,2351,2501,2393,2648,2255,2626,2311,2254,2409,2753,2574,2656,2470,2503,2562,2381,2361,2605,2501,2266,2697,2507,2554,2598,2309,2601,2689,2238,2392,2828,2430,2412,2028,2274,2432,2485,2154,2439,2477,2663,2520,2427,2441,2453,2591,2555,2492,2377,2217,2263,2583,2317,2420,2649,2249,2452,2656,2420,2580,2371,2426,2421,2342,2470,2547,2556,2654,2552,2415,2665,2432,2461,2457,2512,2439,2294,2458,2516,2549,2402,2573,2506,2377,2328,2349,2276,2648,2415,2635,2383,2518,2566,2570,2545,2747,2587,2563,2296,2666,2503,2691,2501,2450,2545,2447,2440,2403,2462,2440,2403,2556,2666,2472,2491,2724,2413,2652,2422,2219,2630,2776,2545,2554,2553,2405,2280,2366,2541,2496,2553,2615,2115,2448,2472,2568,2595,2323,2471,2620,2307,2527,2266,2151,2389,2422,2569,2471,2539,2463,2469,2615,2659,2195,2577,2597,2410,2504,2461,2249,2527,2409,2322,2506,2617,2382,2575,2270,2670,2447,2379,2450,2511,2664,2468,2482,2433,2639,2480,2509,2456,2364,2458,2555,2499,2572,2553,2678,2711,2450,2525,2585,2471,2363,2393,2626,2358,2489,2398,2471,2399,2375,2393,2557,2549,2438,2550,2634,2710,2598,2433,2730,2233,2488,2459,2347,2342,2660,2534,2601,2355,2586,2347,2410,2292,2440,2521,2281,2581,2489,2526,2620,2354,2410,2497,2490,2298,2579,2363,2472,2544,2644,2266,2300,2136,2540,2477,2416,2569,2556,2458,2350,2475,2489,2457,2695,2516,2459,2425,2403,2496,2336,2326,2495,2340,2422,2361,2493,2437,2488,2456
2412,2281,2394,2430,2544,2456,2630,2574,2570,2326,2761,2554,2450,2440,2461,2424,2544,2315,2513,2382,2419,2311,2507,2232,2677,2201,2151,2579,2515,2394,2416,2625,2375,2427,2545,2228,2486,2342,2525,2633,2430,2545,2410,2555,2641,2558,2557,2473,2584,2426,2220,2614,2266,2718,2491,2382,2337,2263,2360,2409,2486,2460,2468,2451,2511,2423,2460,2526,2371,2285,2492,2554,2555,2609,2520,2480,2324,2728,2314,2382,2424,2499,2706,2547,2572,2489,2269,2456,2358,2509,2471,2669,2447,2569,2430,2605,2450,2425,2494,2696,2483,2499,2389,2546,2335,2403,2352,2408,2561,2399,2376,2583,2357,2538,2478,2373,2730,2527,2696,2452,2623,2334,2502,2455,2456,2632,2285,2528,2473,2486,2513,2492,2421,2588,2513,2453,2337,2268,2414,2455,2619,2529,2521,2363,2294,2357,2523,2176,2660,2551,2485,2612,2484,2354,2399,2403,2457,2556,2324,2674,2468,2244,2532,2198,2364,2602,2481,2426,2555,2377,2460,2320,2447,2544,2498,2434,2588,2511,2324,2620,2527,2338,2357,2270,2346,2441,2518,2765,2595,2258,2503,2379,2532,2542,2486,2543,2375,2713,2451,2524,2621,2331,2502,2437,2793,2534,2611,2632,2333,2665,2503,2443,2219,2446,2424,2344,2337,2537,2554,2352,2376,2405,2493,2244,2500,2542,2527,2383,2469,2503,2278,2717,2270,2454,2531,2519,2283,2340,2619,2433,2512,2490,2455,2459,2436,2600,2380,2424,2571,2637,2303,2580,2506,2730,2371,2411,2490,2661,2520,2426,2333,2539,2703,2263,2482,2656,2399,2332,2321,2425,2332,2558,2306,2422,2480,2478,2450,2429,2338,2453,2313,2378,2568,2523,2308,2487,2441,2570,2491,2399,2499,2433,2611,2412,2474,2406,2429,2573,2418,2422,2748,2475,2222,2583,2495,2253,2331,2502,2548,2566,2441,2440,2394,2553,2295,2534,2605,2732,2719,2169,2564,2273,2284,2609,2366,2586,2450,2671,2453,2401,2299,2380,2555,2489,2387,2681,2421,2514,2668,2580,2644,2439,2482,2409,2236,2276,2477,2500,2382,2508,2644,2499,2642,2446,2368,2505,2414,2625,2465,2483,2541,2650,2651,2284,2386,2311,2451,2327,2584,2642,2556,2522,2502,2602,2448,2534,2566,2363,2470,2579,2472,2501,2451,2503,2520,2423,2298,2544,2398,2693,2336,2265,2317,2637,2511,2342,2516,2562,2479,2551,2394,2528,2417,2455,2715,2358,2445,2493,2559,2552,2376,2515,2546,2724,2515,2532,2372,2432,2378,2729,2446,2371,2360,2311,2563,2300,2287,2349,2439,2589,2543,2494,2498,2426,2634,2371,2656,2370,2417,2275,2561,2371,2721,2432,2620,2508,2480,2400,2385,2330,2566,2464,2560,2469,2437,2308,2547,2646,2496,2563,2579,2332,2345,2367,2622,2726,2444,2582,2650,2622,2534,2235,2479,2431,2593,2470,2556,2383,2513,2385,2465,2320,2671,2532,2503,2371,2223,2589,2720,2400,2431,2534,2538,2519,2405,2170,2501,2450,2498,2525,2506,2415,2638,2326,2448,2676,2404,2306,2410,2592,2518,2529,2445,2371,2347,2922,2400,2272,2490,2568,2451,2364,2510,2692,2656,2620,2529,2339,2480,2398,2632,2722,2723,2743,2420,2420,2534,2491,2387,2663,2500,2529,2550,2572,2472,2462,2322,2499,2283,2530,2345,2528,2341,2413,2648,2452,2553,2342,2578,2462,2402,2303,2533,2302,2452,2500,2309,2625,2356,2377,2575,2438,2620,2470,2433,2459,2792,2379,2268,2343,2534,2506,2441,2633,2523,2469,2509,2443,2451,2406,2551,2449,2542,2308,2489,2645,2712,2466,2464,2592,2444,2668,2613,2457,2526,2426,2394,2128,2547,2481,2396,2379,2474,2598,2536,2638,2465,2474,2247,2567,2180,2501,2529,2411,2509,2442,2393,2559,2350,2616,2690,2623,2320,2410,2508,2341,2495,2479,2332,2369,2542,2407,2427,2541,2586,2476,2494,2574,2559,2481,2408,2693,2450,2310,2592,2294,2443,2284,2411,2487,2684,2354,2550,2429,2574,2554,2610,2682,2595,2575,2596,2421,2459,2312,2833,2335,2453,2502,2240,2485,2755,2333,2341,2554,2596,2537,2606,2443,2543,2568,2356,2678,2504,2619,2684,2342,2394,2480,2303,2252,2484,2437,2387,2315,2350,2535,2348,2678,2386,2386,2703,2477,2553,2624,2493,2599,2739,2331,2283,2363,2334,2304,2390,2492,2342,2512,2471,2507,2400,2461,2394,2404,2475,2705,2238,2625,2392,2172,2402,2734,2545,2557,2386,2559,2512,2395,2451,2597,2581,2307,2544,2537,2463,2554,2419,2570,2887,2196,2495,2721,2463,2418,2061,2321,2573,2491,2201,2339,2540,2718,2531,2444,2447,2518,2558,2479,2502,2420,2228,2269,2537,2374,2442,2685,2102,2436,2576,2512,2519,2383,2362,2408,2336,2533,2559,2587,2676,2552,2405,2743,2493,2435,2524,2539,2556,2325,2531,2530,2558,2310,2615,2447,2319,2347,2346,2282,2609,2527,2728,2356,2464,2545,2575,2516,2683,2551,2527,2273,2695,2456,2663,2386,2548,2602,2390,2351,2466,2564,2461,2430,2633,2611,2487,2463,2689,2373,2768,2547,2230,2630,2692,2616,2544,2516,2458,2383,2414,2553,2582,2504,2650,2113,2449,2504,2461,2506,2258,2546,2598,2293,2456,2285,2136,2477,2378,2556,2547,2561,2553,2403,2539,2680,2286,2530,2538,2362,2509,2464,2233,2575,2446,2385,2582,2720,2469,2527,2290,2716,2551,2405,2516,2541,2622,2431,2460,2438,2454,2496,2473,2510,2395,2484,2534,2642,2666,2596,2700,2688,2430,2513,2593,2429,2363,2350,2622,2347,2504,2356,2513,2328,2446,2386,2509,2588,2480,2527,2604,2741,2526,2365,2716,2205,2417,2468,2385,2389,2684,2483,2422,2280,2504,2437,2518,2418,2402,2594,2333,2590,2516,2506,2646,2382,2412,2544,2471,2261,2623,2359,2427,2590,2577,2293,2285,2250,2463,2529,2420,2506,2555,2538,2252,2524,2607,2596,2554,2517,2317,2407,2461,2497,2351,2391,2475,2347,2494,2379,2431,2395,2504,2445
2139,1976,2083,2225,2206,2319,2349,2366,2318,2136,2559,2247,2227,2181,2236,2203,2244,2194,2295,2194,2208,2098,2220,2050,2445,1974,1969,2337,2300,2280,2075,2401,2307,2191,2321,2075,2324,2209,2300,2263,2149,2304,2137,2393,2372,2251,2277,2316,2381,2104,1978,2329,2028,2406,2272,2196,2109,2012,2152,2173,2163,2301,2230,2142,2266,2322,2186,2278,2224,2096,2365,2242,2391,2354,2283,2277,2080,2443,2116,2117,2228,2225,2418,2259,2305,2270,1978,2215,2253,2128,2227,2436,2225,2389,2202,2250,2269,2196,2279,2363,2294,2164,2310,2325,2171,2047,2130,2141,2324,2087,2151,2406,2134,2200,2328,2218,2435,2227,2431,2298,2323,2098,2294,2252,2323,2368,1989,2335,2184,2211,2157,2238,2211,2289,2280,2214,2076,2082,2272,2284,2373,2239,2231,2122,2142,2137,2340,2067,2394,2333,2317,2349,2234,2252,2145,2240,2199,2330,2034,2365,2191,1965,2285,1924,2265,2301,2247,2142,2314,2112,2149,2181,2282,2251,2241,2261,2234,2292,2125,2288,2318,2170,2242,2126,2150,2233,2363,2485,2285,2158,2179,2137,2247,2355,2270,2300,2158,2415,2160,2331,2283,2222,2304,2265,2408,2362,2310,2281,2144,2456,2276,2294,2013,2257,2175,2100,2118,2322,2391,2134,2137,2189,2298,2044,2166,2253,2231,2186,2197,2201,2023,2440,2099,2249,2340,2284,2126,2107,2227,2214,2225,2238,2216,2148,2205,2240,2274,2173,2312,2326,2061,2393,2226,2427,2199,2283,2208,2311,2282,2148,2061,2265,2500,2036,2335,2431,2134,2205,2115,2268,2182,2252,2090,2074,2285,2275,2399,2169,2138,2240,2114,2251,2351,2267,2109,2221,2276,2283,2283,2184,2376,2271,2367,2243,2242,2246,2274,2387,2220,2174,2436,2157,1984,2341,2211,2040,2171,2378,2209,2220,2150,2231,2128,2387,2145,2227,2287,2493,2546,1948,2199,2041,2116,2345,2232,2324,2296,2516,2131,2184,2070,2213,2325,2314,2074,2287,2189,2190,2384,2362,2277,2262,2272,2162,2090,2015,2257,2280,2161,2234,2387,2212,2325,2163,2087,2254,2176,2267,2278,2199,2297,2311,2465,2209,2161,2165,2186,2161,2318,2362,2340,2254,2251,2433,2193,2275,2337,2221,2187,2311,2231,2229,2210,2290,2261,2283,2056,2379,2091,2403,2117,2107,2090,2307,2270,2153,2317,2288,2264,2280,2218,2299,2110,2257,2347,2146,2183,2264,2338,2281,2164,2234,2216,2377,2256,2233,2216,2176,2077,2378,2224,2254,2099,2076,2144,2063,2101,2120,2219,2275,2383,2211,2164,2212,2412,2076,2325,2232,2135,2070,2255,2122,2508,2183,2425,2213,2171,2221,2157,2057,2353,2245,2290,2251,2158,2152,2339,2326,2305,2353,2322,2052,2105,2234,2445,2463,2240,2308,2417,2349,2222,2034,2202,2290,2314,2292,2337,2134,2320,2081,2155,2027,2406,2332,2136,2064,2084,2408,2309,2170,2064,2194,2372,2261,2288,1841,2232,2341,2230,2372,2227,2161,2425,2104,2201,2429,2217,2075,2194,2257,2332,2152,2257,2070,2161,2544,2230,1947,2245,2366,2101,2081,2169,2467,2271,2297,2139,2177,2196,2207,2360,2407,2502,2477,2198,2243,2216,2263,2122,2280,2375,2280,2285,2214,2187,2280,2198,2164,2052,2287,2130,2341,2098,2193,2354,2148,2280,2094,2323,2198,2110,2182,2256,2060,2224,2289,2022,2341,2202,2100,2295,2253,2387,2191,2131,2188,2511,2133,1975,2200,2384,2213,2182,2410,2271,2331,2216,2235,2185,2219,2266,2209,2345,2145,2233,2276,2460,2246,2218,2256,2239,2368,2375,2254,2296,2085,2144,1893,2365,2208,2134,2208,2232,2268,2321,2437,2204,2341,1971,2268,2075,2181,2349,2218,2424,2250,2011,2324,2136,2333,2424,2315,2046,2229,2355,2160,2259,2163,2104,2083,2297,2204,2226,2236,2261,2140,2313,2368,2332,2236,2194,2426,2203,2031,2347,2000,2209,2074,2187,2214,2419,1958,2260,2194,2402,2320,2274,2396,2281,2335,2318,2180,2277,1987,2480,2107,2230,2233,2156,2282,2476,2153,2171,2338,2236,2255,2450,2127,2375,2325,2169,2377,2175,2429,2478,2249,2095,2245,2073,2062,2316,2164,2260,2156,2093,2190,2151,2442,2287,2153,2377,2279,2283,2359,2162,2441,2478,2114,2072,2131,2092,2179,2180,2247,2171,2225,2277,2248,2155,2102,2114,2283,2175,2451,1995,2399,2047,2020,2155,2454,2306,2352,2170,2309,2209,2125,2225,2373,2302,2144,2330,2267,2334,2357,2109,2313,2455,2034,2256,2475,2156,2213,1862,2147,2304,2223,2003,2258,2219,2457,2263,2183,2190,2183,2373,2279,2226,2146,1997,2113,2374,2057,2188,2441,1987,2273,2333,2237,2294,2118,2182,2216,2020,2299,2322,2349,2530,2249,2151,2407,2206,2182,2268,2268,2283,1984,2240,2380,2207,2164,2401,2089,2155,2103,2155,2043,2328,2187,2470,2223,2331,2380,2334,2314,2433,2337,2228,2100,2400,2271,2418,2221,2196,2402,2244,2179,2232,2368,2231,2214,2310,2355,2188,2258,2433,2089,2428,2184,2028,2430,2454,2271,2261,2287,2176,2092,2199,2276,2306,2307,2422,1990,2235,2332,2269,2308,2076,2308,2385,2124,2375,2036,1984,2213,2136,2293,2290,2286,2373,2186,2377,2387,1971,2332,2308,2148,2227,2226,2068,2362,2204,2152,2357,2196,2305,2407,2001,2380,2255,2167,2237,2383,2323,2174,2313,2245,2338,2310,2308,2144,2179,2243,2333,2437,2303,2315,2427,2467,2241,2200,2433,2150,2120,2208,2332,2116,2291,2217,2223,2075,2162,2221,2334,2322,2261,2365,2426,2384,2250,2195,2369,2029,2240,2221,2283,2263,2367,2333,2299,2119,2275,2283,2109,2168,2255,2365,2023,2354,2101,2245,2331,2082,2229,2223,2274,2041,2348,2127,2185,2339,2345,2033,2132,2021,2244,2229,2165,2316,2320,2189,2063,2313,2213,2343,2274,2136,2224,2232,2223,2211,2091,2185,2322,2221,2209,2305,2233,2177,2266,2215
2442,2285,2410,2476,2647,2597,2590,2546,2421,2370,2808,2584,2430,2494,2507,2335,2567,2390,2531,2350,2391,2353,2483,2230,2546,2229,2207,2589,2571,2494,2478,2592,2481,2471,2599,2416,2535,2388,2547,2560,2362,2566,2486,2622,2629,2554,2524,2569,2553,2399,2314,2539,2283,2675,2593,2361,2402,2295,2356,2333,2417,2516,2557,2434,2567,2558,2592,2607,2450,2232,2531,2549,2540,2573,2513,2530,2226,2729,2381,2256,2567,2396,2625,2485,2569,2649,2292,2516,2442,2329,2343,2672,2467,2594,2462,2552,2574,2365,2540,2676,2627,2325,2489,2678,2305,2383,2412,2438,2551,2406,2370,2653,2246,2437,2482,2525,2682,2464,2796,2415,2709,2256,2454,2603,2599,2669,2276,2569,2574,2439,2521,2612,2341,2480,2507,2491,2349,2419,2532,2474,2598,2536,2599,2341,2334,2386,2614,2206,2586,2539,2439,2668,2532,2614,2478,2449,2532,2701,2331,2680,2536,2223,2447,2176,2440,2572,2489,2475,2668,2362,2441,2403,2471,2578,2510,2561,2522,2498,2399,2557,2595,2456,2451,2236,2401,2552,2553,2750,2562,2394,2488,2384,2513,2584,2459,2529,2422,2788,2442,2533,2583,2428,2544,2509,2656,2566,2651,2562,2511,2804,2519,2464,2182,2606,2371,2373,2289,2631,2610,2493,2501,2318,2411,2251,2483,2584,2536,2521,2475,2549,2294,2693,2249,2429,2534,2440,2337,2384,2528,2437,2457,2508,2496,2511,2480,2538,2428,2472,2663,2533,2364,2672,2485,2733,2369,2480,2362,2578,2520,2383,2316,2694,2738,2239,2491,2691,2322,2435,2390,2502,2401,2537,2363,2334,2573,2535,2567,2466,2379,2527,2337,2419,2513,2542,2329,2402,2458,2478,2509,2532,2608,2368,2547,2452,2546,2425,2429,2541,2426,2334,2708,2405,2191,2670,2542,2371,2367,2526,2515,2523,2380,2404,2386,2552,2436,2461,2423,2702,2777,2208,2471,2232,2348,2627,2409,2669,2496,2752,2348,2412,2342,2417,2521,2647,2327,2544,2466,2475,2674,2603,2564,2366,2563,2424,2212,2216,2347,2446,2412,2465,2632,2489,2574,2446,2515,2271,2444,2606,2506,2428,2527,2627,2647,2349,2337,2434,2392,2365,2580,2582,2493,2537,2393,2623,2338,2506,2490,2414,2585,2542,2461,2451,2484,2543,2552,2552,2376,2620,2334,2710,2404,2368,2277,2699,2478,2388,2549,2554,2395,2559,2386,2430,2420,2518,2604,2459,2463,2451,2573,2507,2380,2561,2500,2676,2465,2505,2408,2426,2250,2642,2512,2502,2295,2269,2455,2294,2327,2362,2517,2565,2518,2284,2339,2492,2642,2344,2541,2425,2416,2340,2525,2359,2865,2402,2614,2362,2418,2448,2418,2379,2542,2469,2529,2504,2430,2454,2604,2627,2581,2517,2682,2292,2369,2399,2671,2710,2411,2599,2664,2580,2509,2204,2421,2426,2479,2405,2646,2355,2537,2340,2296,2302,2612,2616,2374,2331,2318,2626,2647,2438,2278,2511,2573,2486,2544,2034,2575,2572,2413,2591,2499,2529,2645,2354,2560,2684,2463,2319,2340,2557,2579,2424,2471,2334,2345,2814,2471,2262,2541,2559,2345,2340,2455,2760,2511,2626,2378,2425,2509,2458,2561,2677,2630,2700,2422,2420,2563,2497,2362,2524,2569,2509,2509,2466,2388,2574,2383,2417,2239,2605,2342,2493,2307,2425,2572,2415,2347,2425,2488,2500,2385,2453,2505,2323,2469,2580,2291,2596,2369,2513,2544,2469,2606,2455,2334,2465,2818,2384,2305,2424,2559,2456,2343,2675,2443,2672,2405,2463,2358,2391,2496,2483,2492,2331,2518,2623,2678,2474,2434,2555,2528,2768,2605,2474,2519,2322,2499,2185,2475,2472,2327,2454,2372,2457,2599,2567,2499,2452,2219,2401,2258,2413,2637,2351,2550,2441,2282,2503,2386,2627,2497,2525,2286,2526,2646,2417,2518,2459,2295,2366,2551,2543,2474,2607,2590,2341,2556,2522,2498,2475,2494,2601,2504,2369,2536,2244,2547,2309,2416,2586,2735,2279,2496,2441,2658,2620,2597,2593,2553,2587,2642,2445,2531,2138,2798,2383,2455,2481,2473,2572,2821,2468,2479,2527,2624,2520,2594,2381,2573,2503,2369,2593,2420,2671,2629,2406,2296,2494,2335,2376,2540,2399,2581,2258,2426,2403,2337,2704,2386,2379,2715,2530,2566,2658,2497,2571,2711,2341,2337,2392,2371,2295,2418,2482,2330,2505,2398,2480,2430,2413,2309,2479,2413,2674,2280,2604,2281,2237,2351,2742,2565,2604,2272,2612,2503,2398,2486,2615,2521,2383,2602,2568,2496,2642,2298,2579,2682,2290,2555,2808,2350,2503,2159,2356,2549,2441,2181,2468,2465,2723,2489,2541,2376,2547,2645,2419,2474,2433,2280,2445,2529,2438,2405,2803,2213,2586,2562,2543,2621,2342,2443,2450,2354,2418,2579,2579,2707,2495,2491,2688,2585,2538,2546,2478,2550,2326,2456,2562,2547,2340,2634,2356,2449,2243,2425,2351,2711,2512,2697,2427,2543,2584,2476,2548,2623,2667,2554,2434,2620,2532,2715,2451,2511,2579,2488,2374,2528,2535,2391,2581,2534,2535,2403,2587,2707,2418,2647,2506,2235,2690,2704,2528,2469,2516,2405,2342,2427,2552,2526,2531,2708,2226,2453,2507,2493,2469,2260,2605,2516,2450,2564,2267,2194,2488,2390,2558,2549,2493,2545,2440,2504,2647,2227,2644,2460,2443,2606,2454,2139,2608,2426,2394,2576,2553,2496,2546,2300,2705,2662,2422,2469,2593,2583,2563,2493,2424,2605,2560,2574,2396,2406,2559,2543,2668,2619,2595,2648,2598,2526,2481,2523,2482,2350,2419,2564,2344,2588,2404,2497,2293,2457,2464,2633,2598,2497,2494,2669,2583,2535,2498,2602,2327,2408,2473,2462,2461,2623,2549,2540,2422,2522,2424,2396,2526,2584,2587,2386,2608,2443,2500,2531,2369,2462,2534,2472,2254,2630,2416,2463,2541,2536,2255,2347,2230,2466,2531,2416,2585,2534,2548,2278,2488,2563,2667,2495,2372,2386,2385,2338,2463,2355,2403,2488,2385,2516,2500,2472,2471,2519,2540
2453,2176,2309,2366,2524,2462,2435,2564,2454,2244,2624,2472,2308,2321,2303,2335,2358,2307,2552,2334,2380,2151,2413,2289,2452,2116,2073,2392,2550,2491,2430,2537,2512,2309,2476,2362,2279,2345,2456,2494,2293,2474,2402,2562,2630,2414,2465,2526,2537,2271,2225,2499,2193,2537,2527,2257,2303,2262,2382,2223,2393,2504,2468,2325,2417,2447,2450,2502,2353,2283,2444,2421,2579,2476,2489,2380,2223,2690,2191,2252,2424,2476,2519,2421,2441,2481,2207,2371,2383,2345,2337,2574,2426,2564,2383,2449,2563,2249,2466,2604,2533,2224,2577,2463,2322,2206,2422,2343,2538,2328,2307,2623,2256,2422,2442,2404,2566,2309,2563,2423,2568,2298,2413,2466,2498,2581,2227,2577,2472,2341,2324,2404,2502,2416,2443,2479,2224,2349,2451,2453,2441,2416,2503,2337,2245,2348,2491,2126,2483,2459,2439,2573,2434,2523,2283,2347,2382,2611,2207,2577,2532,2170,2425,2082,2374,2535,2394,2318,2494,2370,2300,2430,2431,2392,2472,2431,2391,2436,2333,2519,2436,2326,2301,2172,2282,2470,2567,2594,2457,2321,2327,2368,2448,2389,2340,2333,2346,2630,2343,2525,2451,2295,2524,2482,2486,2475,2504,2636,2385,2713,2338,2433,2147,2491,2397,2270,2311,2580,2547,2371,2414,2281,2336,2236,2404,2500,2388,2405,2421,2376,2235,2635,2278,2321,2602,2349,2253,2404,2385,2302,2316,2442,2433,2391,2425,2516,2337,2435,2454,2450,2233,2485,2456,2512,2259,2314,2376,2458,2450,2267,2339,2614,2681,2221,2527,2659,2240,2397,2282,2470,2336,2481,2243,2305,2415,2421,2546,2354,2297,2390,2345,2376,2527,2442,2301,2204,2342,2420,2486,2346,2540,2344,2462,2302,2472,2312,2360,2359,2410,2308,2580,2374,2237,2482,2374,2325,2285,2464,2411,2319,2311,2332,2278,2515,2247,2391,2397,2596,2789,2040,2428,2222,2305,2637,2334,2608,2415,2635,2252,2380,2254,2453,2531,2488,2233,2493,2334,2320,2523,2656,2458,2390,2488,2257,2255,2228,2311,2380,2317,2437,2500,2417,2508,2400,2285,2246,2246,2496,2531,2350,2456,2500,2686,2345,2263,2323,2257,2294,2381,2477,2451,2337,2326,2590,2189,2440,2442,2283,2452,2476,2409,2318,2456,2396,2449,2448,2249,2603,2284,2605,2339,2302,2349,2663,2419,2315,2462,2537,2315,2555,2386,2441,2293,2438,2527,2390,2392,2442,2529,2430,2250,2438,2407,2487,2322,2503,2440,2334,2262,2592,2483,2497,2225,2277,2363,2206,2315,2292,2404,2403,2492,2378,2219,2397,2598,2248,2449,2370,2352,2243,2444,2302,2725,2293,2492,2231,2298,2423,2412,2152,2509,2441,2482,2439,2263,2300,2420,2492,2529,2392,2504,2259,2310,2413,2580,2622,2377,2495,2589,2475,2304,2166,2395,2443,2502,2398,2480,2358,2346,2376,2273,2247,2621,2534,2294,2316,2224,2446,2429,2316,2297,2408,2408,2377,2445,2049,2447,2476,2385,2618,2404,2401,2708,2261,2376,2607,2447,2205,2295,2541,2496,2328,2437,2222,2269,2725,2298,2147,2462,2530,2319,2295,2350,2649,2411,2478,2209,2345,2399,2369,2494,2568,2544,2601,2245,2361,2404,2444,2272,2337,2480,2321,2478,2382,2351,2574,2286,2284,2187,2431,2375,2393,2196,2379,2434,2319,2383,2253,2450,2407,2295,2314,2472,2311,2340,2396,2184,2527,2423,2324,2511,2298,2532,2353,2309,2335,2667,2311,2319,2297,2515,2480,2230,2617,2354,2585,2265,2432,2211,2233,2459,2275,2452,2202,2414,2461,2525,2532,2313,2532,2347,2627,2502,2445,2488,2244,2475,2087,2384,2449,2384,2415,2337,2432,2502,2652,2384,2387,2240,2408,2305,2312,2532,2222,2450,2404,2249,2446,2293,2507,2464,2498,2237,2362,2475,2365,2476,2413,2339,2232,2501,2347,2317,2425,2584,2345,2463,2386,2497,2299,2451,2546,2518,2222,2462,2286,2383,2292,2222,2408,2581,2190,2424,2403,2484,2501,2529,2510,2463,2578,2573,2343,2492,2066,2598,2186,2427,2426,2339,2471,2746,2257,2328,2512,2536,2424,2534,2237,2449,2435,2359,2517,2303,2509,2551,2392,2242,2411,2276,2280,2412,2328,2520,2285,2334,2384,2243,2488,2275,2281,2661,2618,2413,2553,2362,2547,2637,2374,2306,2358,2328,2279,2292,2474,2298,2375,2465,2332,2250,2339,2322,2330,2355,2687,2313,2521,2136,2209,2304,2588,2589,2415,2280,2475,2444,2237,2264,2562,2506,2280,2451,2390,2468,2464,2313,2356,2754,2221,2486,2623,2343,2504,2182,2325,2386,2298,2091,2491,2321,2691,2486,2412,2335,2458,2448,2294,2375,2412,2261,2353,2511,2285,2462,2623,2166,2462,2489,2325,2560,2233,2303,2325,2242,2474,2440,2607,2701,2462,2403,2577,2486,2368,2503,2341,2489,2217,2417,2539,2436,2226,2642,2284,2256,2293,2341,2336,2506,2417,2613,2397,2428,2395,2495,2482,2525,2515,2305,2358,2597,2374,2574,2281,2468,2435,2412,2372,2481,2499,2300,2351,2530,2458,2268,2507,2604,2273,2601,2466,2177,2656,2523,2450,2346,2495,2448,2314,2224,2484,2494,2510,2498,2057,2352,2338,2388,2466,2205,2519,2479,2307,2567,2293,2124,2419,2311,2488,2441,2348,2511,2360,2454,2587,2200,2517,2354,2246,2484,2385,2195,2450,2338,2444,2501,2464,2394,2480,2228,2674,2518,2362,2418,2545,2519,2426,2429,2323,2558,2467,2530,2345,2430,2405,2442,2628,2483,2626,2535,2578,2437,2340,2608,2412,2296,2388,2555,2303,2461,2311,2370,2229,2477,2425,2540,2486,2523,2534,2579,2562,2564,2417,2513,2187,2297,2391,2299,2429,2480,2410,2514,2228,2434,2482,2271,2388,2501,2481,2315,2495,2339,2371,2492,2390,2363,2390,2307,2254,2481,2304,2412,2412,2443,2222,2274,2194,2438,2375,2483,2419,2496,2523,2264,2532,2391,2540,2446,2272,2369,2322,2296,2313,2297,2293,2425,2447,2464,2416,2280,2340,2472,2345
2488,2232,2255,2382,2498,2582,2519,2648,2540,2410,2782,2487,2489,2447,2411,2342,2490,2460,2505,2394,2454,2236,2522,2380,2498,2257,2160,2529,2616,2578,2394,2637,2644,2417,2596,2490,2381,2434,2526,2515,2408,2685,2473,2603,2704,2553,2401,2595,2566,2467,2289,2663,2345,2697,2552,2409,2364,2402,2378,2299,2450,2482,2439,2507,2522,2513,2601,2570,2569,2330,2543,2542,2625,2566,2474,2478,2330,2689,2434,2302,2603,2566,2659,2604,2473,2689,2277,2456,2496,2442,2373,2681,2470,2735,2526,2452,2623,2445,2555,2625,2678,2345,2613,2501,2437,2402,2450,2542,2673,2413,2357,2689,2294,2552,2585,2400,2632,2439,2717,2466,2594,2324,2507,2590,2554,2635,2287,2639,2494,2438,2464,2539,2491,2491,2553,2491,2287,2381,2534,2684,2584,2527,2553,2386,2329,2420,2606,2274,2599,2553,2530,2653,2501,2644,2336,2397,2496,2718,2388,2586,2559,2305,2459,2217,2451,2664,2602,2436,2639,2441,2370,2472,2476,2644,2647,2485,2446,2653,2499,2693,2545,2529,2434,2405,2325,2649,2606,2665,2494,2416,2439,2467,2514,2506,2399,2406,2538,2722,2566,2506,2524,2449,2576,2405,2563,2504,2633,2617,2461,2790,2541,2391,2288,2573,2515,2390,2355,2643,2569,2488,2463,2347,2473,2139,2497,2542,2557,2472,2513,2466,2340,2637,2365,2429,2747,2472,2538,2462,2585,2354,2441,2517,2553,2605,2578,2583,2339,2447,2587,2566,2282,2582,2494,2597,2351,2351,2423,2560,2478,2355,2396,2645,2760,2281,2664,2724,2284,2476,2388,2556,2419,2452,2345,2413,2468,2527,2558,2455,2475,2390,2374,2470,2549,2472,2407,2423,2456,2614,2521,2454,2613,2500,2558,2480,2667,2454,2434,2474,2445,2366,2659,2401,2235,2408,2444,2368,2362,2607,2412,2367,2329,2420,2302,2624,2347,2539,2451,2691,2696,2144,2566,2350,2361,2605,2348,2690,2524,2658,2465,2447,2398,2540,2535,2616,2354,2575,2480,2453,2707,2693,2491,2400,2525,2446,2317,2269,2448,2398,2335,2394,2533,2523,2584,2502,2492,2395,2458,2649,2536,2468,2503,2515,2789,2449,2320,2485,2383,2388,2550,2518,2574,2560,2390,2660,2361,2426,2561,2471,2523,2472,2366,2416,2588,2521,2516,2527,2457,2659,2341,2783,2450,2457,2455,2688,2582,2368,2478,2636,2399,2608,2485,2537,2401,2486,2584,2401,2499,2531,2644,2533,2358,2576,2463,2678,2406,2594,2495,2444,2364,2565,2534,2501,2243,2345,2582,2352,2348,2527,2601,2532,2434,2418,2316,2404,2719,2360,2525,2415,2330,2223,2491,2397,2771,2339,2548,2354,2424,2479,2505,2222,2450,2414,2563,2617,2401,2469,2567,2726,2559,2468,2565,2363,2352,2456,2587,2635,2334,2569,2766,2626,2428,2294,2465,2495,2453,2440,2561,2306,2460,2473,2233,2252,2625,2687,2501,2342,2268,2621,2534,2377,2265,2378,2501,2584,2566,2119,2564,2587,2474,2645,2479,2490,2801,2331,2463,2647,2488,2347,2379,2657,2571,2451,2531,2332,2365,2849,2501,2212,2527,2644,2478,2488,2503,2768,2433,2597,2442,2494,2533,2445,2590,2662,2612,2662,2424,2488,2574,2499,2511,2371,2576,2471,2566,2458,2414,2514,2392,2436,2233,2520,2372,2527,2301,2433,2555,2473,2478,2353,2394,2502,2351,2394,2554,2369,2443,2485,2359,2634,2479,2461,2615,2431,2753,2526,2439,2429,2643,2314,2375,2436,2697,2638,2388,2726,2513,2709,2382,2609,2281,2358,2535,2358,2507,2230,2438,2628,2645,2542,2538,2658,2461,2746,2622,2445,2599,2463,2595,2215,2556,2410,2440,2586,2401,2569,2580,2574,2496,2472,2318,2409,2300,2378,2660,2394,2480,2448,2313,2491,2389,2710,2585,2558,2323,2483,2622,2586,2424,2616,2291,2279,2596,2538,2471,2593,2682,2444,2536,2509,2592,2370,2456,2620,2470,2441,2613,2368,2433,2314,2365,2495,2722,2273,2405,2422,2661,2627,2625,2534,2490,2613,2587,2409,2552,2185,2613,2308,2543,2450,2432,2592,2793,2332,2493,2560,2590,2595,2734,2387,2572,2462,2479,2609,2323,2632,2590,2491,2416,2480,2323,2369,2649,2457,2591,2401,2502,2486,2317,2599,2340,2279,2646,2607,2504,2617,2384,2625,2720,2458,2465,2424,2388,2366,2374,2521,2369,2536,2491,2455,2466,2476,2328,2468,2451,2635,2293,2537,2251,2278,2281,2736,2662,2540,2421,2560,2599,2315,2450,2657,2570,2288,2431,2521,2497,2568,2404,2479,2696,2314,2568,2700,2318,2573,2264,2447,2500,2373,2269,2506,2459,2785,2606,2535,2439,2472,2514,2394,2430,2491,2296,2376,2537,2373,2516,2709,2251,2464,2509,2409,2601,2403,2380,2381,2394,2646,2513,2658,2792,2564,2424,2646,2574,2457,2571,2519,2530,2335,2520,2484,2583,2311,2648,2340,2305,2354,2471,2503,2623,2580,2702,2439,2546,2509,2596,2645,2483,2661,2525,2490,2606,2408,2555,2369,2627,2478,2525,2414,2563,2651,2397,2440,2616,2445,2346,2492,2617,2407,2560,2469,2174,2746,2723,2606,2410,2672,2460,2473,2357,2519,2612,2449,2595,2147,2469,2416,2450,2494,2257,2614,2642,2354,2620,2309,2287,2504,2519,2501,2645,2577,2558,2412,2514,2611,2187,2543,2470,2352,2705,2364,2232,2515,2418,2490,2521,2591,2438,2562,2258,2751,2606,2419,2576,2686,2694,2397,2465,2404,2564,2627,2608,2527,2503,2589,2455,2719,2436,2615,2586,2645,2508,2580,2567,2600,2381,2370,2669,2404,2539,2500,2437,2386,2484,2493,2649,2567,2616,2530,2787,2701,2627,2533,2548,2333,2408,2449,2450,2472,2528,2554,2523,2338,2579,2589,2293,2515,2631,2520,2392,2564,2378,2531,2524,2492,2511,2538,2442,2434,2641,2388,2491,2543,2487,2399,2428,2258,2536,2443,2449,2418,2595,2681,2417,2629,2530,2593,2518,2415,2475,2424,2401,2458,2413,2458,2559,2457,2501,2531,2453,2493,2610,2476
2528,2139,2229,2339,2428,2395,2416,2509,2421,2188,2592,2415,2365,2368,2401,2346,2405,2343,2466,2282,2359,2216,2503,2271,2420,2256,2175,2400,2487,2464,2382,2584,2563,2382,2506,2379,2342,2411,2470,2413,2429,2483,2420,2469,2616,2565,2424,2477,2642,2436,2132,2502,2224,2549,2456,2393,2378,2294,2417,2147,2313,2350,2448,2290,2416,2289,2478,2546,2382,2311,2429,2460,2486,2518,2533,2384,2121,2682,2294,2255,2533,2522,2534,2430,2445,2569,2186,2413,2412,2389,2294,2667,2493,2577,2481,2440,2591,2268,2565,2542,2496,2189,2512,2480,2325,2358,2415,2388,2565,2402,2332,2589,2202,2560,2591,2260,2554,2405,2500,2305,2622,2293,2511,2498,2428,2462,2286,2506,2489,2407,2347,2544,2468,2373,2462,2359,2258,2350,2432,2477,2465,2536,2467,2231,2259,2293,2431,2294,2490,2511,2421,2473,2482,2596,2331,2288,2429,2599,2314,2567,2428,2243,2356,2210,2379,2543,2428,2341,2545,2344,2345,2447,2443,2475,2532,2480,2404,2454,2391,2557,2518,2342,2271,2276,2288,2608,2576,2582,2357,2318,2312,2315,2504,2354,2380,2379,2476,2700,2495,2427,2459,2241,2493,2338,2455,2539,2501,2570,2438,2673,2418,2296,2170,2525,2414,2379,2285,2536,2443,2289,2387,2343,2384,2138,2495,2495,2462,2501,2327,2399,2268,2611,2340,2427,2699,2321,2381,2379,2556,2265,2360,2311,2384,2565,2503,2498,2344,2396,2504,2635,2257,2487,2345,2415,2231,2365,2355,2381,2292,2249,2271,2501,2715,2299,2598,2665,2215,2341,2309,2458,2304,2344,2289,2418,2448,2380,2506,2308,2302,2344,2409,2346,2423,2333,2292,2238,2371,2566,2468,2387,2622,2333,2497,2339,2575,2332,2325,2432,2433,2387,2542,2341,2208,2421,2344,2392,2229,2426,2438,2354,2322,2274,2161,2453,2247,2380,2321,2511,2570,2191,2426,2175,2203,2512,2288,2482,2552,2620,2314,2316,2274,2512,2557,2413,2302,2436,2402,2390,2585,2537,2451,2392,2364,2359,2242,2257,2373,2375,2240,2253,2520,2371,2486,2394,2491,2325,2314,2578,2373,2358,2405,2415,2681,2343,2286,2438,2309,2360,2443,2432,2478,2490,2277,2648,2345,2319,2459,2360,2389,2344,2319,2252,2468,2509,2460,2487,2409,2478,2327,2628,2269,2233,2447,2635,2407,2331,2488,2508,2383,2559,2463,2490,2191,2430,2430,2321,2409,2470,2615,2461,2399,2516,2333,2586,2367,2409,2393,2318,2238,2619,2403,2517,2233,2273,2510,2206,2297,2383,2469,2455,2348,2401,2200,2427,2636,2295,2446,2362,2296,2254,2187,2315,2766,2262,2460,2315,2379,2464,2357,2181,2470,2495,2537,2444,2335,2342,2432,2594,2434,2401,2410,2276,2316,2318,2472,2656,2292,2615,2625,2577,2340,2269,2410,2394,2403,2294,2526,2251,2377,2452,2224,2264,2513,2595,2429,2236,2338,2529,2424,2300,2248,2360,2447,2437,2490,2084,2392,2404,2398,2511,2343,2432,2669,2355,2415,2578,2290,2223,2323,2488,2414,2336,2463,2286,2237,2848,2414,2136,2524,2534,2390,2392,2381,2676,2409,2423,2349,2384,2308,2335,2490,2523,2601,2581,2299,2345,2439,2427,2346,2396,2506,2262,2534,2415,2347,2495,2381,2475,2139,2546,2342,2427,2189,2438,2493,2353,2321,2227,2343,2349,2427,2380,2566,2243,2402,2443,2318,2577,2379,2367,2580,2346,2557,2455,2321,2398,2583,2256,2304,2349,2537,2525,2297,2707,2564,2607,2208,2563,2234,2137,2480,2294,2431,2163,2436,2541,2440,2475,2426,2594,2398,2614,2592,2479,2444,2338,2500,2062,2431,2437,2403,2451,2208,2513,2553,2516,2352,2384,2276,2336,2259,2390,2569,2335,2455,2434,2227,2500,2359,2553,2373,2475,2294,2402,2493,2417,2351,2570,2219,2227,2456,2412,2458,2436,2568,2372,2567,2518,2448,2236,2449,2474,2512,2356,2580,2231,2347,2316,2289,2464,2628,2224,2413,2432,2606,2500,2476,2383,2435,2566,2529,2280,2509,2120,2543,2198,2382,2437,2327,2496,2633,2389,2442,2447,2582,2485,2663,2172,2470,2400,2394,2503,2209,2472,2614,2384,2240,2412,2312,2374,2501,2402,2463,2355,2380,2427,2295,2516,2316,2249,2545,2390,2385,2571,2389,2528,2654,2475,2346,2317,2294,2282,2346,2495,2337,2418,2378,2414,2315,2353,2257,2380,2342,2556,2308,2421,2132,2191,2190,2580,2527,2554,2255,2378,2574,2237,2290,2622,2490,2215,2341,2405,2407,2527,2354,2465,2553,2235,2596,2509,2326,2347,2117,2307,2486,2179,2221,2424,2369,2673,2444,2416,2315,2392,2454,2265,2275,2449,2217,2384,2492,2283,2454,2581,2276,2413,2367,2438,2682,2308,2369,2279,2359,2518,2483,2543,2689,2432,2361,2601,2608,2389,2524,2427,2477,2329,2401,2462,2433,2301,2618,2260,2301,2268,2452,2428,2369,2504,2640,2376,2424,2435,2416,2520,2397,2516,2363,2362,2567,2425,2485,2354,2483,2534,2473,2334,2478,2548,2368,2408,2542,2473,2378,2460,2534,2302,2470,2547,2153,2633,2565,2565,2357,2560,2362,2395,2248,2501,2531,2497,2459,2152,2392,2402,2386,2533,2273,2488,2450,2327,2555,2322,2085,2428,2434,2382,2578,2417,2474,2395,2416,2404,2173,2536,2459,2318,2586,2327,2263,2408,2371,2503,2489,2510,2347,2480,2138,2654,2456,2379,2546,2596,2629,2346,2317,2425,2597,2591,2563,2398,2532,2555,2373,2593,2375,2563,2468,2622,2541,2394,2466,2590,2329,2371,2525,2328,2572,2336,2404,2261,2466,2419,2634,2536,2581,2458,2620,2529,2481,2339,2508,2229,2248,2438,2390,2425,2415,2499,2535,2323,2500,2488,2252,2405,2475,2504,2297,2540,2318,2362,2543,2395,2458,2521,2280,2270,2474,2314,2348,2413,2349,2265,2303,2124,2371,2375,2403,2486,2473,2574,2279,2535,2472,2503,2389,2403,2428,2375,2250,2382,2335,2440,2467,2438,2388,2419,2387,2282,2555,2429
2594,2190,2344,2455,2556,2651,2544,2671,2362,2345,2676,2535,2448,2474,2356,2388,2419,2440,2552,2439,2385,2231,2559,2361,2531,2230,2233,2346,2537,2545,2404,2643,2622,2403,2563,2440,2478,2390,2492,2557,2435,2572,2469,2591,2724,2611,2400,2556,2653,2558,2338,2543,2366,2612,2629,2498,2429,2385,2487,2318,2471,2532,2478,2401,2521,2394,2675,2740,2421,2378,2516,2562,2521,2593,2643,2426,2274,2768,2282,2291,2648,2561,2630,2591,2612,2624,2146,2414,2520,2431,2368,2726,2435,2673,2651,2443,2712,2399,2597,2673,2551,2271,2652,2551,2438,2370,2470,2499,2578,2485,2409,2610,2335,2523,2551,2424,2595,2451,2555,2480,2576,2271,2568,2592,2614,2638,2307,2557,2482,2465,2415,2572,2581,2411,2667,2467,2404,2408,2452,2533,2564,2539,2531,2313,2413,2394,2361,2348,2610,2611,2529,2645,2595,2603,2396,2399,2535,2714,2451,2751,2483,2238,2465,2279,2407,2624,2481,2395,2580,2460,2448,2509,2456,2607,2630,2517,2518,2510,2446,2659,2558,2456,2320,2360,2310,2736,2656,2730,2376,2499,2445,2346,2513,2506,2385,2417,2529,2668,2554,2408,2477,2346,2592,2447,2536,2610,2706,2677,2607,2818,2490,2500,2293,2597,2462,2452,2319,2679,2541,2432,2605,2409,2370,2236,2604,2662,2546,2547,2431,2518,2220,2825,2428,2442,2693,2370,2431,2393,2636,2278,2373,2519,2408,2628,2569,2517,2428,2460,2596,2631,2252,2472,2427,2616,2418,2393,2327,2516,2421,2365,2484,2474,2750,2374,2744,2754,2288,2475,2371,2463,2336,2453,2408,2497,2518,2448,2565,2388,2391,2379,2459,2427,2586,2540,2364,2460,2505,2565,2647,2483,2521,2411,2617,2434,2645,2482,2502,2545,2520,2348,2586,2435,2353,2395,2423,2406,2402,2399,2535,2492,2453,2380,2253,2530,2337,2445,2479,2569,2679,2211,2507,2331,2335,2703,2343,2631,2530,2581,2486,2397,2340,2563,2632,2593,2285,2496,2501,2413,2693,2665,2451,2354,2555,2437,2416,2281,2395,2472,2418,2293,2627,2441,2575,2397,2567,2410,2409,2636,2465,2455,2546,2476,2727,2377,2388,2445,2410,2391,2505,2553,2495,2495,2309,2732,2429,2559,2500,2438,2544,2473,2359,2382,2562,2596,2592,2531,2560,2648,2451,2723,2521,2371,2554,2725,2539,2390,2651,2534,2394,2634,2582,2591,2324,2533,2596,2436,2489,2496,2534,2517,2520,2625,2448,2647,2442,2520,2480,2417,2400,2539,2525,2534,2310,2273,2431,2263,2322,2479,2566,2566,2449,2409,2315,2446,2720,2364,2629,2470,2318,2355,2420,2287,2741,2415,2567,2345,2500,2565,2504,2181,2527,2537,2588,2569,2465,2649,2519,2698,2392,2425,2578,2337,2466,2429,2503,2694,2357,2604,2722,2651,2365,2328,2486,2482,2493,2448,2584,2240,2480,2576,2346,2272,2619,2629,2452,2302,2330,2680,2494,2377,2385,2395,2484,2463,2587,2133,2406,2601,2480,2668,2428,2545,2662,2423,2350,2652,2462,2361,2393,2600,2413,2367,2533,2435,2425,2801,2458,2242,2515,2565,2589,2528,2417,2663,2569,2566,2385,2547,2398,2529,2534,2566,2575,2630,2325,2460,2537,2596,2513,2365,2492,2403,2512,2492,2342,2539,2406,2494,2282,2407,2415,2472,2243,2543,2509,2442,2356,2360,2436,2458,2499,2411,2563,2254,2522,2597,2359,2665,2439,2452,2630,2387,2640,2574,2427,2496,2767,2420,2356,2494,2604,2571,2444,2751,2602,2742,2322,2578,2351,2339,2639,2372,2507,2261,2438,2570,2517,2511,2519,2684,2518,2677,2775,2473,2634,2375,2583,2067,2576,2433,2500,2572,2268,2575,2678,2556,2374,2432,2396,2470,2409,2423,2596,2329,2487,2474,2411,2620,2459,2642,2513,2608,2350,2458,2564,2570,2503,2641,2329,2254,2558,2499,2518,2491,2605,2486,2616,2568,2561,2355,2495,2597,2498,2602,2626,2375,2393,2386,2446,2523,2662,2254,2495,2414,2614,2682,2500,2506,2546,2577,2678,2451,2629,2305,2608,2309,2564,2496,2536,2488,2751,2486,2452,2571,2696,2627,2564,2386,2529,2447,2467,2469,2385,2637,2619,2522,2287,2375,2335,2428,2639,2407,2583,2392,2599,2563,2314,2667,2363,2364,2657,2450,2424,2562,2498,2550,2697,2563,2457,2420,2414,2341,2462,2571,2320,2484,2526,2543,2529,2380,2396,2486,2479,2581,2266,2512,2205,2391,2299,2767,2545,2667,2389,2558,2693,2266,2426,2610,2533,2338,2441,2590,2549,2576,2544,2604,2640,2310,2591,2558,2404,2433,2265,2429,2597,2350,2257,2499,2462,2814,2547,2491,2409,2491,2505,2358,2365,2443,2344,2493,2489,2345,2585,2613,2387,2493,2423,2488,2636,2374,2335,2336,2404,2546,2458,2651,2727,2576,2359,2672,2683,2477,2630,2572,2539,2369,2436,2466,2511,2354,2602,2326,2320,2327,2582,2444,2540,2589,2718,2374,2561,2439,2535,2640,2399,2596,2509,2503,2553,2549,2640,2447,2514,2574,2630,2495,2501,2665,2525,2412,2557,2505,2391,2593,2515,2436,2602,2513,2177,2624,2686,2715,2398,2842,2392,2536,2433,2652,2603,2452,2599,2244,2406,2431,2512,2585,2320,2519,2582,2412,2646,2376,2324,2473,2509,2623,2603,2521,2402,2412,2541,2519,2313,2551,2545,2362,2634,2452,2319,2353,2462,2532,2676,2669,2406,2643,2218,2681,2614,2446,2541,2749,2693,2461,2494,2437,2728,2612,2586,2536,2623,2576,2408,2696,2439,2707,2642,2609,2668,2513,2563,2588,2499,2351,2651,2442,2585,2413,2466,2338,2537,2532,2784,2631,2771,2549,2546,2666,2546,2433,2554,2350,2406,2485,2466,2491,2403,2626,2523,2394,2519,2595,2324,2521,2692,2576,2193,2721,2390,2527,2562,2588,2469,2643,2382,2383,2646,2424,2415,2514,2446,2416,2399,2240,2423,2501,2444,2487,2501,2777,2383,2595,2543,2558,2559,2469,2530,2488,2396,2477,2374,2545,2602,2465,2460,2544,2474,2388,2712,2384
2620,2191,2254,2423,2607,2569,2583,2563,2426,2301,2781,2555,2517,2490,2440,2493,2440,2461,2551,2398,2426,2266,2538,2388,2466,2329,2244,2399,2573,2475,2487,2650,2666,2449,2591,2466,2448,2365,2579,2598,2474,2612,2494,2629,2702,2666,2462,2465,2701,2495,2379,2569,2348,2734,2638,2522,2579,2344,2421,2316,2399,2537,2533,2337,2446,2444,2704,2596,2462,2410,2549,2541,2474,2626,2620,2489,2309,2622,2391,2255,2673,2539,2581,2456,2599,2703,2166,2370,2542,2439,2457,2729,2432,2703,2537,2592,2615,2319,2691,2690,2556,2256,2572,2530,2511,2528,2401,2512,2574,2543,2419,2645,2345,2673,2738,2380,2631,2544,2606,2507,2592,2295,2588,2661,2655,2595,2313,2573,2561,2475,2410,2650,2556,2385,2642,2476,2301,2492,2565,2485,2656,2532,2545,2402,2273,2410,2494,2422,2658,2671,2453,2609,2575,2619,2326,2419,2577,2717,2351,2589,2551,2379,2411,2393,2455,2672,2535,2446,2644,2444,2559,2525,2437,2592,2540,2625,2542,2463,2437,2622,2547,2471,2415,2452,2353,2779,2661,2666,2399,2355,2383,2213,2566,2486,2356,2372,2583,2731,2556,2514,2599,2359,2575,2506,2517,2575,2655,2656,2575,2773,2450,2468,2315,2623,2429,2497,2420,2611,2564,2306,2565,2428,2454,2322,2665,2641,2580,2488,2477,2482,2268,2782,2391,2325,2718,2434,2448,2387,2601,2317,2409,2556,2532,2571,2654,2515,2518,2329,2630,2773,2267,2447,2435,2588,2439,2515,2444,2521,2508,2389,2427,2574,2724,2400,2657,2676,2169,2535,2405,2487,2478,2486,2456,2471,2521,2460,2492,2367,2320,2527,2528,2509,2658,2501,2371,2495,2433,2638,2586,2373,2481,2462,2643,2399,2606,2425,2602,2433,2495,2496,2590,2397,2413,2500,2412,2333,2431,2542,2442,2409,2513,2391,2229,2577,2320,2391,2526,2464,2564,2210,2549,2420,2332,2742,2377,2579,2637,2640,2464,2443,2313,2608,2569,2598,2286,2553,2520,2417,2617,2647,2594,2281,2484,2429,2419,2263,2543,2422,2405,2402,2626,2514,2576,2437,2627,2451,2433,2611,2477,2406,2525,2433,2642,2503,2373,2556,2445,2294,2626,2532,2516,2567,2374,2656,2435,2535,2575,2562,2643,2478,2469,2388,2556,2515,2673,2617,2511,2545,2468,2693,2408,2394,2571,2775,2499,2499,2609,2571,2377,2595,2606,2557,2267,2527,2531,2395,2449,2665,2577,2484,2360,2655,2465,2687,2538,2464,2424,2419,2533,2576,2409,2514,2394,2283,2498,2249,2371,2601,2524,2525,2449,2438,2493,2533,2631,2318,2527,2605,2256,2439,2245,2455,2862,2362,2646,2277,2524,2544,2375,2331,2516,2503,2624,2663,2480,2583,2542,2759,2484,2491,2511,2362,2455,2464,2551,2634,2372,2703,2747,2621,2339,2339,2565,2462,2479,2471,2623,2279,2412,2543,2361,2264,2494,2699,2388,2380,2366,2546,2466,2402,2333,2432,2565,2424,2540,2086,2435,2591,2393,2659,2448,2527,2781,2504,2448,2579,2596,2419,2356,2576,2477,2387,2575,2417,2445,2783,2579,2251,2643,2558,2607,2537,2443,2736,2578,2585,2454,2562,2476,2476,2595,2661,2550,2647,2380,2534,2578,2593,2367,2395,2541,2339,2465,2578,2377,2528,2446,2555,2222,2495,2408,2429,2236,2540,2520,2392,2461,2249,2458,2472,2545,2437,2547,2296,2471,2547,2355,2627,2483,2503,2581,2413,2591,2629,2465,2493,2723,2284,2405,2458,2633,2558,2444,2848,2579,2603,2293,2624,2434,2282,2537,2375,2486,2356,2404,2546,2531,2501,2571,2602,2543,2633,2748,2545,2649,2256,2507,2137,2607,2343,2406,2682,2334,2640,2659,2567,2373,2504,2471,2444,2408,2438,2795,2402,2386,2425,2519,2587,2491,2635,2523,2601,2406,2395,2448,2607,2455,2579,2375,2267,2603,2421,2586,2524,2660,2457,2646,2665,2438,2355,2390,2587,2555,2614,2610,2347,2485,2440,2421,2600,2642,2335,2448,2551,2574,2663,2505,2435,2531,2550,2703,2400,2561,2260,2612,2247,2474,2443,2561,2623,2644,2482,2490,2556,2632,2627,2619,2382,2430,2397,2488,2583,2294,2537,2685,2474,2300,2489,2401,2503,2556,2418,2580,2540,2580,2553,2459,2601,2274,2386,2665,2398,2419,2664,2528,2643,2710,2619,2556,2408,2357,2421,2470,2602,2398,2503,2503,2556,2524,2376,2495,2496,2496,2641,2405,2466,2192,2433,2341,2721,2603,2549,2427,2491,2656,2234,2430,2576,2491,2288,2436,2563,2517,2599,2462,2545,2684,2261,2675,2621,2453,2428,2306,2495,2538,2256,2313,2414,2444,2749,2463,2463,2432,2531,2509,2372,2238,2483,2324,2388,2710,2326,2640,2634,2357,2541,2440,2433,2646,2332,2410,2217,2398,2552,2454,2545,2691,2513,2238,2640,2643,2517,2617,2539,2532,2467,2442,2592,2464,2313,2632,2323,2324,2428,2637,2501,2659,2634,2666,2472,2361,2566,2544,2597,2426,2493,2608,2492,2574,2499,2527,2425,2552,2591,2585,2473,2516,2816,2537,2462,2644,2449,2480,2479,2513,2386,2560,2471,2227,2662,2585,2663,2452,2684,2425,2532,2336,2644,2565,2554,2645,2239,2410,2600,2468,2637,2351,2610,2493,2512,2617,2362,2322,2401,2489,2495,2709,2492,2486,2430,2556,2409,2277,2563,2663,2440,2613,2465,2403,2462,2498,2591,2662,2588,2439,2720,2244,2783,2560,2391,2592,2730,2648,2481,2433,2444,2661,2640,2522,2433,2643,2631,2387,2657,2358,2698,2508,2663,2619,2467,2494,2620,2437,2500,2604,2419,2620,2451,2390,2282,2460,2615,2777,2638,2649,2512,2611,2750,2512,2367,2625,2323,2323,2543,2499,2448,2431,2595,2505,2460,2434,2610,2338,2488,2669,2463,2293,2694,2444,2477,2571,2530,2463,2655,2427,2427,2568,2401,2442,2434,2389,2471,2428,2249,2470,2455,2456,2519,2639,2734,2335,2676,2566,2591,2616,2554,2501,2380,2376,2560,2450,2510,2510,2491,2451,2477,2459,2492,2697,2447
2608,2091,2180,2442,2541,2548,2543,2590,2320,2252,2687,2462,2329,2325,2469,2363,2367,2409,2451,2318,2375,2285,2515,2396,2421,2149,2216,2312,2517,2416,2364,2516,2617,2329,2541,2398,2412,2302,2482,2403,2489,2521,2423,2522,2511,2459,2373,2429,2566,2488,2294,2527,2387,2554,2524,2452,2364,2328,2437,2250,2365,2477,2451,2330,2322,2336,2609,2563,2473,2308,2537,2448,2488,2456,2640,2418,2302,2438,2363,2264,2598,2484,2418,2445,2530,2598,2128,2353,2433,2599,2326,2684,2349,2441,2532,2374,2546,2303,2575,2632,2385,2216,2597,2522,2347,2425,2413,2428,2456,2488,2387,2542,2246,2467,2530,2316,2438,2429,2497,2376,2518,2097,2487,2642,2544,2524,2334,2574,2447,2277,2298,2534,2386,2440,2561,2439,2301,2452,2330,2297,2607,2423,2508,2387,2284,2380,2313,2363,2604,2558,2454,2528,2552,2560,2248,2354,2487,2610,2333,2563,2656,2268,2425,2368,2293,2603,2333,2275,2525,2414,2397,2429,2359,2437,2474,2503,2505,2580,2337,2473,2466,2344,2280,2303,2266,2650,2519,2625,2260,2288,2351,2189,2464,2394,2239,2396,2470,2516,2375,2425,2433,2263,2450,2350,2395,2524,2519,2560,2525,2742,2449,2365,2212,2552,2364,2544,2251,2568,2461,2365,2585,2379,2290,2131,2570,2572,2374,2398,2281,2464,2096,2739,2349,2378,2597,2362,2447,2372,2589,2350,2349,2529,2523,2469,2586,2493,2391,2313,2564,2539,2138,2243,2327,2495,2278,2313,2249,2359,2423,2245,2431,2517,2676,2394,2614,2554,2183,2455,2215,2485,2358,2322,2355,2392,2456,2352,2471,2372,2219,2454,2510,2433,2558,2345,2357,2358,2342,2506,2612,2392,2461,2456,2501,2368,2642,2254,2477,2463,2572,2436,2444,2292,2361,2437,2321,2314,2232,2420,2441,2339,2486,2309,2064,2533,2221,2328,2340,2446,2503,2116,2504,2338,2139,2649,2317,2511,2557,2568,2303,2325,2333,2487,2526,2405,2235,2384,2564,2387,2548,2523,2510,2229,2511,2308,2275,2263,2324,2390,2421,2350,2486,2462,2448,2239,2484,2330,2289,2517,2476,2399,2392,2485,2534,2320,2246,2325,2428,2361,2440,2471,2427,2505,2363,2590,2346,2455,2465,2360,2462,2408,2295,2355,2573,2464,2494,2583,2458,2474,2353,2565,2331,2364,2409,2635,2356,2416,2529,2467,2401,2567,2514,2468,2280,2431,2493,2367,2444,2554,2469,2411,2207,2590,2329,2658,2359,2412,2353,2287,2409,2530,2459,2400,2348,2193,2319,2157,2268,2421,2509,2423,2283,2335,2339,2514,2598,2313,2443,2480,2353,2338,2198,2269,2889,2303,2517,2254,2412,2491,2278,2236,2488,2395,2480,2565,2409,2541,2510,2542,2391,2434,2522,2201,2442,2265,2431,2568,2325,2559,2566,2495,2265,2208,2447,2346,2332,2435,2464,2218,2333,2601,2261,2229,2473,2625,2337,2256,2335,2384,2374,2383,2296,2356,2466,2365,2538,2027,2355,2509,2374,2513,2372,2397,2630,2409,2250,2529,2456,2333,2319,2543,2323,2280,2508,2422,2360,2738,2542,2159,2526,2476,2520,2384,2379,2550,2435,2526,2393,2512,2337,2409,2399,2417,2506,2643,2328,2429,2408,2456,2417,2318,2481,2390,2362,2395,2388,2437,2364,2525,2201,2364,2329,2241,2158,2439,2539,2397,2454,2227,2328,2316,2562,2379,2406,2239,2382,2502,2385,2610,2364,2423,2522,2361,2535,2580,2381,2364,2591,2346,2366,2323,2487,2387,2449,2734,2582,2570,2244,2583,2239,2353,2560,2335,2411,2348,2434,2426,2377,2476,2484,2673,2518,2580,2649,2471,2506,2274,2498,2086,2407,2372,2348,2727,2236,2528,2554,2382,2291,2398,2288,2489,2353,2456,2581,2281,2383,2350,2381,2474,2328,2616,2461,2485,2399,2351,2475,2500,2455,2485,2347,2221,2655,2466,2529,2377,2520,2464,2568,2567,2355,2181,2446,2551,2448,2428,2595,2214,2418,2349,2308,2460,2678,2245,2497,2476,2381,2568,2441,2296,2421,2497,2562,2376,2609,2271,2462,2223,2428,2354,2506,2483,2582,2374,2438,2467,2597,2560,2598,2273,2328,2355,2395,2423,2242,2523,2541,2442,2235,2432,2369,2366,2562,2375,2571,2204,2429,2391,2293,2572,2240,2306,2501,2490,2428,2441,2376,2536,2621,2587,2387,2426,2271,2331,2366,2437,2236,2398,2452,2557,2495,2236,2296,2398,2423,2558,2444,2512,2279,2450,2313,2652,2457,2526,2409,2518,2564,2216,2292,2562,2447,2256,2389,2482,2405,2476,2444,2485,2558,2164,2604,2433,2329,2314,2272,2378,2522,2250,2182,2265,2383,2622,2403,2499,2227,2327,2455,2241,2270,2395,2395,2404,2478,2272,2471,2475,2249,2323,2398,2439,2529,2272,2292,2071,2304,2398,2384,2524,2620,2497,2186,2565,2555,2427,2536,2466,2392,2426,2459,2380,2447,2272,2470,2334,2185,2309,2525,2430,2508,2406,2493,2257,2440,2353,2395,2469,2368,2332,2402,2396,2526,2395,2482,2344,2541,2476,2391,2442,2410,2655,2543,2280,2582,2258,2455,2464,2381,2402,2385,2467,2092,2524,2481,2549,2422,2586,2308,2526,2259,2538,2538,2414,2638,2196,2350,2381,2460,2486,2345,2438,2454,2343,2542,2304,2270,2318,2373,2446,2517,2385,2375,2431,2446,2382,2269,2446,2541,2354,2528,2419,2348,2340,2455,2410,2666,2478,2310,2602,2226,2608,2521,2405,2502,2594,2502,2316,2482,2367,2648,2475,2460,2506,2614,2580,2325,2675,2343,2644,2456,2499,2481,2358,2539,2513,2486,2387,2556,2333,2585,2419,2360,2229,2314,2635,2606,2560,2588,2344,2492,2668,2541,2312,2565,2279,2293,2433,2443,2404,2361,2495,2331,2301,2433,2599,2258,2392,2460,2492,2120,2535,2371,2290,2498,2512,2481,2490,2183,2349,2528,2310,2317,2366,2287,2327,2370,2225,2401,2429,2350,2369,2474,2670,2361,2483,2515,2476,2446,2440,2464,2389,2267,2539,2458,2390,2508,2357,2393,2393,2378,2363,2388,2333
2652,2242,2381,2487,2615,2651,2499,2652,2435,2336,2736,2532,2439,2472,2587,2415,2441,2484,2520,2375,2461,2220,2624,2444,2536,2338,2370,2511,2495,2526,2409,2565,2652,2440,2649,2555,2457,2495,2532,2604,2550,2605,2451,2542,2669,2602,2496,2550,2715,2572,2344,2608,2396,2597,2728,2545,2452,2424,2444,2369,2482,2776,2523,2302,2507,2440,2651,2576,2501,2316,2720,2525,2531,2570,2716,2547,2334,2668,2389,2317,2679,2496,2524,2414,2496,2608,2200,2375,2558,2533,2444,2683,2422,2587,2679,2374,2641,2282,2568,2783,2580,2289,2647,2554,2437,2545,2473,2409,2583,2501,2544,2600,2301,2655,2665,2307,2542,2519,2576,2512,2483,2211,2493,2573,2666,2683,2435,2633,2466,2413,2383,2686,2568,2503,2617,2452,2366,2541,2444,2474,2799,2544,2550,2442,2335,2478,2409,2434,2691,2629,2605,2550,2604,2611,2340,2497,2630,2713,2321,2574,2624,2430,2548,2483,2499,2577,2475,2410,2651,2512,2482,2527,2440,2527,2692,2674,2554,2474,2527,2585,2612,2483,2388,2396,2375,2636,2541,2562,2344,2357,2322,2285,2571,2429,2389,2438,2609,2668,2551,2429,2615,2301,2468,2500,2507,2585,2620,2612,2527,2714,2469,2423,2339,2589,2449,2408,2547,2626,2501,2373,2643,2448,2448,2377,2502,2721,2482,2581,2420,2441,2149,2847,2307,2380,2792,2460,2409,2397,2691,2421,2412,2582,2618,2763,2671,2654,2518,2439,2728,2684,2220,2362,2442,2477,2435,2493,2345,2538,2506,2297,2492,2715,2697,2508,2705,2647,2240,2533,2347,2513,2566,2476,2459,2402,2505,2410,2697,2515,2356,2550,2542,2438,2610,2459,2450,2336,2391,2489,2604,2518,2448,2504,2687,2409,2633,2459,2598,2459,2553,2578,2408,2354,2519,2584,2415,2371,2348,2483,2526,2364,2370,2365,2114,2548,2330,2437,2423,2459,2653,2174,2572,2405,2272,2806,2442,2497,2719,2689,2421,2451,2506,2592,2478,2617,2279,2492,2550,2458,2540,2539,2548,2320,2482,2396,2330,2328,2481,2449,2453,2403,2604,2544,2575,2356,2668,2421,2506,2615,2573,2344,2555,2606,2574,2500,2430,2429,2597,2408,2554,2563,2487,2554,2473,2656,2461,2402,2540,2510,2575,2479,2389,2391,2669,2556,2575,2732,2470,2569,2539,2748,2499,2462,2537,2712,2529,2478,2668,2516,2455,2670,2679,2510,2281,2600,2445,2416,2405,2620,2564,2598,2377,2650,2438,2669,2528,2463,2363,2455,2469,2609,2454,2456,2421,2255,2462,2258,2341,2553,2721,2417,2323,2409,2324,2562,2779,2412,2507,2616,2411,2409,2273,2423,2917,2385,2648,2280,2563,2585,2361,2312,2636,2504,2512,2647,2580,2580,2642,2638,2468,2545,2592,2321,2515,2394,2601,2652,2375,2695,2655,2494,2462,2329,2610,2476,2438,2454,2433,2384,2592,2679,2349,2353,2545,2773,2322,2334,2403,2567,2494,2516,2382,2454,2620,2520,2594,2078,2460,2636,2469,2584,2509,2541,2559,2487,2467,2582,2508,2336,2383,2519,2515,2377,2537,2595,2327,2766,2447,2188,2656,2632,2608,2516,2450,2589,2597,2529,2520,2638,2479,2430,2462,2631,2608,2602,2383,2496,2478,2546,2437,2418,2490,2424,2475,2442,2558,2498,2362,2636,2305,2577,2498,2340,2179,2447,2487,2434,2389,2298,2368,2348,2628,2447,2546,2382,2498,2471,2491,2662,2524,2530,2586,2476,2623,2617,2497,2472,2740,2422,2302,2443,2494,2395,2514,2924,2569,2628,2351,2666,2382,2383,2713,2446,2618,2363,2466,2556,2506,2581,2556,2675,2503,2598,2679,2480,2725,2379,2580,2163,2530,2435,2369,2646,2330,2530,2545,2434,2349,2553,2405,2531,2506,2571,2766,2364,2381,2418,2494,2573,2511,2608,2559,2599,2494,2492,2502,2653,2542,2561,2389,2336,2640,2432,2665,2586,2646,2402,2645,2590,2406,2291,2388,2653,2574,2652,2576,2318,2529,2519,2444,2448,2731,2392,2558,2574,2510,2636,2542,2402,2600,2525,2679,2492,2539,2405,2471,2300,2565,2431,2482,2560,2647,2411,2487,2485,2650,2587,2636,2300,2462,2523,2515,2474,2314,2613,2666,2515,2268,2449,2396,2532,2565,2421,2550,2440,2572,2488,2426,2681,2199,2342,2651,2492,2433,2541,2478,2617,2566,2640,2468,2502,2386,2435,2565,2532,2380,2493,2537,2568,2496,2355,2356,2518,2476,2707,2554,2434,2225,2415,2463,2816,2548,2551,2457,2611,2621,2230,2432,2553,2521,2200,2477,2548,2525,2475,2588,2614,2654,2220,2678,2487,2466,2334,2393,2462,2561,2294,2351,2401,2369,2688,2474,2594,2334,2412,2654,2370,2265,2485,2390,2469,2563,2348,2582,2590,2444,2445,2486,2510,2543,2326,2371,2158,2325,2455,2568,2674,2748,2531,2215,2624,2748,2436,2614,2520,2482,2436,2394,2491,2467,2325,2622,2397,2402,2347,2546,2602,2533,2558,2665,2332,2545,2502,2492,2709,2409,2393,2557,2479,2537,2451,2555,2477,2544,2510,2599,2576,2551,2711,2510,2379,2635,2365,2501,2543,2429,2377,2568,2555,2278,2614,2661,2703,2467,2664,2477,2683,2424,2539,2541,2521,2770,2324,2495,2484,2471,2630,2529,2580,2556,2456,2781,2278,2363,2423,2596,2558,2530,2443,2550,2340,2528,2437,2425,2539,2535,2457,2697,2415,2331,2439,2478,2584,2668,2553,2560,2677,2333,2687,2700,2430,2582,2553,2564,2458,2521,2397,2739,2626,2527,2492,2673,2656,2459,2714,2418,2669,2515,2651,2597,2409,2556,2581,2513,2490,2570,2406,2660,2423,2357,2276,2506,2680,2723,2567,2671,2439,2548,2671,2480,2273,2563,2303,2371,2576,2652,2547,2363,2601,2548,2427,2521,2750,2332,2559,2626,2500,2242,2611,2428,2470,2600,2524,2487,2705,2341,2542,2532,2474,2473,2454,2379,2321,2366,2262,2492,2508,2535,2511,2649,2796,2349,2632,2605,2586,2497,2550,2566,2403,2415,2508,2630,2585,2517,2523,2424,2591,2537,2429,2622,2520
2566,2215,2245,2476,2527,2602,2491,2539,2296,2283,2718,2499,2472,2328,2538,2382,2437,2386,2439,2349,2349,2245,2533,2459,2430,2292,2336,2456,2474,2548,2304,2495,2655,2325,2501,2444,2305,2396,2396,2448,2404,2529,2459,2531,2585,2473,2415,2432,2659,2554,2376,2591,2300,2581,2530,2367,2464,2314,2451,2262,2282,2629,2552,2318,2308,2327,2622,2564,2498,2211,2603,2323,2415,2451,2606,2518,2362,2413,2512,2253,2574,2427,2475,2525,2364,2525,2241,2374,2398,2438,2355,2559,2311,2479,2617,2342,2495,2183,2609,2608,2559,2193,2587,2441,2387,2556,2373,2418,2520,2351,2321,2553,2271,2578,2484,2253,2440,2373,2472,2400,2506,2131,2389,2594,2504,2596,2405,2484,2441,2305,2337,2581,2395,2459,2470,2440,2313,2399,2439,2390,2721,2440,2426,2430,2390,2470,2249,2418,2580,2450,2481,2486,2529,2497,2230,2405,2440,2704,2378,2459,2493,2443,2447,2519,2315,2583,2375,2329,2574,2472,2455,2557,2361,2462,2537,2556,2617,2456,2301,2574,2464,2373,2284,2343,2413,2462,2465,2551,2331,2348,2325,2264,2373,2374,2223,2392,2539,2607,2544,2391,2374,2297,2463,2389,2475,2550,2519,2470,2498,2728,2407,2373,2252,2473,2387,2502,2434,2550,2513,2242,2558,2309,2361,2167,2486,2679,2329,2506,2358,2412,2055,2715,2326,2223,2719,2395,2508,2319,2524,2354,2268,2435,2466,2687,2601,2490,2326,2318,2588,2601,2123,2229,2414,2523,2350,2337,2393,2405,2331,2257,2369,2440,2531,2364,2653,2455,2163,2516,2262,2452,2453,2381,2376,2366,2491,2336,2530,2396,2229,2424,2424,2388,2530,2453,2401,2417,2357,2473,2575,2414,2412,2350,2644,2441,2536,2340,2441,2420,2442,2539,2465,2317,2364,2461,2342,2340,2277,2439,2479,2364,2374,2267,2093,2360,2332,2346,2412,2455,2582,2197,2471,2310,2176,2724,2330,2493,2484,2534,2378,2285,2360,2548,2412,2512,2213,2464,2595,2436,2432,2501,2460,2247,2441,2406,2168,2232,2352,2321,2299,2286,2554,2375,2444,2298,2529,2408,2435,2533,2389,2402,2362,2459,2483,2384,2242,2386,2443,2440,2372,2507,2384,2463,2229,2564,2387,2366,2496,2414,2392,2446,2337,2441,2651,2313,2499,2575,2398,2472,2479,2643,2467,2306,2465,2666,2391,2446,2603,2421,2397,2683,2552,2324,2220,2488,2315,2400,2435,2603,2529,2540,2322,2607,2367,2587,2393,2313,2237,2424,2372,2463,2417,2370,2275,2124,2348,2228,2283,2490,2608,2443,2155,2299,2232,2492,2558,2248,2432,2623,2386,2399,2166,2327,2712,2262,2551,2316,2493,2492,2375,2285,2530,2444,2342,2506,2445,2532,2500,2540,2346,2635,2504,2320,2415,2407,2492,2552,2262,2649,2674,2414,2349,2266,2543,2280,2382,2332,2274,2228,2424,2761,2338,2333,2414,2632,2262,2209,2314,2342,2391,2438,2295,2362,2459,2397,2596,1989,2356,2494,2420,2527,2359,2467,2570,2358,2361,2458,2393,2341,2361,2513,2436,2397,2513,2404,2385,2715,2380,2104,2686,2559,2510,2332,2426,2455,2463,2473,2457,2525,2338,2378,2415,2448,2502,2532,2261,2425,2470,2479,2393,2259,2404,2416,2285,2383,2427,2461,2360,2557,2292,2374,2478,2324,2112,2370,2398,2285,2356,2202,2318,2340,2511,2327,2374,2364,2315,2492,2346,2681,2442,2364,2488,2524,2619,2631,2306,2337,2603,2349,2295,2376,2401,2348,2389,2740,2454,2604,2209,2532,2353,2384,2569,2322,2550,2320,2363,2548,2394,2551,2547,2547,2412,2398,2566,2424,2614,2235,2580,2259,2517,2384,2301,2567,2330,2381,2502,2343,2378,2514,2401,2441,2398,2522,2696,2334,2299,2422,2429,2549,2452,2619,2451,2441,2433,2390,2466,2518,2444,2389,2345,2259,2512,2391,2544,2470,2609,2453,2560,2659,2492,2166,2401,2641,2505,2419,2560,2175,2372,2385,2275,2460,2591,2384,2406,2475,2467,2601,2382,2210,2494,2404,2637,2404,2450,2305,2464,2189,2525,2341,2495,2503,2577,2339,2447,2445,2585,2577,2543,2310,2414,2328,2506,2429,2299,2599,2486,2431,2222,2418,2274,2430,2474,2467,2691,2251,2481,2471,2269,2548,2235,2350,2481,2549,2329,2303,2445,2342,2432,2523,2439,2423,2284,2477,2418,2430,2180,2396,2406,2369,2427,2294,2282,2473,2477,2564,2354,2452,2279,2345,2343,2606,2425,2431,2387,2527,2552,2289,2283,2538,2469,2217,2434,2436,2449,2434,2438,2510,2620,2223,2603,2403,2460,2264,2290,2417,2473,2231,2247,2339,2353,2632,2476,2519,2238,2332,2479,2280,2172,2378,2292,2409,2486,2261,2499,2500,2236,2374,2356,2456,2612,2274,2452,2011,2291,2444,2476,2636,2742,2448,2271,2596,2565,2479,2517,2394,2451,2333,2462,2440,2454,2346,2487,2349,2299,2275,2543,2525,2498,2438,2483,2336,2532,2447,2419,2639,2430,2373,2335,2386,2552,2391,2467,2405,2585,2567,2559,2482,2465,2566,2487,2330,2552,2213,2462,2586,2319,2382,2396,2414,2176,2545,2521,2483,2356,2611,2328,2669,2435,2578,2507,2387,2675,2239,2415,2337,2411,2452,2480,2567,2507,2376,2761,2253,2264,2364,2457,2517,2553,2414,2425,2334,2484,2398,2334,2363,2526,2433,2543,2342,2316,2428,2444,2473,2627,2519,2436,2641,2132,2525,2595,2345,2531,2414,2541,2341,2338,2336,2586,2458,2486,2374,2620,2524,2368,2626,2385,2531,2485,2524,2519,2444,2475,2389,2440,2398,2450,2358,2567,2314,2364,2185,2350,2547,2578,2476,2530,2471,2535,2564,2430,2157,2567,2318,2290,2418,2607,2389,2235,2461,2479,2334,2421,2585,2310,2393,2543,2468,2219,2394,2360,2263,2555,2364,2401,2568,2182,2405,2396,2446,2468,2428,2343,2340,2337,2217,2497,2488,2437,2402,2543,2549,2322,2617,2603,2453,2421,2524,2479,2313,2272,2448,2484,2446,2442,2350,2278,2476,2439,2371,2537,2420
2752,2291,2391,2427,2545,2701,2549,2565,2505,2387,2679,2547,2466,2479,2663,2394,2403,2415,2432,2431,2545,2301,2642,2622,2590,2426,2432,2545,2603,2583,2442,2518,2865,2553,2665,2540,2548,2347,2482,2664,2522,2604,2484,2568,2588,2536,2537,2498,2654,2622,2362,2590,2313,2598,2634,2532,2565,2478,2449,2364,2482,2777,2744,2371,2429,2502,2851,2424,2530,2325,2582,2412,2490,2560,2728,2495,2384,2585,2563,2347,2611,2575,2476,2449,2548,2639,2326,2432,2435,2506,2354,2696,2392,2586,2752,2475,2636,2344,2621,2821,2558,2352,2590,2575,2506,2548,2431,2414,2567,2421,2504,2679,2284,2628,2546,2311,2444,2534,2439,2499,2449,2258,2498,2772,2592,2655,2437,2517,2581,2395,2404,2717,2506,2433,2650,2529,2426,2433,2465,2415,2761,2499,2567,2501,2419,2567,2449,2471,2633,2625,2575,2518,2542,2586,2314,2477,2537,2803,2506,2483,2614,2570,2441,2471,2371,2608,2420,2300,2616,2531,2484,2575,2481,2431,2700,2633,2601,2554,2447,2670,2632,2511,2476,2453,2539,2640,2510,2648,2361,2439,2468,2426,2525,2460,2296,2575,2663,2794,2523,2458,2481,2311,2548,2609,2535,2576,2713,2605,2594,2705,2558,2452,2367,2454,2319,2548,2501,2615,2672,2388,2621,2379,2548,2393,2520,2696,2359,2662,2375,2478,2168,2722,2378,2349,2767,2427,2446,2388,2643,2392,2361,2562,2672,2777,2670,2471,2576,2402,2657,2594,2309,2385,2454,2642,2346,2500,2377,2481,2398,2332,2485,2654,2548,2529,2810,2597,2165,2475,2283,2499,2561,2505,2405,2369,2531,2362,2639,2520,2333,2589,2586,2432,2676,2514,2547,2387,2444,2507,2561,2583,2328,2360,2677,2538,2635,2489,2585,2500,2618,2610,2519,2336,2481,2463,2514,2428,2291,2479,2571,2418,2486,2339,2186,2501,2504,2386,2403,2532,2601,2279,2495,2436,2145,2728,2438,2515,2593,2625,2419,2363,2477,2569,2569,2686,2295,2563,2697,2539,2528,2451,2487,2285,2502,2329,2280,2398,2551,2347,2347,2154,2659,2486,2506,2438,2621,2618,2477,2590,2527,2391,2535,2604,2448,2518,2349,2397,2593,2434,2598,2514,2473,2523,2419,2639,2459,2423,2590,2529,2522,2505,2464,2465,2611,2416,2561,2697,2512,2531,2554,2648,2526,2490,2534,2716,2468,2507,2654,2475,2438,2678,2678,2520,2247,2644,2436,2446,2411,2677,2491,2642,2238,2708,2501,2762,2463,2479,2393,2550,2458,2620,2528,2500,2334,2229,2457,2289,2354,2648,2739,2454,2447,2396,2295,2574,2685,2405,2459,2582,2478,2448,2192,2414,2822,2416,2690,2326,2519,2596,2395,2339,2741,2660,2416,2697,2712,2670,2645,2614,2447,2645,2504,2286,2429,2454,2564,2671,2390,2681,2726,2510,2338,2393,2674,2460,2472,2481,2419,2408,2489,2803,2405,2307,2420,2755,2365,2257,2341,2504,2440,2494,2386,2457,2581,2564,2540,2134,2386,2502,2488,2608,2438,2457,2634,2525,2463,2620,2483,2373,2553,2616,2445,2365,2589,2453,2296,2733,2395,2160,2652,2725,2662,2441,2482,2608,2521,2547,2432,2613,2403,2364,2535,2513,2541,2678,2315,2546,2506,2526,2445,2397,2555,2471,2508,2450,2491,2493,2403,2704,2276,2378,2617,2330,2263,2585,2526,2369,2427,2101,2344,2314,2619,2456,2501,2573,2343,2550,2528,2743,2553,2468,2545,2607,2606,2742,2343,2458,2567,2417,2325,2468,2576,2406,2369,2763,2543,2632,2360,2614,2427,2470,2666,2375,2561,2465,2555,2622,2451,2564,2682,2646,2444,2596,2653,2583,2701,2302,2595,2200,2684,2508,2322,2696,2345,2465,2618,2425,2408,2547,2456,2493,2462,2600,2757,2420,2296,2549,2541,2594,2505,2757,2542,2558,2550,2457,2620,2587,2484,2531,2493,2331,2643,2392,2616,2465,2726,2511,2661,2698,2408,2261,2581,2595,2568,2518,2612,2452,2490,2520,2323,2536,2743,2298,2552,2541,2427,2665,2540,2263,2490,2633,2627,2469,2588,2516,2517,2371,2518,2437,2642,2599,2606,2374,2496,2538,2647,2643,2629,2366,2533,2564,2586,2515,2393,2614,2572,2533,2226,2502,2435,2532,2607,2589,2739,2347,2567,2440,2442,2607,2283,2393,2522,2569,2362,2505,2413,2463,2652,2643,2519,2585,2511,2545,2571,2466,2439,2421,2566,2436,2640,2445,2305,2573,2593,2574,2400,2438,2372,2407,2421,2820,2521,2476,2554,2539,2568,2365,2468,2643,2456,2388,2494,2552,2485,2508,2488,2598,2765,2344,2705,2414,2559,2412,2387,2445,2493,2388,2373,2333,2517,2690,2617,2582,2312,2504,2604,2415,2235,2393,2283,2478,2597,2375,2519,2560,2383,2479,2409,2634,2655,2375,2552,2178,2406,2505,2542,2598,2862,2592,2327,2564,2630,2459,2607,2568,2429,2487,2462,2533,2540,2466,2545,2388,2333,2366,2423,2449,2501,2597,2613,2464,2571,2507,2631,2672,2431,2319,2365,2428,2526,2416,2573,2441,2597,2756,2625,2470,2563,2730,2494,2406,2661,2248,2554,2591,2389,2360,2506,2596,2246,2617,2658,2708,2451,2712,2364,2709,2585,2575,2597,2557,2798,2320,2573,2426,2449,2555,2576,2729,2562,2480,2692,2332,2263,2373,2511,2595,2677,2487,2567,2438,2494,2499,2425,2571,2495,2491,2635,2420,2365,2480,2517,2492,2741,2574,2578,2774,2275,2580,2592,2310,2509,2605,2495,2538,2439,2439,2762,2579,2509,2489,2636,2523,2496,2829,2365,2535,2576,2581,2579,2517,2525,2490,2585,2498,2571,2419,2741,2508,2459,2278,2553,2766,2629,2618,2713,2472,2613,2508,2551,2324,2685,2313,2445,2546,2678,2456,2348,2638,2599,2403,2419,2696,2371,2519,2611,2489,2255,2637,2403,2322,2607,2488,2518,2625,2193,2424,2523,2570,2457,2497,2369,2363,2391,2313,2509,2555,2502,2509,2690,2656,2423,2563,2694,2503,2402,2663,2582,2429,2487,2492,2595,2607,2581,2423,2458,2609,2469,2515,2600,2526
2805,2304,2312,2497,2663,2761,2650,2551,2245,2390,2820,2541,2504,2491,2578,2488,2467,2539,2531,2360,2421,2304,2599,2585,2462,2420,2517,2587,2618,2550,2533,2582,2899,2548,2703,2545,2555,2447,2544,2665,2575,2626,2505,2592,2594,2497,2571,2562,2659,2609,2363,2535,2399,2578,2639,2623,2580,2530,2540,2267,2518,2708,2678,2355,2453,2368,2774,2549,2571,2327,2681,2535,2399,2463,2673,2623,2410,2588,2615,2367,2630,2536,2651,2537,2572,2624,2308,2387,2435,2533,2371,2692,2459,2542,2692,2501,2552,2328,2630,2764,2720,2285,2687,2538,2448,2519,2407,2443,2595,2448,2381,2566,2332,2568,2505,2337,2515,2426,2463,2477,2531,2284,2591,2643,2524,2669,2451,2504,2559,2336,2433,2663,2525,2324,2616,2593,2346,2516,2535,2399,2736,2523,2479,2516,2402,2758,2454,2484,2660,2561,2456,2582,2605,2582,2268,2538,2468,2718,2441,2411,2614,2610,2443,2452,2455,2653,2503,2413,2623,2442,2527,2500,2591,2464,2545,2487,2728,2568,2417,2670,2561,2548,2398,2483,2582,2671,2498,2651,2486,2437,2476,2343,2477,2511,2297,2495,2615,2735,2676,2435,2476,2386,2552,2638,2473,2560,2680,2571,2534,2741,2534,2552,2374,2552,2398,2423,2512,2626,2668,2369,2587,2380,2539,2374,2545,2676,2402,2625,2444,2533,2168,2700,2501,2399,2680,2457,2544,2382,2658,2371,2284,2522,2616,2669,2669,2617,2583,2365,2631,2674,2252,2291,2514,2525,2400,2543,2420,2492,2370,2295,2462,2602,2666,2502,2815,2540,2155,2565,2319,2373,2563,2500,2348,2353,2489,2486,2608,2591,2332,2624,2482,2449,2647,2457,2643,2487,2427,2555,2620,2526,2445,2485,2705,2458,2683,2427,2611,2422,2553,2757,2503,2378,2559,2497,2476,2422,2474,2434,2638,2411,2411,2424,2272,2502,2455,2405,2438,2570,2562,2292,2518,2435,2187,2807,2365,2418,2511,2550,2487,2439,2567,2581,2606,2702,2342,2454,2653,2561,2557,2503,2475,2263,2477,2381,2209,2368,2368,2395,2498,2226,2600,2522,2549,2404,2677,2512,2506,2475,2527,2505,2529,2564,2475,2470,2328,2423,2521,2367,2566,2565,2390,2483,2512,2679,2470,2404,2624,2544,2479,2636,2423,2382,2709,2452,2670,2572,2605,2528,2518,2645,2446,2390,2532,2704,2442,2477,2683,2408,2556,2710,2690,2555,2327,2601,2464,2475,2410,2622,2538,2622,2331,2733,2490,2694,2505,2544,2390,2568,2478,2485,2575,2471,2293,2274,2400,2308,2333,2619,2747,2454,2361,2456,2304,2541,2672,2458,2515,2684,2425,2429,2141,2346,2850,2490,2762,2295,2489,2576,2495,2356,2668,2605,2435,2652,2614,2622,2586,2605,2409,2779,2540,2417,2411,2529,2573,2694,2383,2601,2782,2593,2380,2366,2591,2482,2484,2494,2402,2411,2494,2832,2454,2420,2535,2711,2292,2248,2427,2455,2532,2478,2307,2604,2461,2607,2682,2153,2427,2475,2552,2556,2502,2614,2596,2459,2377,2551,2573,2291,2499,2548,2435,2345,2572,2375,2313,2697,2441,2188,2766,2619,2649,2534,2585,2478,2462,2474,2549,2671,2360,2337,2452,2453,2511,2637,2402,2435,2580,2561,2421,2404,2460,2578,2514,2434,2503,2529,2352,2673,2259,2486,2501,2363,2266,2615,2604,2521,2384,2196,2354,2359,2614,2480,2502,2517,2447,2509,2466,2677,2605,2572,2595,2530,2646,2740,2398,2496,2594,2376,2309,2362,2475,2366,2502,2739,2451,2624,2335,2587,2467,2524,2551,2497,2563,2423,2529,2670,2445,2517,2614,2674,2472,2497,2582,2539,2566,2254,2641,2313,2696,2454,2320,2717,2432,2403,2577,2401,2516,2597,2394,2537,2459,2793,2763,2383,2411,2500,2551,2615,2418,2584,2554,2618,2678,2410,2570,2590,2483,2612,2415,2317,2645,2373,2682,2572,2710,2495,2551,2638,2421,2314,2570,2581,2623,2485,2581,2410,2437,2499,2332,2463,2599,2249,2542,2472,2452,2693,2558,2302,2609,2553,2711,2416,2651,2406,2435,2316,2556,2475,2632,2478,2537,2402,2482,2568,2587,2591,2596,2409,2482,2418,2607,2498,2415,2625,2563,2551,2239,2624,2364,2581,2523,2558,2750,2342,2643,2546,2461,2615,2313,2567,2540,2638,2347,2457,2549,2583,2644,2716,2483,2477,2574,2442,2573,2407,2440,2415,2551,2435,2629,2415,2318,2597,2624,2573,2494,2494,2284,2367,2453,2758,2548,2473,2603,2447,2485,2355,2475,2624,2469,2429,2479,2451,2484,2547,2485,2500,2712,2351,2651,2493,2568,2480,2353,2507,2635,2347,2448,2352,2426,2712,2648,2566,2340,2500,2639,2502,2325,2396,2347,2475,2682,2383,2501,2562,2419,2460,2454,2550,2563,2331,2495,2140,2359,2456,2580,2714,2750,2457,2350,2599,2728,2607,2562,2589,2367,2504,2522,2659,2520,2421,2484,2396,2434,2416,2504,2693,2534,2618,2547,2544,2593,2471,2660,2659,2496,2393,2411,2473,2569,2327,2627,2438,2490,2684,2598,2470,2521,2651,2497,2443,2666,2366,2592,2526,2445,2356,2506,2552,2249,2555,2619,2651,2451,2833,2319,2675,2669,2661,2527,2560,2792,2317,2471,2334,2471,2662,2451,2609,2548,2634,2714,2307,2303,2448,2570,2546,2572,2355,2548,2406,2567,2431,2463,2551,2623,2515,2618,2471,2347,2490,2450,2466,2648,2690,2634,2821,2347,2694,2581,2331,2623,2616,2617,2550,2462,2455,2719,2501,2573,2436,2634,2559,2319,2750,2414,2597,2451,2652,2577,2541,2534,2465,2491,2483,2500,2406,2617,2425,2457,2248,2518,2766,2623,2695,2647,2406,2592,2515,2491,2327,2668,2392,2481,2537,2654,2473,2291,2580,2560,2462,2474,2657,2291,2594,2541,2507,2362,2673,2370,2285,2491,2422,2454,2740,2131,2457,2592,2509,2444,2533,2476,2406,2418,2333,2454,2577,2570,2482,2783,2551,2371,2648,2689,2532,2404,2648,2605,2434,2442,2571,2568,2565,2607,2353,2419,2670,2486,2521,2664,2471
2575,2124,2103,2165,2351,2450,2270,2259,2111,2150,2468,2264,2337,2228,2254,2228,2152,2337,2382,2168,2132,2100,2298,2414,2188,2254,2239,2368,2255,2367,2319,2462,2594,2299,2448,2244,2300,2167,2289,2318,2353,2277,2372,2273,2299,2273,2282,2275,2475,2306,2129,2273,2222,2307,2304,2369,2422,2228,2277,2075,2296,2450,2420,2274,2207,2178,2462,2280,2332,2035,2415,2284,2181,2228,2393,2422,2160,2376,2420,2055,2309,2219,2318,2239,2296,2402,2137,2232,2216,2297,2196,2363,2225,2217,2424,2184,2308,2092,2335,2464,2435,2172,2390,2289,2168,2356,2171,2249,2323,2207,2271,2325,2150,2346,2261,2058,2304,2280,2184,2270,2341,2023,2238,2452,2324,2442,2204,2225,2296,2107,2203,2431,2298,2162,2297,2403,2105,2314,2303,2108,2484,2264,2263,2249,2155,2445,2150,2209,2472,2346,2212,2177,2269,2373,2142,2341,2256,2418,2194,2195,2335,2249,2171,2129,2113,2407,2240,2206,2309,2230,2307,2335,2300,2219,2348,2338,2422,2328,2260,2428,2319,2291,2195,2272,2313,2395,2109,2353,2128,2140,2430,2179,2316,2244,2030,2303,2337,2508,2478,2275,2338,2189,2398,2401,2279,2280,2441,2343,2295,2465,2181,2193,2157,2235,2128,2254,2222,2447,2345,2254,2358,2163,2185,2172,2265,2418,2059,2407,2116,2322,1961,2411,2176,2179,2445,2195,2302,2215,2393,2107,2146,2292,2359,2477,2389,2323,2324,2092,2332,2341,2138,2026,2161,2335,2104,2298,2178,2234,2117,2157,2308,2463,2323,2278,2548,2216,2047,2170,2113,2224,2269,2265,2078,2161,2214,2207,2405,2327,2166,2243,2359,2165,2458,2209,2272,2130,2221,2303,2307,2330,2097,2267,2422,2253,2255,2092,2443,2231,2448,2363,2203,2090,2262,2376,2279,2220,2129,2268,2222,2255,2164,2137,1959,2271,2149,2143,2170,2303,2368,2098,2228,2207,1969,2469,2176,2206,2303,2285,2141,2133,2252,2372,2217,2439,2141,2266,2506,2358,2246,2355,2212,2138,2284,2109,2050,2051,2145,2125,2240,2044,2340,2362,2298,2189,2295,2264,2267,2228,2267,2361,2322,2419,2182,2145,2257,2236,2326,2240,2307,2428,2214,2243,2220,2431,2177,2123,2271,2264,2279,2322,2254,2228,2369,2040,2434,2488,2413,2241,2226,2329,2176,2264,2338,2497,2162,2156,2319,2221,2229,2329,2418,2360,2033,2439,2308,2371,2144,2388,2308,2373,2145,2539,2212,2443,2224,2250,2186,2267,2229,2231,2400,2232,2081,1994,2330,2021,2079,2446,2467,2207,2097,2241,2106,2268,2432,2280,2279,2402,2136,2216,1962,2105,2519,2149,2431,2122,2414,2391,2190,2086,2337,2398,2259,2432,2462,2380,2355,2414,2174,2426,2307,2111,2123,2189,2255,2399,2191,2394,2533,2358,2157,2156,2389,2203,2250,2257,2290,2161,2225,2548,2148,2220,2332,2489,2147,1994,2123,2206,2286,2212,2190,2280,2291,2297,2392,1968,2285,2302,2303,2398,2195,2364,2334,2260,2278,2317,2398,2149,2286,2295,2246,2148,2270,2136,2282,2367,2140,1934,2434,2297,2367,2210,2223,2389,2264,2316,2189,2314,2251,2230,2281,2303,2238,2298,2204,2340,2337,2281,2184,2206,2205,2300,2193,2232,2351,2323,2173,2436,2065,2291,2393,2102,1998,2295,2384,2153,2241,1881,2054,2142,2372,2132,2261,2320,2264,2278,2201,2453,2309,2249,2363,2308,2330,2509,2136,2227,2264,2194,2045,2168,2220,2235,2085,2479,2300,2319,2095,2356,2218,2300,2411,2266,2340,2218,2284,2468,2250,2290,2438,2322,2274,2398,2357,2387,2426,2086,2378,2119,2420,2283,2128,2474,2059,2241,2302,2182,2243,2389,2212,2280,2315,2543,2406,2171,2132,2333,2353,2314,2206,2386,2221,2459,2357,2207,2387,2450,2131,2294,2206,2191,2367,2178,2424,2383,2376,2334,2346,2335,2268,2116,2294,2363,2427,2234,2327,2236,2177,2324,2075,2310,2475,2088,2291,2310,2204,2427,2326,2101,2271,2324,2450,2273,2366,2179,2247,2114,2225,2188,2329,2322,2348,2189,2334,2378,2380,2352,2398,2188,2304,2224,2396,2230,2133,2302,2320,2342,2052,2345,2137,2211,2299,2336,2476,2176,2328,2365,2185,2409,2044,2250,2323,2273,2038,2240,2264,2355,2302,2439,2196,2161,2257,2214,2339,2225,2221,2263,2368,2231,2352,2138,2105,2301,2386,2292,2283,2357,2064,2135,2238,2548,2288,2265,2363,2235,2300,2143,2209,2244,2274,2155,2285,2197,2191,2166,2216,2286,2506,2091,2429,2295,2377,2261,2184,2247,2354,2226,2223,2099,2264,2395,2505,2300,2153,2294,2421,2284,2129,2210,2054,2277,2471,2042,2168,2283,2181,2255,2203,2342,2276,2089,2318,1958,2157,2186,2331,2445,2607,2289,2114,2268,2360,2287,2390,2415,2236,2326,2240,2370,2220,2163,2205,2269,2186,2207,2213,2359,2298,2324,2289,2213,2325,2259,2378,2482,2227,2186,2219,2254,2382,2134,2305,2252,2323,2494,2365,2208,2250,2402,2366,2214,2353,2164,2351,2246,2063,2187,2243,2317,2034,2378,2358,2441,2228,2570,2209,2425,2385,2234,2291,2274,2499,2148,2323,2076,2245,2336,2249,2479,2378,2270,2404,2064,2121,2092,2246,2287,2309,2237,2312,2156,2274,2235,2208,2204,2224,2323,2300,2217,2172,2252,2202,2258,2357,2323,2413,2565,2194,2349,2335,2164,2290,2422,2268,2242,2258,2271,2429,2280,2206,2107,2300,2446,2152,2391,2161,2357,2145,2398,2344,2240,2285,2126,2303,2254,2313,2169,2397,2285,2085,2045,2376,2549,2401,2407,2468,2160,2385,2332,2357,2157,2421,2196,2257,2309,2296,2268,2053,2367,2280,2191,2186,2399,2194,2199,2329,2245,2120,2434,2185,2148,2243,2201,2290,2411,2004,2198,2257,2310,2239,2208,2057,2131,2156,2139,2234,2385,2284,2242,2431,2268,2162,2508,2439,2199,2152,2256,2403,2221,2289,2173,2324,2227,2305,2216,2256,2343,2193,2294,2362,2372
2745,2360,2367,2556,2763,2786,2611,2480,2328,2356,2727,2521,2625,2584,2542,2434,2425,2569,2586,2411,2431,2301,2599,2719,2521,2464,2524,2640,2524,2639,2630,2618,2883,2624,2655,2510,2507,2600,2545,2586,2688,2573,2645,2431,2584,2482,2636,2485,2687,2559,2407,2497,2488,2520,2568,2699,2680,2623,2538,2338,2510,2625,2606,2451,2540,2417,2852,2548,2612,2342,2662,2528,2375,2486,2651,2634,2513,2518,2724,2250,2619,2540,2663,2606,2528,2557,2428,2379,2534,2517,2386,2590,2517,2470,2675,2422,2479,2395,2650,2709,2557,2300,2640,2705,2409,2518,2440,2392,2575,2536,2537,2502,2328,2621,2407,2316,2437,2380,2402,2516,2596,2267,2562,2682,2539,2613,2494,2470,2524,2422,2578,2596,2555,2308,2510,2591,2235,2630,2591,2231,2675,2464,2573,2552,2341,2729,2394,2443,2559,2602,2528,2542,2543,2633,2300,2491,2470,2656,2354,2404,2616,2502,2530,2465,2469,2683,2441,2583,2575,2462,2554,2643,2499,2442,2579,2507,2576,2504,2437,2759,2554,2544,2468,2518,2599,2546,2328,2814,2319,2274,2644,2437,2599,2441,2258,2611,2610,2778,2760,2508,2600,2365,2596,2614,2533,2558,2643,2596,2537,2675,2412,2493,2409,2539,2452,2436,2480,2717,2558,2403,2544,2415,2575,2405,2486,2706,2327,2643,2465,2530,2300,2753,2477,2421,2680,2372,2528,2396,2742,2413,2384,2469,2636,2636,2745,2473,2573,2282,2722,2569,2348,2290,2384,2696,2504,2549,2295,2465,2346,2373,2548,2720,2676,2424,2856,2464,2273,2430,2284,2457,2641,2469,2299,2482,2499,2469,2641,2501,2419,2597,2581,2373,2675,2522,2576,2492,2406,2555,2614,2578,2367,2544,2599,2523,2640,2328,2725,2525,2614,2631,2464,2360,2667,2566,2583,2516,2326,2361,2554,2348,2455,2388,2392,2437,2393,2532,2384,2499,2482,2319,2506,2486,2207,2827,2401,2482,2554,2580,2392,2565,2524,2555,2507,2665,2420,2541,2703,2519,2440,2543,2626,2302,2496,2418,2368,2397,2457,2351,2395,2226,2634,2596,2535,2423,2549,2468,2593,2395,2514,2603,2554,2457,2464,2541,2411,2338,2477,2354,2591,2716,2446,2579,2393,2647,2369,2343,2621,2434,2479,2480,2471,2452,2735,2410,2780,2595,2579,2426,2531,2583,2571,2423,2492,2639,2465,2367,2643,2448,2540,2711,2828,2590,2318,2699,2501,2648,2319,2671,2503,2609,2402,2723,2491,2708,2511,2543,2350,2533,2528,2454,2557,2493,2351,2351,2451,2316,2315,2649,2649,2456,2408,2378,2393,2528,2683,2511,2514,2639,2415,2466,2258,2385,2800,2503,2789,2458,2608,2609,2546,2358,2716,2580,2409,2711,2663,2662,2536,2657,2398,2772,2416,2293,2434,2590,2550,2637,2427,2648,2781,2664,2422,2471,2652,2401,2601,2490,2500,2336,2397,2784,2411,2493,2478,2573,2332,2377,2302,2464,2462,2502,2369,2595,2534,2553,2678,2082,2535,2544,2470,2700,2478,2589,2535,2529,2462,2611,2561,2430,2491,2459,2331,2261,2532,2439,2403,2737,2395,2161,2721,2523,2766,2544,2449,2565,2505,2540,2516,2706,2431,2567,2439,2510,2392,2464,2399,2588,2530,2590,2477,2391,2412,2530,2499,2490,2602,2731,2316,2690,2291,2619,2561,2437,2241,2623,2492,2479,2594,2129,2291,2321,2691,2503,2414,2569,2462,2472,2525,2685,2676,2743,2578,2516,2732,2781,2391,2479,2467,2355,2295,2462,2430,2467,2437,2688,2660,2620,2370,2618,2509,2572,2551,2554,2497,2484,2556,2659,2607,2500,2737,2713,2528,2612,2526,2643,2590,2317,2558,2339,2586,2537,2313,2686,2485,2476,2553,2414,2500,2577,2447,2534,2578,2821,2780,2492,2381,2507,2602,2747,2520,2689,2452,2657,2626,2333,2586,2634,2361,2502,2503,2355,2594,2412,2634,2580,2509,2561,2707,2639,2521,2317,2525,2681,2578,2482,2562,2497,2405,2541,2270,2565,2633,2366,2538,2581,2489,2729,2576,2371,2529,2562,2649,2533,2681,2475,2517,2313,2534,2434,2529,2640,2436,2474,2582,2693,2544,2608,2603,2467,2534,2477,2641,2520,2406,2532,2519,2637,2383,2709,2338,2487,2519,2606,2691,2302,2635,2639,2561,2678,2211,2525,2548,2566,2483,2430,2580,2522,2625,2747,2375,2449,2500,2460,2600,2461,2454,2463,2564,2426,2507,2460,2310,2648,2681,2546,2404,2612,2272,2420,2440,2776,2566,2468,2529,2454,2482,2451,2569,2495,2480,2383,2468,2471,2486,2399,2551,2440,2769,2410,2653,2534,2656,2556,2383,2591,2398,2420,2501,2469,2393,2659,2640,2525,2384,2558,2670,2445,2265,2532,2292,2426,2688,2234,2398,2510,2448,2455,2404,2641,2524,2383,2548,2116,2474,2481,2603,2634,2792,2509,2334,2639,2673,2537,2628,2646,2445,2567,2574,2673,2487,2486,2460,2443,2376,2448,2518,2633,2427,2581,2497,2415,2555,2458,2619,2777,2505,2377,2520,2485,2569,2366,2511,2453,2632,2729,2635,2448,2487,2636,2586,2425,2529,2450,2574,2523,2440,2447,2532,2541,2273,2633,2585,2725,2496,2817,2300,2700,2650,2640,2497,2532,2777,2509,2629,2340,2543,2813,2546,2679,2628,2609,2760,2331,2285,2331,2491,2476,2435,2402,2547,2436,2593,2597,2368,2559,2581,2575,2516,2461,2474,2583,2468,2484,2523,2545,2571,2833,2457,2667,2529,2341,2655,2673,2502,2459,2553,2534,2626,2527,2492,2423,2506,2578,2379,2642,2401,2517,2501,2617,2563,2444,2548,2392,2507,2584,2494,2307,2635,2446,2395,2275,2544,2768,2674,2745,2654,2365,2604,2666,2551,2414,2574,2522,2412,2567,2606,2481,2357,2653,2442,2444,2391,2689,2279,2492,2543,2413,2466,2565,2397,2221,2486,2403,2570,2737,2266,2438,2582,2549,2566,2477,2366,2308,2292,2325,2529,2596,2610,2422,2757,2609,2371,2699,2715,2481,2438,2483,2640,2463,2487,2557,2550,2590,2542,2338,2549,2716,2488,2588,2597,2553
2621,2307,2217,2496,2594,2649,2565,2371,2209,2307,2612,2485,2592,2413,2419,2498,2451,2564,2523,2305,2368,2166,2497,2634,2293,2434,2483,2434,2401,2599,2430,2582,2761,2530,2503,2438,2444,2395,2385,2553,2646,2436,2483,2424,2518,2451,2457,2448,2554,2498,2414,2378,2383,2445,2574,2546,2571,2477,2438,2181,2435,2676,2500,2305,2458,2333,2614,2474,2487,2253,2658,2509,2336,2443,2570,2537,2443,2397,2633,2154,2555,2432,2478,2415,2445,2463,2305,2297,2469,2503,2411,2445,2380,2374,2555,2391,2420,2313,2469,2642,2526,2187,2548,2591,2388,2548,2381,2516,2478,2465,2354,2401,2286,2552,2420,2259,2436,2375,2344,2432,2433,2184,2543,2578,2420,2451,2523,2447,2420,2322,2420,2512,2487,2372,2501,2585,2150,2440,2552,2192,2614,2393,2426,2491,2280,2568,2303,2304,2518,2521,2453,2454,2428,2625,2225,2532,2435,2640,2307,2430,2521,2321,2524,2434,2422,2611,2426,2404,2372,2460,2483,2520,2431,2377,2584,2552,2493,2466,2323,2640,2496,2483,2482,2484,2467,2403,2312,2575,2182,2254,2510,2332,2517,2372,2143,2557,2461,2759,2536,2352,2468,2251,2550,2544,2383,2462,2552,2462,2521,2515,2365,2347,2415,2357,2339,2376,2496,2546,2432,2314,2484,2388,2448,2332,2451,2595,2374,2646,2385,2470,2250,2545,2363,2360,2585,2304,2547,2339,2590,2386,2401,2492,2534,2580,2595,2452,2481,2201,2608,2529,2350,2243,2330,2610,2393,2664,2332,2411,2206,2363,2438,2676,2482,2354,2718,2399,2180,2404,2326,2443,2495,2458,2327,2335,2414,2362,2639,2475,2338,2570,2522,2327,2541,2364,2412,2459,2448,2480,2451,2604,2269,2490,2444,2513,2521,2290,2593,2404,2553,2511,2439,2270,2519,2456,2497,2315,2254,2305,2526,2346,2339,2285,2282,2384,2348,2438,2301,2308,2432,2338,2468,2411,2194,2687,2396,2455,2432,2471,2359,2431,2485,2463,2352,2631,2294,2481,2613,2367,2465,2489,2474,2219,2415,2309,2296,2275,2350,2157,2348,2228,2630,2477,2339,2360,2411,2378,2479,2360,2381,2489,2478,2418,2412,2377,2309,2307,2429,2279,2417,2576,2385,2394,2331,2537,2334,2314,2460,2421,2372,2392,2439,2383,2605,2280,2566,2626,2500,2337,2464,2521,2514,2450,2483,2731,2330,2453,2568,2300,2416,2496,2628,2467,2229,2542,2461,2536,2318,2459,2494,2480,2354,2719,2435,2584,2319,2384,2352,2480,2437,2377,2464,2406,2239,2221,2417,2288,2214,2625,2663,2290,2285,2337,2450,2560,2538,2472,2472,2648,2395,2409,2170,2256,2574,2403,2670,2302,2463,2534,2433,2222,2641,2563,2385,2633,2652,2546,2563,2597,2303,2619,2462,2258,2443,2400,2506,2463,2347,2501,2679,2584,2325,2362,2532,2296,2351,2453,2558,2307,2317,2705,2224,2367,2298,2516,2241,2285,2441,2379,2338,2478,2277,2548,2480,2556,2534,2081,2386,2499,2399,2545,2450,2628,2545,2398,2365,2526,2493,2316,2444,2391,2337,2252,2415,2376,2330,2576,2233,2084,2648,2455,2510,2487,2388,2651,2356,2520,2396,2571,2410,2554,2388,2437,2404,2447,2354,2519,2456,2494,2357,2399,2416,2444,2455,2386,2480,2612,2344,2624,2139,2522,2464,2379,2167,2491,2531,2434,2492,2064,2144,2294,2518,2462,2418,2461,2301,2493,2395,2735,2530,2545,2403,2463,2639,2819,2377,2348,2431,2287,2217,2538,2413,2235,2391,2665,2475,2493,2199,2567,2501,2467,2475,2361,2474,2448,2500,2614,2426,2368,2543,2562,2378,2456,2504,2466,2585,2249,2446,2247,2510,2369,2253,2683,2377,2505,2593,2420,2362,2448,2370,2483,2473,2911,2653,2425,2271,2428,2354,2678,2414,2609,2470,2707,2438,2304,2512,2562,2256,2395,2441,2242,2545,2303,2628,2390,2492,2520,2591,2499,2436,2285,2441,2535,2568,2347,2413,2330,2342,2454,2231,2492,2556,2241,2442,2413,2460,2557,2509,2291,2424,2518,2552,2501,2507,2312,2532,2177,2439,2297,2524,2643,2402,2426,2524,2518,2465,2495,2565,2408,2378,2386,2522,2315,2379,2369,2389,2579,2297,2571,2335,2447,2542,2420,2614,2221,2481,2504,2415,2654,2143,2501,2410,2458,2349,2382,2600,2534,2465,2619,2333,2395,2341,2461,2477,2378,2357,2463,2382,2298,2441,2400,2187,2543,2624,2374,2360,2549,2287,2355,2326,2668,2576,2431,2412,2420,2297,2476,2458,2312,2386,2347,2444,2397,2435,2265,2313,2362,2713,2276,2622,2356,2613,2512,2313,2417,2486,2306,2469,2302,2333,2537,2550,2527,2321,2506,2572,2356,2267,2477,2156,2410,2590,2181,2428,2473,2328,2335,2325,2488,2459,2296,2575,2120,2468,2284,2547,2574,2734,2404,2235,2484,2538,2489,2597,2448,2388,2538,2412,2567,2343,2318,2372,2383,2402,2373,2459,2409,2435,2492,2404,2342,2466,2390,2555,2657,2473,2238,2444,2411,2479,2338,2412,2446,2421,2537,2543,2407,2563,2601,2503,2304,2419,2253,2493,2391,2356,2362,2471,2452,2208,2515,2402,2637,2376,2600,2261,2533,2471,2573,2361,2415,2702,2309,2454,2250,2398,2595,2500,2597,2493,2603,2635,2182,2316,2378,2412,2454,2446,2356,2414,2333,2529,2475,2212,2453,2550,2578,2536,2443,2389,2477,2286,2433,2536,2522,2555,2775,2408,2515,2446,2322,2443,2511,2485,2340,2488,2421,2504,2409,2305,2303,2497,2490,2360,2572,2358,2518,2450,2557,2523,2413,2434,2246,2342,2520,2513,2334,2557,2429,2338,2279,2488,2701,2581,2631,2635,2445,2504,2592,2493,2322,2681,2391,2261,2501,2480,2352,2225,2556,2378,2387,2332,2545,2218,2538,2527,2431,2373,2590,2306,2273,2438,2411,2495,2539,2194,2313,2396,2573,2519,2416,2320,2356,2284,2263,2335,2653,2518,2387,2572,2480,2343,2699,2616,2500,2390,2453,2519,2459,2384,2492,2539,2471,2379,2297,2373,2554,2473,2468,2493,2418
2739,2372,2452,2461,2710,2801,2555,2376,2218,2412,2706,2551,2678,2473,2572,2488,2541,2602,2528,2379,2429,2282,2606,2728,2408,2500,2493,2700,2498,2633,2567,2627,2804,2677,2586,2443,2514,2618,2534,2500,2648,2556,2451,2457,2633,2525,2548,2498,2627,2512,2462,2342,2418,2493,2642,2674,2576,2684,2438,2259,2482,2782,2584,2468,2526,2458,2499,2401,2613,2319,2793,2480,2382,2651,2714,2663,2507,2480,2700,2244,2670,2597,2654,2519,2535,2501,2505,2456,2438,2654,2407,2561,2497,2498,2680,2435,2397,2497,2541,2651,2506,2279,2651,2675,2382,2548,2324,2500,2570,2525,2618,2510,2313,2533,2443,2369,2475,2399,2438,2395,2550,2368,2439,2567,2510,2595,2491,2460,2519,2460,2408,2519,2553,2428,2531,2734,2191,2497,2617,2316,2635,2536,2457,2457,2380,2743,2339,2440,2643,2469,2532,2516,2534,2656,2404,2492,2545,2605,2390,2528,2674,2441,2482,2563,2535,2695,2491,2647,2526,2619,2540,2581,2450,2498,2679,2560,2504,2529,2502,2654,2525,2666,2530,2502,2524,2480,2358,2708,2355,2397,2713,2490,2531,2472,2197,2689,2460,2717,2607,2418,2465,2442,2638,2642,2506,2573,2690,2602,2586,2492,2482,2357,2553,2540,2500,2573,2543,2578,2565,2390,2578,2452,2568,2517,2538,2689,2478,2692,2475,2620,2382,2700,2515,2453,2699,2375,2505,2464,2654,2428,2350,2577,2564,2582,2700,2489,2628,2204,2639,2559,2471,2254,2496,2667,2536,2694,2424,2405,2221,2319,2566,2745,2428,2564,2720,2500,2334,2498,2489,2541,2509,2574,2387,2422,2574,2446,2777,2489,2455,2569,2516,2267,2755,2556,2582,2555,2572,2504,2549,2692,2379,2596,2592,2551,2559,2460,2681,2482,2636,2638,2437,2307,2676,2577,2641,2351,2360,2423,2499,2425,2402,2385,2264,2482,2548,2511,2349,2417,2457,2282,2434,2438,2209,2693,2446,2483,2503,2598,2439,2520,2486,2581,2474,2716,2434,2498,2763,2441,2453,2609,2532,2374,2537,2438,2396,2289,2414,2314,2506,2225,2708,2502,2392,2444,2443,2635,2559,2468,2574,2581,2662,2465,2389,2587,2499,2367,2485,2305,2390,2740,2409,2470,2385,2654,2410,2377,2586,2384,2402,2567,2485,2524,2716,2302,2787,2621,2622,2401,2538,2554,2439,2418,2612,2676,2501,2492,2586,2385,2591,2764,2744,2628,2275,2687,2556,2569,2358,2620,2469,2591,2373,2712,2497,2749,2499,2380,2281,2652,2534,2410,2494,2538,2392,2291,2477,2361,2291,2668,2732,2411,2407,2529,2560,2493,2607,2598,2532,2671,2375,2338,2254,2399,2674,2420,2894,2398,2502,2531,2448,2267,2683,2666,2474,2786,2807,2641,2643,2693,2448,2794,2590,2276,2402,2453,2566,2450,2582,2665,2799,2701,2538,2462,2636,2463,2467,2505,2640,2373,2397,2749,2353,2474,2492,2581,2294,2419,2370,2366,2534,2607,2344,2609,2464,2593,2659,2133,2506,2597,2508,2651,2471,2686,2397,2435,2426,2467,2592,2409,2639,2481,2438,2375,2536,2406,2336,2591,2364,2217,2794,2537,2538,2550,2428,2594,2482,2519,2628,2672,2497,2644,2494,2493,2339,2500,2379,2574,2572,2572,2452,2502,2382,2588,2382,2518,2663,2607,2319,2782,2228,2505,2528,2334,2311,2665,2673,2467,2559,2125,2368,2462,2689,2593,2443,2634,2479,2546,2480,2720,2644,2717,2563,2570,2794,2710,2424,2527,2427,2417,2299,2573,2465,2458,2439,2756,2516,2482,2339,2687,2615,2519,2487,2495,2488,2405,2534,2758,2590,2370,2675,2679,2470,2572,2585,2461,2582,2249,2553,2188,2617,2479,2401,2765,2621,2430,2587,2463,2507,2556,2520,2594,2499,2886,2724,2516,2369,2619,2475,2790,2550,2601,2551,2729,2518,2330,2536,2613,2412,2476,2590,2336,2619,2388,2673,2591,2654,2632,2725,2580,2554,2368,2447,2578,2553,2418,2660,2388,2447,2634,2340,2659,2688,2496,2522,2477,2509,2750,2578,2293,2652,2690,2656,2648,2610,2454,2475,2292,2496,2454,2542,2669,2492,2612,2748,2599,2655,2650,2684,2443,2552,2512,2642,2466,2431,2513,2523,2692,2319,2603,2397,2533,2554,2650,2704,2334,2511,2607,2573,2540,2206,2542,2516,2544,2469,2583,2669,2625,2677,2765,2402,2501,2502,2590,2533,2480,2459,2419,2570,2448,2618,2475,2362,2626,2653,2535,2446,2541,2418,2429,2457,2772,2558,2644,2525,2487,2488,2526,2547,2327,2447,2428,2448,2393,2547,2337,2441,2536,2747,2393,2606,2409,2749,2561,2458,2506,2542,2449,2487,2387,2377,2606,2634,2642,2379,2658,2725,2453,2340,2544,2268,2567,2622,2272,2440,2599,2480,2394,2358,2620,2619,2431,2677,2149,2446,2499,2626,2751,2872,2433,2383,2492,2666,2517,2718,2491,2472,2555,2459,2708,2422,2475,2446,2394,2511,2471,2516,2489,2498,2595,2523,2375,2633,2530,2725,2770,2485,2307,2525,2523,2529,2430,2578,2415,2536,2788,2685,2521,2551,2646,2523,2311,2463,2395,2568,2425,2397,2371,2539,2571,2340,2573,2490,2659,2379,2688,2384,2629,2670,2574,2532,2503,2811,2377,2541,2260,2457,2706,2534,2678,2561,2679,2720,2319,2452,2381,2470,2555,2503,2391,2480,2336,2628,2627,2256,2567,2530,2620,2528,2533,2576,2541,2457,2594,2650,2598,2680,2790,2550,2578,2438,2406,2630,2567,2603,2509,2516,2633,2539,2537,2459,2467,2567,2541,2295,2619,2462,2492,2485,2638,2547,2533,2436,2323,2418,2624,2469,2362,2760,2472,2404,2265,2602,2695,2678,2759,2773,2505,2613,2551,2514,2457,2602,2481,2438,2573,2641,2365,2342,2705,2471,2462,2417,2662,2399,2502,2648,2592,2507,2651,2341,2275,2586,2455,2532,2583,2237,2434,2541,2604,2626,2407,2401,2371,2366,2520,2430,2776,2705,2452,2561,2574,2473,2741,2643,2409,2334,2517,2622,2473,2556,2527,2673,2642,2614,2318,2646,2573,2431,2532,2516,2568
2605,2332,2398,2519,2651,2572,2443,2321,2050,2335,2681,2497,2529,2386,2362,2505,2531,2513,2474,2264,2372,2306,2471,2728,2328,2416,2423,2561,2396,2522,2379,2556,2726,2485,2432,2345,2380,2536,2448,2387,2625,2494,2429,2473,2535,2371,2494,2421,2446,2478,2409,2281,2467,2466,2495,2582,2527,2607,2408,2182,2366,2644,2489,2426,2316,2273,2473,2330,2601,2243,2634,2366,2317,2516,2513,2582,2435,2386,2626,2188,2529,2402,2524,2496,2441,2390,2430,2350,2409,2496,2403,2436,2433,2349,2641,2405,2388,2466,2500,2562,2448,2155,2527,2589,2405,2456,2361,2515,2495,2434,2477,2344,2243,2470,2368,2301,2482,2354,2464,2308,2459,2243,2540,2529,2421,2594,2496,2346,2315,2376,2464,2442,2411,2433,2391,2609,2144,2541,2536,2357,2534,2425,2337,2539,2208,2645,2304,2358,2499,2482,2456,2397,2347,2597,2289,2417,2437,2489,2367,2383,2508,2406,2349,2477,2459,2538,2434,2540,2410,2563,2545,2500,2386,2379,2600,2557,2423,2455,2267,2569,2508,2534,2489,2422,2470,2428,2364,2479,2258,2310,2534,2297,2540,2288,2245,2607,2482,2606,2426,2368,2407,2246,2638,2456,2353,2422,2561,2615,2418,2445,2433,2257,2432,2429,2470,2605,2498,2464,2469,2240,2530,2401,2506,2462,2359,2511,2406,2617,2292,2563,2270,2648,2511,2387,2629,2265,2575,2417,2562,2392,2353,2609,2547,2482,2559,2466,2551,2211,2578,2500,2332,2213,2398,2611,2480,2604,2294,2346,2177,2375,2499,2624,2352,2476,2788,2462,2284,2396,2444,2414,2448,2498,2421,2282,2535,2460,2710,2415,2446,2453,2422,2254,2540,2528,2443,2536,2512,2475,2472,2581,2354,2489,2483,2483,2494,2275,2563,2268,2534,2468,2397,2248,2572,2460,2536,2326,2352,2417,2568,2242,2383,2354,2221,2331,2394,2348,2208,2255,2445,2255,2373,2313,2224,2589,2449,2355,2480,2444,2366,2383,2477,2578,2369,2544,2316,2458,2657,2304,2412,2479,2393,2305,2536,2377,2297,2364,2345,2223,2386,2154,2551,2429,2281,2346,2324,2546,2501,2347,2440,2614,2520,2349,2323,2442,2412,2317,2367,2234,2248,2552,2299,2406,2263,2518,2297,2336,2569,2386,2352,2515,2460,2442,2528,2253,2590,2504,2568,2317,2398,2424,2469,2408,2468,2744,2424,2380,2428,2364,2466,2440,2624,2540,2299,2552,2496,2580,2236,2466,2376,2598,2394,2566,2491,2750,2319,2343,2343,2545,2526,2336,2367,2407,2372,2279,2354,2296,2173,2485,2624,2314,2275,2379,2480,2461,2581,2514,2402,2555,2416,2313,2151,2283,2487,2377,2674,2372,2496,2531,2516,2310,2671,2603,2403,2630,2700,2542,2537,2595,2305,2742,2451,2075,2428,2361,2519,2385,2545,2542,2710,2702,2319,2246,2629,2434,2428,2376,2441,2192,2331,2659,2354,2532,2423,2443,2325,2382,2412,2342,2362,2492,2307,2573,2429,2492,2538,2027,2411,2507,2436,2482,2391,2533,2491,2492,2406,2460,2555,2326,2521,2435,2365,2273,2401,2390,2324,2430,2363,2167,2605,2354,2536,2493,2373,2544,2331,2493,2494,2492,2439,2605,2466,2487,2411,2427,2389,2600,2390,2360,2346,2497,2391,2457,2338,2371,2532,2612,2271,2552,2179,2432,2456,2388,2281,2520,2467,2439,2434,2051,2305,2235,2615,2535,2394,2543,2377,2411,2404,2689,2581,2587,2481,2509,2688,2671,2351,2327,2364,2369,2108,2482,2367,2297,2364,2651,2369,2447,2262,2574,2575,2379,2446,2319,2387,2297,2535,2466,2440,2261,2477,2654,2183,2526,2483,2391,2432,2193,2422,2199,2433,2323,2380,2656,2554,2397,2522,2517,2319,2430,2513,2569,2451,2819,2712,2414,2297,2434,2395,2721,2498,2588,2423,2663,2413,2297,2494,2581,2335,2324,2597,2354,2524,2315,2568,2427,2618,2551,2551,2430,2432,2357,2388,2492,2524,2409,2399,2412,2406,2598,2321,2529,2526,2355,2498,2389,2452,2523,2551,2197,2448,2532,2517,2450,2610,2451,2459,2277,2461,2393,2566,2484,2399,2518,2706,2552,2506,2598,2558,2351,2409,2477,2575,2338,2282,2383,2344,2492,2330,2534,2462,2598,2488,2569,2601,2228,2452,2478,2530,2586,2111,2560,2352,2414,2268,2398,2532,2625,2557,2645,2368,2449,2409,2492,2541,2461,2318,2418,2384,2286,2561,2451,2347,2634,2561,2432,2340,2529,2308,2399,2332,2612,2539,2412,2539,2435,2333,2406,2475,2246,2315,2373,2379,2447,2477,2266,2400,2448,2691,2456,2505,2384,2584,2397,2370,2499,2437,2291,2467,2348,2318,2537,2580,2462,2363,2437,2693,2496,2288,2536,2232,2495,2485,2239,2368,2457,2295,2317,2338,2575,2500,2221,2567,2131,2415,2347,2528,2589,2733,2386,2346,2548,2555,2496,2620,2306,2387,2505,2441,2597,2359,2392,2316,2451,2439,2457,2486,2493,2404,2531,2388,2359,2572,2528,2572,2587,2437,2276,2418,2449,2456,2267,2455,2335,2465,2622,2570,2321,2449,2591,2414,2379,2398,2366,2479,2391,2402,2216,2526,2490,2313,2496,2451,2582,2343,2590,2341,2528,2515,2460,2498,2539,2723,2323,2470,2220,2500,2592,2547,2559,2426,2636,2557,2294,2388,2286,2395,2400,2330,2428,2373,2290,2508,2541,2170,2517,2521,2620,2575,2424,2505,2506,2333,2529,2599,2598,2530,2714,2474,2478,2360,2313,2611,2478,2382,2396,2414,2593,2488,2448,2413,2355,2482,2392,2304,2404,2396,2410,2374,2518,2580,2418,2361,2284,2276,2550,2440,2331,2609,2389,2332,2288,2423,2609,2587,2647,2697,2373,2518,2448,2486,2354,2484,2477,2316,2464,2530,2364,2178,2521,2370,2449,2314,2600,2424,2456,2551,2653,2465,2520,2382,2354,2366,2331,2497,2478,2202,2393,2440,2460,2455,2337,2323,2325,2354,2351,2411,2706,2734,2388,2463,2531,2371,2652,2555,2479,2432,2486,2596,2496,2493,2436,2659,2487,2532,2098,2448,2519,2482,2447,2438,2453
2633,2365,2478,2555,2619,2730,2582,2380,2244,2408,2650,2513,2652,2573,2403,2625,2427,2503,2536,2323,2497,2479,2587,2704,2402,2465,2521,2566,2494,2607,2487,2540,2792,2645,2546,2514,2574,2607,2545,2534,2662,2469,2468,2567,2664,2478,2532,2511,2574,2484,2497,2338,2534,2597,2718,2708,2660,2682,2456,2245,2499,2812,2530,2509,2392,2473,2561,2403,2621,2373,2818,2418,2321,2585,2617,2528,2612,2470,2815,2223,2710,2493,2605,2573,2496,2575,2514,2494,2499,2622,2413,2506,2524,2464,2705,2523,2412,2513,2534,2677,2605,2150,2577,2671,2398,2502,2382,2677,2384,2491,2529,2348,2369,2621,2402,2371,2534,2348,2503,2435,2458,2416,2538,2694,2479,2688,2574,2418,2462,2369,2570,2501,2468,2436,2516,2676,2242,2485,2634,2318,2545,2465,2412,2573,2297,2735,2332,2367,2543,2520,2631,2399,2433,2674,2375,2419,2572,2675,2356,2400,2622,2421,2466,2514,2573,2646,2509,2751,2537,2625,2528,2617,2537,2485,2691,2659,2396,2634,2318,2630,2575,2579,2591,2568,2568,2519,2424,2547,2397,2279,2757,2437,2554,2441,2272,2672,2542,2614,2558,2499,2633,2353,2618,2673,2493,2506,2739,2724,2600,2581,2402,2319,2521,2436,2622,2700,2573,2657,2590,2383,2560,2489,2643,2525,2592,2579,2591,2681,2337,2633,2469,2732,2532,2530,2729,2320,2520,2399,2652,2492,2466,2672,2553,2476,2651,2548,2679,2191,2708,2546,2514,2256,2451,2765,2593,2673,2357,2467,2313,2536,2461,2682,2516,2474,2761,2507,2361,2482,2557,2471,2577,2566,2452,2406,2615,2521,2790,2506,2584,2537,2623,2379,2675,2657,2601,2618,2640,2569,2563,2692,2445,2572,2566,2447,2606,2443,2658,2514,2685,2529,2432,2418,2714,2591,2513,2364,2517,2541,2579,2292,2414,2317,2350,2395,2491,2527,2434,2401,2621,2362,2463,2446,2247,2639,2542,2358,2631,2569,2339,2377,2489,2722,2568,2547,2467,2567,2674,2479,2531,2535,2461,2357,2631,2417,2388,2352,2371,2386,2521,2241,2645,2639,2283,2517,2355,2658,2572,2382,2514,2634,2627,2449,2356,2568,2515,2411,2549,2339,2360,2662,2373,2553,2387,2623,2505,2372,2750,2499,2491,2619,2622,2544,2652,2290,2667,2601,2703,2434,2518,2593,2545,2451,2517,2713,2434,2445,2505,2392,2516,2685,2644,2605,2370,2589,2630,2640,2451,2604,2477,2640,2422,2590,2412,2849,2402,2436,2370,2538,2514,2378,2506,2427,2375,2438,2498,2410,2288,2622,2692,2398,2458,2487,2570,2641,2721,2541,2498,2523,2466,2409,2262,2378,2642,2375,2745,2501,2610,2571,2589,2358,2612,2707,2594,2745,2731,2621,2686,2657,2466,2819,2667,2120,2404,2481,2503,2436,2633,2640,2853,2659,2386,2372,2768,2461,2426,2471,2651,2282,2471,2783,2434,2504,2391,2476,2275,2409,2391,2467,2445,2669,2391,2680,2509,2558,2625,2012,2499,2623,2469,2612,2477,2651,2363,2498,2442,2590,2598,2423,2597,2455,2431,2317,2545,2380,2480,2503,2502,2237,2814,2473,2621,2705,2429,2654,2499,2547,2570,2648,2421,2691,2482,2504,2370,2580,2358,2763,2621,2475,2475,2667,2535,2491,2520,2468,2623,2599,2388,2693,2266,2440,2454,2414,2296,2564,2613,2540,2579,2213,2405,2346,2683,2587,2528,2689,2420,2503,2545,2680,2605,2654,2604,2636,2746,2858,2441,2546,2432,2327,2167,2570,2483,2370,2397,2746,2453,2478,2267,2604,2649,2460,2509,2466,2465,2398,2552,2647,2556,2309,2629,2691,2405,2638,2662,2507,2576,2222,2524,2352,2460,2302,2417,2664,2618,2400,2529,2483,2468,2535,2553,2674,2492,2919,2757,2467,2383,2630,2481,2742,2631,2558,2534,2741,2532,2349,2575,2607,2428,2419,2668,2506,2591,2320,2608,2474,2674,2608,2637,2557,2535,2514,2415,2545,2583,2478,2477,2442,2511,2614,2476,2628,2737,2493,2598,2503,2524,2572,2611,2213,2489,2639,2675,2435,2800,2531,2502,2376,2508,2485,2600,2532,2412,2520,2867,2558,2530,2557,2699,2405,2579,2582,2614,2367,2499,2431,2373,2606,2427,2659,2450,2636,2440,2710,2624,2436,2586,2556,2732,2588,2228,2621,2393,2640,2509,2432,2745,2654,2618,2771,2475,2491,2363,2568,2477,2579,2473,2546,2471,2424,2669,2633,2382,2715,2660,2556,2475,2649,2339,2496,2394,2718,2591,2471,2528,2516,2409,2481,2540,2391,2454,2419,2444,2470,2631,2293,2388,2421,2952,2508,2627,2568,2575,2576,2441,2507,2516,2502,2590,2507,2391,2577,2738,2625,2390,2505,2814,2616,2336,2563,2359,2493,2506,2316,2457,2633,2508,2389,2408,2603,2593,2393,2630,2236,2434,2438,2612,2695,2820,2387,2363,2464,2617,2540,2686,2523,2518,2559,2527,2737,2445,2429,2403,2550,2462,2547,2706,2623,2484,2590,2438,2403,2745,2509,2586,2728,2565,2369,2466,2505,2520,2372,2646,2346,2650,2717,2553,2542,2474,2709,2501,2341,2605,2465,2605,2525,2416,2259,2613,2493,2317,2403,2428,2661,2473,2767,2473,2671,2691,2568,2651,2650,2760,2404,2658,2237,2517,2595,2620,2582,2643,2697,2715,2305,2538,2447,2431,2482,2461,2428,2528,2310,2522,2745,2274,2667,2564,2718,2460,2541,2597,2506,2536,2423,2715,2668,2701,2811,2475,2515,2432,2387,2671,2564,2466,2514,2525,2721,2542,2546,2387,2359,2497,2489,2431,2466,2509,2516,2531,2680,2545,2443,2567,2269,2368,2682,2572,2401,2751,2464,2513,2253,2543,2635,2688,2741,2608,2458,2489,2528,2475,2462,2618,2576,2449,2573,2593,2445,2228,2765,2419,2471,2393,2793,2390,2514,2613,2651,2497,2608,2311,2355,2553,2452,2536,2617,2301,2560,2455,2606,2595,2374,2451,2382,2400,2587,2479,2750,2700,2549,2581,2512,2493,2790,2652,2559,2532,2605,2562,2541,2617,2602,2702,2637,2637,2304,2669,2661,2468,2567,2507,2542
2601,2451,2513,2443,2674,2669,2552,2369,2261,2381,2709,2527,2601,2469,2321,2565,2462,2510,2547,2374,2444,2424,2610,2822,2510,2532,2632,2635,2478,2597,2501,2596,2611,2536,2553,2475,2559,2621,2493,2457,2629,2577,2468,2618,2700,2363,2516,2494,2547,2529,2484,2371,2586,2579,2533,2863,2665,2582,2429,2311,2391,2792,2607,2512,2432,2343,2649,2429,2636,2411,2724,2556,2448,2605,2556,2722,2628,2488,2683,2249,2726,2526,2577,2639,2462,2554,2456,2570,2582,2603,2487,2411,2530,2462,2630,2599,2310,2595,2444,2652,2618,2241,2627,2599,2430,2556,2381,2729,2547,2558,2547,2441,2409,2501,2392,2441,2587,2413,2558,2420,2568,2402,2626,2672,2527,2731,2559,2409,2464,2268,2541,2553,2430,2478,2516,2637,2197,2579,2678,2371,2693,2425,2435,2489,2371,2752,2349,2341,2570,2491,2526,2395,2418,2864,2548,2459,2518,2615,2233,2473,2674,2445,2533,2431,2575,2710,2438,2690,2412,2610,2538,2540,2537,2526,2695,2773,2368,2622,2282,2489,2659,2623,2563,2537,2613,2571,2464,2524,2303,2294,2726,2408,2602,2466,2271,2683,2593,2643,2556,2465,2575,2304,2626,2613,2355,2542,2696,2689,2534,2412,2475,2294,2621,2452,2580,2659,2544,2481,2622,2301,2625,2533,2716,2510,2578,2665,2515,2581,2389,2671,2417,2604,2590,2425,2727,2251,2473,2467,2703,2437,2362,2812,2673,2605,2685,2478,2640,2175,2609,2542,2517,2317,2481,2745,2547,2814,2310,2527,2361,2489,2480,2748,2445,2577,2823,2594,2454,2484,2529,2402,2552,2631,2505,2347,2641,2559,2806,2439,2678,2493,2516,2378,2622,2632,2553,2492,2648,2450,2531,2799,2466,2592,2528,2475,2463,2455,2602,2397,2574,2609,2462,2320,2649,2632,2510,2380,2557,2617,2589,2290,2487,2314,2399,2397,2429,2595,2378,2375,2566,2357,2409,2509,2336,2709,2532,2375,2647,2412,2383,2363,2428,2608,2507,2621,2373,2563,2729,2496,2578,2595,2474,2435,2602,2436,2350,2370,2367,2338,2492,2331,2511,2608,2255,2552,2474,2622,2509,2371,2385,2642,2657,2502,2325,2499,2567,2449,2628,2390,2319,2635,2378,2576,2352,2756,2429,2377,2690,2534,2390,2638,2486,2556,2659,2286,2693,2673,2683,2443,2455,2560,2484,2568,2588,2688,2468,2393,2542,2463,2587,2678,2624,2613,2327,2650,2479,2610,2290,2594,2496,2771,2487,2557,2480,2824,2328,2443,2399,2591,2452,2403,2438,2430,2367,2431,2555,2415,2285,2575,2687,2446,2457,2553,2510,2532,2638,2520,2573,2580,2446,2374,2202,2432,2498,2298,2738,2395,2602,2547,2665,2406,2655,2644,2495,2795,2725,2602,2664,2600,2452,2738,2546,2229,2417,2488,2600,2368,2569,2575,2786,2613,2477,2446,2680,2529,2488,2475,2615,2315,2446,2696,2501,2537,2364,2514,2392,2432,2441,2472,2432,2570,2410,2678,2564,2598,2627,2063,2515,2557,2498,2614,2506,2611,2403,2416,2462,2551,2638,2404,2612,2576,2517,2410,2524,2524,2392,2519,2485,2248,2758,2513,2620,2575,2397,2641,2517,2534,2530,2737,2489,2626,2553,2663,2519,2644,2362,2765,2558,2447,2545,2652,2339,2561,2563,2488,2615,2601,2382,2695,2292,2486,2478,2475,2359,2580,2515,2600,2571,2157,2529,2429,2679,2636,2482,2629,2432,2497,2512,2607,2594,2685,2514,2593,2736,2764,2391,2571,2530,2433,2113,2551,2459,2404,2325,2703,2501,2437,2284,2646,2671,2444,2561,2416,2541,2361,2478,2671,2566,2324,2543,2713,2259,2618,2657,2481,2721,2199,2525,2335,2474,2303,2345,2598,2648,2455,2545,2587,2419,2441,2553,2755,2512,2882,2767,2533,2328,2608,2446,2723,2540,2623,2633,2776,2568,2310,2542,2612,2375,2393,2728,2469,2521,2390,2623,2725,2667,2570,2571,2554,2566,2494,2373,2621,2557,2374,2533,2586,2562,2632,2516,2639,2720,2504,2598,2473,2466,2588,2581,2207,2506,2568,2632,2517,2711,2511,2482,2418,2459,2483,2643,2556,2482,2668,2755,2621,2587,2614,2688,2546,2550,2549,2696,2469,2412,2517,2401,2493,2449,2590,2411,2545,2511,2647,2686,2447,2529,2542,2654,2576,2251,2516,2331,2536,2418,2596,2798,2646,2628,2827,2468,2517,2344,2507,2570,2476,2457,2508,2403,2391,2587,2519,2275,2815,2780,2661,2427,2591,2420,2589,2468,2709,2687,2474,2502,2446,2472,2485,2588,2310,2324,2396,2590,2479,2625,2195,2452,2408,2788,2314,2539,2556,2591,2566,2493,2580,2518,2443,2540,2454,2448,2559,2672,2615,2355,2499,2716,2603,2344,2510,2398,2484,2524,2331,2443,2613,2427,2379,2413,2723,2735,2405,2629,2226,2446,2514,2538,2800,2887,2424,2379,2513,2619,2491,2619,2438,2522,2505,2554,2651,2438,2506,2380,2596,2459,2616,2654,2485,2483,2509,2425,2519,2675,2545,2680,2773,2650,2465,2521,2452,2470,2293,2508,2330,2675,2769,2524,2469,2589,2593,2645,2437,2539,2512,2646,2612,2372,2214,2597,2528,2521,2441,2439,2720,2527,2725,2426,2665,2618,2445,2517,2629,2809,2466,2520,2249,2507,2662,2694,2595,2505,2688,2693,2367,2549,2449,2380,2523,2425,2400,2459,2326,2466,2667,2213,2630,2523,2637,2542,2556,2664,2523,2414,2500,2673,2732,2706,2742,2516,2538,2416,2402,2684,2562,2506,2463,2519,2737,2549,2647,2462,2340,2474,2489,2420,2505,2461,2443,2559,2661,2657,2492,2515,2366,2384,2571,2584,2443,2801,2439,2387,2254,2584,2622,2597,2665,2710,2449,2539,2583,2549,2494,2498,2618,2291,2685,2493,2503,2306,2724,2400,2499,2392,2622,2443,2571,2678,2751,2507,2607,2361,2425,2438,2397,2578,2580,2381,2499,2573,2518,2659,2504,2443,2439,2357,2450,2601,2743,2744,2497,2542,2425,2514,2764,2541,2526,2520,2651,2570,2537,2684,2606,2602,2588,2570,2398,2724,2631,2513,2462,2419,2541
2497,2410,2459,2436,2483,2572,2500,2370,2184,2310,2800,2470,2563,2461,2352,2480,2388,2383,2486,2260,2476,2393,2527,2654,2355,2305,2525,2489,2364,2509,2495,2552,2637,2460,2571,2480,2397,2468,2401,2358,2515,2365,2363,2540,2484,2355,2463,2495,2615,2471,2301,2374,2509,2487,2427,2766,2715,2624,2405,2190,2403,2740,2451,2375,2345,2318,2476,2190,2462,2352,2598,2325,2320,2580,2478,2587,2476,2459,2578,2184,2581,2428,2543,2568,2351,2411,2414,2552,2505,2581,2327,2415,2408,2421,2563,2536,2303,2544,2424,2546,2562,2113,2545,2661,2370,2452,2224,2704,2415,2452,2512,2338,2322,2538,2324,2321,2394,2305,2474,2328,2527,2241,2431,2685,2448,2643,2455,2376,2317,2314,2405,2449,2347,2407,2317,2589,2146,2420,2556,2418,2563,2409,2465,2405,2308,2591,2282,2302,2453,2456,2432,2363,2379,2572,2344,2420,2391,2534,2235,2349,2567,2381,2440,2317,2561,2673,2433,2554,2255,2562,2508,2512,2508,2451,2548,2725,2447,2518,2295,2489,2542,2538,2477,2518,2454,2462,2488,2387,2246,2319,2628,2387,2529,2391,2221,2592,2395,2478,2490,2387,2396,2237,2510,2563,2310,2475,2491,2562,2404,2338,2323,2289,2446,2349,2485,2641,2455,2480,2515,2423,2520,2391,2626,2539,2562,2511,2373,2499,2356,2630,2250,2601,2573,2402,2766,2172,2313,2355,2635,2474,2356,2644,2467,2497,2585,2428,2585,2151,2545,2423,2449,2203,2412,2613,2280,2707,2315,2455,2235,2402,2419,2633,2307,2460,2626,2387,2385,2384,2456,2373,2527,2510,2415,2342,2578,2450,2723,2388,2539,2431,2511,2286,2535,2487,2476,2444,2447,2494,2435,2678,2388,2557,2574,2470,2414,2297,2422,2371,2547,2469,2371,2276,2464,2598,2590,2230,2445,2591,2553,2151,2445,2248,2381,2443,2353,2477,2339,2281,2502,2374,2428,2492,2201,2656,2441,2356,2459,2432,2321,2235,2481,2638,2355,2483,2437,2468,2637,2420,2438,2487,2401,2404,2551,2363,2484,2334,2346,2307,2538,2306,2485,2664,2197,2388,2475,2584,2381,2355,2371,2614,2538,2336,2304,2418,2436,2246,2521,2329,2309,2595,2321,2423,2242,2453,2449,2267,2521,2513,2371,2533,2527,2452,2627,2131,2560,2553,2714,2342,2451,2388,2359,2481,2545,2558,2365,2294,2421,2394,2449,2502,2570,2483,2221,2593,2461,2595,2285,2480,2400,2690,2353,2404,2536,2661,2333,2456,2429,2385,2404,2308,2473,2288,2319,2406,2462,2329,2209,2483,2595,2294,2378,2389,2322,2518,2619,2583,2436,2534,2461,2340,2180,2303,2521,2235,2708,2413,2622,2572,2586,2323,2491,2589,2452,2690,2552,2426,2635,2477,2360,2706,2526,2082,2457,2377,2373,2377,2495,2452,2618,2626,2363,2261,2542,2466,2397,2422,2587,2351,2439,2567,2327,2404,2244,2417,2224,2396,2349,2363,2324,2595,2333,2622,2495,2462,2638,2014,2462,2464,2381,2589,2457,2597,2323,2453,2406,2442,2555,2481,2734,2373,2474,2362,2419,2394,2316,2377,2387,2235,2633,2457,2526,2540,2307,2534,2345,2534,2388,2582,2331,2648,2504,2573,2345,2492,2304,2667,2418,2477,2386,2679,2362,2476,2405,2435,2440,2513,2272,2593,2203,2343,2363,2399,2240,2565,2331,2490,2494,2078,2369,2314,2571,2504,2386,2661,2354,2325,2417,2589,2415,2644,2481,2588,2531,2700,2397,2469,2389,2352,2034,2401,2402,2340,2287,2600,2435,2353,2289,2336,2528,2421,2426,2436,2378,2235,2382,2664,2408,2194,2505,2665,2269,2571,2554,2409,2511,2293,2440,2298,2401,2273,2387,2513,2550,2350,2438,2427,2408,2496,2384,2473,2439,2723,2708,2473,2223,2600,2354,2677,2518,2498,2428,2696,2511,2175,2389,2543,2346,2421,2485,2443,2597,2317,2599,2478,2617,2484,2532,2427,2470,2373,2319,2550,2417,2361,2526,2483,2466,2587,2372,2624,2630,2446,2541,2493,2417,2575,2506,2231,2362,2597,2460,2326,2629,2547,2421,2286,2341,2409,2457,2506,2427,2564,2677,2476,2442,2497,2621,2443,2385,2420,2459,2325,2316,2333,2362,2490,2402,2523,2339,2457,2355,2559,2613,2441,2473,2375,2476,2523,2305,2376,2191,2556,2285,2554,2665,2549,2492,2702,2507,2437,2322,2443,2409,2388,2480,2331,2361,2476,2490,2460,2297,2619,2681,2533,2379,2542,2417,2386,2331,2648,2601,2457,2509,2380,2355,2503,2521,2199,2305,2320,2553,2334,2483,2248,2384,2385,2729,2328,2586,2497,2424,2525,2418,2478,2407,2350,2491,2479,2425,2473,2571,2498,2307,2487,2657,2572,2367,2464,2294,2436,2475,2248,2327,2572,2358,2362,2307,2660,2615,2324,2581,2194,2438,2377,2475,2655,2700,2316,2250,2415,2478,2442,2679,2504,2454,2481,2513,2609,2418,2417,2366,2517,2383,2503,2556,2571,2427,2372,2360,2435,2674,2507,2565,2623,2559,2252,2447,2431,2444,2336,2465,2375,2554,2586,2451,2455,2541,2628,2528,2357,2353,2351,2552,2513,2279,2197,2595,2384,2381,2367,2323,2630,2488,2600,2440,2669,2598,2397,2434,2469,2737,2393,2506,2270,2516,2502,2686,2473,2484,2603,2609,2273,2549,2314,2411,2423,2267,2287,2470,2256,2490,2627,2210,2503,2567,2611,2457,2475,2452,2527,2466,2449,2610,2655,2559,2609,2384,2428,2357,2380,2578,2482,2440,2540,2468,2571,2383,2404,2259,2352,2373,2437,2331,2381,2424,2437,2533,2529,2480,2380,2413,2237,2294,2589,2389,2348,2733,2508,2403,2201,2463,2626,2545,2547,2510,2397,2498,2436,2449,2468,2461,2524,2270,2517,2483,2370,2199,2676,2431,2545,2350,2425,2393,2414,2418,2532,2379,2586,2354,2304,2425,2338,2472,2552,2271,2461,2444,2424,2463,2335,2400,2411,2289,2278,2565,2671,2711,2490,2422,2293,2538,2630,2465,2422,2357,2596,2492,2384,2537,2459,2471,2545,2517,2304,2659,2538,2341,2431,2362,2497
2570,2460,2485,2493,2599,2667,2609,2300,2221,2352,2833,2531,2611,2516,2383,2549,2392,2532,2557,2418,2474,2488,2593,2814,2375,2518,2640,2550,2440,2484,2668,2698,2719,2520,2584,2610,2543,2550,2594,2441,2556,2548,2433,2599,2611,2484,2517,2548,2695,2501,2382,2445,2648,2655,2540,2813,2801,2716,2464,2212,2493,2817,2581,2420,2408,2437,2623,2433,2612,2443,2656,2472,2384,2599,2645,2748,2475,2482,2654,2139,2598,2537,2635,2673,2444,2489,2510,2650,2594,2715,2428,2477,2476,2509,2686,2563,2319,2616,2480,2741,2647,2154,2571,2662,2539,2500,2353,2872,2503,2602,2585,2481,2378,2588,2460,2498,2609,2534,2590,2393,2505,2418,2561,2759,2512,2697,2496,2376,2426,2395,2659,2513,2393,2449,2433,2612,2251,2572,2630,2486,2648,2373,2421,2480,2448,2749,2353,2331,2561,2525,2538,2417,2560,2613,2416,2597,2560,2638,2250,2555,2710,2543,2451,2405,2647,2729,2523,2724,2447,2638,2575,2559,2558,2544,2694,2657,2376,2509,2311,2528,2578,2675,2565,2715,2582,2653,2509,2478,2378,2257,2830,2501,2563,2498,2257,2636,2454,2558,2524,2389,2606,2376,2624,2634,2438,2609,2670,2693,2573,2628,2431,2339,2533,2546,2689,2680,2621,2432,2689,2378,2587,2520,2729,2558,2641,2521,2534,2567,2419,2742,2438,2678,2786,2405,2881,2202,2330,2539,2580,2467,2476,2749,2611,2592,2736,2520,2651,2333,2607,2444,2520,2273,2537,2726,2494,2820,2427,2480,2401,2500,2522,2835,2458,2583,2661,2537,2527,2452,2556,2402,2689,2711,2477,2418,2674,2551,2720,2496,2614,2562,2560,2391,2674,2567,2570,2520,2629,2589,2444,2809,2499,2588,2643,2457,2433,2428,2484,2417,2639,2647,2498,2391,2539,2664,2618,2407,2627,2668,2627,2217,2572,2322,2452,2459,2418,2547,2389,2338,2669,2421,2371,2602,2333,2753,2501,2377,2525,2493,2429,2474,2479,2715,2511,2656,2495,2528,2716,2455,2532,2485,2518,2408,2610,2531,2489,2394,2387,2351,2656,2446,2507,2669,2285,2500,2583,2658,2565,2357,2434,2658,2719,2394,2380,2552,2559,2527,2668,2386,2357,2647,2336,2514,2360,2586,2600,2402,2657,2620,2442,2492,2585,2537,2645,2217,2666,2611,2674,2349,2436,2518,2460,2636,2505,2751,2445,2327,2680,2399,2603,2576,2603,2568,2234,2612,2526,2597,2358,2678,2512,2733,2518,2491,2564,2823,2370,2502,2454,2667,2381,2374,2530,2417,2418,2530,2645,2385,2280,2698,2626,2387,2464,2421,2509,2621,2748,2618,2526,2595,2395,2433,2314,2389,2558,2286,2763,2515,2667,2620,2712,2446,2582,2666,2457,2739,2753,2550,2736,2625,2440,2715,2689,2209,2419,2420,2439,2513,2571,2589,2777,2626,2443,2455,2480,2563,2549,2525,2555,2430,2560,2625,2504,2380,2327,2449,2326,2437,2525,2499,2354,2656,2544,2798,2637,2550,2785,2095,2592,2628,2460,2671,2537,2671,2412,2474,2417,2543,2725,2492,2755,2576,2611,2423,2511,2492,2560,2457,2521,2310,2691,2529,2617,2643,2440,2637,2470,2533,2434,2740,2543,2601,2502,2609,2411,2594,2351,2777,2510,2509,2544,2702,2279,2554,2608,2499,2523,2530,2343,2745,2259,2468,2413,2486,2307,2622,2445,2559,2576,2242,2498,2495,2574,2660,2461,2703,2408,2445,2592,2622,2530,2626,2542,2659,2620,2870,2290,2434,2591,2488,2247,2580,2466,2458,2273,2598,2513,2393,2368,2463,2619,2544,2506,2424,2510,2321,2463,2747,2560,2322,2526,2700,2380,2690,2640,2435,2616,2323,2558,2416,2444,2267,2324,2560,2575,2498,2521,2588,2401,2557,2477,2655,2504,2757,2775,2482,2385,2618,2506,2790,2645,2557,2440,2815,2582,2286,2474,2736,2400,2383,2556,2486,2565,2408,2677,2685,2774,2599,2631,2581,2562,2491,2290,2640,2610,2501,2541,2624,2570,2670,2544,2636,2658,2575,2627,2593,2404,2660,2590,2334,2411,2535,2534,2397,2606,2595,2538,2392,2446,2445,2566,2626,2493,2539,2736,2602,2525,2575,2658,2580,2614,2419,2597,2470,2419,2494,2326,2543,2496,2696,2434,2628,2475,2526,2699,2458,2613,2503,2589,2566,2202,2443,2240,2629,2368,2633,2699,2741,2661,2732,2526,2568,2297,2508,2553,2467,2594,2425,2387,2602,2608,2505,2393,2765,2731,2671,2411,2654,2520,2540,2435,2779,2588,2484,2578,2568,2431,2563,2613,2298,2409,2424,2628,2485,2518,2296,2479,2448,2692,2537,2678,2592,2566,2522,2484,2512,2612,2419,2525,2544,2486,2526,2638,2579,2285,2565,2657,2601,2358,2484,2293,2496,2492,2318,2362,2603,2520,2364,2432,2792,2588,2465,2596,2307,2404,2532,2684,2768,2746,2414,2383,2520,2576,2551,2689,2477,2542,2526,2576,2702,2530,2628,2360,2608,2498,2670,2690,2590,2606,2495,2483,2502,2647,2579,2796,2717,2603,2282,2610,2431,2568,2380,2526,2468,2673,2650,2555,2507,2558,2616,2582,2429,2473,2579,2644,2643,2408,2299,2649,2515,2492,2461,2445,2651,2516,2677,2504,2770,2629,2483,2541,2531,2811,2439,2476,2290,2577,2590,2645,2493,2553,2668,2652,2414,2611,2445,2411,2498,2338,2392,2411,2412,2469,2710,2346,2557,2536,2687,2663,2588,2664,2597,2480,2578,2643,2728,2661,2605,2439,2576,2399,2439,2648,2535,2448,2520,2559,2708,2486,2542,2374,2379,2433,2434,2533,2477,2555,2572,2667,2650,2643,2436,2465,2337,2333,2678,2530,2451,2884,2448,2462,2370,2494,2758,2678,2586,2673,2551,2573,2636,2541,2561,2599,2597,2410,2517,2643,2443,2375,2775,2485,2584,2347,2500,2498,2560,2582,2712,2452,2645,2346,2462,2567,2409,2559,2591,2327,2405,2559,2475,2665,2459,2532,2376,2397,2484,2732,2761,2840,2573,2372,2526,2561,2787,2588,2492,2458,2658,2583,2523,2720,2499,2454,2607,2731,2486,2660,2583,2421,2558,2392,2609
2404,2306,2395,2449,2479,2468,2611,2258,2130,2395,2674,2448,2596,2359,2285,2468,2398,2541,2415,2324,2430,2398,2575,2706,2367,2370,2477,2447,2252,2465,2542,2677,2619,2483,2546,2371,2384,2515,2495,2428,2525,2547,2307,2478,2538,2341,2508,2484,2546,2409,2354,2279,2557,2459,2405,2703,2607,2674,2305,2193,2428,2637,2458,2274,2354,2412,2489,2335,2563,2384,2576,2317,2361,2573,2584,2526,2375,2454,2640,2175,2509,2451,2613,2599,2387,2364,2476,2462,2471,2586,2400,2357,2337,2440,2575,2528,2202,2510,2319,2519,2488,2107,2504,2573,2360,2373,2243,2736,2457,2537,2599,2362,2292,2443,2425,2313,2502,2383,2424,2396,2501,2351,2502,2588,2460,2624,2440,2336,2424,2215,2572,2445,2398,2439,2415,2444,2191,2487,2563,2367,2523,2331,2274,2424,2340,2583,2249,2387,2492,2528,2471,2405,2447,2641,2353,2437,2474,2542,2261,2466,2528,2458,2461,2298,2563,2698,2412,2603,2379,2519,2458,2537,2508,2497,2499,2662,2253,2626,2334,2520,2525,2620,2432,2598,2504,2557,2469,2388,2271,2130,2736,2386,2532,2411,2162,2578,2454,2468,2584,2456,2444,2324,2541,2528,2347,2605,2564,2591,2458,2441,2511,2337,2468,2415,2554,2631,2557,2468,2543,2355,2496,2452,2669,2433,2522,2387,2429,2414,2279,2640,2384,2654,2685,2320,2772,2191,2270,2440,2503,2499,2409,2701,2439,2534,2653,2405,2603,2315,2499,2366,2470,2234,2531,2596,2502,2736,2374,2353,2246,2476,2357,2650,2360,2540,2567,2498,2487,2380,2486,2358,2519,2580,2400,2433,2535,2408,2718,2369,2562,2400,2569,2330,2527,2462,2513,2445,2488,2519,2415,2623,2439,2529,2533,2361,2248,2394,2527,2347,2596,2456,2408,2219,2448,2667,2566,2219,2472,2676,2506,2133,2605,2259,2292,2371,2387,2434,2339,2228,2534,2323,2247,2509,2211,2580,2357,2350,2500,2381,2271,2355,2302,2542,2436,2530,2378,2609,2586,2453,2349,2469,2424,2367,2547,2377,2416,2291,2291,2311,2491,2358,2405,2622,2261,2498,2537,2544,2378,2462,2446,2553,2590,2385,2327,2398,2530,2435,2502,2280,2291,2605,2255,2386,2228,2588,2485,2355,2652,2450,2359,2424,2570,2422,2638,2208,2613,2482,2550,2248,2418,2467,2396,2526,2458,2660,2342,2293,2488,2248,2457,2559,2684,2489,2201,2563,2524,2576,2286,2497,2400,2706,2363,2441,2564,2599,2333,2366,2365,2511,2297,2282,2362,2264,2419,2540,2424,2279,2230,2541,2717,2284,2417,2356,2415,2572,2559,2475,2653,2526,2400,2416,2201,2482,2425,2180,2712,2419,2602,2569,2731,2401,2529,2538,2454,2641,2686,2474,2677,2610,2389,2594,2570,2072,2394,2363,2467,2409,2540,2573,2581,2466,2328,2341,2435,2476,2495,2397,2565,2451,2463,2550,2480,2369,2207,2482,2180,2337,2478,2360,2184,2563,2383,2556,2565,2439,2665,2077,2380,2542,2284,2499,2477,2520,2276,2314,2374,2405,2539,2368,2740,2419,2477,2363,2553,2341,2347,2415,2430,2268,2514,2423,2461,2561,2374,2529,2371,2423,2400,2627,2396,2661,2463,2512,2402,2524,2312,2619,2363,2395,2530,2699,2327,2492,2409,2374,2450,2413,2324,2633,2201,2442,2450,2267,2323,2671,2378,2564,2435,2117,2422,2314,2555,2472,2362,2663,2377,2383,2351,2501,2606,2493,2538,2493,2647,2668,2157,2352,2500,2369,2237,2506,2323,2371,2282,2424,2263,2293,2411,2338,2486,2401,2480,2414,2419,2286,2397,2652,2494,2310,2435,2640,2282,2490,2505,2373,2524,2327,2472,2429,2331,2322,2355,2519,2642,2377,2425,2500,2293,2452,2440,2564,2527,2601,2626,2341,2328,2467,2428,2806,2574,2426,2437,2696,2416,2215,2368,2586,2204,2311,2435,2395,2454,2337,2590,2411,2550,2640,2589,2457,2440,2383,2230,2622,2511,2436,2414,2468,2475,2523,2416,2591,2589,2461,2501,2475,2251,2634,2578,2239,2341,2603,2439,2371,2519,2537,2563,2315,2243,2426,2486,2473,2486,2515,2610,2499,2389,2468,2655,2497,2482,2352,2589,2455,2396,2362,2277,2489,2370,2494,2399,2589,2373,2482,2604,2342,2535,2445,2538,2593,2125,2427,2206,2538,2327,2436,2665,2551,2669,2635,2366,2406,2330,2354,2435,2444,2500,2338,2363,2493,2481,2392,2232,2745,2694,2462,2296,2613,2423,2381,2479,2601,2433,2534,2512,2486,2323,2476,2531,2274,2343,2358,2650,2303,2400,2241,2417,2334,2731,2435,2552,2511,2545,2447,2455,2394,2638,2423,2420,2499,2429,2463,2552,2540,2362,2485,2553,2553,2410,2545,2372,2418,2455,2287,2363,2463,2289,2312,2452,2708,2627,2517,2556,2196,2338,2334,2570,2652,2693,2308,2352,2439,2492,2390,2569,2499,2449,2443,2518,2651,2411,2463,2442,2462,2531,2471,2561,2499,2485,2386,2368,2456,2638,2519,2626,2571,2349,2242,2423,2441,2404,2345,2468,2447,2423,2493,2492,2435,2527,2593,2529,2361,2411,2498,2495,2499,2339,2158,2595,2404,2484,2422,2274,2517,2377,2668,2485,2726,2560,2342,2453,2416,2711,2387,2473,2210,2527,2491,2619,2405,2571,2674,2538,2240,2500,2362,2413,2517,2303,2366,2386,2382,2510,2594,2256,2502,2392,2595,2401,2470,2620,2416,2367,2502,2600,2593,2509,2520,2469,2541,2393,2502,2574,2462,2379,2434,2435,2603,2408,2399,2249,2312,2370,2424,2366,2399,2414,2346,2471,2517,2491,2300,2410,2257,2284,2580,2419,2487,2733,2331,2390,2279,2486,2602,2676,2483,2557,2489,2468,2630,2577,2432,2522,2581,2387,2543,2562,2428,2246,2688,2315,2469,2307,2354,2491,2477,2390,2581,2381,2591,2258,2295,2467,2328,2405,2465,2256,2407,2477,2474,2559,2352,2532,2420,2351,2403,2575,2649,2732,2530,2364,2336,2519,2651,2512,2425,2477,2458,2488,2343,2546,2482,2345,2477,2533,2391,2595,2515,2353,2510,2305,2447
2531,2489,2494,2411,2559,2587,2741,2365,2209,2439,2655,2563,2579,2550,2456,2610,2523,2608,2416,2351,2490,2464,2542,2845,2407,2395,2603,2550,2365,2628,2700,2765,2670,2600,2659,2568,2432,2647,2648,2504,2587,2535,2409,2659,2530,2374,2620,2534,2674,2531,2496,2522,2666,2641,2530,2769,2813,2658,2475,2371,2494,2673,2515,2405,2595,2395,2492,2445,2498,2397,2694,2423,2459,2618,2764,2641,2462,2516,2634,2275,2583,2567,2717,2714,2490,2412,2590,2465,2553,2685,2470,2553,2447,2464,2541,2568,2393,2567,2450,2565,2602,2204,2595,2677,2577,2540,2406,2870,2547,2544,2598,2449,2459,2559,2449,2324,2472,2451,2408,2353,2573,2445,2550,2644,2577,2671,2532,2317,2520,2396,2675,2532,2533,2474,2447,2546,2324,2476,2660,2411,2611,2471,2305,2539,2539,2686,2326,2438,2511,2576,2596,2356,2503,2680,2431,2524,2486,2613,2303,2553,2580,2589,2481,2406,2556,2655,2570,2707,2557,2632,2605,2529,2605,2568,2611,2641,2381,2664,2527,2506,2651,2666,2608,2678,2508,2573,2675,2570,2409,2241,2796,2479,2647,2479,2251,2734,2456,2403,2624,2550,2597,2470,2604,2673,2466,2744,2661,2680,2579,2461,2551,2360,2489,2459,2631,2773,2541,2356,2648,2412,2607,2546,2757,2530,2634,2407,2503,2609,2317,2677,2443,2715,2784,2327,2875,2281,2344,2522,2596,2547,2469,2707,2549,2515,2776,2600,2704,2356,2640,2441,2642,2312,2560,2662,2491,2834,2441,2465,2372,2479,2499,2699,2456,2697,2616,2600,2513,2500,2621,2406,2635,2756,2499,2439,2627,2388,2707,2463,2632,2592,2558,2421,2555,2558,2618,2489,2592,2683,2440,2747,2634,2590,2641,2444,2328,2473,2413,2412,2726,2503,2492,2375,2541,2730,2722,2348,2518,2680,2535,2170,2777,2292,2361,2418,2469,2406,2265,2380,2545,2454,2418,2627,2228,2630,2465,2474,2627,2557,2304,2427,2549,2587,2469,2618,2485,2638,2798,2557,2575,2573,2460,2567,2674,2472,2518,2463,2410,2373,2674,2402,2471,2712,2323,2643,2591,2713,2436,2445,2519,2656,2737,2363,2381,2517,2544,2552,2669,2359,2397,2635,2313,2457,2355,2557,2550,2380,2695,2526,2418,2504,2582,2534,2656,2310,2615,2588,2763,2452,2421,2549,2527,2610,2526,2802,2416,2383,2595,2444,2583,2693,2704,2565,2293,2532,2623,2629,2347,2636,2542,2758,2535,2522,2714,2750,2507,2488,2488,2728,2492,2402,2544,2270,2366,2662,2563,2443,2249,2690,2735,2395,2456,2445,2393,2458,2694,2626,2646,2615,2391,2450,2304,2566,2490,2290,2795,2559,2578,2590,2765,2515,2631,2618,2541,2747,2837,2503,2834,2613,2422,2765,2701,2205,2517,2392,2626,2489,2675,2558,2620,2582,2449,2405,2587,2476,2488,2618,2609,2509,2517,2574,2488,2431,2368,2501,2280,2403,2632,2485,2303,2621,2489,2688,2654,2578,2742,2135,2475,2619,2457,2590,2559,2547,2337,2423,2500,2359,2662,2604,2713,2557,2652,2434,2531,2472,2492,2472,2420,2228,2587,2473,2507,2660,2364,2483,2435,2581,2490,2783,2455,2774,2493,2593,2496,2607,2397,2758,2549,2598,2499,2749,2368,2576,2466,2447,2555,2485,2380,2723,2229,2487,2341,2441,2325,2746,2448,2603,2616,2240,2476,2397,2610,2658,2546,2753,2454,2541,2434,2639,2681,2612,2722,2603,2569,2799,2389,2441,2596,2432,2313,2547,2436,2428,2293,2498,2410,2373,2551,2477,2643,2542,2618,2394,2509,2287,2444,2662,2551,2362,2463,2735,2443,2730,2542,2531,2628,2392,2546,2327,2303,2403,2373,2558,2611,2323,2449,2529,2448,2459,2523,2597,2621,2793,2660,2584,2404,2662,2433,2860,2565,2485,2413,2692,2609,2310,2454,2603,2354,2473,2479,2510,2507,2359,2850,2497,2711,2567,2641,2606,2572,2510,2373,2797,2605,2514,2406,2609,2575,2660,2417,2615,2580,2525,2552,2606,2243,2747,2627,2370,2406,2705,2593,2429,2609,2585,2488,2419,2449,2520,2596,2620,2506,2713,2743,2573,2465,2519,2694,2567,2632,2502,2569,2488,2382,2460,2282,2525,2482,2629,2574,2644,2514,2556,2730,2533,2675,2482,2611,2703,2113,2549,2221,2599,2366,2564,2775,2671,2847,2700,2555,2617,2389,2443,2492,2513,2594,2431,2411,2662,2517,2496,2363,2749,2770,2629,2394,2768,2389,2460,2547,2737,2560,2509,2515,2628,2348,2522,2597,2232,2340,2419,2585,2503,2385,2420,2517,2499,2869,2573,2628,2663,2671,2631,2546,2459,2515,2414,2532,2548,2479,2496,2635,2636,2396,2534,2664,2752,2564,2618,2429,2501,2595,2284,2431,2517,2549,2430,2470,2730,2649,2540,2710,2268,2443,2458,2662,2793,2719,2396,2424,2469,2466,2461,2572,2513,2558,2565,2541,2592,2425,2570,2519,2561,2533,2620,2567,2652,2493,2387,2432,2614,2700,2668,2641,2597,2570,2282,2569,2433,2620,2498,2550,2558,2467,2672,2539,2419,2462,2611,2573,2493,2388,2578,2511,2604,2460,2257,2636,2380,2513,2433,2508,2676,2519,2784,2557,2788,2556,2420,2572,2494,2753,2407,2543,2221,2622,2580,2632,2491,2664,2739,2619,2422,2631,2541,2472,2530,2400,2401,2467,2385,2510,2710,2324,2526,2556,2651,2660,2711,2617,2521,2584,2590,2608,2636,2612,2557,2491,2535,2421,2566,2779,2484,2492,2710,2600,2718,2486,2440,2328,2273,2582,2494,2415,2506,2570,2442,2602,2639,2599,2369,2456,2256,2302,2621,2477,2672,2763,2551,2430,2364,2627,2728,2721,2530,2651,2425,2517,2641,2558,2486,2639,2612,2446,2560,2657,2482,2491,2833,2434,2625,2444,2556,2571,2602,2470,2591,2438,2685,2336,2424,2524,2462,2489,2599,2339,2445,2618,2601,2562,2507,2455,2418,2448,2493,2640,2787,2684,2588,2410,2431,2614,2808,2596,2479,2514,2581,2628,2445,2583,2400,2452,2533,2766,2655,2687,2625,2359,2570,2513,2449
2548,2456,2602,2495,2578,2738,2615,2378,2259,2425,2622,2578,2597,2505,2457,2653,2555,2604,2553,2384,2457,2535,2536,2825,2553,2438,2633,2555,2406,2486,2696,2763,2707,2682,2659,2579,2461,2712,2671,2510,2625,2594,2400,2617,2460,2489,2548,2585,2610,2521,2508,2330,2706,2626,2580,2731,2644,2644,2541,2326,2491,2745,2547,2361,2623,2358,2575,2392,2537,2410,2647,2432,2515,2549,2615,2583,2484,2515,2626,2334,2629,2438,2838,2791,2473,2499,2573,2542,2689,2666,2506,2526,2379,2459,2621,2637,2490,2578,2401,2516,2529,2294,2522,2541,2585,2526,2335,2863,2475,2713,2604,2513,2455,2505,2431,2354,2616,2476,2559,2497,2485,2417,2566,2657,2528,2603,2554,2373,2545,2352,2561,2519,2465,2502,2552,2643,2267,2595,2717,2481,2586,2437,2433,2607,2505,2603,2276,2400,2619,2573,2608,2400,2670,2631,2455,2391,2525,2622,2268,2447,2551,2532,2576,2521,2544,2647,2528,2659,2572,2639,2660,2579,2704,2598,2673,2690,2363,2629,2489,2462,2710,2605,2651,2720,2578,2586,2611,2575,2399,2233,2811,2444,2533,2491,2151,2698,2493,2413,2632,2410,2551,2379,2643,2568,2395,2579,2710,2641,2455,2481,2568,2380,2515,2477,2676,2825,2589,2417,2500,2368,2600,2527,2763,2543,2600,2494,2418,2542,2405,2654,2539,2822,2751,2351,2960,2347,2396,2589,2503,2654,2494,2657,2612,2626,2772,2593,2710,2451,2667,2419,2645,2236,2550,2637,2518,2847,2389,2487,2404,2521,2375,2718,2425,2700,2519,2533,2561,2514,2548,2453,2652,2757,2493,2503,2663,2462,2771,2477,2751,2592,2515,2349,2549,2527,2575,2489,2561,2722,2457,2750,2661,2809,2685,2469,2385,2610,2431,2475,2723,2592,2594,2375,2438,2801,2802,2441,2454,2746,2408,2334,2786,2324,2368,2496,2435,2379,2330,2344,2663,2433,2381,2626,2303,2626,2401,2504,2530,2443,2407,2500,2533,2588,2569,2563,2469,2675,2606,2554,2534,2634,2474,2518,2655,2554,2473,2514,2423,2374,2600,2434,2407,2660,2273,2687,2595,2613,2384,2509,2472,2697,2776,2539,2409,2495,2536,2617,2550,2430,2566,2669,2354,2473,2348,2583,2608,2483,2738,2494,2538,2466,2569,2479,2620,2342,2670,2634,2703,2408,2468,2520,2490,2587,2582,2651,2411,2376,2657,2378,2506,2703,2679,2558,2368,2710,2598,2695,2361,2628,2502,2761,2519,2494,2640,2833,2438,2471,2552,2725,2431,2352,2589,2367,2460,2622,2574,2248,2305,2572,2750,2353,2399,2599,2412,2499,2589,2594,2580,2491,2352,2465,2353,2574,2455,2456,2660,2581,2632,2585,2801,2482,2513,2668,2470,2680,2742,2574,2757,2682,2415,2745,2733,2227,2546,2435,2585,2517,2649,2681,2558,2589,2400,2406,2582,2527,2682,2564,2557,2644,2566,2637,2637,2493,2322,2469,2311,2377,2528,2463,2431,2677,2564,2763,2785,2538,2821,2169,2524,2616,2443,2484,2551,2534,2417,2546,2569,2423,2747,2557,2834,2428,2695,2376,2582,2448,2441,2477,2518,2212,2622,2526,2536,2698,2473,2467,2458,2509,2488,2677,2476,2714,2476,2615,2415,2634,2372,2697,2611,2525,2571,2631,2324,2456,2568,2465,2534,2512,2433,2750,2220,2425,2403,2400,2339,2765,2369,2607,2682,2263,2559,2428,2707,2569,2526,2621,2482,2492,2474,2594,2690,2516,2696,2538,2654,2750,2424,2412,2562,2520,2366,2535,2451,2433,2308,2440,2497,2376,2533,2437,2638,2572,2626,2546,2532,2341,2580,2659,2495,2463,2490,2816,2300,2725,2626,2485,2577,2396,2558,2380,2478,2376,2380,2589,2644,2385,2442,2534,2435,2464,2526,2565,2659,2735,2636,2536,2386,2665,2475,2898,2602,2445,2580,2683,2440,2323,2463,2671,2346,2427,2443,2470,2590,2434,2735,2582,2789,2610,2579,2481,2498,2495,2431,2800,2608,2474,2448,2633,2460,2605,2446,2643,2573,2487,2540,2587,2356,2757,2534,2312,2342,2677,2544,2415,2597,2645,2459,2454,2477,2481,2500,2662,2489,2625,2698,2564,2525,2640,2694,2627,2545,2583,2625,2550,2422,2446,2319,2579,2536,2598,2453,2681,2501,2489,2634,2629,2608,2468,2679,2557,2156,2490,2200,2657,2440,2487,2693,2732,2765,2822,2430,2531,2412,2498,2575,2499,2541,2503,2380,2731,2725,2509,2401,2794,2866,2579,2393,2741,2548,2465,2555,2724,2592,2524,2554,2552,2426,2492,2577,2324,2331,2419,2720,2485,2339,2425,2440,2471,2849,2534,2673,2660,2663,2561,2476,2395,2565,2447,2526,2537,2484,2518,2583,2551,2377,2578,2589,2718,2458,2621,2549,2543,2551,2400,2441,2467,2468,2415,2484,2780,2729,2596,2714,2253,2387,2446,2637,2680,2755,2387,2397,2475,2461,2423,2643,2593,2586,2450,2482,2638,2484,2494,2484,2572,2624,2635,2640,2597,2567,2458,2440,2552,2643,2661,2701,2671,2498,2297,2488,2446,2657,2455,2585,2467,2544,2565,2526,2464,2440,2636,2691,2464,2417,2544,2480,2673,2487,2239,2585,2454,2600,2511,2483,2732,2508,2739,2551,2731,2619,2444,2623,2523,2752,2525,2555,2336,2614,2562,2676,2508,2584,2691,2688,2449,2565,2588,2532,2545,2422,2414,2490,2475,2499,2629,2361,2536,2532,2638,2584,2746,2717,2500,2574,2494,2619,2687,2507,2501,2459,2641,2420,2553,2708,2637,2482,2685,2542,2606,2460,2381,2361,2299,2536,2546,2519,2568,2569,2492,2486,2733,2709,2350,2542,2230,2336,2468,2488,2627,2833,2503,2387,2461,2604,2692,2630,2508,2672,2501,2609,2659,2548,2537,2663,2679,2427,2566,2532,2563,2338,2766,2485,2549,2512,2471,2562,2525,2452,2727,2426,2751,2326,2387,2510,2431,2498,2566,2351,2538,2551,2582,2614,2500,2500,2575,2389,2511,2665,2766,2699,2583,2361,2409,2750,2856,2616,2563,2471,2545,2681,2392,2589,2505,2377,2630,2661,2557,2585,2667,2403,2515,2458,2509
2346,2299,2437,2359,2269,2486,2454,2321,2134,2303,2433,2522,2432,2348,2312,2538,2353,2515,2435,2271,2353,2339,2337,2640,2316,2196,2427,2352,2188,2357,2516,2584,2645,2544,2540,2430,2255,2506,2455,2371,2457,2389,2333,2535,2358,2343,2429,2406,2421,2414,2324,2320,2599,2485,2322,2598,2525,2417,2323,2144,2319,2528,2261,2160,2441,2275,2339,2276,2396,2232,2531,2226,2377,2462,2418,2478,2352,2381,2398,2145,2481,2366,2573,2603,2340,2305,2324,2257,2468,2578,2305,2350,2286,2393,2500,2435,2277,2387,2365,2423,2397,2097,2388,2468,2433,2258,2232,2619,2420,2449,2404,2317,2289,2475,2389,2191,2360,2343,2342,2228,2397,2229,2385,2513,2400,2362,2442,2224,2328,2156,2508,2271,2366,2357,2278,2538,2251,2346,2461,2380,2300,2375,2332,2442,2376,2449,2196,2289,2379,2335,2524,2312,2475,2502,2311,2342,2288,2385,2117,2261,2295,2409,2336,2253,2393,2453,2408,2575,2393,2372,2409,2344,2563,2389,2403,2515,2235,2500,2359,2411,2470,2481,2466,2578,2398,2426,2518,2351,2323,2071,2672,2294,2464,2336,2177,2498,2395,2218,2401,2352,2498,2237,2427,2493,2170,2523,2474,2459,2483,2467,2449,2249,2373,2339,2522,2657,2437,2431,2419,2209,2335,2433,2478,2401,2529,2262,2377,2432,2236,2416,2299,2638,2514,2244,2671,2172,2215,2436,2358,2428,2345,2545,2365,2451,2619,2411,2491,2271,2472,2395,2507,2226,2403,2414,2383,2722,2257,2276,2226,2517,2358,2564,2295,2501,2322,2364,2358,2292,2405,2283,2565,2589,2410,2361,2476,2333,2706,2254,2591,2348,2352,2215,2401,2406,2358,2351,2389,2408,2292,2618,2460,2550,2457,2318,2215,2498,2201,2377,2566,2351,2377,2200,2233,2611,2498,2254,2333,2548,2260,2177,2612,2238,2199,2403,2317,2257,2166,2228,2375,2245,2242,2449,2186,2432,2357,2322,2391,2441,2216,2274,2423,2444,2329,2408,2367,2533,2440,2408,2391,2430,2234,2399,2489,2335,2391,2339,2264,2216,2536,2276,2305,2422,2088,2497,2351,2527,2210,2287,2314,2498,2602,2417,2123,2284,2486,2414,2426,2232,2286,2459,2172,2166,2239,2517,2381,2238,2564,2303,2278,2254,2337,2410,2433,2275,2519,2429,2531,2294,2341,2391,2436,2399,2323,2591,2247,2265,2543,2283,2381,2501,2465,2328,2205,2479,2378,2499,2287,2501,2356,2502,2278,2454,2486,2615,2371,2371,2307,2502,2278,2184,2468,2157,2423,2437,2427,2349,2233,2434,2467,2243,2364,2465,2316,2357,2287,2393,2564,2352,2241,2382,2192,2345,2375,2254,2545,2440,2427,2477,2636,2292,2450,2423,2331,2626,2683,2469,2457,2422,2229,2564,2465,2166,2370,2367,2407,2277,2384,2571,2396,2392,2231,2405,2428,2456,2512,2385,2415,2430,2324,2436,2378,2277,2190,2367,2127,2290,2391,2392,2317,2516,2338,2432,2572,2333,2609,2022,2464,2545,2339,2373,2452,2393,2315,2365,2403,2251,2585,2375,2608,2222,2624,2345,2384,2183,2397,2287,2344,2112,2377,2288,2448,2446,2282,2360,2312,2251,2439,2508,2267,2597,2303,2353,2281,2422,2203,2513,2460,2386,2338,2620,2187,2269,2368,2307,2456,2340,2292,2616,2141,2238,2268,2281,2217,2599,2189,2473,2389,2158,2368,2236,2482,2463,2399,2475,2338,2216,2299,2431,2571,2331,2480,2283,2389,2596,2306,2167,2481,2208,2254,2358,2194,2336,2178,2309,2327,2254,2374,2299,2426,2405,2484,2340,2409,2119,2446,2494,2503,2310,2395,2497,2247,2554,2541,2351,2366,2273,2360,2205,2272,2203,2173,2340,2473,2144,2328,2321,2271,2330,2353,2356,2412,2581,2465,2401,2199,2422,2317,2663,2454,2250,2353,2555,2386,2218,2269,2464,2203,2237,2268,2208,2313,2298,2479,2419,2425,2567,2397,2391,2468,2325,2245,2592,2388,2325,2246,2413,2324,2531,2303,2422,2404,2355,2433,2440,2107,2568,2378,2140,2319,2582,2408,2253,2389,2466,2372,2293,2332,2351,2332,2462,2313,2478,2443,2388,2398,2388,2416,2433,2437,2529,2418,2339,2231,2428,2178,2494,2291,2388,2390,2503,2292,2385,2410,2381,2456,2309,2375,2491,2000,2450,2026,2414,2292,2413,2523,2580,2574,2747,2240,2463,2201,2377,2338,2508,2422,2302,2212,2480,2435,2339,2321,2521,2595,2444,2233,2527,2239,2367,2528,2542,2365,2403,2374,2420,2266,2245,2337,2132,2222,2284,2587,2355,2229,2298,2402,2192,2627,2364,2465,2544,2534,2438,2367,2178,2433,2390,2373,2345,2306,2333,2450,2410,2273,2509,2377,2649,2293,2303,2247,2357,2406,2337,2237,2384,2294,2291,2311,2486,2606,2406,2449,2157,2281,2282,2459,2630,2619,2107,2244,2187,2201,2306,2528,2373,2463,2198,2333,2524,2295,2416,2354,2517,2436,2473,2514,2457,2416,2205,2258,2418,2508,2494,2510,2354,2394,2128,2346,2326,2488,2398,2381,2320,2363,2460,2395,2410,2311,2433,2473,2325,2222,2448,2369,2437,2330,2079,2396,2282,2335,2393,2324,2559,2297,2518,2355,2541,2464,2231,2431,2397,2508,2347,2281,2172,2414,2370,2491,2348,2437,2578,2441,2331,2503,2318,2331,2377,2303,2305,2336,2200,2440,2551,2164,2338,2249,2514,2447,2541,2512,2339,2466,2401,2442,2562,2334,2301,2349,2445,2388,2410,2507,2391,2346,2473,2337,2479,2344,2194,2086,2154,2370,2466,2365,2358,2297,2331,2340,2485,2490,2079,2333,2151,2123,2407,2392,2425,2567,2439,2254,2269,2496,2587,2485,2414,2392,2394,2464,2428,2447,2372,2464,2371,2342,2323,2409,2396,2358,2661,2274,2334,2333,2370,2402,2496,2323,2567,2255,2485,2125,2267,2339,2327,2367,2442,2159,2257,2398,2459,2410,2362,2343,2347,2239,2396,2481,2503,2489,2534,2250,2266,2453,2592,2511,2385,2431,2453,2404,2352,2445,2360,2316,2519,2574,2484,2492,2519,2227,2294,2372,2302
2594,2539,2610,2524,2492,2558,2577,2483,2296,2455,2707,2619,2561,2577,2450,2658,2653,2719,2513,2427,2504,2561,2506,2849,2482,2489,2437,2585,2522,2509,2744,2707,2745,2695,2686,2656,2469,2734,2640,2450,2639,2579,2373,2647,2462,2424,2477,2530,2610,2507,2469,2460,2750,2625,2508,2832,2742,2498,2609,2281,2477,2747,2514,2383,2561,2421,2454,2492,2447,2410,2601,2288,2617,2564,2641,2657,2536,2456,2537,2335,2590,2572,2759,2748,2509,2467,2482,2592,2662,2647,2430,2574,2383,2512,2610,2621,2507,2526,2460,2603,2543,2425,2521,2503,2652,2577,2493,2853,2431,2568,2532,2527,2455,2691,2508,2371,2587,2461,2454,2422,2529,2408,2572,2635,2505,2522,2575,2472,2538,2337,2658,2450,2594,2439,2573,2568,2268,2557,2692,2545,2560,2453,2481,2607,2503,2691,2354,2461,2666,2576,2602,2462,2563,2752,2449,2457,2514,2511,2321,2468,2507,2477,2520,2355,2534,2628,2634,2725,2582,2593,2709,2636,2743,2503,2550,2621,2243,2652,2596,2484,2701,2669,2674,2843,2511,2655,2655,2516,2424,2281,2785,2487,2588,2515,2213,2617,2591,2448,2686,2440,2569,2341,2682,2621,2401,2643,2636,2531,2563,2531,2628,2395,2476,2417,2620,2864,2554,2398,2611,2485,2550,2649,2738,2529,2581,2405,2535,2583,2326,2603,2453,2788,2797,2450,2864,2278,2284,2462,2488,2610,2465,2660,2551,2625,2768,2569,2746,2436,2656,2515,2659,2424,2613,2548,2588,2846,2380,2377,2383,2624,2472,2669,2450,2749,2389,2567,2448,2473,2579,2454,2617,2673,2558,2576,2575,2532,2823,2485,2774,2459,2453,2303,2687,2467,2566,2521,2568,2652,2417,2771,2649,2801,2522,2527,2351,2611,2392,2512,2766,2507,2476,2384,2502,2776,2722,2354,2620,2697,2430,2447,2820,2348,2320,2571,2453,2380,2377,2479,2647,2429,2361,2605,2324,2642,2450,2657,2550,2435,2387,2531,2536,2577,2513,2567,2486,2663,2663,2470,2532,2560,2348,2450,2814,2377,2480,2518,2437,2449,2686,2502,2510,2640,2292,2791,2598,2609,2414,2484,2351,2645,2713,2521,2281,2464,2669,2447,2636,2497,2464,2631,2271,2356,2380,2712,2538,2438,2686,2486,2468,2386,2445,2518,2582,2474,2728,2593,2654,2460,2473,2547,2602,2548,2516,2824,2363,2365,2602,2426,2602,2653,2681,2478,2359,2606,2647,2623,2483,2676,2533,2710,2462,2651,2674,2784,2457,2484,2494,2547,2437,2301,2678,2269,2566,2510,2696,2454,2393,2569,2787,2404,2394,2595,2431,2411,2448,2645,2690,2561,2302,2415,2386,2699,2432,2364,2704,2748,2625,2632,2905,2417,2686,2619,2504,2701,2821,2482,2712,2725,2402,2668,2696,2319,2490,2513,2612,2579,2476,2651,2534,2694,2417,2468,2693,2569,2723,2563,2651,2629,2648,2734,2552,2435,2362,2532,2292,2362,2649,2497,2460,2646,2441,2625,2783,2611,2760,2168,2545,2764,2376,2478,2564,2579,2378,2565,2553,2498,2781,2646,2824,2366,2759,2457,2585,2450,2508,2520,2510,2213,2491,2502,2547,2751,2469,2634,2437,2536,2527,2642,2508,2701,2371,2582,2556,2601,2305,2746,2690,2568,2503,2704,2303,2529,2492,2467,2668,2431,2538,2797,2320,2436,2518,2432,2375,2749,2463,2582,2589,2246,2609,2428,2665,2592,2577,2575,2563,2438,2408,2560,2798,2518,2688,2550,2470,2715,2460,2365,2636,2498,2405,2652,2369,2424,2398,2364,2445,2385,2523,2413,2675,2669,2623,2466,2517,2283,2531,2610,2686,2483,2540,2710,2407,2748,2727,2482,2709,2485,2506,2319,2312,2460,2448,2568,2610,2349,2394,2454,2459,2566,2544,2467,2636,2788,2557,2517,2396,2651,2549,2796,2609,2320,2395,2637,2506,2420,2513,2592,2430,2353,2556,2346,2493,2421,2658,2632,2738,2693,2544,2410,2553,2579,2375,2753,2561,2536,2521,2522,2293,2599,2430,2611,2639,2536,2542,2644,2320,2661,2480,2298,2288,2688,2501,2375,2590,2583,2575,2477,2466,2505,2497,2698,2477,2777,2654,2479,2581,2486,2712,2600,2552,2654,2592,2574,2443,2631,2323,2650,2527,2567,2599,2639,2514,2512,2566,2547,2554,2478,2561,2729,2245,2529,2227,2560,2379,2642,2629,2765,2811,2887,2550,2580,2471,2537,2488,2527,2613,2432,2399,2655,2612,2603,2467,2669,2702,2658,2282,2610,2456,2527,2584,2595,2545,2623,2521,2569,2452,2455,2380,2337,2446,2462,2792,2428,2559,2559,2570,2448,2771,2562,2764,2647,2705,2510,2437,2273,2604,2506,2547,2491,2549,2464,2627,2631,2501,2672,2620,2781,2498,2527,2549,2426,2586,2436,2302,2378,2458,2447,2518,2712,2682,2528,2755,2315,2494,2528,2562,2737,2725,2301,2450,2407,2485,2397,2688,2519,2650,2527,2497,2676,2516,2615,2409,2647,2692,2697,2622,2593,2601,2334,2459,2556,2634,2612,2696,2632,2574,2262,2579,2422,2698,2531,2608,2456,2497,2575,2485,2546,2540,2553,2751,2501,2453,2483,2513,2601,2523,2247,2583,2516,2592,2575,2461,2689,2365,2601,2552,2665,2557,2492,2679,2564,2602,2508,2487,2367,2656,2549,2645,2418,2608,2781,2596,2510,2628,2490,2518,2652,2419,2483,2640,2388,2633,2687,2324,2512,2484,2681,2621,2616,2780,2458,2635,2582,2576,2620,2482,2405,2525,2606,2490,2526,2775,2494,2523,2752,2443,2635,2556,2411,2276,2424,2467,2574,2506,2532,2533,2425,2569,2685,2749,2423,2515,2296,2335,2528,2497,2670,2785,2539,2344,2408,2644,2650,2717,2547,2572,2523,2624,2528,2675,2582,2692,2581,2448,2637,2595,2544,2444,2813,2488,2674,2580,2489,2528,2576,2388,2751,2400,2729,2329,2386,2474,2479,2514,2546,2453,2459,2623,2551,2624,2394,2541,2445,2421,2445,2679,2739,2613,2666,2344,2471,2765,2728,2566,2598,2638,2671,2542,2398,2636,2501,2547,2757,2673,2604,2616,2660,2455,2428,2522,2426
2446,2393,2509,2473,2350,2494,2416,2388,2315,2388,2650,2560,2572,2392,2395,2622,2574,2669,2487,2337,2415,2470,2473,2730,2400,2397,2431,2453,2395,2451,2603,2635,2668,2625,2633,2564,2340,2669,2454,2372,2544,2443,2332,2558,2477,2464,2452,2381,2559,2526,2526,2299,2637,2521,2482,2748,2646,2441,2480,2272,2321,2648,2413,2214,2504,2471,2323,2331,2388,2221,2534,2214,2446,2464,2567,2450,2446,2509,2534,2249,2521,2458,2765,2638,2437,2265,2548,2468,2515,2562,2361,2436,2225,2414,2562,2623,2423,2438,2382,2468,2428,2273,2355,2601,2601,2410,2258,2763,2411,2458,2495,2484,2422,2464,2471,2321,2320,2394,2501,2343,2426,2338,2493,2517,2318,2396,2531,2388,2459,2248,2556,2309,2406,2251,2578,2610,2339,2478,2627,2444,2479,2368,2478,2549,2471,2607,2310,2441,2521,2322,2551,2333,2472,2517,2463,2401,2404,2374,2277,2379,2329,2481,2385,2388,2446,2489,2435,2604,2478,2440,2525,2513,2648,2388,2579,2546,2329,2649,2519,2321,2677,2513,2600,2791,2491,2575,2579,2429,2340,2276,2889,2397,2487,2405,2207,2550,2549,2312,2547,2361,2494,2348,2690,2468,2280,2576,2498,2423,2520,2445,2621,2397,2503,2335,2407,2625,2497,2343,2549,2342,2457,2625,2575,2443,2545,2348,2357,2558,2312,2440,2294,2627,2595,2368,2802,2182,2262,2409,2371,2514,2392,2635,2483,2586,2745,2406,2731,2379,2678,2572,2550,2351,2570,2516,2478,2756,2349,2328,2239,2617,2281,2710,2399,2550,2276,2392,2366,2413,2473,2386,2530,2657,2497,2507,2525,2444,2716,2410,2641,2392,2364,2290,2568,2545,2498,2435,2511,2520,2267,2667,2580,2704,2606,2435,2267,2488,2330,2321,2616,2474,2296,2408,2476,2719,2727,2362,2455,2646,2336,2389,2829,2355,2296,2609,2345,2314,2255,2447,2543,2398,2210,2426,2333,2543,2423,2492,2479,2404,2281,2458,2473,2624,2462,2565,2399,2562,2621,2463,2613,2512,2284,2402,2615,2319,2403,2323,2324,2369,2587,2419,2381,2587,2194,2760,2388,2625,2329,2412,2297,2557,2737,2409,2285,2354,2554,2479,2650,2298,2541,2550,2211,2288,2227,2606,2450,2364,2643,2385,2360,2305,2322,2433,2489,2277,2560,2560,2556,2393,2513,2492,2499,2506,2463,2691,2257,2399,2609,2502,2540,2648,2622,2393,2298,2493,2541,2375,2324,2586,2436,2611,2449,2576,2640,2662,2369,2423,2371,2491,2329,2339,2508,2307,2456,2450,2541,2383,2369,2641,2549,2286,2351,2459,2398,2448,2373,2487,2542,2450,2343,2336,2322,2565,2425,2334,2568,2584,2474,2568,2827,2289,2511,2596,2338,2735,2689,2475,2518,2535,2383,2518,2498,2194,2427,2422,2514,2428,2409,2603,2394,2586,2437,2411,2624,2495,2528,2532,2593,2538,2451,2520,2421,2363,2257,2333,2271,2358,2550,2493,2417,2604,2489,2558,2659,2392,2712,2036,2441,2687,2361,2422,2486,2417,2347,2371,2455,2398,2584,2623,2763,2356,2666,2293,2496,2325,2447,2458,2336,2231,2346,2419,2475,2635,2405,2557,2367,2316,2367,2545,2430,2695,2413,2435,2452,2651,2258,2592,2522,2450,2545,2538,2319,2387,2353,2467,2487,2269,2395,2711,2198,2258,2409,2364,2310,2598,2374,2448,2414,2243,2536,2309,2622,2531,2480,2517,2497,2413,2367,2463,2692,2392,2626,2432,2385,2598,2397,2227,2553,2445,2266,2572,2227,2258,2261,2327,2393,2351,2370,2292,2545,2455,2558,2421,2559,2257,2423,2666,2534,2398,2498,2556,2345,2594,2589,2405,2473,2318,2497,2330,2226,2280,2320,2438,2576,2273,2312,2401,2394,2525,2568,2475,2548,2633,2522,2475,2366,2559,2381,2711,2465,2333,2342,2560,2352,2342,2381,2515,2306,2258,2418,2401,2514,2287,2568,2523,2533,2695,2482,2386,2392,2497,2272,2638,2393,2329,2397,2462,2351,2607,2393,2428,2501,2525,2496,2461,2256,2521,2488,2176,2375,2603,2479,2396,2415,2640,2370,2369,2443,2341,2524,2558,2379,2628,2471,2388,2551,2506,2577,2608,2434,2554,2572,2564,2235,2487,2284,2450,2458,2476,2416,2629,2466,2405,2469,2477,2459,2315,2541,2639,2176,2370,2156,2433,2227,2559,2555,2746,2740,2697,2404,2560,2314,2474,2386,2537,2518,2385,2245,2501,2510,2366,2430,2581,2708,2640,2252,2514,2399,2458,2566,2557,2533,2591,2553,2443,2301,2333,2229,2293,2314,2350,2641,2324,2454,2392,2456,2367,2703,2416,2589,2612,2669,2429,2325,2261,2526,2483,2445,2504,2368,2416,2469,2482,2415,2558,2503,2543,2393,2486,2431,2427,2404,2349,2270,2351,2358,2350,2568,2630,2675,2553,2601,2216,2371,2424,2523,2631,2715,2193,2286,2428,2345,2406,2603,2370,2555,2404,2472,2549,2499,2619,2377,2557,2564,2666,2505,2465,2460,2337,2427,2476,2592,2577,2634,2521,2334,2184,2439,2354,2568,2397,2653,2368,2490,2478,2452,2461,2455,2522,2508,2441,2368,2445,2403,2505,2433,2220,2581,2408,2464,2456,2364,2625,2267,2494,2412,2646,2549,2392,2554,2427,2539,2398,2465,2329,2577,2331,2504,2317,2483,2709,2472,2482,2456,2378,2461,2517,2405,2426,2409,2324,2540,2470,2238,2425,2349,2660,2467,2615,2655,2521,2555,2378,2450,2628,2410,2415,2614,2549,2403,2531,2647,2393,2464,2589,2421,2529,2523,2335,2204,2170,2449,2579,2474,2474,2418,2382,2491,2628,2589,2309,2373,2211,2227,2353,2466,2542,2649,2472,2320,2354,2592,2692,2614,2459,2494,2580,2529,2458,2554,2494,2684,2501,2459,2499,2479,2548,2389,2611,2378,2545,2482,2424,2477,2397,2348,2608,2306,2726,2186,2405,2309,2293,2343,2526,2310,2386,2522,2472,2497,2364,2463,2427,2424,2398,2691,2579,2612,2529,2247,2375,2588,2628,2604,2472,2412,2438,2427,2474,2427,2292,2454,2567,2643,2544,2578,2593,2290,2393,2422,2290
2506,2566,2569,2529,2495,2707,2551,2496,2424,2617,2757,2510,2592,2536,2476,2654,2697,2882,2525,2458,2581,2511,2534,2838,2555,2497,2377,2486,2502,2547,2759,2748,2758,2760,2647,2550,2407,2654,2538,2484,2559,2515,2360,2746,2474,2580,2519,2538,2588,2619,2606,2376,2738,2720,2509,2827,2696,2523,2635,2275,2400,2740,2413,2376,2535,2485,2365,2560,2568,2267,2563,2347,2521,2724,2610,2450,2570,2579,2733,2316,2670,2503,2728,2794,2603,2389,2731,2528,2644,2661,2439,2571,2379,2503,2592,2663,2659,2593,2535,2697,2514,2384,2529,2635,2762,2578,2357,2774,2521,2512,2540,2521,2374,2567,2605,2509,2503,2440,2463,2520,2450,2469,2606,2592,2475,2424,2706,2410,2533,2321,2627,2441,2619,2427,2616,2589,2228,2542,2618,2540,2708,2445,2542,2706,2549,2789,2482,2542,2661,2504,2779,2415,2551,2675,2471,2533,2502,2398,2335,2414,2354,2425,2513,2419,2461,2508,2452,2683,2487,2574,2598,2550,2747,2547,2558,2700,2343,2638,2500,2333,2764,2583,2668,2889,2574,2675,2651,2539,2351,2355,2851,2506,2648,2440,2285,2641,2634,2328,2560,2499,2568,2482,2672,2623,2384,2745,2593,2561,2606,2436,2708,2502,2536,2510,2586,2819,2627,2545,2612,2484,2486,2624,2727,2613,2707,2513,2495,2644,2365,2525,2325,2713,2634,2589,2859,2250,2291,2547,2533,2622,2403,2656,2478,2688,2743,2493,2775,2485,2711,2558,2665,2489,2637,2492,2617,2799,2416,2404,2387,2768,2338,2781,2374,2589,2465,2540,2359,2458,2642,2405,2500,2655,2564,2554,2481,2667,2757,2525,2762,2473,2461,2426,2684,2611,2561,2463,2636,2670,2351,2661,2665,2754,2564,2510,2275,2701,2304,2452,2724,2495,2408,2589,2463,2771,2815,2442,2548,2770,2516,2405,2806,2463,2341,2637,2367,2388,2385,2510,2636,2435,2315,2637,2381,2570,2531,2608,2483,2546,2439,2506,2551,2730,2584,2564,2349,2713,2596,2409,2607,2643,2364,2582,2678,2411,2597,2549,2364,2525,2721,2467,2399,2578,2336,2785,2474,2516,2401,2527,2390,2703,2686,2516,2382,2480,2738,2497,2673,2486,2628,2648,2341,2331,2312,2661,2597,2401,2692,2408,2454,2353,2372,2443,2569,2427,2647,2620,2587,2563,2492,2637,2644,2570,2593,2706,2514,2461,2565,2449,2559,2747,2678,2516,2364,2581,2669,2512,2428,2671,2515,2696,2451,2747,2699,2896,2573,2529,2403,2663,2396,2392,2562,2385,2498,2501,2522,2462,2380,2651,2729,2481,2425,2604,2596,2542,2410,2551,2637,2432,2279,2525,2327,2690,2398,2445,2639,2590,2639,2613,2989,2350,2528,2726,2490,2796,2735,2458,2568,2714,2578,2588,2668,2286,2489,2552,2669,2546,2470,2621,2464,2774,2586,2597,2615,2668,2643,2583,2665,2802,2547,2718,2587,2463,2342,2485,2337,2349,2537,2479,2540,2635,2451,2656,2620,2551,2658,2172,2469,2779,2373,2484,2693,2496,2410,2440,2605,2498,2602,2677,2844,2440,2779,2401,2649,2504,2532,2466,2385,2372,2396,2449,2635,2723,2520,2498,2455,2378,2432,2690,2434,2781,2544,2592,2507,2574,2317,2808,2617,2500,2479,2657,2446,2409,2508,2438,2541,2397,2545,2772,2350,2299,2440,2521,2394,2711,2403,2610,2505,2325,2592,2451,2752,2536,2562,2538,2567,2522,2477,2614,2756,2505,2713,2465,2497,2668,2516,2322,2594,2616,2401,2498,2383,2253,2419,2309,2522,2354,2407,2339,2592,2548,2649,2441,2586,2278,2488,2664,2713,2564,2460,2641,2413,2851,2706,2433,2514,2332,2527,2433,2403,2419,2405,2559,2563,2396,2477,2477,2500,2599,2507,2594,2727,2749,2619,2521,2460,2643,2548,2794,2629,2336,2431,2647,2431,2337,2472,2588,2310,2346,2489,2379,2523,2423,2745,2619,2621,2623,2507,2484,2634,2532,2409,2678,2557,2339,2551,2525,2394,2708,2460,2553,2694,2560,2627,2631,2250,2587,2580,2302,2344,2574,2659,2510,2450,2676,2523,2471,2531,2467,2448,2594,2442,2745,2547,2589,2650,2487,2641,2760,2547,2738,2634,2627,2445,2604,2321,2518,2531,2554,2574,2724,2508,2565,2491,2562,2557,2556,2531,2684,2331,2397,2207,2492,2284,2592,2754,2753,2746,2769,2574,2604,2390,2561,2431,2590,2633,2523,2403,2676,2616,2524,2437,2746,2630,2735,2415,2594,2556,2541,2676,2618,2661,2705,2614,2541,2448,2462,2371,2460,2489,2402,2694,2405,2549,2398,2603,2560,2705,2468,2597,2658,2581,2501,2571,2286,2660,2515,2605,2596,2331,2472,2624,2596,2418,2665,2484,2618,2492,2557,2554,2483,2621,2485,2343,2319,2402,2425,2672,2868,2706,2571,2672,2315,2551,2684,2475,2812,2696,2266,2478,2431,2491,2494,2633,2432,2614,2470,2421,2621,2591,2708,2540,2758,2687,2670,2659,2603,2674,2331,2410,2603,2654,2693,2728,2605,2489,2283,2540,2371,2574,2461,2607,2483,2551,2621,2430,2584,2592,2638,2576,2465,2475,2477,2449,2558,2579,2307,2731,2531,2629,2527,2503,2706,2365,2595,2539,2634,2447,2499,2725,2575,2511,2495,2619,2265,2666,2418,2768,2418,2626,2663,2469,2720,2622,2564,2694,2567,2385,2433,2528,2477,2650,2648,2407,2504,2517,2607,2596,2687,2749,2513,2681,2508,2658,2622,2507,2556,2683,2607,2500,2545,2759,2500,2490,2686,2454,2597,2536,2450,2346,2386,2532,2626,2622,2546,2616,2428,2545,2779,2723,2385,2495,2280,2430,2408,2494,2598,2686,2587,2403,2409,2636,2740,2674,2566,2569,2670,2633,2590,2517,2548,2715,2585,2530,2546,2693,2740,2411,2769,2544,2585,2563,2529,2617,2597,2366,2665,2358,2821,2309,2463,2441,2481,2395,2536,2484,2417,2630,2602,2555,2554,2626,2481,2542,2473,2810,2755,2737,2525,2310,2377,2662,2705,2670,2546,2572,2552,2512,2504,2493,2498,2516,2656,2633,2627,2621,2584,2424,2500,2509,2370
2380,2527,2424,2490,2402,2522,2388,2477,2325,2539,2591,2460,2619,2462,2424,2572,2627,2841,2472,2444,2386,2561,2430,2723,2332,2524,2396,2494,2462,2532,2692,2509,2699,2628,2604,2478,2431,2591,2568,2323,2486,2494,2263,2595,2459,2356,2433,2489,2536,2452,2497,2359,2572,2504,2454,2681,2643,2510,2376,2107,2368,2521,2321,2336,2507,2402,2261,2464,2493,2294,2448,2306,2495,2615,2530,2405,2544,2553,2578,2238,2549,2349,2760,2618,2487,2364,2595,2439,2552,2578,2380,2527,2328,2451,2472,2761,2493,2493,2454,2473,2388,2364,2295,2637,2593,2455,2332,2644,2456,2498,2516,2419,2415,2438,2560,2386,2468,2472,2417,2456,2409,2486,2590,2535,2480,2308,2610,2381,2474,2270,2590,2318,2430,2347,2489,2475,2248,2402,2572,2406,2524,2460,2498,2580,2518,2661,2286,2448,2507,2320,2569,2411,2555,2781,2324,2396,2418,2406,2328,2366,2400,2391,2429,2354,2377,2506,2431,2596,2473,2470,2510,2448,2646,2444,2427,2668,2382,2550,2445,2251,2722,2487,2597,2806,2510,2572,2604,2438,2418,2252,2771,2357,2459,2372,2217,2567,2512,2333,2478,2435,2456,2457,2665,2567,2323,2615,2533,2556,2582,2323,2638,2479,2440,2402,2420,2564,2571,2414,2458,2388,2379,2638,2646,2572,2604,2408,2362,2586,2320,2446,2265,2591,2573,2433,2802,2235,2209,2465,2466,2554,2361,2631,2473,2682,2655,2373,2705,2381,2596,2495,2628,2385,2589,2409,2496,2695,2383,2357,2222,2538,2310,2717,2345,2511,2419,2389,2357,2527,2535,2382,2464,2641,2461,2454,2468,2434,2693,2294,2610,2381,2427,2194,2534,2498,2484,2262,2590,2503,2293,2672,2568,2686,2492,2344,2203,2578,2317,2373,2650,2429,2373,2490,2450,2686,2642,2370,2335,2649,2389,2411,2732,2348,2329,2388,2295,2395,2329,2518,2532,2390,2244,2564,2407,2460,2398,2512,2396,2563,2371,2343,2424,2671,2569,2409,2220,2678,2570,2373,2488,2564,2193,2506,2548,2298,2451,2432,2270,2479,2587,2492,2352,2485,2215,2757,2413,2551,2321,2393,2357,2484,2614,2469,2222,2370,2621,2398,2619,2289,2407,2552,2167,2395,2265,2483,2451,2423,2533,2342,2421,2324,2321,2454,2360,2343,2457,2565,2447,2417,2445,2593,2552,2485,2501,2635,2329,2350,2540,2419,2498,2599,2579,2401,2508,2565,2519,2487,2400,2630,2494,2606,2491,2767,2558,2811,2520,2322,2325,2640,2442,2386,2362,2211,2499,2381,2395,2373,2283,2480,2655,2450,2382,2578,2433,2442,2322,2492,2582,2510,2259,2402,2374,2652,2242,2404,2498,2580,2450,2520,2892,2312,2399,2607,2381,2806,2804,2319,2425,2626,2573,2501,2340,2221,2366,2479,2466,2496,2325,2528,2439,2653,2531,2485,2492,2543,2575,2462,2560,2724,2522,2602,2553,2324,2292,2290,2199,2263,2570,2418,2408,2511,2395,2539,2556,2506,2562,2121,2392,2699,2298,2404,2633,2443,2346,2348,2446,2386,2607,2565,2806,2297,2596,2466,2451,2395,2363,2321,2421,2223,2422,2423,2510,2658,2466,2417,2298,2201,2451,2605,2424,2670,2442,2580,2503,2605,2285,2755,2577,2422,2476,2527,2296,2413,2470,2370,2485,2259,2465,2656,2327,2288,2377,2341,2457,2587,2322,2469,2343,2361,2593,2349,2563,2387,2445,2499,2549,2409,2304,2511,2716,2465,2710,2362,2376,2501,2424,2250,2631,2530,2392,2494,2278,2257,2333,2346,2478,2290,2408,2333,2492,2462,2541,2409,2475,2222,2325,2619,2547,2443,2430,2585,2355,2678,2554,2250,2511,2376,2394,2507,2183,2330,2272,2471,2446,2288,2374,2424,2461,2535,2558,2408,2570,2635,2588,2524,2380,2481,2482,2809,2438,2338,2300,2469,2351,2311,2363,2544,2328,2244,2421,2361,2505,2394,2633,2503,2545,2559,2469,2364,2505,2504,2281,2574,2446,2304,2419,2460,2378,2554,2527,2441,2519,2410,2518,2518,2187,2427,2511,2197,2225,2466,2571,2405,2424,2615,2417,2347,2441,2329,2389,2489,2412,2629,2457,2432,2602,2501,2526,2606,2412,2648,2721,2568,2270,2574,2246,2343,2398,2467,2527,2690,2576,2460,2440,2394,2470,2342,2327,2603,2173,2336,2158,2321,2247,2464,2653,2752,2449,2606,2458,2536,2328,2555,2458,2487,2485,2433,2301,2542,2619,2482,2340,2562,2666,2777,2321,2575,2401,2414,2633,2468,2645,2532,2601,2517,2373,2204,2277,2264,2481,2332,2677,2312,2448,2306,2558,2482,2710,2437,2521,2448,2622,2462,2422,2295,2642,2454,2414,2509,2272,2275,2506,2526,2440,2649,2433,2623,2480,2553,2426,2372,2408,2336,2199,2311,2453,2393,2668,2673,2648,2438,2711,2329,2384,2530,2429,2640,2545,2120,2327,2369,2428,2450,2505,2417,2578,2458,2250,2512,2557,2580,2409,2592,2642,2556,2512,2618,2471,2338,2470,2586,2651,2587,2613,2482,2382,2179,2593,2219,2527,2359,2543,2479,2482,2502,2397,2593,2491,2596,2493,2469,2343,2463,2304,2462,2556,2185,2620,2459,2441,2562,2430,2562,2311,2456,2358,2645,2491,2497,2519,2401,2508,2447,2408,2318,2648,2331,2623,2307,2549,2718,2504,2486,2590,2461,2524,2409,2350,2475,2532,2300,2494,2584,2348,2358,2389,2619,2589,2609,2672,2486,2582,2495,2466,2508,2378,2486,2626,2600,2454,2518,2636,2398,2476,2582,2384,2419,2515,2388,2418,2248,2450,2564,2553,2556,2548,2272,2474,2530,2623,2276,2449,2230,2348,2321,2396,2547,2682,2443,2348,2424,2555,2667,2645,2555,2563,2665,2459,2357,2588,2423,2596,2515,2495,2434,2435,2474,2326,2802,2349,2523,2394,2441,2504,2509,2398,2572,2211,2746,2113,2354,2306,2367,2234,2540,2487,2317,2573,2522,2551,2454,2499,2510,2486,2381,2640,2658,2519,2454,2187,2311,2619,2621,2568,2404,2560,2566,2453,2330,2373,2467,2508,2503,2447,2552,2602,2500,2301,2330,2379,2259
2498,2574,2496,2527,2392,2687,2549,2468,2435,2629,2631,2484,2670,2658,2487,2612,2702,2900,2391,2614,2587,2568,2474,2713,2482,2697,2388,2540,2533,2662,2748,2574,2772,2722,2695,2572,2461,2714,2619,2453,2570,2670,2428,2681,2576,2452,2545,2468,2595,2498,2553,2423,2715,2705,2431,2853,2665,2573,2568,2280,2469,2727,2513,2322,2690,2518,2388,2634,2500,2405,2561,2285,2574,2682,2636,2458,2608,2553,2755,2438,2631,2521,2822,2782,2575,2338,2698,2527,2663,2615,2539,2532,2334,2404,2545,2845,2567,2554,2546,2608,2439,2444,2315,2654,2835,2509,2394,2623,2631,2640,2599,2514,2531,2564,2653,2436,2481,2482,2495,2588,2494,2625,2496,2598,2573,2470,2724,2496,2424,2383,2689,2445,2520,2539,2593,2649,2266,2464,2693,2472,2596,2567,2570,2629,2624,2747,2449,2552,2630,2379,2736,2479,2608,2744,2423,2509,2481,2446,2465,2382,2326,2432,2454,2442,2403,2587,2396,2641,2376,2568,2624,2535,2722,2528,2496,2757,2422,2530,2601,2360,2752,2547,2734,2729,2563,2739,2724,2425,2421,2347,2800,2423,2501,2383,2409,2669,2634,2431,2599,2480,2481,2523,2931,2678,2352,2761,2672,2617,2558,2422,2795,2501,2575,2553,2548,2627,2707,2488,2538,2367,2405,2698,2714,2740,2705,2514,2450,2751,2490,2523,2332,2722,2567,2521,2899,2368,2449,2517,2555,2629,2414,2648,2587,2728,2731,2467,2804,2520,2681,2539,2696,2501,2701,2563,2606,2722,2560,2510,2368,2799,2352,2719,2317,2682,2493,2572,2545,2522,2499,2432,2547,2657,2645,2515,2574,2582,2774,2438,2692,2517,2529,2451,2562,2548,2596,2527,2587,2564,2360,2774,2661,2818,2509,2400,2296,2775,2340,2535,2677,2486,2490,2530,2574,2720,2710,2501,2406,2701,2521,2539,2976,2491,2445,2648,2449,2347,2381,2598,2545,2509,2290,2658,2524,2552,2496,2576,2449,2675,2443,2581,2638,2743,2495,2542,2419,2736,2657,2487,2644,2746,2309,2638,2595,2390,2574,2556,2367,2467,2702,2549,2401,2536,2277,2741,2413,2696,2378,2552,2462,2563,2617,2447,2320,2410,2705,2518,2622,2537,2511,2608,2392,2438,2234,2594,2641,2514,2573,2471,2491,2341,2345,2502,2579,2509,2561,2594,2523,2514,2492,2688,2655,2494,2580,2675,2369,2398,2605,2545,2565,2729,2644,2536,2517,2614,2647,2540,2416,2702,2542,2753,2505,2827,2697,2862,2468,2505,2436,2699,2504,2399,2476,2388,2588,2545,2557,2433,2507,2666,2679,2529,2458,2533,2515,2482,2442,2648,2602,2584,2370,2429,2374,2655,2297,2500,2571,2629,2558,2491,3013,2408,2431,2672,2584,2775,2783,2435,2497,2737,2685,2606,2533,2361,2521,2589,2586,2587,2532,2630,2409,2676,2556,2526,2612,2658,2522,2594,2703,2763,2508,2655,2690,2440,2457,2488,2254,2310,2620,2470,2539,2520,2471,2554,2649,2624,2671,2272,2566,2813,2422,2527,2757,2428,2513,2454,2563,2510,2656,2707,2850,2433,2781,2419,2565,2432,2462,2448,2468,2360,2394,2489,2575,2708,2531,2448,2502,2423,2557,2608,2535,2804,2523,2611,2597,2650,2466,2807,2676,2452,2571,2574,2411,2544,2584,2476,2623,2408,2610,2633,2517,2414,2566,2516,2467,2805,2405,2444,2506,2339,2568,2428,2717,2500,2471,2615,2588,2539,2423,2519,2746,2551,2753,2470,2573,2591,2569,2356,2681,2536,2527,2519,2458,2299,2420,2489,2511,2404,2550,2374,2643,2509,2667,2480,2664,2292,2439,2645,2707,2541,2477,2672,2418,2710,2615,2528,2609,2458,2423,2569,2276,2405,2311,2611,2629,2435,2541,2510,2627,2634,2575,2602,2590,2756,2719,2565,2445,2624,2604,2787,2427,2418,2382,2606,2394,2502,2392,2654,2420,2363,2380,2497,2591,2450,2699,2557,2482,2592,2524,2432,2695,2606,2497,2730,2535,2437,2430,2489,2520,2655,2643,2558,2591,2693,2590,2410,2338,2448,2523,2301,2326,2526,2581,2559,2454,2670,2519,2411,2561,2447,2477,2685,2467,2682,2592,2410,2676,2624,2637,2717,2548,2688,2734,2630,2466,2578,2409,2469,2390,2420,2544,2753,2567,2561,2368,2391,2590,2473,2474,2647,2249,2342,2356,2411,2336,2556,2576,2708,2599,2670,2599,2616,2378,2643,2345,2607,2586,2473,2489,2689,2655,2502,2326,2781,2779,2679,2420,2676,2462,2540,2745,2600,2709,2601,2573,2585,2485,2353,2330,2436,2501,2425,2827,2355,2632,2360,2699,2586,2833,2448,2660,2650,2629,2616,2485,2330,2623,2532,2549,2622,2368,2411,2605,2597,2591,2612,2458,2806,2512,2594,2556,2376,2563,2396,2288,2394,2592,2505,2664,2810,2656,2652,2868,2450,2421,2568,2393,2740,2679,2216,2444,2324,2498,2496,2549,2409,2612,2433,2441,2629,2664,2653,2616,2746,2715,2740,2628,2711,2600,2449,2545,2559,2606,2605,2725,2561,2492,2475,2692,2326,2671,2478,2567,2489,2521,2537,2397,2645,2653,2722,2558,2474,2450,2589,2414,2569,2598,2265,2645,2591,2535,2613,2510,2657,2372,2513,2457,2748,2523,2447,2602,2533,2538,2508,2532,2377,2704,2368,2722,2297,2621,2803,2511,2753,2640,2534,2580,2489,2514,2561,2599,2425,2655,2658,2402,2477,2574,2706,2683,2647,2725,2533,2711,2519,2540,2601,2516,2506,2704,2689,2484,2484,2772,2547,2556,2629,2439,2459,2652,2454,2441,2325,2588,2586,2616,2613,2749,2484,2494,2620,2674,2246,2520,2235,2464,2420,2570,2663,2721,2517,2453,2427,2649,2776,2788,2568,2544,2714,2537,2528,2603,2501,2625,2448,2557,2614,2639,2641,2493,2797,2509,2660,2492,2385,2614,2553,2380,2701,2218,2729,2313,2447,2344,2488,2352,2461,2586,2405,2725,2470,2506,2416,2594,2544,2642,2504,2837,2825,2760,2565,2215,2338,2649,2667,2616,2482,2569,2573,2537,2589,2578,2466,2588,2626,2626,2618,2670,2541,2429,2483,2469,2327
2487,2610,2587,2499,2420,2655,2538,2457,2441,2552,2514,2531,2634,2569,2561,2548,2774,2855,2470,2663,2497,2580,2498,2743,2411,2680,2596,2500,2548,2684,2682,2582,2739,2697,2686,2593,2419,2623,2609,2534,2598,2570,2503,2779,2576,2422,2560,2578,2483,2573,2569,2456,2675,2645,2470,2847,2506,2585,2424,2338,2505,2655,2429,2414,2681,2528,2403,2587,2606,2421,2566,2401,2551,2565,2652,2430,2549,2565,2725,2371,2617,2495,2952,2836,2610,2384,2633,2547,2621,2715,2534,2481,2389,2489,2590,2784,2608,2679,2457,2636,2449,2517,2483,2757,2737,2516,2460,2656,2662,2643,2607,2532,2459,2492,2606,2509,2504,2520,2458,2569,2508,2656,2674,2582,2640,2524,2812,2452,2528,2416,2774,2512,2447,2549,2613,2481,2276,2537,2671,2407,2543,2530,2566,2649,2489,2805,2534,2634,2647,2429,2756,2426,2619,2840,2413,2418,2517,2546,2460,2465,2335,2461,2483,2345,2297,2610,2509,2653,2396,2543,2561,2524,2614,2501,2603,2716,2483,2470,2598,2321,2734,2538,2706,2795,2509,2666,2611,2527,2436,2397,2808,2483,2602,2445,2404,2674,2619,2387,2549,2468,2519,2488,2915,2725,2463,2842,2599,2553,2580,2354,2695,2554,2608,2620,2542,2675,2647,2535,2548,2259,2373,2665,2713,2829,2787,2518,2435,2803,2468,2370,2361,2598,2565,2458,2860,2305,2461,2408,2521,2588,2384,2743,2586,2788,2657,2514,2670,2510,2621,2552,2765,2493,2640,2685,2603,2630,2510,2459,2381,2765,2435,2760,2278,2627,2588,2547,2463,2500,2554,2442,2660,2663,2623,2490,2445,2627,2801,2392,2664,2397,2574,2363,2501,2586,2527,2385,2727,2559,2430,2762,2738,2797,2432,2428,2242,2704,2388,2395,2602,2487,2553,2599,2605,2695,2793,2512,2487,2705,2472,2574,2871,2495,2380,2564,2444,2503,2541,2625,2553,2496,2359,2671,2456,2583,2518,2613,2487,2698,2423,2528,2647,2622,2655,2567,2307,2772,2701,2585,2597,2671,2405,2589,2572,2362,2616,2556,2479,2576,2648,2568,2406,2608,2266,2672,2490,2588,2246,2549,2505,2627,2524,2504,2451,2458,2624,2470,2652,2480,2506,2652,2346,2456,2311,2595,2590,2430,2635,2421,2461,2441,2395,2491,2759,2539,2575,2634,2490,2552,2553,2826,2631,2445,2620,2768,2432,2369,2604,2493,2588,2757,2565,2510,2455,2558,2685,2507,2472,2730,2559,2754,2566,2957,2682,2881,2522,2451,2396,2644,2526,2360,2445,2421,2534,2458,2506,2443,2515,2607,2741,2551,2419,2601,2466,2561,2419,2626,2785,2492,2326,2580,2476,2689,2339,2565,2555,2663,2530,2524,2891,2467,2460,2606,2556,2925,2719,2341,2527,2600,2728,2558,2473,2403,2410,2641,2635,2608,2556,2671,2475,2726,2704,2492,2648,2681,2479,2606,2754,2924,2713,2745,2649,2434,2428,2502,2228,2245,2609,2530,2559,2581,2545,2559,2560,2659,2599,2320,2592,2792,2395,2510,2740,2474,2400,2398,2683,2511,2609,2721,2877,2421,2856,2512,2457,2477,2484,2417,2499,2453,2453,2534,2639,2771,2569,2415,2497,2347,2561,2613,2541,2785,2737,2626,2528,2596,2422,2715,2694,2473,2512,2487,2374,2474,2573,2475,2575,2391,2573,2747,2465,2429,2509,2475,2445,2751,2538,2521,2479,2384,2616,2475,2693,2499,2493,2609,2638,2410,2443,2567,2715,2586,2725,2480,2473,2681,2461,2234,2727,2500,2471,2497,2449,2290,2443,2495,2436,2394,2536,2405,2658,2481,2663,2478,2597,2376,2460,2691,2639,2536,2549,2571,2574,2772,2720,2425,2627,2370,2337,2557,2238,2274,2350,2577,2625,2438,2517,2578,2758,2684,2553,2559,2626,2703,2754,2528,2484,2633,2551,2888,2550,2406,2309,2586,2347,2467,2330,2586,2431,2340,2477,2479,2674,2468,2733,2501,2590,2653,2561,2437,2648,2622,2341,2672,2460,2426,2445,2472,2572,2726,2673,2452,2644,2593,2601,2398,2335,2445,2578,2263,2438,2448,2535,2480,2409,2685,2445,2370,2541,2396,2507,2733,2432,2726,2521,2408,2696,2611,2715,2736,2577,2836,2806,2629,2450,2611,2494,2371,2432,2593,2542,2790,2577,2540,2446,2394,2619,2415,2402,2641,2221,2424,2328,2342,2379,2575,2667,2728,2649,2531,2643,2611,2398,2657,2442,2591,2548,2599,2393,2717,2582,2573,2504,2607,2728,2696,2457,2596,2425,2541,2710,2589,2773,2573,2659,2603,2471,2456,2393,2525,2559,2508,2766,2376,2684,2389,2629,2563,2758,2501,2496,2645,2570,2403,2445,2329,2659,2552,2476,2614,2477,2395,2600,2635,2509,2621,2432,2706,2497,2570,2505,2436,2599,2464,2390,2419,2557,2463,2729,2798,2686,2615,2860,2430,2410,2620,2315,2848,2583,2283,2502,2382,2537,2402,2548,2418,2694,2499,2481,2615,2644,2653,2444,2713,2713,2780,2655,2721,2744,2541,2488,2573,2685,2554,2766,2634,2514,2455,2676,2309,2579,2434,2573,2439,2477,2427,2500,2611,2617,2684,2562,2501,2516,2573,2396,2540,2503,2204,2649,2531,2618,2597,2652,2648,2394,2491,2435,2768,2525,2541,2510,2488,2446,2526,2532,2433,2668,2468,2796,2309,2531,2686,2527,2714,2669,2503,2557,2445,2463,2564,2622,2475,2607,2660,2356,2503,2443,2670,2704,2679,2705,2459,2736,2617,2556,2600,2451,2511,2688,2679,2444,2538,2680,2573,2572,2613,2466,2509,2580,2393,2439,2344,2578,2548,2545,2556,2787,2471,2673,2569,2697,2312,2551,2263,2456,2447,2575,2621,2746,2562,2554,2417,2619,2751,2725,2531,2522,2746,2513,2490,2688,2583,2738,2557,2651,2556,2563,2628,2546,2772,2537,2577,2534,2389,2607,2434,2565,2637,2250,2845,2223,2469,2418,2518,2328,2510,2637,2390,2620,2571,2485,2479,2724,2605,2571,2551,2809,2819,2787,2592,2289,2375,2585,2716,2565,2474,2604,2696,2566,2543,2526,2571,2577,2536,2559,2585,2716,2559,2507,2486,2462,2404
2430,2650,2557,2444,2328,2607,2417,2395,2379,2479,2569,2330,2592,2460,2512,2628,2594,2770,2365,2617,2484,2502,2428,2537,2446,2657,2461,2446,2461,2575,2500,2427,2616,2603,2592,2458,2433,2637,2449,2462,2527,2514,2299,2564,2429,2263,2364,2421,2427,2498,2524,2420,2467,2549,2414,2654,2554,2607,2330,2168,2398,2512,2318,2285,2615,2462,2403,2538,2458,2303,2486,2293,2457,2572,2495,2338,2467,2515,2667,2346,2534,2524,2792,2726,2472,2355,2565,2480,2588,2476,2507,2373,2318,2377,2463,2780,2490,2541,2324,2570,2380,2403,2324,2677,2742,2420,2391,2517,2505,2599,2374,2438,2508,2471,2405,2615,2399,2458,2452,2397,2465,2550,2505,2622,2520,2472,2587,2449,2428,2369,2613,2468,2348,2369,2582,2463,2184,2372,2533,2346,2394,2520,2625,2582,2440,2603,2379,2465,2521,2417,2743,2376,2503,2714,2445,2375,2450,2367,2308,2302,2334,2359,2399,2317,2244,2490,2374,2534,2308,2462,2435,2397,2596,2392,2433,2601,2374,2533,2514,2253,2628,2445,2513,2691,2426,2625,2614,2478,2340,2381,2704,2434,2524,2426,2279,2512,2575,2292,2486,2389,2400,2432,2851,2544,2268,2728,2448,2477,2462,2284,2653,2426,2553,2522,2424,2605,2584,2409,2506,2212,2289,2643,2620,2693,2656,2470,2336,2758,2487,2267,2291,2550,2538,2404,2712,2378,2245,2378,2484,2487,2344,2638,2494,2638,2634,2433,2512,2469,2561,2502,2779,2360,2577,2601,2512,2659,2509,2325,2301,2742,2242,2736,2181,2508,2377,2386,2375,2368,2392,2351,2514,2502,2660,2355,2510,2486,2591,2267,2546,2328,2516,2406,2480,2449,2425,2337,2561,2521,2340,2733,2579,2607,2372,2363,2147,2717,2238,2355,2574,2397,2480,2476,2422,2664,2618,2493,2335,2591,2334,2563,2734,2381,2404,2562,2415,2346,2431,2502,2445,2443,2375,2528,2362,2491,2399,2517,2371,2562,2354,2519,2605,2653,2550,2406,2259,2655,2610,2373,2576,2531,2361,2512,2541,2324,2609,2418,2391,2452,2589,2474,2289,2487,2246,2574,2476,2465,2161,2456,2379,2569,2480,2457,2278,2391,2602,2386,2487,2469,2603,2516,2253,2420,2293,2509,2549,2419,2535,2278,2346,2323,2271,2509,2486,2438,2492,2556,2444,2428,2495,2671,2490,2455,2518,2618,2307,2234,2475,2450,2495,2594,2527,2353,2447,2389,2658,2399,2391,2752,2453,2703,2453,2814,2542,2832,2324,2335,2474,2588,2407,2280,2415,2303,2560,2463,2461,2396,2507,2519,2709,2424,2337,2556,2346,2409,2390,2523,2601,2439,2319,2430,2304,2614,2252,2486,2601,2675,2451,2366,2802,2315,2351,2665,2498,2715,2622,2428,2478,2514,2620,2505,2471,2311,2470,2542,2545,2527,2477,2486,2398,2604,2660,2571,2547,2597,2434,2429,2629,2730,2601,2587,2552,2341,2381,2526,2108,2155,2438,2413,2466,2490,2379,2510,2456,2488,2531,2204,2456,2697,2316,2348,2669,2470,2320,2399,2603,2482,2547,2603,2735,2377,2845,2355,2390,2340,2324,2365,2450,2293,2318,2414,2494,2745,2429,2334,2409,2298,2413,2551,2333,2620,2519,2491,2517,2515,2378,2629,2571,2343,2357,2387,2294,2386,2478,2479,2557,2339,2501,2490,2454,2367,2434,2412,2282,2505,2401,2435,2385,2274,2563,2363,2564,2522,2458,2701,2523,2342,2367,2494,2591,2509,2691,2456,2532,2562,2447,2289,2637,2392,2378,2393,2378,2202,2252,2424,2278,2411,2476,2374,2490,2408,2543,2380,2621,2246,2373,2606,2572,2608,2330,2567,2456,2617,2613,2372,2625,2399,2345,2596,2238,2373,2260,2448,2567,2480,2355,2525,2603,2578,2510,2519,2532,2663,2626,2519,2433,2496,2456,2775,2392,2415,2341,2429,2327,2451,2278,2594,2346,2306,2466,2285,2554,2458,2781,2488,2509,2560,2560,2396,2551,2558,2302,2624,2456,2347,2414,2425,2407,2608,2520,2401,2554,2584,2536,2435,2271,2415,2514,2183,2245,2389,2363,2475,2287,2574,2432,2353,2497,2306,2445,2665,2351,2575,2466,2282,2664,2596,2543,2691,2460,2747,2627,2589,2412,2446,2341,2275,2309,2459,2538,2620,2489,2541,2286,2342,2495,2381,2297,2574,2286,2303,2269,2341,2219,2530,2628,2675,2484,2526,2553,2479,2245,2577,2321,2546,2451,2462,2335,2554,2660,2453,2421,2552,2783,2443,2300,2542,2305,2357,2566,2525,2605,2494,2673,2510,2457,2337,2306,2449,2591,2378,2795,2312,2525,2270,2657,2507,2791,2420,2526,2573,2530,2431,2453,2248,2526,2354,2443,2408,2323,2257,2546,2461,2453,2408,2297,2742,2468,2483,2489,2275,2436,2420,2301,2349,2460,2528,2627,2757,2599,2527,2817,2502,2346,2489,2295,2847,2510,2236,2447,2271,2467,2362,2422,2412,2517,2415,2388,2561,2527,2626,2349,2642,2542,2718,2598,2646,2479,2522,2469,2426,2546,2502,2702,2486,2444,2362,2531,2278,2476,2446,2407,2234,2420,2338,2391,2603,2495,2559,2520,2466,2428,2476,2338,2507,2468,2149,2608,2523,2518,2573,2563,2604,2265,2407,2404,2701,2508,2342,2559,2411,2356,2539,2546,2327,2576,2316,2683,2223,2538,2614,2390,2630,2475,2356,2476,2413,2341,2486,2523,2372,2521,2545,2241,2464,2445,2660,2598,2644,2642,2405,2573,2505,2444,2538,2308,2324,2674,2632,2512,2447,2729,2424,2558,2575,2400,2431,2386,2401,2472,2347,2368,2540,2499,2580,2687,2305,2477,2596,2522,2312,2409,2222,2464,2440,2513,2481,2763,2512,2325,2337,2601,2667,2532,2421,2441,2607,2420,2378,2717,2432,2463,2409,2534,2380,2509,2600,2446,2566,2512,2474,2437,2130,2525,2488,2420,2549,2142,2730,2144,2355,2314,2541,2228,2390,2466,2360,2616,2440,2345,2349,2612,2382,2580,2420,2659,2715,2598,2534,2286,2273,2525,2607,2530,2409,2625,2490,2463,2520,2572,2484,2520,2512,2667,2534,2708,2418,2422,2506,2366,2365
2513,2633,2455,2423,2398,2785,2422,2454,2512,2492,2604,2521,2624,2632,2501,2613,2758,2923,2520,2705,2532,2600,2480,2587,2497,2764,2570,2526,2554,2756,2555,2506,2736,2736,2691,2594,2439,2672,2544,2443,2698,2630,2402,2611,2621,2406,2406,2448,2531,2493,2675,2518,2586,2651,2470,2798,2650,2656,2403,2255,2470,2548,2323,2397,2643,2466,2318,2705,2546,2383,2484,2325,2511,2421,2544,2462,2567,2568,2735,2379,2700,2493,2868,2880,2450,2470,2661,2544,2672,2641,2587,2524,2408,2336,2533,2782,2593,2678,2448,2684,2446,2393,2428,2752,2761,2556,2511,2615,2566,2736,2631,2554,2486,2631,2504,2560,2446,2480,2562,2552,2536,2613,2665,2757,2592,2537,2758,2399,2576,2456,2779,2567,2565,2457,2580,2482,2203,2553,2628,2344,2613,2578,2606,2634,2511,2645,2483,2513,2625,2483,2758,2508,2630,2878,2535,2472,2523,2548,2472,2373,2390,2398,2493,2416,2307,2601,2569,2637,2405,2529,2546,2494,2575,2488,2576,2845,2576,2562,2733,2279,2805,2665,2658,2699,2520,2710,2595,2569,2419,2361,2677,2525,2605,2487,2412,2581,2672,2391,2522,2460,2546,2446,2883,2659,2407,2787,2642,2693,2563,2381,2712,2467,2593,2615,2509,2668,2605,2565,2574,2253,2406,2800,2754,2897,2897,2487,2550,2635,2511,2296,2275,2655,2605,2533,2776,2388,2351,2453,2509,2540,2458,2701,2650,2799,2671,2553,2605,2587,2640,2582,2832,2488,2622,2748,2596,2883,2590,2443,2395,2842,2403,2777,2289,2626,2520,2554,2550,2523,2543,2452,2623,2571,2642,2453,2538,2517,2650,2375,2630,2392,2656,2433,2531,2599,2435,2474,2675,2616,2422,2744,2689,2696,2382,2472,2251,2682,2215,2372,2638,2469,2553,2655,2598,2709,2588,2517,2464,2685,2448,2542,2771,2475,2419,2635,2598,2536,2501,2592,2481,2497,2447,2505,2526,2573,2480,2631,2466,2716,2456,2613,2594,2694,2594,2483,2445,2764,2764,2653,2628,2607,2398,2688,2530,2390,2564,2453,2439,2546,2784,2631,2421,2573,2287,2641,2531,2521,2171,2576,2468,2577,2602,2575,2385,2437,2586,2473,2609,2526,2584,2585,2350,2517,2321,2541,2717,2522,2671,2399,2505,2492,2437,2476,2615,2564,2627,2541,2554,2497,2672,2770,2643,2496,2592,2653,2396,2391,2640,2435,2683,2748,2680,2375,2431,2557,2742,2438,2519,2681,2556,2798,2500,2883,2705,2919,2466,2386,2500,2590,2471,2323,2473,2439,2645,2576,2501,2438,2618,2603,2818,2544,2439,2617,2496,2542,2358,2613,2791,2458,2427,2620,2355,2605,2346,2529,2682,2696,2585,2480,2954,2405,2530,2722,2656,2916,2631,2420,2499,2596,2675,2572,2510,2461,2429,2530,2557,2744,2541,2594,2503,2607,2700,2645,2689,2667,2530,2656,2730,2849,2660,2649,2576,2431,2468,2547,2201,2255,2501,2556,2552,2590,2502,2580,2528,2634,2563,2424,2579,2813,2388,2476,2668,2510,2297,2505,2726,2456,2605,2772,2974,2446,2791,2461,2536,2513,2399,2437,2553,2450,2410,2439,2828,2733,2580,2337,2505,2284,2521,2661,2473,2690,2495,2654,2510,2606,2362,2816,2752,2518,2528,2515,2492,2483,2626,2590,2591,2437,2566,2639,2533,2505,2539,2461,2380,2631,2535,2526,2379,2285,2623,2380,2655,2548,2514,2766,2649,2519,2440,2566,2553,2584,2739,2621,2571,2688,2448,2384,2842,2391,2554,2522,2500,2268,2440,2552,2463,2485,2577,2432,2578,2443,2720,2481,2573,2375,2438,2792,2598,2680,2520,2669,2426,2628,2741,2452,2689,2440,2359,2676,2300,2455,2362,2634,2688,2527,2487,2660,2717,2766,2586,2588,2631,2642,2801,2592,2521,2533,2550,2859,2432,2516,2486,2652,2243,2489,2399,2713,2534,2409,2492,2386,2674,2571,2750,2475,2548,2515,2495,2491,2580,2702,2524,2786,2599,2467,2403,2531,2459,2700,2587,2476,2617,2625,2676,2484,2333,2356,2483,2241,2301,2399,2452,2403,2310,2763,2532,2354,2545,2422,2511,2816,2414,2662,2496,2331,2757,2598,2693,2753,2567,2787,2763,2605,2520,2549,2432,2475,2441,2641,2578,2670,2628,2622,2446,2411,2601,2385,2322,2673,2388,2341,2417,2304,2396,2584,2757,2752,2654,2625,2640,2495,2398,2746,2434,2635,2551,2516,2435,2647,2504,2473,2542,2651,2766,2557,2424,2592,2364,2486,2762,2629,2774,2596,2626,2582,2553,2405,2395,2583,2655,2436,2834,2355,2666,2356,2682,2616,2811,2523,2646,2731,2635,2454,2472,2303,2609,2517,2376,2529,2422,2322,2612,2591,2506,2505,2394,2802,2543,2425,2440,2469,2618,2556,2395,2429,2508,2564,2730,2766,2655,2679,2887,2529,2451,2630,2358,2885,2620,2345,2505,2404,2504,2498,2458,2387,2642,2478,2486,2567,2686,2688,2353,2795,2705,2842,2652,2758,2691,2505,2592,2526,2537,2533,2724,2645,2524,2342,2647,2429,2608,2475,2514,2453,2429,2445,2478,2620,2598,2808,2562,2605,2515,2528,2476,2541,2581,2290,2666,2576,2628,2708,2692,2636,2288,2481,2480,2748,2582,2537,2696,2523,2452,2658,2607,2475,2603,2389,2771,2298,2608,2689,2527,2824,2534,2370,2692,2408,2455,2550,2601,2526,2647,2667,2353,2490,2449,2654,2703,2719,2599,2562,2671,2596,2546,2684,2321,2498,2599,2674,2458,2537,2708,2590,2566,2599,2444,2589,2621,2464,2542,2411,2528,2641,2661,2612,2786,2405,2656,2704,2660,2369,2545,2273,2585,2331,2476,2600,2697,2607,2527,2514,2611,2740,2660,2600,2438,2692,2480,2515,2671,2517,2585,2510,2681,2604,2416,2614,2531,2708,2527,2579,2508,2211,2589,2451,2480,2655,2189,2831,2220,2432,2406,2505,2327,2467,2574,2474,2693,2519,2493,2437,2676,2718,2682,2538,2772,2749,2724,2761,2248,2356,2510,2638,2553,2483,2658,2590,2565,2546,2624,2539,2605,2589,2683,2674,2808,2467,2425,2518,2365,2480
2479,2534,2445,2428,2324,2753,2430,2385,2334,2460,2474,2447,2585,2529,2363,2549,2652,2822,2379,2542,2448,2488,2382,2530,2488,2596,2553,2546,2405,2646,2475,2426,2597,2522,2521,2675,2394,2548,2487,2398,2571,2489,2390,2446,2499,2387,2402,2402,2449,2394,2567,2466,2425,2611,2444,2599,2481,2500,2347,2198,2501,2448,2282,2409,2500,2361,2407,2588,2435,2289,2322,2359,2381,2377,2404,2360,2505,2488,2672,2347,2545,2482,2742,2633,2366,2319,2521,2470,2622,2457,2484,2475,2408,2387,2506,2796,2560,2591,2329,2480,2349,2366,2490,2756,2702,2447,2433,2572,2450,2608,2447,2431,2430,2488,2513,2475,2320,2479,2389,2514,2511,2546,2561,2645,2545,2415,2560,2386,2495,2416,2586,2446,2508,2482,2518,2414,2116,2454,2567,2273,2552,2441,2549,2566,2482,2635,2504,2516,2580,2349,2727,2404,2603,2709,2454,2423,2508,2431,2387,2283,2205,2359,2468,2331,2165,2514,2458,2515,2333,2515,2486,2460,2429,2514,2472,2715,2478,2422,2566,2239,2658,2548,2556,2663,2490,2563,2676,2398,2451,2334,2561,2490,2520,2379,2312,2427,2571,2319,2426,2454,2424,2300,2903,2438,2316,2605,2481,2508,2499,2351,2598,2390,2494,2503,2447,2551,2572,2538,2558,2209,2353,2706,2682,2879,2823,2489,2328,2549,2482,2308,2233,2484,2397,2353,2659,2292,2277,2468,2369,2485,2321,2714,2540,2637,2578,2308,2508,2531,2604,2496,2736,2391,2574,2579,2548,2708,2456,2372,2396,2764,2331,2650,2241,2565,2424,2498,2362,2386,2460,2377,2485,2427,2468,2433,2493,2478,2557,2317,2584,2303,2485,2265,2407,2545,2453,2340,2532,2456,2345,2670,2659,2642,2376,2375,2157,2683,2234,2352,2495,2302,2557,2607,2490,2642,2601,2448,2302,2580,2425,2431,2685,2435,2311,2532,2498,2333,2464,2478,2454,2443,2369,2480,2484,2616,2434,2418,2283,2665,2405,2556,2524,2621,2516,2541,2362,2666,2651,2566,2529,2539,2315,2636,2464,2353,2554,2476,2370,2577,2545,2509,2277,2538,2207,2669,2537,2508,2164,2434,2423,2480,2475,2421,2338,2389,2548,2376,2454,2484,2545,2508,2324,2480,2375,2652,2501,2422,2562,2413,2498,2299,2392,2353,2531,2462,2508,2489,2514,2495,2565,2696,2550,2616,2637,2653,2366,2359,2511,2425,2547,2605,2528,2368,2461,2423,2589,2299,2389,2637,2457,2656,2366,2841,2578,2860,2376,2295,2420,2546,2372,2303,2371,2392,2551,2561,2427,2504,2452,2581,2621,2403,2320,2601,2316,2482,2401,2556,2632,2477,2276,2575,2371,2565,2303,2466,2457,2561,2432,2385,2777,2262,2403,2622,2441,2832,2526,2302,2390,2496,2587,2384,2458,2287,2418,2472,2433,2596,2445,2503,2423,2453,2614,2455,2564,2685,2428,2365,2644,2643,2628,2598,2630,2423,2263,2468,2171,2162,2399,2454,2451,2510,2412,2540,2390,2507,2448,2234,2418,2650,2356,2383,2599,2372,2211,2346,2660,2449,2498,2616,2864,2526,2710,2460,2355,2501,2284,2454,2578,2331,2340,2476,2631,2644,2544,2322,2447,2245,2524,2500,2319,2496,2540,2578,2386,2537,2314,2686,2654,2438,2359,2340,2428,2419,2453,2460,2463,2426,2515,2445,2558,2476,2497,2506,2394,2481,2486,2496,2346,2279,2544,2320,2561,2360,2392,2751,2586,2454,2485,2447,2532,2542,2663,2547,2501,2471,2381,2298,2640,2401,2499,2300,2399,2283,2326,2431,2413,2445,2380,2284,2462,2358,2573,2339,2541,2273,2321,2736,2534,2615,2381,2549,2379,2582,2641,2345,2610,2305,2403,2650,2283,2436,2133,2532,2434,2430,2481,2498,2491,2662,2458,2466,2523,2508,2619,2513,2379,2551,2585,2723,2430,2404,2323,2395,2217,2339,2351,2578,2331,2332,2403,2335,2653,2439,2626,2428,2471,2456,2495,2434,2554,2476,2462,2726,2361,2415,2358,2450,2345,2599,2537,2379,2495,2566,2669,2364,2283,2329,2449,2209,2287,2421,2314,2403,2249,2595,2364,2407,2567,2341,2524,2767,2305,2618,2497,2315,2661,2537,2582,2718,2574,2708,2674,2555,2309,2560,2283,2419,2412,2580,2394,2545,2515,2473,2427,2300,2453,2316,2372,2511,2260,2430,2360,2179,2341,2550,2609,2641,2485,2468,2396,2550,2279,2638,2324,2540,2534,2445,2377,2608,2529,2211,2463,2613,2623,2400,2354,2594,2377,2417,2668,2581,2630,2530,2630,2502,2406,2378,2267,2436,2595,2449,2790,2311,2703,2274,2643,2547,2807,2409,2592,2669,2574,2431,2444,2217,2526,2357,2331,2468,2327,2251,2570,2427,2525,2291,2313,2661,2533,2388,2426,2373,2588,2418,2400,2389,2524,2392,2760,2713,2469,2570,2866,2479,2259,2444,2368,2769,2507,2240,2378,2335,2478,2326,2423,2357,2580,2320,2373,2512,2504,2684,2329,2634,2586,2617,2550,2596,2494,2648,2571,2530,2497,2524,2527,2492,2487,2331,2444,2371,2448,2444,2289,2399,2284,2262,2419,2656,2559,2560,2549,2578,2420,2577,2434,2495,2541,2231,2516,2483,2569,2691,2597,2538,2303,2341,2377,2662,2617,2449,2559,2397,2418,2583,2596,2414,2479,2340,2641,2276,2563,2539,2417,2661,2561,2350,2566,2439,2364,2475,2519,2423,2603,2556,2229,2436,2511,2617,2500,2575,2464,2551,2596,2535,2475,2619,2218,2418,2536,2649,2402,2440,2550,2501,2606,2626,2445,2405,2584,2481,2556,2371,2373,2490,2535,2573,2665,2285,2452,2648,2544,2406,2560,2103,2444,2270,2534,2458,2576,2508,2377,2427,2626,2724,2631,2450,2368,2551,2442,2414,2640,2470,2459,2410,2476,2443,2429,2501,2523,2564,2492,2439,2340,2199,2517,2546,2466,2594,2189,2612,2267,2380,2354,2498,2244,2443,2526,2375,2700,2333,2332,2454,2520,2419,2625,2389,2584,2647,2600,2669,2265,2268,2441,2535,2475,2335,2539,2497,2497,2514,2602,2395,2569,2510,2553,2535,2637,2536,2363,2540,2295,2420
2502,2661,2491,2534,2367,2826,2616,2467,2509,2559,2537,2593,2716,2459,2542,2670,2737,2984,2533,2610,2487,2693,2532,2516,2649,2669,2636,2547,2470,2730,2582,2597,2616,2636,2679,2678,2397,2612,2544,2459,2570,2508,2489,2508,2532,2444,2512,2503,2475,2543,2657,2563,2494,2692,2554,2776,2573,2610,2365,2296,2610,2465,2306,2363,2798,2520,2483,2661,2520,2488,2416,2528,2580,2363,2527,2436,2594,2661,2742,2430,2611,2560,2951,2790,2501,2467,2630,2686,2812,2731,2705,2548,2367,2392,2644,2854,2559,2583,2424,2586,2430,2372,2452,2836,2837,2560,2519,2620,2599,2746,2486,2418,2526,2638,2471,2632,2453,2459,2562,2560,2575,2575,2573,2769,2480,2574,2697,2416,2542,2442,2643,2678,2492,2586,2640,2441,2272,2596,2584,2333,2566,2535,2563,2695,2563,2666,2576,2512,2557,2513,2935,2582,2576,2769,2608,2529,2669,2572,2428,2436,2462,2394,2516,2500,2335,2514,2555,2669,2493,2428,2547,2513,2601,2647,2507,2731,2605,2417,2726,2274,2832,2699,2708,2743,2501,2658,2674,2362,2565,2353,2732,2484,2739,2487,2544,2498,2707,2413,2454,2484,2516,2403,2865,2480,2517,2767,2580,2647,2506,2480,2630,2491,2699,2486,2496,2574,2649,2626,2643,2318,2421,2839,2683,2964,2816,2507,2518,2482,2560,2302,2329,2629,2498,2411,2822,2375,2275,2592,2575,2638,2461,2785,2600,2739,2780,2448,2597,2644,2646,2552,2813,2470,2665,2627,2539,2730,2524,2461,2367,2791,2406,2797,2280,2620,2571,2517,2595,2499,2503,2508,2570,2416,2585,2537,2637,2521,2682,2404,2659,2416,2499,2356,2526,2629,2417,2332,2625,2561,2372,2850,2763,2624,2379,2432,2300,2790,2386,2440,2591,2445,2599,2760,2578,2716,2646,2576,2480,2613,2369,2500,2722,2512,2546,2546,2596,2498,2546,2453,2456,2432,2461,2506,2508,2550,2537,2609,2432,2796,2580,2582,2730,2676,2610,2573,2427,2709,2732,2591,2653,2570,2398,2724,2558,2429,2598,2586,2571,2566,2719,2667,2421,2734,2336,2692,2577,2595,2122,2625,2468,2577,2527,2557,2449,2456,2597,2429,2582,2591,2618,2613,2424,2573,2375,2546,2546,2457,2618,2404,2567,2429,2440,2515,2641,2486,2570,2583,2616,2562,2726,2685,2699,2698,2677,2779,2461,2437,2562,2508,2563,2757,2697,2355,2475,2587,2676,2373,2325,2673,2599,2802,2486,2787,2723,2857,2435,2381,2553,2679,2412,2364,2381,2369,2588,2582,2575,2431,2567,2697,2744,2531,2509,2679,2585,2545,2557,2683,2784,2497,2486,2630,2515,2631,2455,2557,2565,2682,2526,2413,2812,2428,2448,2757,2585,2843,2544,2361,2585,2589,2784,2554,2426,2401,2478,2527,2657,2636,2510,2569,2634,2608,2760,2503,2681,2696,2668,2513,2687,2700,2763,2648,2713,2474,2478,2590,2248,2244,2471,2615,2587,2754,2520,2585,2495,2541,2538,2407,2589,2792,2419,2500,2687,2419,2278,2506,2607,2561,2674,2752,2899,2584,2872,2602,2353,2607,2311,2579,2768,2435,2372,2532,2780,2728,2574,2380,2428,2352,2548,2619,2437,2564,2609,2812,2487,2687,2384,2773,2737,2463,2442,2517,2441,2474,2525,2570,2524,2468,2714,2540,2613,2500,2629,2541,2478,2613,2509,2577,2487,2314,2663,2437,2604,2464,2572,2807,2741,2546,2587,2541,2594,2649,2766,2656,2640,2643,2456,2410,2709,2466,2571,2427,2423,2235,2527,2487,2450,2512,2515,2373,2495,2469,2564,2424,2617,2461,2498,2767,2581,2717,2453,2698,2516,2677,2772,2506,2653,2351,2429,2799,2352,2569,2237,2699,2628,2378,2482,2617,2668,2741,2646,2575,2595,2630,2799,2505,2614,2651,2506,2844,2462,2567,2327,2598,2286,2511,2390,2670,2373,2411,2542,2477,2691,2571,2824,2583,2599,2447,2590,2548,2580,2670,2560,2891,2470,2583,2314,2565,2520,2657,2534,2408,2630,2654,2670,2405,2428,2351,2578,2284,2329,2548,2480,2499,2368,2721,2438,2396,2557,2449,2491,2710,2485,2683,2608,2377,2654,2609,2684,2666,2620,2819,2838,2586,2517,2598,2379,2528,2526,2591,2528,2683,2593,2618,2464,2482,2444,2372,2336,2532,2386,2555,2480,2183,2436,2663,2766,2844,2514,2567,2494,2590,2429,2751,2314,2580,2635,2601,2446,2715,2512,2386,2489,2628,2699,2560,2410,2621,2381,2554,2657,2610,2674,2699,2734,2645,2452,2500,2424,2521,2585,2557,2787,2334,2786,2292,2750,2546,2703,2595,2665,2777,2651,2436,2508,2337,2646,2453,2505,2499,2460,2416,2624,2455,2638,2392,2392,2763,2600,2476,2530,2324,2696,2579,2453,2472,2639,2568,2754,2847,2581,2713,2851,2570,2270,2547,2429,2683,2635,2370,2543,2420,2523,2471,2461,2385,2698,2481,2503,2550,2656,2766,2451,2710,2712,2830,2610,2784,2641,2698,2580,2569,2425,2536,2682,2614,2541,2461,2644,2314,2533,2637,2432,2497,2488,2356,2482,2676,2611,2645,2640,2572,2404,2640,2472,2504,2626,2352,2485,2615,2520,2758,2666,2583,2359,2419,2542,2709,2739,2471,2783,2479,2497,2596,2748,2521,2659,2446,2714,2406,2636,2674,2520,2707,2569,2439,2746,2453,2408,2582,2572,2488,2632,2659,2257,2702,2437,2607,2686,2651,2701,2623,2757,2516,2578,2711,2275,2516,2626,2763,2524,2493,2786,2535,2646,2675,2641,2464,2539,2453,2621,2442,2568,2599,2568,2713,2766,2363,2503,2676,2616,2438,2542,2162,2604,2447,2602,2569,2698,2690,2533,2464,2637,2760,2647,2416,2455,2724,2494,2400,2754,2507,2629,2439,2657,2531,2483,2569,2575,2649,2589,2442,2449,2264,2650,2644,2537,2586,2217,2692,2318,2402,2455,2571,2378,2517,2536,2477,2713,2496,2555,2490,2638,2529,2705,2416,2665,2726,2681,2691,2330,2421,2491,2702,2583,2490,2718,2657,2644,2591,2767,2428,2576,2507,2713,2594,2700,2634,2418,2671,2370,2541
2466,2674,2432,2438,2360,2776,2590,2498,2490,2596,2549,2511,2637,2521,2445,2608,2782,2939,2553,2674,2519,2739,2476,2518,2671,2680,2555,2655,2607,2743,2703,2524,2678,2583,2537,2613,2499,2698,2583,2411,2572,2593,2413,2437,2478,2408,2509,2438,2510,2502,2639,2707,2605,2744,2504,2859,2647,2610,2549,2337,2654,2520,2337,2438,2709,2494,2578,2677,2504,2430,2378,2638,2462,2459,2561,2505,2657,2623,2751,2409,2521,2594,2823,2593,2443,2439,2579,2770,2708,2580,2707,2687,2377,2422,2731,2935,2636,2708,2314,2642,2471,2446,2384,2832,2745,2606,2539,2659,2560,2791,2394,2435,2453,2662,2456,2617,2442,2506,2438,2538,2620,2672,2641,2641,2468,2584,2743,2476,2623,2318,2629,2614,2626,2564,2560,2530,2197,2623,2643,2359,2673,2547,2644,2681,2578,2638,2586,2411,2630,2564,2899,2498,2657,2710,2618,2597,2638,2439,2353,2554,2449,2440,2533,2457,2274,2592,2573,2654,2402,2369,2626,2623,2564,2650,2460,2781,2585,2356,2699,2335,2810,2601,2656,2814,2554,2774,2629,2455,2562,2381,2784,2621,2557,2529,2415,2526,2684,2276,2382,2533,2520,2407,2935,2555,2533,2685,2562,2598,2580,2491,2686,2440,2530,2446,2576,2589,2611,2591,2556,2301,2437,2770,2633,2984,2766,2546,2531,2529,2528,2348,2298,2715,2575,2528,2762,2387,2238,2550,2559,2630,2453,2726,2658,2827,2702,2389,2523,2628,2692,2543,2774,2534,2571,2652,2626,2662,2558,2431,2514,2793,2430,2681,2367,2585,2566,2570,2517,2471,2464,2394,2577,2494,2529,2531,2621,2586,2597,2434,2751,2426,2504,2344,2547,2730,2457,2415,2620,2552,2419,2797,2726,2622,2502,2526,2172,2752,2336,2427,2596,2483,2702,2799,2499,2769,2657,2532,2483,2677,2448,2568,2877,2523,2485,2568,2582,2485,2482,2594,2446,2499,2520,2495,2569,2703,2538,2545,2450,2800,2566,2581,2748,2615,2615,2553,2357,2616,2734,2675,2689,2666,2457,2600,2557,2334,2678,2593,2566,2577,2716,2673,2479,2648,2312,2730,2572,2494,2180,2580,2502,2443,2552,2589,2496,2393,2684,2378,2540,2499,2568,2552,2416,2580,2448,2556,2581,2436,2660,2449,2482,2403,2439,2588,2610,2619,2669,2550,2553,2645,2658,2718,2634,2646,2840,2741,2442,2468,2627,2396,2663,2693,2626,2452,2404,2603,2609,2406,2376,2649,2568,2827,2563,2798,2758,2877,2564,2407,2582,2592,2448,2400,2481,2405,2659,2687,2495,2450,2637,2621,2655,2545,2499,2635,2530,2561,2552,2673,2849,2524,2436,2618,2528,2575,2465,2544,2526,2617,2590,2537,2786,2488,2419,2781,2518,2904,2694,2371,2596,2556,2689,2475,2503,2426,2496,2603,2668,2653,2562,2621,2627,2530,2796,2600,2589,2699,2634,2463,2539,2614,2722,2693,2714,2372,2429,2490,2318,2217,2409,2600,2609,2641,2415,2591,2542,2598,2514,2419,2487,2721,2358,2477,2728,2442,2383,2353,2711,2509,2589,2739,2829,2597,2857,2585,2411,2485,2368,2585,2805,2427,2465,2499,2608,2620,2643,2351,2391,2394,2650,2646,2465,2719,2594,2700,2599,2645,2379,2704,2732,2430,2464,2531,2422,2469,2533,2696,2486,2498,2733,2585,2649,2444,2575,2561,2387,2505,2491,2589,2413,2298,2608,2399,2659,2489,2568,2881,2781,2634,2504,2488,2609,2622,2708,2597,2626,2550,2374,2552,2782,2523,2597,2409,2468,2338,2474,2557,2525,2518,2536,2398,2468,2392,2560,2507,2657,2438,2645,2814,2693,2622,2386,2614,2433,2646,2767,2417,2708,2373,2509,2841,2344,2544,2345,2618,2520,2403,2531,2623,2536,2804,2582,2514,2586,2517,2754,2548,2607,2630,2514,2818,2460,2448,2354,2551,2396,2523,2381,2734,2353,2329,2564,2483,2755,2632,2771,2572,2554,2437,2558,2514,2615,2676,2563,2845,2452,2541,2319,2457,2508,2597,2637,2410,2593,2621,2606,2397,2466,2370,2554,2381,2312,2452,2549,2426,2359,2711,2466,2422,2603,2513,2511,2805,2471,2640,2689,2294,2679,2664,2730,2693,2653,2632,2797,2662,2500,2623,2342,2550,2606,2719,2527,2739,2555,2523,2431,2426,2563,2493,2424,2493,2365,2600,2479,2209,2402,2713,2721,2829,2553,2573,2616,2695,2347,2646,2350,2595,2617,2496,2391,2656,2676,2379,2607,2554,2820,2499,2484,2779,2416,2590,2729,2633,2685,2671,2665,2684,2458,2364,2392,2579,2591,2493,2847,2413,2721,2420,2793,2636,2758,2506,2610,2687,2676,2548,2515,2388,2708,2492,2522,2424,2573,2458,2609,2426,2496,2433,2447,2871,2636,2503,2343,2481,2710,2515,2467,2556,2653,2583,2804,2776,2562,2738,2921,2647,2227,2554,2427,2694,2555,2317,2545,2411,2572,2540,2443,2482,2506,2528,2393,2576,2579,2680,2329,2709,2672,2744,2673,2702,2626,2613,2536,2617,2598,2533,2623,2577,2470,2509,2666,2425,2564,2560,2578,2523,2457,2361,2455,2783,2648,2659,2723,2761,2409,2621,2422,2581,2609,2306,2512,2507,2603,2718,2745,2534,2298,2417,2516,2689,2737,2463,2682,2459,2423,2728,2787,2504,2632,2412,2736,2443,2728,2659,2487,2799,2541,2472,2666,2499,2447,2611,2592,2464,2587,2697,2320,2664,2549,2474,2657,2684,2671,2570,2745,2530,2551,2624,2463,2525,2697,2672,2558,2494,2674,2524,2702,2591,2713,2402,2542,2399,2508,2461,2542,2573,2634,2657,2793,2300,2474,2562,2676,2431,2627,2180,2602,2352,2641,2612,2612,2625,2499,2501,2580,2836,2706,2483,2549,2662,2500,2416,2747,2506,2543,2458,2657,2486,2449,2596,2658,2665,2569,2550,2470,2258,2632,2688,2545,2647,2214,2587,2376,2477,2533,2565,2460,2446,2694,2486,2659,2356,2528,2469,2614,2528,2674,2534,2634,2680,2552,2754,2355,2302,2580,2625,2720,2549,2664,2647,2574,2562,2640,2524,2539,2596,2625,2654,2674,2528,2418,2612,2389,2549
2209,2475,2185,2243,2118,2526,2465,2315,2334,2305,2240,2235,2409,2253,2282,2299,2413,2621,2213,2355,2246,2404,2240,2214,2435,2437,2380,2267,2318,2445,2515,2332,2289,2364,2517,2370,2197,2441,2355,2173,2406,2340,2241,2279,2291,2330,2225,2272,2247,2350,2237,2359,2254,2478,2160,2502,2305,2372,2253,2143,2490,2244,2089,2236,2449,2211,2350,2423,2325,2175,2179,2377,2306,2217,2300,2168,2348,2364,2381,2186,2320,2403,2615,2409,2235,2220,2396,2470,2431,2388,2453,2315,2171,2195,2468,2510,2396,2435,2121,2386,2168,2172,2248,2505,2478,2283,2274,2333,2327,2464,2098,2228,2291,2361,2367,2296,2332,2324,2294,2369,2403,2279,2436,2424,2292,2287,2391,2323,2434,2085,2387,2381,2215,2345,2337,2209,2051,2337,2348,2125,2398,2251,2301,2436,2249,2432,2241,2131,2438,2293,2697,2336,2525,2438,2327,2305,2451,2331,2191,2189,2147,2232,2273,2247,2121,2286,2273,2478,2213,2235,2289,2356,2321,2358,2335,2475,2386,2239,2405,2152,2526,2403,2457,2519,2262,2446,2435,2231,2307,2097,2545,2209,2278,2220,2310,2269,2384,2072,2132,2323,2272,2126,2712,2186,2251,2485,2274,2274,2338,2273,2438,2082,2305,2275,2263,2385,2378,2420,2346,2049,2173,2498,2525,2712,2488,2390,2237,2232,2283,2165,2054,2443,2383,2252,2428,2136,2106,2376,2370,2248,2316,2462,2384,2535,2560,2234,2263,2486,2425,2326,2460,2230,2443,2426,2368,2499,2360,2186,2184,2380,2144,2411,2149,2388,2361,2328,2346,2325,2267,2225,2240,2291,2261,2293,2423,2258,2314,2119,2398,2229,2353,2174,2303,2331,2294,2255,2279,2335,2214,2506,2512,2406,2237,2250,2021,2489,2096,2284,2269,2320,2390,2585,2280,2431,2419,2208,2340,2457,2205,2222,2457,2248,2261,2250,2308,2263,2266,2188,2172,2185,2273,2298,2271,2271,2284,2356,2144,2646,2242,2359,2389,2472,2361,2282,2237,2430,2415,2443,2458,2341,2276,2453,2328,2175,2448,2376,2351,2293,2481,2405,2204,2458,2170,2379,2302,2225,1978,2321,2251,2207,2286,2442,2314,2118,2428,2275,2393,2304,2286,2280,2237,2266,2219,2330,2266,2168,2429,2241,2272,2206,2143,2246,2273,2342,2355,2389,2386,2357,2448,2382,2478,2301,2442,2475,2158,2169,2442,2187,2368,2399,2376,2190,2216,2315,2358,2092,2256,2421,2425,2585,2315,2417,2536,2585,2300,2229,2269,2429,2159,2244,2201,2166,2322,2353,2298,2223,2426,2415,2421,2274,2252,2406,2358,2304,2400,2367,2444,2252,2222,2340,2357,2357,2273,2387,2327,2363,2334,2310,2525,2158,2196,2417,2323,2607,2443,2200,2373,2266,2476,2246,2319,2264,2214,2348,2421,2391,2401,2300,2489,2333,2553,2275,2405,2434,2396,2217,2444,2369,2445,2401,2529,2241,2240,2220,2099,2024,2166,2407,2362,2403,2191,2301,2244,2412,2199,2348,2276,2545,2123,2299,2517,2204,2073,2194,2491,2312,2468,2432,2624,2409,2530,2386,2214,2327,2065,2367,2588,2205,2152,2153,2480,2410,2310,2068,2194,2176,2349,2407,2195,2485,2329,2369,2270,2337,2212,2459,2475,2126,2267,2276,2280,2300,2276,2387,2355,2231,2550,2428,2508,2188,2284,2315,2102,2280,2215,2296,2223,2172,2338,2200,2483,2232,2359,2657,2505,2369,2233,2154,2382,2372,2361,2369,2340,2307,2205,2268,2473,2158,2361,2180,2191,2119,2193,2278,2398,2392,2312,2133,2236,2186,2201,2305,2368,2201,2370,2489,2392,2478,2243,2368,2142,2356,2412,2258,2434,2257,2237,2596,2104,2305,2014,2461,2236,2308,2236,2466,2480,2393,2351,2243,2273,2334,2384,2252,2340,2362,2282,2480,2248,2175,2171,2386,2206,2227,2174,2398,2169,2106,2234,2276,2537,2399,2583,2352,2264,2232,2342,2402,2391,2390,2264,2623,2295,2322,2185,2297,2255,2382,2336,2222,2307,2416,2335,2258,2277,2284,2355,2122,1977,2220,2338,2236,2135,2495,2220,2244,2386,2279,2333,2496,2263,2333,2372,2153,2404,2382,2402,2370,2363,2355,2649,2370,2263,2401,2204,2372,2397,2417,2258,2412,2303,2295,2220,2145,2283,2292,2148,2317,2120,2398,2250,2111,2235,2490,2535,2595,2232,2374,2364,2355,2211,2510,2089,2381,2409,2195,2134,2444,2389,2103,2342,2402,2543,2257,2207,2397,2228,2289,2367,2412,2341,2387,2414,2304,2262,2103,2192,2315,2412,2295,2548,2139,2556,2113,2583,2425,2391,2286,2414,2414,2508,2281,2235,2234,2416,2253,2345,2250,2232,2285,2360,2228,2329,2324,2283,2578,2371,2201,2186,2231,2516,2297,2196,2371,2380,2366,2552,2505,2328,2432,2660,2359,1992,2291,2151,2399,2348,2199,2330,2205,2254,2242,2284,2237,2354,2214,2194,2340,2328,2490,2098,2447,2416,2528,2280,2475,2343,2452,2398,2356,2319,2320,2437,2313,2270,2182,2412,2158,2294,2309,2288,2334,2257,2186,2201,2490,2335,2543,2395,2421,2256,2359,2206,2327,2496,2145,2227,2242,2353,2485,2420,2280,2052,2215,2214,2489,2476,2235,2484,2188,2319,2382,2555,2241,2398,2286,2542,2211,2409,2444,2199,2455,2230,2168,2387,2290,2083,2432,2407,2279,2421,2435,2151,2414,2318,2319,2460,2414,2293,2397,2448,2370,2277,2407,2151,2292,2375,2437,2469,2268,2380,2268,2430,2357,2421,2173,2338,2273,2315,2178,2254,2348,2408,2485,2526,2071,2278,2373,2361,2237,2382,1980,2376,2150,2381,2295,2405,2339,2203,2266,2341,2455,2426,2140,2251,2324,2317,2166,2521,2268,2329,2212,2386,2262,2253,2298,2422,2352,2397,2217,2166,2057,2327,2343,2411,2462,2140,2334,2038,2189,2260,2270,2165,2296,2337,2245,2342,2238,2309,2188,2380,2227,2483,2238,2401,2381,2377,2461,2128,2137,2313,2473,2305,2199,2431,2428,2288,2362,2415,2288,2316,2268,2376,2243,2376,2272,2283,2396,2189,2303
2504,2742,2422,2423,2387,2710,2666,2567,2531,2575,2578,2527,2665,2545,2468,2602,2798,2930,2519,2631,2450,2754,2407,2483,2552,2676,2697,2559,2525,2690,2716,2541,2597,2504,2679,2590,2461,2601,2707,2423,2667,2624,2383,2477,2567,2490,2505,2490,2623,2489,2599,2751,2499,2763,2476,2769,2518,2659,2562,2428,2723,2504,2443,2538,2642,2443,2509,2836,2631,2526,2415,2506,2511,2404,2499,2453,2591,2658,2646,2393,2560,2598,2928,2605,2388,2413,2643,2683,2710,2584,2733,2632,2431,2496,2663,2897,2594,2626,2408,2579,2442,2535,2400,2846,2793,2570,2512,2591,2593,2670,2480,2412,2587,2716,2670,2620,2481,2438,2443,2519,2603,2602,2580,2642,2448,2598,2741,2570,2654,2442,2568,2682,2514,2631,2683,2535,2290,2508,2565,2341,2653,2552,2558,2672,2498,2643,2523,2463,2557,2613,2883,2575,2686,2746,2688,2604,2648,2523,2423,2483,2508,2323,2510,2502,2314,2573,2553,2668,2509,2462,2476,2595,2518,2591,2695,2675,2530,2406,2711,2411,2807,2661,2687,2817,2520,2747,2711,2521,2639,2289,2788,2517,2538,2355,2384,2639,2688,2204,2421,2589,2545,2492,2871,2433,2424,2756,2631,2611,2609,2401,2688,2329,2438,2509,2500,2616,2655,2639,2601,2343,2307,2614,2650,2906,2743,2512,2571,2517,2600,2450,2304,2684,2594,2442,2754,2439,2259,2698,2594,2600,2560,2703,2636,2925,2807,2452,2569,2682,2659,2654,2698,2505,2687,2762,2590,2672,2485,2347,2480,2650,2385,2672,2364,2507,2623,2639,2655,2515,2518,2452,2538,2502,2482,2506,2751,2432,2469,2429,2642,2422,2566,2477,2672,2662,2397,2458,2570,2554,2410,2838,2799,2589,2527,2492,2421,2809,2340,2457,2534,2620,2693,2758,2561,2653,2571,2524,2582,2803,2453,2502,2855,2480,2442,2380,2589,2502,2568,2509,2518,2386,2510,2494,2582,2558,2426,2529,2358,2846,2566,2595,2857,2658,2701,2505,2460,2743,2691,2664,2580,2599,2476,2718,2473,2413,2736,2543,2610,2530,2803,2615,2436,2608,2441,2619,2586,2493,2210,2633,2448,2399,2512,2633,2512,2378,2742,2503,2659,2514,2642,2502,2309,2514,2399,2527,2483,2375,2682,2410,2522,2495,2357,2510,2506,2652,2643,2682,2667,2719,2693,2698,2545,2664,2711,2681,2364,2567,2605,2501,2630,2678,2595,2414,2583,2638,2617,2337,2517,2589,2594,2779,2480,2699,2804,2928,2579,2414,2522,2610,2404,2488,2345,2437,2639,2669,2559,2384,2653,2676,2679,2566,2355,2683,2585,2560,2607,2503,2823,2583,2417,2568,2576,2616,2511,2625,2599,2634,2635,2483,2697,2381,2489,2684,2528,2798,2792,2379,2602,2554,2746,2533,2485,2459,2506,2554,2674,2564,2673,2561,2748,2557,2769,2556,2702,2706,2649,2447,2620,2598,2627,2677,2784,2501,2402,2551,2380,2234,2362,2651,2598,2639,2329,2529,2519,2673,2468,2488,2588,2811,2436,2467,2711,2425,2292,2479,2706,2573,2678,2717,2751,2625,2816,2656,2372,2513,2253,2668,2788,2540,2427,2523,2688,2562,2422,2335,2323,2437,2661,2651,2542,2640,2681,2648,2573,2550,2333,2619,2799,2425,2472,2555,2435,2494,2567,2727,2498,2472,2727,2614,2710,2450,2573,2558,2460,2560,2435,2577,2448,2316,2590,2576,2690,2340,2614,2816,2758,2543,2567,2476,2542,2526,2636,2513,2532,2508,2547,2537,2685,2532,2499,2386,2340,2377,2540,2538,2619,2589,2574,2364,2422,2370,2481,2570,2666,2527,2570,2751,2679,2610,2449,2679,2450,2622,2690,2438,2652,2445,2549,2894,2298,2567,2314,2707,2425,2497,2506,2716,2685,2781,2688,2503,2594,2597,2733,2449,2604,2534,2590,2722,2448,2360,2488,2622,2393,2400,2406,2667,2431,2311,2579,2599,2791,2556,2711,2628,2517,2506,2529,2544,2629,2691,2521,2912,2450,2450,2382,2595,2500,2517,2679,2491,2684,2715,2636,2567,2472,2484,2544,2355,2294,2552,2603,2366,2446,2736,2428,2531,2635,2523,2528,2678,2459,2502,2559,2307,2746,2702,2544,2496,2578,2608,2933,2676,2640,2724,2409,2628,2574,2772,2588,2713,2532,2593,2453,2450,2550,2500,2542,2578,2420,2704,2522,2225,2488,2828,2773,2636,2579,2593,2518,2662,2358,2683,2303,2665,2642,2544,2445,2812,2540,2336,2512,2715,2761,2468,2502,2727,2420,2589,2659,2745,2710,2684,2641,2525,2570,2282,2431,2605,2584,2455,2826,2415,2814,2252,2763,2622,2641,2560,2712,2702,2734,2580,2480,2432,2737,2477,2591,2535,2583,2357,2581,2509,2479,2465,2410,2708,2638,2455,2527,2515,2740,2573,2362,2558,2545,2590,2834,2805,2683,2801,2838,2673,2148,2653,2381,2539,2556,2363,2611,2368,2513,2430,2491,2581,2656,2553,2488,2578,2590,2729,2320,2769,2706,2796,2650,2727,2501,2791,2543,2659,2530,2537,2619,2562,2532,2508,2608,2488,2718,2641,2564,2540,2485,2439,2471,2738,2654,2713,2716,2763,2377,2618,2402,2557,2579,2289,2529,2559,2517,2750,2752,2508,2363,2445,2384,2676,2668,2536,2765,2506,2442,2639,2770,2508,2701,2457,2784,2526,2621,2744,2518,2711,2544,2399,2650,2476,2360,2703,2572,2536,2620,2602,2402,2633,2387,2399,2701,2679,2545,2584,2785,2560,2570,2675,2429,2566,2605,2674,2712,2622,2633,2609,2654,2645,2699,2403,2543,2471,2550,2454,2539,2639,2694,2708,2925,2421,2490,2502,2614,2446,2659,2168,2549,2413,2694,2526,2764,2581,2457,2450,2553,2842,2657,2461,2417,2492,2547,2399,2697,2561,2603,2456,2752,2554,2527,2572,2644,2635,2559,2582,2467,2298,2592,2457,2474,2721,2319,2681,2536,2494,2448,2582,2407,2488,2577,2536,2715,2477,2608,2500,2592,2481,2723,2557,2680,2709,2592,2668,2320,2411,2447,2585,2637,2558,2819,2726,2478,2599,2621,2571,2496,2508,2711,2565,2651,2557,2540,2683,2403,2495
2424,2650,2399,2328,2271,2660,2527,2473,2415,2533,2412,2341,2560,2447,2329,2454,2727,2745,2356,2568,2349,2755,2393,2379,2491,2704,2537,2529,2381,2595,2683,2473,2501,2484,2623,2506,2447,2494,2501,2432,2613,2560,2257,2327,2493,2428,2418,2421,2512,2474,2417,2672,2445,2662,2346,2627,2507,2559,2538,2319,2687,2539,2292,2409,2536,2315,2441,2694,2480,2505,2412,2635,2395,2262,2472,2331,2496,2555,2609,2289,2391,2517,2723,2580,2370,2341,2508,2508,2604,2412,2666,2500,2297,2371,2581,2700,2489,2624,2308,2480,2329,2470,2329,2746,2639,2385,2480,2447,2552,2616,2432,2450,2553,2649,2505,2448,2524,2476,2477,2445,2577,2540,2510,2499,2368,2515,2566,2629,2580,2396,2572,2636,2445,2463,2542,2404,2261,2536,2467,2314,2567,2353,2389,2631,2474,2543,2413,2406,2512,2525,2697,2460,2615,2567,2595,2488,2468,2540,2322,2268,2514,2279,2408,2324,2182,2413,2464,2494,2317,2251,2317,2420,2480,2408,2583,2695,2503,2320,2713,2418,2675,2526,2534,2661,2464,2521,2663,2429,2471,2272,2631,2390,2362,2303,2417,2516,2670,2272,2316,2530,2501,2391,2888,2391,2444,2629,2506,2553,2483,2369,2616,2279,2445,2419,2454,2458,2497,2503,2510,2324,2266,2661,2445,2811,2746,2507,2433,2336,2499,2402,2207,2671,2541,2365,2608,2366,2337,2624,2499,2459,2390,2589,2604,2739,2815,2337,2457,2625,2551,2401,2604,2473,2539,2684,2440,2672,2413,2270,2287,2540,2428,2582,2281,2473,2601,2526,2533,2541,2317,2460,2386,2494,2397,2330,2628,2312,2450,2322,2570,2379,2470,2418,2558,2562,2361,2377,2463,2492,2315,2641,2722,2542,2567,2455,2238,2565,2285,2433,2381,2507,2548,2721,2403,2581,2509,2329,2494,2637,2354,2506,2652,2436,2352,2463,2588,2403,2408,2366,2388,2353,2548,2428,2358,2516,2404,2515,2357,2752,2448,2440,2561,2493,2557,2457,2351,2728,2599,2570,2517,2462,2419,2596,2288,2358,2648,2461,2483,2524,2603,2610,2397,2530,2339,2471,2398,2494,2284,2496,2327,2308,2384,2546,2530,2229,2674,2314,2533,2318,2504,2503,2375,2387,2229,2529,2467,2392,2518,2391,2308,2464,2365,2369,2391,2608,2529,2564,2599,2670,2528,2642,2436,2477,2621,2616,2374,2471,2611,2435,2435,2518,2608,2318,2553,2558,2543,2278,2452,2532,2729,2747,2534,2620,2717,2781,2449,2298,2521,2542,2377,2479,2293,2311,2535,2612,2420,2324,2562,2608,2500,2488,2312,2568,2561,2519,2671,2467,2683,2443,2400,2517,2540,2452,2428,2530,2576,2473,2653,2379,2531,2283,2382,2617,2514,2642,2647,2417,2549,2398,2746,2519,2482,2468,2429,2506,2555,2597,2545,2498,2661,2464,2690,2489,2527,2583,2577,2412,2569,2434,2490,2627,2661,2467,2254,2542,2256,2196,2352,2522,2463,2605,2256,2384,2358,2566,2464,2546,2501,2803,2362,2361,2563,2393,2271,2358,2581,2459,2539,2620,2638,2624,2731,2576,2288,2505,2135,2562,2739,2401,2226,2413,2522,2554,2454,2191,2277,2480,2593,2507,2491,2544,2582,2521,2380,2495,2310,2644,2604,2353,2438,2442,2410,2345,2440,2627,2473,2367,2506,2605,2707,2406,2499,2505,2299,2431,2354,2465,2360,2259,2405,2527,2519,2354,2622,2698,2543,2523,2376,2427,2507,2483,2426,2574,2535,2487,2373,2395,2695,2431,2467,2302,2243,2277,2423,2544,2538,2505,2520,2384,2408,2283,2372,2615,2612,2351,2417,2707,2576,2541,2535,2504,2387,2440,2676,2483,2624,2354,2455,2645,2295,2537,2287,2691,2423,2367,2448,2463,2568,2552,2547,2484,2435,2522,2625,2441,2493,2534,2482,2636,2335,2359,2314,2358,2333,2426,2305,2539,2367,2323,2479,2535,2683,2483,2676,2495,2445,2324,2435,2434,2602,2613,2440,2766,2462,2449,2347,2422,2382,2518,2473,2384,2497,2650,2654,2378,2399,2384,2390,2269,2191,2431,2561,2243,2393,2553,2369,2446,2439,2373,2434,2579,2342,2450,2592,2314,2547,2570,2510,2459,2515,2466,2741,2555,2582,2612,2368,2548,2507,2638,2376,2600,2557,2478,2341,2376,2444,2458,2412,2592,2327,2560,2468,2214,2503,2684,2788,2641,2463,2576,2451,2579,2377,2595,2299,2546,2596,2354,2316,2614,2534,2221,2534,2624,2663,2365,2372,2680,2383,2455,2602,2575,2560,2632,2582,2489,2512,2285,2317,2655,2560,2505,2700,2326,2683,2338,2685,2510,2526,2477,2512,2587,2629,2466,2406,2379,2498,2444,2403,2411,2503,2286,2504,2505,2551,2459,2398,2610,2588,2418,2360,2305,2641,2567,2357,2428,2511,2649,2721,2678,2555,2668,2730,2567,2155,2565,2379,2551,2494,2286,2533,2370,2408,2377,2399,2509,2422,2418,2369,2536,2512,2632,2273,2768,2536,2643,2543,2603,2468,2619,2484,2672,2475,2555,2573,2427,2474,2511,2465,2329,2611,2558,2479,2472,2382,2291,2327,2629,2495,2676,2528,2658,2347,2520,2416,2438,2602,2243,2424,2474,2485,2631,2714,2439,2224,2368,2272,2628,2569,2542,2684,2435,2472,2507,2557,2474,2496,2425,2792,2328,2549,2589,2469,2600,2377,2373,2489,2407,2270,2593,2572,2526,2441,2523,2393,2531,2379,2393,2654,2604,2510,2492,2588,2444,2429,2549,2323,2452,2604,2580,2635,2540,2566,2478,2623,2513,2656,2371,2487,2453,2494,2366,2519,2505,2654,2582,2764,2322,2472,2485,2472,2382,2613,2117,2477,2396,2463,2455,2586,2399,2434,2361,2393,2696,2644,2345,2388,2494,2500,2361,2604,2495,2492,2426,2621,2407,2420,2421,2575,2515,2436,2439,2373,2199,2532,2537,2507,2654,2319,2683,2353,2364,2353,2420,2348,2391,2539,2387,2603,2353,2467,2443,2566,2423,2618,2466,2563,2709,2564,2658,2399,2346,2438,2542,2404,2419,2714,2651,2485,2669,2506,2495,2468,2488,2537,2568,2582,2435,2567,2604,2302,2393
2607,2723,2494,2390,2394,2753,2646,2428,2514,2669,2542,2573,2696,2449,2426,2647,2782,2805,2479,2656,2395,2765,2437,2436,2576,2812,2640,2585,2449,2644,2768,2520,2631,2509,2692,2550,2483,2639,2640,2480,2620,2573,2386,2414,2562,2411,2561,2410,2587,2520,2597,2694,2550,2537,2466,2730,2536,2668,2622,2370,2773,2700,2395,2575,2591,2359,2568,2779,2661,2574,2577,2664,2504,2421,2570,2487,2563,2671,2631,2395,2553,2630,2666,2627,2517,2424,2583,2809,2678,2488,2788,2605,2410,2443,2682,2811,2580,2665,2414,2574,2350,2484,2351,2843,2610,2362,2469,2520,2639,2743,2525,2453,2621,2666,2652,2603,2507,2337,2459,2513,2588,2682,2636,2591,2527,2763,2661,2503,2621,2479,2690,2675,2480,2583,2588,2399,2315,2554,2565,2433,2641,2548,2493,2734,2546,2481,2531,2411,2510,2492,2968,2459,2724,2710,2655,2539,2650,2675,2344,2483,2527,2374,2523,2418,2390,2523,2474,2480,2426,2388,2455,2584,2544,2572,2711,2793,2537,2457,2758,2456,2839,2552,2592,2753,2468,2533,2690,2500,2674,2380,2712,2517,2410,2300,2536,2644,2723,2354,2462,2464,2531,2538,2933,2498,2464,2791,2566,2644,2631,2470,2621,2416,2518,2594,2531,2523,2545,2680,2570,2369,2349,2640,2551,2736,2752,2564,2465,2551,2593,2413,2225,2638,2582,2375,2778,2332,2312,2771,2624,2539,2597,2654,2586,2807,2858,2396,2632,2752,2706,2572,2586,2540,2684,2662,2486,2709,2477,2362,2393,2665,2385,2590,2448,2491,2622,2625,2650,2451,2494,2463,2569,2571,2531,2357,2631,2511,2585,2435,2559,2482,2627,2520,2618,2721,2468,2483,2515,2534,2468,2791,2779,2589,2562,2591,2375,2724,2399,2531,2523,2632,2697,2730,2523,2682,2543,2478,2673,2665,2497,2526,2574,2449,2387,2507,2623,2529,2500,2399,2490,2514,2516,2508,2520,2595,2503,2569,2370,2748,2459,2598,2742,2606,2602,2505,2440,2808,2719,2608,2602,2575,2520,2657,2398,2400,2649,2587,2600,2473,2706,2742,2425,2690,2374,2573,2501,2520,2330,2673,2372,2438,2576,2653,2576,2328,2784,2389,2796,2469,2608,2522,2423,2600,2377,2605,2561,2479,2568,2520,2384,2503,2385,2455,2490,2697,2551,2739,2697,2780,2719,2647,2623,2573,2658,2691,2469,2570,2558,2487,2499,2583,2684,2484,2696,2765,2580,2349,2436,2523,2623,2733,2631,2677,2782,2959,2540,2430,2632,2655,2482,2498,2479,2466,2701,2490,2495,2364,2680,2653,2543,2590,2346,2554,2598,2706,2700,2591,2785,2566,2365,2589,2663,2457,2544,2571,2759,2545,2688,2519,2655,2313,2495,2611,2616,2803,2676,2375,2641,2395,2750,2531,2654,2473,2533,2572,2522,2519,2605,2585,2867,2502,2692,2546,2679,2695,2759,2402,2791,2627,2613,2726,2770,2454,2323,2556,2306,2179,2314,2637,2594,2608,2381,2511,2499,2561,2411,2597,2599,2763,2426,2404,2667,2406,2403,2395,2619,2572,2700,2756,2784,2605,2798,2702,2413,2491,2244,2595,2926,2637,2340,2571,2742,2544,2503,2254,2409,2472,2665,2541,2414,2615,2687,2625,2527,2667,2473,2703,2661,2465,2470,2513,2398,2358,2520,2660,2692,2549,2641,2567,2732,2389,2731,2636,2356,2638,2504,2670,2572,2344,2479,2515,2624,2332,2593,2634,2590,2573,2547,2463,2643,2618,2581,2636,2675,2549,2416,2455,2704,2563,2582,2478,2344,2448,2470,2653,2726,2551,2618,2528,2495,2282,2361,2717,2668,2535,2467,2815,2478,2649,2662,2702,2396,2552,2649,2524,2675,2400,2532,2817,2361,2713,2379,2641,2521,2527,2512,2535,2689,2679,2761,2576,2534,2675,2759,2573,2530,2594,2540,2671,2440,2463,2380,2572,2469,2522,2442,2703,2552,2375,2546,2629,2840,2546,2810,2587,2478,2401,2564,2502,2606,2631,2579,2951,2484,2543,2436,2547,2474,2571,2610,2444,2600,2632,2731,2540,2578,2411,2597,2423,2329,2630,2651,2418,2490,2677,2429,2476,2543,2459,2480,2758,2451,2454,2581,2476,2722,2737,2602,2564,2637,2524,2981,2696,2678,2687,2434,2673,2478,2911,2475,2621,2505,2592,2467,2629,2591,2581,2587,2642,2419,2702,2530,2442,2504,2671,2845,2660,2452,2601,2527,2591,2413,2651,2410,2571,2663,2513,2406,2798,2555,2339,2547,2666,2756,2441,2495,2706,2437,2624,2600,2800,2647,2709,2630,2470,2641,2272,2530,2786,2691,2456,2837,2360,2805,2446,2741,2638,2624,2447,2535,2637,2677,2548,2518,2423,2617,2584,2498,2464,2620,2383,2501,2585,2676,2414,2477,2676,2706,2540,2391,2533,2769,2625,2516,2578,2677,2660,2835,2767,2618,2782,2730,2708,2151,2740,2442,2580,2557,2449,2641,2468,2481,2440,2521,2572,2525,2595,2572,2586,2675,2715,2288,2757,2708,2707,2517,2650,2505,2768,2582,2791,2442,2566,2665,2545,2463,2589,2565,2573,2802,2661,2458,2519,2492,2429,2471,2740,2668,2746,2769,2832,2491,2638,2466,2565,2580,2235,2485,2611,2521,2735,2731,2623,2344,2484,2451,2666,2750,2571,2862,2505,2497,2559,2669,2593,2635,2582,2745,2492,2673,2684,2552,2704,2453,2353,2649,2523,2337,2700,2644,2581,2494,2591,2470,2668,2323,2344,2627,2684,2631,2525,2741,2581,2522,2524,2432,2420,2551,2700,2668,2651,2614,2546,2694,2572,2726,2389,2570,2610,2577,2463,2604,2532,2741,2706,2876,2353,2434,2558,2533,2477,2742,2171,2590,2533,2597,2551,2657,2408,2538,2371,2467,2715,2787,2428,2433,2544,2661,2431,2689,2570,2605,2456,2657,2488,2658,2492,2588,2525,2501,2488,2539,2372,2682,2496,2480,2692,2484,2647,2406,2458,2454,2589,2482,2454,2550,2506,2589,2432,2558,2594,2616,2542,2684,2546,2632,2748,2601,2721,2498,2457,2460,2651,2652,2411,2896,2770,2622,2686,2706,2554,2486,2587,2626,2668,2574,2448,2623,2600,2395,2602
2417,2599,2430,2319,2335,2619,2531,2434,2449,2597,2486,2372,2626,2368,2357,2470,2584,2740,2365,2500,2308,2670,2382,2251,2484,2743,2465,2431,2385,2635,2682,2321,2542,2424,2635,2487,2449,2409,2449,2432,2594,2588,2227,2352,2444,2292,2445,2318,2598,2449,2517,2564,2368,2596,2471,2573,2456,2526,2503,2281,2716,2586,2394,2522,2449,2307,2540,2720,2573,2567,2345,2529,2366,2212,2526,2279,2593,2542,2552,2326,2441,2587,2653,2563,2435,2394,2437,2670,2512,2441,2757,2530,2361,2424,2514,2753,2620,2572,2338,2519,2452,2589,2333,2713,2666,2291,2428,2364,2550,2660,2470,2403,2462,2510,2570,2445,2453,2417,2340,2499,2549,2622,2516,2543,2389,2613,2562,2456,2561,2424,2664,2625,2384,2463,2500,2280,2160,2477,2401,2342,2426,2506,2387,2628,2584,2578,2452,2298,2427,2506,2847,2393,2625,2530,2536,2471,2471,2489,2276,2356,2393,2228,2484,2306,2259,2296,2505,2512,2363,2278,2409,2580,2461,2552,2650,2722,2486,2311,2628,2375,2779,2536,2405,2741,2435,2473,2545,2403,2538,2400,2542,2532,2387,2239,2443,2510,2667,2309,2346,2561,2392,2465,2877,2481,2427,2671,2500,2674,2588,2490,2635,2288,2404,2518,2480,2393,2477,2422,2452,2284,2415,2618,2363,2688,2642,2398,2368,2431,2462,2363,2216,2569,2460,2363,2579,2324,2326,2671,2587,2491,2526,2623,2501,2577,2766,2209,2562,2604,2509,2514,2570,2524,2501,2566,2356,2623,2369,2337,2338,2550,2347,2550,2338,2474,2475,2525,2463,2372,2400,2406,2490,2469,2454,2357,2636,2406,2492,2377,2514,2379,2527,2416,2594,2636,2373,2312,2492,2478,2451,2785,2749,2504,2555,2429,2247,2638,2363,2433,2385,2448,2547,2651,2455,2575,2529,2382,2637,2506,2473,2538,2538,2442,2302,2450,2592,2393,2474,2343,2390,2379,2473,2461,2361,2507,2409,2553,2345,2654,2544,2456,2666,2536,2487,2475,2487,2737,2644,2542,2549,2309,2508,2565,2360,2356,2622,2485,2514,2462,2570,2734,2453,2638,2343,2458,2340,2467,2191,2562,2277,2237,2420,2546,2584,2287,2720,2326,2560,2304,2543,2451,2294,2501,2255,2373,2426,2441,2509,2483,2362,2364,2267,2434,2498,2646,2496,2640,2597,2748,2560,2609,2546,2502,2560,2603,2482,2414,2531,2374,2475,2463,2609,2371,2522,2742,2479,2273,2429,2497,2526,2686,2584,2594,2659,2883,2324,2363,2480,2560,2397,2417,2398,2366,2551,2556,2333,2359,2560,2487,2519,2550,2284,2466,2496,2645,2740,2512,2793,2434,2300,2514,2660,2428,2429,2424,2490,2425,2614,2440,2569,2249,2387,2493,2435,2709,2755,2353,2489,2422,2774,2452,2486,2436,2412,2457,2536,2403,2642,2478,2790,2418,2689,2300,2445,2568,2710,2398,2685,2507,2478,2691,2589,2437,2285,2580,2226,2108,2363,2502,2444,2509,2328,2461,2389,2517,2453,2452,2557,2644,2503,2277,2597,2315,2341,2262,2522,2460,2546,2607,2812,2615,2737,2561,2276,2546,2248,2646,2822,2516,2214,2436,2585,2478,2498,2168,2236,2439,2508,2441,2387,2609,2590,2584,2390,2613,2316,2680,2637,2519,2397,2424,2321,2368,2360,2545,2501,2406,2533,2552,2677,2336,2678,2539,2287,2486,2379,2512,2414,2341,2464,2480,2553,2284,2587,2595,2479,2479,2492,2422,2655,2514,2423,2667,2495,2538,2288,2344,2648,2484,2552,2266,2280,2330,2390,2532,2595,2464,2532,2396,2383,2221,2264,2553,2562,2429,2534,2702,2548,2467,2544,2591,2325,2489,2526,2469,2619,2248,2455,2657,2298,2559,2324,2579,2442,2381,2406,2578,2486,2604,2679,2494,2494,2658,2611,2539,2479,2532,2552,2534,2389,2456,2301,2489,2403,2289,2365,2586,2427,2220,2493,2561,2770,2435,2715,2487,2485,2266,2467,2538,2575,2613,2500,2821,2439,2476,2429,2350,2298,2513,2444,2418,2552,2522,2678,2514,2411,2321,2414,2312,2280,2535,2620,2260,2344,2579,2427,2525,2533,2340,2411,2677,2410,2535,2519,2382,2601,2607,2530,2418,2523,2513,2834,2545,2616,2622,2431,2607,2526,2811,2411,2454,2560,2526,2441,2509,2383,2485,2472,2460,2272,2664,2387,2301,2414,2636,2683,2610,2486,2573,2541,2578,2387,2646,2327,2526,2524,2475,2410,2713,2471,2354,2426,2601,2648,2365,2460,2662,2421,2484,2596,2534,2509,2650,2295,2386,2444,2172,2380,2642,2667,2518,2747,2367,2778,2360,2721,2493,2534,2446,2512,2563,2631,2459,2491,2479,2545,2459,2471,2362,2470,2326,2439,2528,2534,2346,2378,2528,2568,2412,2331,2392,2654,2575,2370,2414,2617,2602,2796,2669,2576,2600,2553,2566,2071,2679,2347,2494,2488,2357,2537,2442,2411,2400,2299,2440,2530,2598,2457,2493,2694,2638,2231,2626,2626,2721,2466,2516,2428,2720,2527,2615,2508,2469,2636,2441,2396,2463,2502,2548,2654,2439,2478,2401,2372,2324,2351,2681,2480,2643,2616,2803,2367,2496,2411,2506,2531,2279,2422,2520,2503,2653,2695,2397,2184,2405,2426,2516,2615,2436,2682,2467,2425,2563,2620,2420,2509,2435,2670,2393,2560,2507,2471,2637,2417,2342,2562,2356,2310,2609,2514,2636,2385,2517,2311,2622,2368,2277,2571,2622,2474,2492,2555,2520,2524,2418,2328,2364,2461,2573,2616,2450,2514,2520,2583,2483,2652,2412,2552,2520,2427,2359,2610,2433,2696,2628,2694,2295,2448,2592,2402,2396,2720,2156,2529,2447,2493,2439,2674,2317,2374,2370,2417,2667,2655,2478,2297,2547,2591,2395,2597,2493,2603,2411,2645,2365,2402,2414,2520,2552,2354,2354,2490,2273,2624,2480,2393,2552,2414,2543,2271,2396,2402,2489,2471,2287,2556,2459,2540,2347,2557,2543,2590,2427,2597,2411,2561,2664,2549,2727,2420,2328,2439,2516,2575,2400,2759,2683,2492,2751,2514,2402,2403,2457,2573,2592,2545,2457,2523,2568,2245,2422
2524,2725,2592,2466,2462,2816,2611,2479,2598,2695,2628,2457,2666,2445,2449,2563,2694,2895,2483,2628,2443,2747,2485,2419,2630,2862,2524,2560,2457,2727,2827,2343,2598,2516,2670,2524,2572,2628,2590,2540,2654,2697,2354,2424,2500,2377,2553,2444,2640,2615,2584,2680,2541,2621,2524,2634,2471,2666,2610,2364,2781,2522,2450,2579,2554,2311,2618,2728,2710,2579,2517,2647,2462,2429,2625,2394,2662,2709,2630,2485,2604,2644,2760,2640,2609,2462,2544,2817,2544,2477,2739,2498,2518,2644,2729,2882,2633,2687,2369,2589,2475,2559,2418,2925,2667,2367,2531,2552,2676,2617,2509,2521,2624,2720,2604,2634,2570,2495,2286,2620,2743,2581,2535,2626,2512,2693,2666,2464,2578,2516,2670,2767,2457,2555,2597,2418,2305,2556,2453,2500,2589,2592,2444,2689,2591,2624,2469,2442,2648,2544,2853,2548,2775,2590,2688,2487,2652,2617,2399,2476,2460,2489,2576,2387,2333,2348,2592,2545,2462,2357,2561,2600,2653,2643,2875,2883,2496,2441,2728,2538,2828,2585,2472,2821,2497,2590,2697,2468,2609,2515,2674,2607,2531,2280,2528,2665,2761,2422,2545,2586,2527,2586,2860,2554,2502,2790,2444,2667,2593,2562,2562,2452,2488,2643,2667,2399,2619,2471,2605,2415,2420,2615,2632,2787,2712,2484,2487,2453,2593,2533,2365,2708,2759,2502,2693,2342,2423,2720,2651,2615,2562,2629,2620,2805,2870,2375,2506,2752,2593,2663,2612,2635,2654,2604,2413,2716,2483,2390,2449,2763,2420,2484,2511,2508,2628,2690,2517,2397,2428,2573,2525,2616,2568,2513,2774,2491,2552,2398,2512,2503,2591,2483,2628,2741,2437,2410,2591,2552,2600,2775,2870,2570,2751,2551,2388,2678,2424,2525,2378,2612,2542,2633,2480,2534,2594,2470,2764,2587,2484,2497,2565,2513,2449,2499,2677,2527,2394,2444,2451,2485,2552,2636,2431,2707,2476,2743,2443,2699,2539,2575,2701,2559,2440,2424,2488,2698,2614,2619,2544,2536,2513,2616,2352,2393,2706,2643,2698,2568,2783,2728,2513,2727,2378,2536,2443,2566,2144,2558,2487,2308,2564,2680,2573,2357,2849,2334,2748,2505,2595,2586,2343,2582,2345,2456,2511,2381,2603,2548,2401,2457,2406,2437,2615,2694,2552,2826,2711,2919,2638,2553,2659,2614,2630,2816,2571,2516,2517,2439,2624,2595,2716,2404,2550,2714,2484,2211,2483,2482,2548,2740,2669,2637,2773,2912,2511,2413,2543,2577,2510,2524,2557,2465,2577,2543,2396,2369,2725,2636,2574,2580,2331,2596,2560,2749,2752,2624,2826,2484,2401,2659,2766,2521,2482,2515,2662,2603,2656,2572,2583,2385,2546,2622,2540,2881,2793,2460,2519,2459,2926,2489,2467,2478,2505,2472,2552,2546,2649,2585,2890,2578,2684,2407,2592,2677,2807,2521,2814,2589,2553,2632,2683,2429,2358,2590,2395,2211,2261,2606,2617,2608,2465,2595,2523,2663,2448,2511,2569,2734,2504,2433,2672,2375,2349,2386,2620,2544,2675,2665,2892,2657,2816,2736,2409,2509,2313,2688,2811,2557,2315,2450,2795,2416,2446,2213,2393,2523,2641,2378,2470,2579,2606,2689,2328,2681,2404,2905,2618,2495,2477,2565,2460,2542,2490,2641,2629,2613,2576,2599,2735,2476,2713,2455,2336,2543,2546,2481,2576,2338,2446,2586,2586,2391,2683,2614,2550,2525,2541,2408,2789,2550,2517,2741,2739,2543,2448,2474,2834,2697,2617,2439,2478,2373,2439,2724,2741,2569,2601,2423,2425,2331,2389,2704,2716,2528,2458,2756,2553,2586,2545,2761,2493,2489,2634,2531,2731,2409,2558,2815,2272,2605,2336,2509,2529,2559,2504,2580,2694,2687,2822,2521,2602,2593,2663,2564,2530,2641,2519,2614,2469,2657,2485,2625,2472,2519,2434,2796,2558,2396,2638,2634,2812,2516,2812,2488,2556,2467,2551,2614,2520,2724,2476,2838,2518,2618,2403,2497,2428,2576,2519,2511,2555,2659,2641,2508,2631,2487,2609,2405,2330,2678,2744,2435,2388,2699,2459,2461,2641,2481,2608,2751,2469,2536,2561,2573,2736,2765,2652,2561,2606,2548,2882,2682,2655,2652,2497,2639,2583,2921,2543,2534,2424,2555,2405,2484,2556,2657,2556,2574,2398,2768,2505,2388,2586,2720,2792,2661,2482,2614,2685,2542,2438,2692,2377,2604,2587,2508,2552,2811,2603,2405,2607,2628,2672,2542,2614,2686,2436,2570,2774,2632,2500,2746,2490,2542,2642,2231,2532,2715,2704,2668,2824,2429,2914,2329,2762,2598,2653,2458,2440,2527,2674,2473,2485,2484,2672,2529,2637,2460,2498,2449,2675,2592,2751,2433,2515,2718,2769,2634,2465,2375,2750,2559,2520,2541,2758,2789,2813,2811,2730,2794,2746,2596,2277,2745,2479,2598,2704,2514,2699,2524,2519,2515,2338,2697,2533,2632,2597,2602,2739,2616,2330,2818,2514,2888,2582,2584,2513,2839,2590,2661,2599,2537,2711,2458,2547,2681,2447,2628,2756,2603,2551,2501,2472,2401,2424,2754,2698,2722,2835,2842,2474,2551,2507,2554,2579,2375,2516,2651,2609,2759,2814,2595,2280,2555,2504,2587,2608,2570,2837,2417,2496,2599,2613,2651,2686,2572,2685,2504,2656,2564,2613,2706,2410,2411,2713,2324,2288,2632,2583,2757,2438,2719,2418,2688,2328,2313,2607,2734,2574,2504,2675,2615,2680,2466,2430,2489,2478,2686,2643,2519,2624,2564,2711,2537,2724,2485,2684,2750,2571,2424,2664,2479,2850,2571,2800,2365,2599,2699,2542,2522,2729,2197,2561,2416,2654,2416,2682,2366,2470,2386,2429,2765,2674,2409,2314,2622,2710,2484,2655,2635,2659,2504,2680,2505,2544,2528,2619,2724,2494,2477,2528,2335,2613,2548,2604,2671,2571,2730,2436,2395,2457,2443,2513,2414,2524,2551,2622,2409,2714,2577,2646,2486,2642,2451,2643,2669,2517,2849,2523,2431,2498,2594,2692,2429,2754,2775,2684,2771,2749,2627,2568,2635,2611,2753,2520,2541,2640,2571,2488,2461
2575,2721,2593,2505,2459,2708,2715,2631,2538,2624,2590,2471,2688,2444,2394,2595,2598,2757,2409,2666,2416,2822,2516,2380,2601,2681,2643,2548,2416,2741,2837,2451,2618,2566,2749,2589,2595,2698,2550,2568,2694,2652,2327,2348,2487,2325,2485,2398,2653,2628,2630,2665,2538,2664,2615,2643,2564,2663,2582,2350,2879,2519,2505,2565,2607,2288,2591,2750,2724,2607,2522,2697,2567,2318,2646,2359,2690,2627,2570,2498,2555,2702,2738,2650,2616,2410,2542,2776,2687,2387,2811,2548,2566,2549,2752,2753,2639,2627,2417,2587,2386,2620,2509,2875,2726,2451,2547,2592,2626,2729,2542,2412,2591,2733,2537,2576,2438,2536,2382,2676,2722,2632,2592,2632,2562,2864,2586,2474,2620,2510,2599,2859,2474,2521,2621,2379,2442,2462,2530,2353,2570,2625,2487,2659,2619,2585,2527,2469,2644,2678,2840,2687,2682,2591,2708,2580,2682,2542,2449,2355,2415,2396,2603,2353,2292,2444,2558,2493,2470,2343,2536,2595,2519,2592,2761,2790,2646,2396,2658,2454,2772,2548,2481,2776,2500,2666,2535,2439,2442,2559,2683,2468,2489,2324,2570,2644,2775,2475,2536,2679,2532,2549,2799,2534,2578,2758,2551,2690,2575,2528,2616,2502,2514,2534,2753,2402,2614,2484,2549,2418,2356,2695,2596,2809,2726,2442,2508,2396,2669,2558,2424,2743,2729,2441,2741,2277,2495,2649,2621,2530,2562,2583,2630,2789,2787,2355,2590,2710,2643,2600,2633,2732,2673,2594,2431,2737,2542,2354,2478,2710,2635,2472,2466,2455,2608,2594,2600,2395,2507,2488,2659,2550,2626,2555,2653,2471,2616,2469,2509,2478,2655,2479,2587,2621,2389,2349,2727,2544,2515,2759,2881,2599,2738,2534,2330,2728,2455,2589,2508,2658,2706,2651,2603,2572,2652,2461,2873,2608,2477,2578,2480,2378,2463,2431,2706,2591,2447,2452,2446,2563,2669,2657,2376,2740,2493,2655,2384,2636,2534,2549,2701,2617,2469,2426,2469,2775,2620,2621,2657,2517,2599,2505,2438,2377,2622,2618,2774,2610,2764,2842,2594,2634,2395,2577,2508,2624,2244,2589,2495,2267,2484,2652,2667,2382,2796,2351,2638,2444,2456,2668,2438,2480,2383,2491,2461,2399,2728,2620,2543,2586,2426,2533,2576,2649,2511,2772,2702,2969,2685,2565,2664,2591,2655,2724,2739,2400,2529,2380,2516,2583,2574,2370,2465,2743,2465,2278,2455,2522,2550,2802,2703,2751,2903,2953,2552,2495,2571,2539,2456,2491,2603,2434,2527,2609,2381,2378,2712,2594,2600,2612,2331,2539,2553,2717,2816,2579,2885,2418,2423,2634,2742,2441,2524,2551,2580,2619,2710,2520,2586,2349,2530,2575,2620,2893,2875,2444,2532,2431,2932,2616,2548,2492,2517,2476,2690,2583,2652,2592,2825,2514,2792,2380,2678,2698,2754,2341,2700,2664,2519,2629,2663,2442,2401,2588,2387,2247,2341,2646,2623,2489,2519,2641,2643,2580,2520,2549,2602,2735,2758,2394,2634,2372,2371,2340,2696,2596,2628,2586,2770,2652,2797,2683,2439,2649,2336,2651,2928,2605,2330,2466,2753,2424,2628,2286,2418,2520,2765,2509,2503,2576,2585,2763,2286,2677,2457,2761,2633,2578,2397,2511,2376,2569,2516,2612,2557,2575,2537,2698,2745,2437,2631,2535,2228,2486,2522,2649,2565,2449,2500,2546,2589,2402,2622,2636,2568,2629,2535,2506,2753,2559,2407,2713,2686,2551,2457,2367,2832,2573,2651,2431,2358,2425,2459,2683,2803,2557,2661,2477,2475,2230,2375,2722,2626,2527,2539,2780,2645,2583,2677,2686,2470,2479,2520,2524,2707,2369,2575,2790,2310,2557,2379,2609,2544,2497,2472,2722,2668,2792,2836,2615,2666,2589,2667,2683,2515,2589,2566,2587,2468,2650,2469,2621,2437,2525,2517,2750,2649,2294,2628,2513,2809,2460,2790,2510,2532,2383,2488,2646,2522,2644,2462,2946,2429,2547,2420,2436,2533,2600,2518,2600,2556,2632,2603,2541,2561,2321,2604,2447,2334,2613,2786,2397,2475,2788,2515,2581,2628,2446,2493,2750,2609,2628,2526,2474,2766,2736,2686,2566,2645,2630,2870,2621,2731,2713,2435,2557,2592,2947,2523,2606,2470,2643,2535,2447,2521,2565,2559,2565,2320,2552,2397,2341,2583,2591,2752,2539,2520,2705,2598,2534,2527,2689,2461,2612,2633,2574,2390,2787,2583,2462,2511,2714,2715,2547,2697,2809,2532,2596,2685,2637,2634,2691,2396,2478,2584,2364,2505,2776,2581,2618,2798,2350,2790,2419,2804,2654,2630,2504,2395,2656,2666,2543,2534,2541,2639,2504,2637,2562,2593,2481,2578,2560,2823,2391,2393,2531,2647,2626,2432,2393,2703,2541,2441,2571,2811,2618,2741,2888,2735,2819,2706,2680,2197,2786,2428,2542,2622,2531,2685,2688,2581,2579,2271,2723,2569,2643,2563,2708,2703,2585,2339,2715,2635,2843,2621,2644,2558,2892,2646,2647,2578,2483,2857,2499,2622,2658,2448,2624,2795,2657,2472,2527,2432,2447,2490,2784,2698,2716,2889,2807,2529,2556,2407,2517,2463,2367,2427,2568,2504,2714,2813,2619,2175,2533,2491,2523,2663,2630,2783,2552,2598,2601,2592,2680,2701,2455,2737,2504,2580,2618,2620,2720,2419,2497,2671,2413,2427,2587,2673,2737,2460,2587,2443,2553,2420,2367,2712,2716,2567,2494,2605,2595,2596,2532,2416,2596,2466,2657,2694,2424,2664,2526,2674,2572,2642,2395,2572,2743,2643,2413,2637,2529,2746,2623,2860,2368,2684,2741,2461,2523,2771,2223,2676,2416,2659,2509,2708,2456,2562,2450,2429,2727,2748,2520,2412,2570,2731,2500,2661,2587,2571,2434,2715,2617,2569,2462,2552,2579,2544,2484,2536,2360,2628,2508,2556,2645,2564,2643,2436,2453,2452,2493,2639,2359,2404,2510,2645,2357,2784,2745,2636,2583,2649,2526,2607,2699,2660,2808,2600,2501,2454,2630,2732,2419,2905,2837,2673,2798,2672,2622,2551,2498,2683,2829,2490,2477,2582,2594,2318,2431
2447,2611,2525,2413,2371,2605,2596,2449,2590,2586,2522,2347,2671,2348,2373,2522,2584,2656,2447,2458,2409,2664,2404,2278,2483,2621,2498,2509,2270,2597,2691,2294,2560,2437,2549,2435,2473,2596,2505,2500,2599,2459,2280,2408,2455,2339,2412,2290,2489,2438,2519,2509,2488,2496,2492,2593,2499,2547,2520,2209,2732,2347,2302,2613,2569,2304,2579,2799,2783,2519,2442,2514,2347,2355,2599,2334,2626,2550,2448,2467,2387,2539,2551,2542,2468,2405,2538,2634,2641,2342,2692,2418,2352,2446,2562,2673,2587,2616,2311,2539,2314,2557,2389,2685,2696,2409,2470,2564,2638,2659,2539,2388,2549,2681,2483,2565,2478,2423,2364,2542,2681,2520,2485,2519,2373,2618,2495,2417,2598,2417,2517,2748,2385,2510,2566,2311,2299,2395,2308,2413,2455,2516,2368,2516,2525,2490,2424,2467,2545,2514,2810,2590,2565,2453,2472,2517,2495,2465,2382,2258,2315,2363,2456,2285,2223,2410,2414,2409,2326,2321,2595,2493,2441,2529,2687,2769,2453,2199,2557,2448,2682,2468,2346,2633,2504,2581,2503,2394,2365,2431,2583,2491,2440,2300,2527,2563,2739,2397,2385,2652,2449,2483,2708,2431,2452,2624,2421,2623,2490,2448,2450,2413,2426,2509,2655,2401,2491,2472,2495,2267,2340,2596,2514,2716,2578,2417,2413,2358,2551,2471,2289,2612,2590,2402,2589,2277,2526,2697,2608,2514,2484,2486,2564,2699,2717,2345,2549,2617,2460,2534,2463,2498,2559,2419,2417,2595,2476,2205,2390,2587,2505,2465,2423,2375,2459,2557,2501,2330,2378,2448,2549,2480,2511,2405,2565,2450,2407,2349,2411,2388,2571,2394,2569,2630,2301,2447,2572,2517,2488,2726,2801,2617,2663,2329,2260,2533,2371,2486,2360,2498,2525,2583,2499,2468,2501,2309,2726,2412,2478,2508,2519,2296,2425,2287,2578,2590,2342,2468,2310,2411,2499,2575,2369,2748,2317,2552,2379,2582,2495,2478,2522,2532,2373,2422,2363,2610,2491,2473,2539,2426,2543,2470,2363,2369,2669,2564,2613,2428,2810,2748,2484,2695,2392,2433,2316,2488,2110,2504,2404,2236,2237,2615,2630,2391,2716,2323,2514,2387,2447,2574,2343,2470,2287,2351,2381,2359,2621,2582,2431,2412,2353,2446,2577,2486,2480,2716,2581,2738,2510,2498,2556,2520,2564,2626,2542,2391,2490,2423,2576,2438,2465,2204,2506,2656,2360,2183,2380,2484,2432,2678,2693,2614,2762,2841,2509,2436,2465,2508,2393,2450,2548,2347,2456,2479,2317,2263,2650,2525,2390,2534,2226,2428,2498,2628,2639,2563,2781,2406,2304,2661,2663,2347,2361,2478,2418,2630,2624,2519,2494,2190,2432,2457,2409,2590,2801,2463,2400,2383,2825,2435,2387,2319,2470,2376,2435,2513,2591,2507,2725,2432,2669,2404,2505,2610,2665,2367,2644,2441,2460,2589,2626,2334,2390,2632,2344,2260,2190,2534,2567,2363,2427,2446,2460,2560,2501,2550,2431,2639,2497,2357,2581,2400,2328,2279,2577,2444,2549,2462,2625,2613,2744,2591,2420,2390,2382,2561,2655,2544,2317,2457,2703,2405,2387,2177,2282,2556,2620,2275,2466,2520,2512,2675,2171,2611,2500,2781,2561,2561,2501,2480,2371,2478,2415,2555,2574,2468,2551,2501,2684,2299,2552,2350,2226,2515,2411,2439,2496,2275,2517,2535,2537,2268,2530,2532,2526,2544,2466,2458,2605,2475,2384,2547,2578,2472,2337,2345,2783,2593,2514,2307,2393,2375,2264,2586,2792,2518,2589,2379,2449,2205,2345,2734,2607,2422,2573,2720,2543,2433,2497,2608,2413,2362,2464,2463,2537,2225,2560,2665,2276,2440,2391,2446,2388,2467,2360,2526,2607,2592,2616,2454,2558,2508,2535,2560,2433,2519,2487,2416,2424,2590,2490,2606,2276,2450,2501,2607,2491,2417,2519,2366,2622,2357,2676,2437,2443,2311,2486,2614,2467,2667,2397,2736,2507,2436,2325,2360,2366,2474,2464,2511,2519,2482,2457,2460,2456,2180,2513,2373,2229,2562,2671,2270,2357,2511,2488,2453,2577,2434,2445,2699,2584,2491,2549,2356,2742,2678,2576,2467,2434,2423,2739,2532,2662,2651,2447,2517,2419,2848,2394,2517,2501,2553,2427,2456,2461,2490,2498,2522,2347,2565,2462,2294,2494,2577,2674,2489,2435,2587,2523,2475,2447,2606,2314,2492,2546,2405,2413,2752,2571,2344,2396,2584,2584,2404,2678,2717,2500,2408,2801,2504,2504,2681,2368,2513,2687,2234,2636,2722,2520,2638,2774,2287,2801,2363,2621,2526,2569,2420,2342,2511,2587,2449,2446,2567,2621,2457,2560,2409,2514,2394,2620,2509,2670,2369,2401,2503,2737,2560,2401,2398,2592,2470,2424,2574,2692,2550,2734,2896,2565,2700,2552,2490,2216,2622,2354,2592,2559,2452,2678,2478,2350,2480,2190,2519,2493,2606,2509,2480,2574,2533,2340,2691,2505,2671,2512,2509,2441,2778,2626,2536,2478,2476,2752,2403,2586,2581,2360,2514,2628,2561,2466,2410,2443,2219,2362,2777,2476,2605,2652,2751,2446,2541,2453,2478,2430,2307,2334,2578,2339,2544,2663,2535,2101,2470,2380,2442,2585,2527,2792,2369,2516,2409,2538,2634,2669,2422,2673,2354,2607,2550,2520,2672,2375,2401,2610,2314,2226,2562,2625,2727,2341,2520,2269,2512,2319,2371,2648,2664,2387,2447,2576,2528,2515,2481,2375,2469,2350,2549,2494,2298,2472,2514,2636,2602,2482,2358,2477,2612,2579,2422,2574,2415,2683,2429,2740,2379,2610,2631,2534,2398,2652,2162,2452,2369,2486,2413,2586,2351,2480,2426,2342,2703,2481,2497,2420,2604,2622,2490,2515,2449,2584,2382,2566,2495,2528,2463,2519,2551,2554,2330,2408,2385,2528,2410,2513,2469,2461,2580,2384,2386,2487,2443,2499,2375,2306,2462,2454,2276,2705,2626,2638,2471,2505,2472,2535,2545,2607,2741,2430,2386,2388,2618,2578,2300,2723,2532,2560,2656,2682,2460,2524,2426,2682,2649,2563,2484,2595,2688,2347,2475
2458,2615,2555,2379,2545,2609,2702,2591,2597,2664,2674,2392,2810,2447,2541,2606,2644,2762,2559,2628,2470,2698,2562,2397,2519,2657,2696,2562,2389,2644,2761,2460,2597,2500,2741,2534,2600,2693,2626,2584,2671,2541,2405,2465,2539,2430,2492,2454,2620,2579,2676,2714,2574,2575,2597,2696,2553,2734,2652,2287,2776,2392,2464,2628,2604,2294,2642,2717,2841,2619,2584,2558,2526,2403,2727,2386,2700,2714,2517,2571,2509,2689,2630,2613,2559,2448,2445,2764,2582,2411,2915,2501,2407,2540,2714,2826,2513,2703,2465,2567,2417,2648,2455,2889,2680,2532,2601,2562,2703,2620,2674,2426,2533,2730,2584,2564,2553,2583,2343,2625,2743,2570,2605,2543,2431,2731,2703,2439,2652,2591,2563,2925,2431,2623,2616,2392,2435,2506,2583,2417,2462,2609,2506,2661,2627,2661,2500,2511,2503,2615,2822,2655,2596,2511,2701,2457,2586,2536,2505,2348,2368,2485,2538,2370,2247,2514,2650,2359,2451,2442,2618,2482,2527,2581,2948,2779,2598,2402,2618,2520,2708,2494,2384,2715,2566,2741,2648,2491,2459,2488,2695,2561,2516,2444,2631,2577,2784,2327,2478,2644,2495,2555,2774,2532,2425,2684,2582,2615,2667,2646,2479,2529,2524,2588,2665,2334,2710,2518,2660,2383,2484,2665,2615,2787,2667,2473,2502,2455,2647,2472,2440,2613,2646,2548,2751,2311,2525,2719,2657,2543,2626,2641,2557,2778,2792,2369,2515,2794,2596,2575,2572,2598,2611,2482,2338,2766,2559,2307,2496,2546,2632,2470,2563,2461,2591,2751,2566,2417,2462,2545,2692,2558,2611,2502,2589,2584,2628,2511,2627,2477,2756,2496,2636,2684,2414,2597,2681,2459,2658,2639,2977,2547,2802,2492,2356,2623,2521,2617,2426,2606,2653,2706,2578,2591,2693,2416,2802,2561,2559,2599,2581,2394,2559,2389,2721,2661,2547,2513,2377,2489,2712,2736,2470,2917,2382,2784,2404,2679,2590,2584,2626,2646,2504,2452,2489,2656,2691,2577,2589,2500,2607,2568,2431,2366,2755,2531,2739,2534,2714,2860,2497,2619,2440,2591,2325,2596,2232,2547,2578,2290,2377,2754,2739,2491,2714,2406,2606,2455,2412,2682,2441,2600,2455,2427,2555,2496,2687,2701,2513,2531,2493,2666,2626,2631,2571,2781,2708,2946,2623,2527,2600,2634,2717,2713,2618,2403,2505,2500,2615,2546,2565,2351,2462,2776,2517,2231,2378,2580,2442,2766,2770,2640,2779,2887,2546,2591,2561,2661,2502,2598,2628,2447,2582,2632,2451,2405,2659,2650,2424,2667,2313,2636,2696,2660,2732,2656,2856,2492,2460,2724,2804,2474,2494,2524,2552,2634,2696,2551,2611,2246,2520,2619,2605,2713,2905,2546,2530,2396,3008,2507,2448,2450,2558,2458,2510,2622,2646,2548,2922,2577,2712,2425,2624,2642,2774,2297,2632,2522,2565,2565,2668,2563,2384,2633,2522,2329,2372,2580,2558,2590,2518,2645,2705,2699,2490,2592,2576,2639,2612,2365,2639,2361,2386,2350,2704,2523,2723,2543,2747,2597,2802,2718,2433,2540,2387,2738,2813,2686,2319,2470,2711,2543,2527,2240,2446,2645,2694,2454,2462,2580,2592,2691,2302,2694,2496,2773,2650,2648,2479,2517,2408,2553,2497,2680,2642,2528,2583,2667,2768,2433,2599,2450,2334,2561,2494,2592,2649,2310,2492,2667,2546,2383,2596,2570,2625,2687,2493,2630,2609,2519,2440,2620,2688,2620,2513,2495,2883,2618,2685,2312,2481,2393,2476,2679,2819,2558,2618,2485,2390,2291,2434,2736,2616,2531,2629,2767,2584,2664,2625,2666,2484,2423,2536,2435,2699,2411,2640,2788,2330,2440,2504,2579,2532,2483,2507,2643,2634,2601,2715,2508,2738,2591,2607,2598,2615,2684,2602,2551,2533,2633,2672,2667,2507,2541,2567,2556,2627,2389,2660,2467,2901,2532,2824,2489,2510,2436,2591,2705,2567,2820,2475,2900,2572,2596,2475,2537,2472,2580,2448,2510,2633,2593,2552,2551,2598,2294,2620,2531,2320,2733,2767,2402,2555,2629,2581,2574,2491,2481,2461,2709,2625,2520,2544,2391,2910,2832,2697,2476,2670,2490,2863,2548,2765,2733,2599,2725,2470,3017,2437,2525,2593,2585,2564,2508,2534,2622,2515,2630,2466,2745,2557,2342,2541,2608,2627,2483,2467,2694,2628,2568,2535,2672,2463,2503,2520,2389,2636,2852,2658,2460,2485,2584,2672,2641,2731,2796,2581,2494,2752,2710,2586,2769,2266,2437,2798,2337,2680,2770,2732,2710,2847,2439,2718,2326,2765,2646,2622,2423,2377,2547,2741,2522,2586,2622,2577,2615,2633,2662,2513,2476,2545,2621,2752,2376,2400,2513,2763,2729,2523,2494,2696,2567,2437,2677,2763,2671,2715,2939,2616,2794,2618,2652,2246,2789,2485,2718,2619,2602,2661,2566,2534,2599,2249,2608,2626,2736,2639,2568,2601,2615,2557,2770,2656,2779,2621,2494,2581,2963,2644,2739,2565,2614,2766,2441,2664,2671,2361,2548,2808,2686,2457,2576,2591,2295,2407,2873,2755,2631,2816,2831,2431,2642,2551,2616,2518,2409,2376,2540,2384,2610,2775,2609,2227,2567,2512,2567,2686,2659,2834,2439,2547,2461,2594,2671,2626,2496,2716,2555,2630,2707,2592,2688,2412,2470,2774,2446,2408,2605,2693,2677,2406,2632,2425,2595,2450,2399,2693,2866,2537,2501,2662,2645,2513,2486,2440,2532,2527,2708,2637,2497,2465,2500,2672,2630,2713,2407,2530,2774,2697,2407,2662,2523,2708,2461,2872,2413,2679,2711,2580,2486,2635,2248,2578,2486,2568,2536,2668,2457,2496,2479,2420,2740,2570,2539,2500,2646,2741,2637,2660,2661,2576,2533,2704,2557,2604,2471,2596,2643,2677,2447,2416,2572,2537,2474,2533,2526,2505,2631,2487,2420,2558,2531,2596,2364,2266,2490,2637,2428,2677,2729,2677,2572,2671,2589,2605,2694,2580,2805,2532,2568,2445,2692,2708,2343,2919,2765,2706,2665,2777,2597,2496,2497,2676,2693,2562,2515,2612,2630,2421,2521
2392,2531,2424,2455,2513,2546,2493,2530,2426,2584,2525,2280,2639,2344,2409,2464,2530,2715,2375,2574,2519,2598,2410,2206,2470,2536,2609,2351,2337,2585,2582,2330,2516,2429,2612,2385,2432,2672,2563,2569,2675,2482,2403,2362,2468,2359,2387,2311,2531,2412,2590,2529,2465,2503,2514,2656,2391,2702,2516,2242,2735,2333,2479,2638,2513,2256,2632,2677,2708,2549,2397,2484,2424,2378,2687,2255,2582,2609,2474,2459,2533,2562,2630,2500,2489,2484,2466,2607,2594,2352,2728,2416,2319,2569,2543,2652,2497,2679,2311,2439,2429,2587,2378,2757,2627,2397,2488,2413,2632,2586,2572,2292,2469,2549,2436,2495,2459,2478,2317,2483,2730,2641,2464,2489,2285,2596,2630,2412,2632,2480,2479,2750,2393,2485,2589,2240,2259,2522,2381,2373,2495,2554,2407,2570,2534,2552,2466,2434,2545,2446,2658,2539,2482,2432,2539,2427,2619,2482,2473,2372,2356,2340,2460,2359,2196,2331,2483,2402,2263,2396,2467,2527,2440,2571,2759,2693,2421,2270,2551,2469,2625,2467,2350,2638,2600,2729,2636,2443,2355,2446,2607,2518,2413,2207,2546,2419,2722,2394,2372,2537,2460,2433,2663,2437,2356,2526,2413,2625,2469,2362,2356,2437,2336,2535,2616,2312,2611,2472,2477,2317,2306,2554,2580,2751,2622,2312,2322,2386,2589,2552,2400,2493,2553,2476,2612,2265,2481,2647,2661,2547,2620,2551,2572,2760,2754,2196,2513,2697,2424,2444,2466,2499,2476,2415,2371,2665,2472,2201,2453,2568,2440,2433,2434,2415,2469,2643,2494,2375,2477,2423,2520,2416,2605,2381,2652,2440,2508,2402,2449,2512,2664,2432,2493,2592,2360,2369,2556,2438,2615,2535,2767,2506,2709,2453,2337,2433,2396,2530,2478,2481,2483,2606,2659,2566,2532,2446,2777,2428,2400,2502,2434,2398,2519,2259,2578,2573,2345,2454,2275,2370,2594,2621,2315,2719,2355,2672,2401,2591,2549,2362,2556,2545,2376,2450,2373,2615,2419,2614,2544,2263,2527,2456,2332,2401,2648,2445,2694,2517,2774,2763,2495,2658,2328,2506,2265,2470,2223,2619,2392,2198,2293,2680,2675,2476,2677,2254,2546,2431,2398,2450,2464,2454,2309,2329,2469,2310,2738,2759,2393,2490,2391,2509,2520,2519,2610,2640,2543,2921,2486,2508,2585,2495,2693,2595,2713,2342,2427,2446,2622,2437,2450,2256,2328,2693,2469,2221,2355,2569,2366,2605,2697,2605,2864,2837,2473,2366,2539,2461,2403,2447,2617,2375,2512,2520,2263,2322,2564,2525,2354,2585,2250,2522,2536,2682,2694,2465,2765,2384,2268,2644,2707,2391,2485,2371,2527,2568,2571,2475,2522,2272,2446,2496,2489,2613,2840,2480,2384,2353,2836,2272,2371,2477,2443,2380,2442,2540,2459,2532,2844,2425,2619,2494,2494,2587,2608,2270,2584,2446,2428,2585,2562,2431,2316,2624,2419,2154,2281,2482,2481,2428,2400,2649,2564,2666,2390,2515,2460,2511,2630,2297,2553,2357,2436,2287,2581,2432,2464,2480,2663,2531,2716,2653,2375,2420,2370,2604,2633,2527,2383,2325,2682,2401,2453,2207,2407,2608,2652,2327,2392,2453,2658,2816,2194,2665,2457,2674,2530,2454,2405,2571,2387,2456,2387,2600,2575,2487,2470,2523,2715,2213,2555,2407,2280,2507,2341,2502,2458,2144,2413,2573,2533,2292,2531,2543,2551,2517,2487,2432,2493,2562,2308,2583,2561,2429,2342,2395,2636,2546,2622,2177,2410,2293,2298,2554,2702,2462,2543,2417,2381,2206,2329,2689,2562,2466,2605,2609,2515,2628,2527,2492,2366,2330,2490,2415,2472,2294,2558,2528,2324,2398,2385,2636,2413,2429,2507,2667,2657,2511,2635,2377,2656,2537,2531,2572,2539,2496,2480,2392,2466,2645,2452,2432,2358,2509,2546,2542,2533,2404,2503,2424,2737,2445,2672,2415,2482,2323,2334,2727,2466,2659,2439,2904,2549,2467,2327,2358,2395,2591,2375,2377,2555,2606,2430,2512,2437,2203,2576,2525,2286,2671,2644,2447,2387,2497,2540,2484,2451,2336,2334,2599,2591,2543,2428,2415,2769,2641,2585,2404,2619,2425,2805,2443,2734,2595,2525,2672,2327,2886,2362,2414,2499,2545,2389,2312,2491,2387,2399,2517,2406,2506,2474,2275,2472,2445,2540,2418,2510,2535,2561,2479,2416,2496,2418,2434,2549,2367,2465,2743,2545,2350,2431,2560,2664,2557,2701,2660,2497,2435,2761,2460,2454,2618,2319,2374,2645,2252,2568,2625,2522,2702,2743,2363,2826,2297,2660,2553,2498,2312,2323,2510,2596,2438,2459,2570,2515,2482,2454,2434,2548,2368,2629,2516,2736,2318,2365,2439,2536,2544,2496,2348,2614,2503,2455,2517,2648,2570,2601,2775,2497,2609,2499,2500,2121,2598,2368,2653,2463,2504,2663,2490,2422,2504,2206,2466,2628,2657,2639,2403,2390,2451,2461,2694,2443,2786,2466,2394,2593,2762,2552,2630,2427,2467,2687,2310,2565,2605,2347,2441,2626,2546,2489,2494,2384,2333,2330,2874,2679,2686,2637,2800,2347,2579,2480,2510,2394,2258,2298,2499,2393,2537,2663,2638,2213,2459,2502,2409,2631,2526,2662,2433,2488,2353,2458,2488,2507,2424,2624,2407,2582,2546,2538,2689,2447,2376,2596,2312,2445,2519,2620,2498,2377,2577,2313,2479,2451,2236,2617,2646,2386,2598,2593,2591,2488,2410,2375,2411,2450,2514,2542,2429,2434,2304,2700,2574,2437,2306,2473,2630,2554,2437,2585,2416,2631,2536,2789,2305,2608,2472,2556,2373,2587,2201,2518,2435,2490,2469,2617,2335,2512,2373,2289,2671,2467,2529,2454,2610,2629,2573,2545,2427,2584,2431,2608,2502,2569,2443,2461,2575,2545,2384,2320,2454,2339,2424,2461,2429,2392,2593,2341,2421,2499,2437,2481,2353,2251,2512,2490,2433,2658,2531,2596,2559,2495,2583,2516,2484,2505,2750,2485,2389,2314,2587,2681,2287,2694,2494,2589,2593,2707,2458,2357,2359,2623,2568,2437,2373,2584,2574,2334,2450
2492,2654,2624,2511,2578,2554,2592,2661,2542,2692,2626,2402,2733,2475,2690,2558,2644,2713,2559,2684,2626,2651,2547,2413,2526,2507,2678,2534,2330,2588,2730,2349,2622,2536,2751,2465,2601,2748,2727,2647,2707,2484,2468,2529,2610,2539,2506,2448,2662,2476,2598,2616,2626,2593,2584,2740,2450,2734,2579,2354,2760,2469,2431,2656,2604,2246,2740,2796,2820,2468,2511,2638,2435,2441,2815,2317,2724,2705,2681,2622,2566,2581,2674,2517,2673,2634,2577,2590,2542,2540,2886,2490,2461,2474,2677,2843,2583,2744,2621,2544,2544,2741,2580,2893,2776,2534,2617,2479,2733,2654,2710,2350,2619,2644,2469,2581,2561,2550,2488,2603,2836,2650,2615,2600,2385,2708,2633,2481,2695,2670,2476,2772,2379,2569,2793,2368,2331,2576,2510,2487,2607,2635,2553,2638,2677,2672,2561,2596,2661,2569,2788,2663,2496,2485,2762,2466,2618,2501,2576,2397,2471,2425,2587,2392,2268,2440,2650,2472,2343,2390,2597,2561,2566,2602,2903,2791,2531,2461,2639,2560,2731,2519,2373,2634,2567,2850,2620,2540,2377,2509,2759,2466,2523,2467,2583,2465,2726,2481,2500,2690,2628,2533,2805,2496,2490,2628,2512,2634,2545,2559,2460,2494,2366,2508,2639,2360,2647,2576,2582,2465,2475,2620,2691,2799,2654,2338,2457,2370,2674,2631,2440,2657,2563,2439,2684,2375,2571,2783,2707,2555,2664,2609,2646,2823,2835,2316,2531,2885,2534,2491,2644,2529,2554,2451,2283,2820,2485,2330,2501,2579,2550,2541,2468,2514,2528,2784,2621,2496,2543,2577,2584,2576,2649,2495,2732,2517,2620,2448,2619,2598,2726,2516,2622,2724,2497,2526,2653,2513,2607,2733,2874,2615,2812,2409,2471,2637,2664,2538,2471,2617,2588,2733,2693,2569,2613,2492,2875,2454,2586,2541,2625,2419,2536,2335,2663,2671,2448,2513,2334,2451,2663,2702,2403,2763,2375,2817,2427,2718,2543,2511,2771,2673,2575,2407,2491,2689,2543,2513,2585,2422,2545,2549,2405,2492,2766,2622,2811,2561,2778,2846,2594,2611,2497,2633,2416,2733,2275,2557,2583,2327,2482,2662,2600,2551,2636,2337,2510,2556,2392,2695,2554,2624,2523,2368,2582,2402,2826,2766,2473,2600,2486,2583,2644,2648,2596,2640,2665,2865,2556,2628,2702,2456,2754,2730,2626,2312,2562,2509,2718,2553,2537,2306,2503,2758,2638,2187,2422,2565,2468,2634,2678,2562,2803,2865,2516,2433,2548,2605,2497,2571,2822,2377,2581,2623,2399,2308,2620,2689,2477,2777,2423,2532,2540,2705,2754,2688,2935,2426,2382,2711,2878,2362,2653,2561,2591,2773,2575,2502,2606,2437,2509,2611,2571,2695,2938,2689,2529,2386,2901,2340,2375,2537,2546,2433,2544,2668,2546,2598,2832,2362,2666,2470,2683,2671,2795,2250,2527,2637,2540,2716,2698,2522,2394,2682,2511,2367,2400,2658,2665,2577,2517,2611,2664,2761,2518,2619,2538,2577,2690,2348,2545,2450,2452,2366,2681,2622,2569,2593,2717,2674,2953,2747,2421,2455,2334,2784,2778,2682,2342,2417,2794,2443,2510,2245,2419,2665,2723,2446,2399,2661,2582,2727,2229,2718,2462,2735,2606,2556,2508,2521,2481,2599,2550,2750,2715,2560,2581,2593,2653,2392,2585,2597,2422,2623,2516,2507,2585,2291,2589,2697,2634,2413,2574,2531,2562,2679,2490,2632,2618,2580,2449,2647,2678,2653,2274,2509,2779,2467,2783,2336,2571,2371,2322,2624,2838,2596,2538,2576,2415,2334,2465,2761,2691,2586,2750,2762,2442,2677,2664,2750,2456,2443,2453,2429,2593,2351,2637,2619,2376,2542,2411,2599,2514,2444,2585,2692,2665,2548,2672,2415,2594,2544,2577,2639,2626,2694,2651,2502,2533,2624,2496,2671,2443,2629,2611,2542,2618,2430,2573,2443,2797,2505,2866,2478,2572,2477,2471,2797,2580,2739,2488,2917,2569,2556,2323,2465,2532,2605,2516,2395,2736,2678,2613,2532,2523,2271,2714,2492,2336,2776,2763,2471,2412,2581,2605,2633,2595,2627,2518,2687,2640,2540,2545,2449,2837,2837,2789,2485,2809,2521,2921,2636,2900,2636,2578,2800,2354,3076,2387,2366,2661,2653,2566,2468,2584,2567,2461,2571,2493,2688,2548,2451,2509,2561,2690,2369,2571,2617,2745,2531,2561,2622,2553,2488,2530,2327,2619,2813,2603,2488,2517,2672,2715,2675,2857,2792,2524,2504,2929,2677,2411,2726,2346,2449,2794,2346,2627,2834,2577,2709,2851,2455,2788,2485,2662,2639,2557,2374,2333,2621,2730,2609,2576,2591,2640,2608,2534,2528,2577,2555,2534,2580,2862,2428,2457,2470,2690,2731,2469,2517,2676,2677,2547,2610,2684,2642,2710,3003,2604,2805,2620,2679,2258,2791,2508,2714,2571,2663,2761,2558,2563,2574,2328,2599,2697,2743,2634,2420,2647,2594,2678,2962,2511,2812,2636,2542,2554,2907,2673,2823,2496,2490,2707,2466,2744,2663,2485,2477,2681,2713,2515,2557,2483,2367,2411,2863,2784,2696,2676,2764,2468,2626,2656,2630,2551,2385,2343,2520,2435,2650,2809,2780,2331,2467,2462,2506,2756,2537,2768,2566,2600,2523,2524,2589,2628,2541,2597,2501,2749,2681,2557,2682,2475,2536,2692,2461,2553,2610,2655,2608,2435,2582,2354,2609,2519,2302,2617,2814,2567,2662,2650,2703,2547,2457,2375,2503,2567,2631,2637,2624,2443,2464,2659,2644,2539,2450,2581,2739,2755,2422,2676,2579,2819,2550,2965,2378,2628,2660,2534,2476,2645,2324,2751,2542,2528,2558,2670,2407,2494,2551,2397,2733,2611,2588,2573,2661,2679,2566,2581,2530,2564,2520,2770,2574,2671,2578,2497,2700,2643,2436,2431,2590,2319,2561,2513,2609,2533,2827,2489,2533,2595,2506,2599,2365,2340,2544,2584,2479,2757,2681,2676,2652,2510,2735,2532,2602,2702,2808,2564,2514,2441,2612,2758,2360,2832,2667,2684,2675,2634,2538,2441,2457,2712,2566,2573,2423,2588,2644,2479,2544
1753,1898,1861,1826,1896,1892,1860,1791,1852,1889,1870,1702,1971,1790,1859,1862,1879,1996,1774,1869,1899,1873,1764,1765,1901,1809,1968,1757,1694,1879,1952,1640,1913,1884,1979,1760,1922,1919,1860,1935,1939,1878,1879,1786,1885,1742,1699,1685,1834,1796,1822,1806,1846,1925,1900,1934,1873,1911,1762,1673,2006,1682,1844,1945,1879,1647,1916,2086,1978,1766,1824,1839,1741,1832,1998,1683,1936,1945,1777,1827,1860,1886,1936,1779,1846,1857,1816,1790,1835,1790,1992,1733,1823,1802,1918,1952,1816,1931,1827,1805,1787,1899,1839,2101,2011,1850,1852,1818,2056,2028,1843,1738,1846,1836,1779,1894,1836,1892,1808,1903,2018,1948,1843,1857,1753,2017,1952,1787,1936,1828,1882,1966,1774,1831,1992,1691,1692,1819,1785,1819,1879,1907,1731,1786,1978,1974,1818,1909,1910,1882,1923,2020,1762,1747,1991,1782,1956,1731,1866,1786,1828,1818,1751,1742,1675,1765,1818,1792,1660,1760,1863,1780,1739,1837,2028,2087,1886,1769,1890,1913,1948,1919,1754,1863,1927,2009,1920,1773,1674,1829,1980,1725,1792,1750,1864,1845,2029,1836,1801,1907,1820,1750,2041,1841,1744,1894,1850,1873,1861,1775,1743,1873,1741,1824,1934,1650,1951,1785,1844,1782,1738,1802,1838,1959,1867,1670,1778,1777,1931,1901,1715,1935,1866,1890,1901,1693,1848,1968,1856,1944,1953,1870,1938,2066,2011,1787,1847,2019,1815,1855,2010,1801,1829,1748,1693,1962,1778,1656,1732,1920,1784,1819,1841,1817,1834,2009,1892,1817,1807,1846,1915,1810,1925,1830,2008,1836,1891,1871,1857,1888,1972,1787,1958,1932,1766,1868,1947,1804,1827,1874,2058,1903,1950,1798,1781,1849,1946,1870,1788,1859,1860,1957,1897,1807,1885,1821,2183,1799,1892,1789,1850,1747,1892,1675,1977,1969,1794,1892,1843,1889,1942,1977,1674,1958,1731,1976,1714,1884,1807,1860,1943,1865,1836,1867,1682,1862,1823,1805,1841,1659,1781,1852,1677,1763,1992,1894,1965,1798,2072,2018,1821,1889,1822,1935,1812,1909,1672,1851,1808,1594,1788,1965,1885,1789,1893,1750,1766,1832,1814,1900,1778,1800,1817,1762,1854,1744,1971,1993,1842,1900,1792,1831,1931,1937,1943,1942,1956,2187,1941,1836,1871,1769,1936,1928,1928,1703,1823,1775,1852,1728,1844,1745,1719,2071,1876,1631,1710,1879,1813,1867,1981,1869,2088,2080,1880,1772,1824,1845,1735,1860,1933,1820,1929,1891,1743,1706,1924,1918,1638,1997,1721,1847,1845,1895,1948,2031,2108,1719,1733,1894,1954,1761,1932,1775,1939,1847,1972,1853,1888,1755,1836,1872,1774,1941,2094,1898,1851,1758,2030,1657,1817,1860,1835,1755,1805,1888,1885,1859,2057,1718,1993,1910,1966,1914,1978,1683,1947,1879,1728,2038,1960,1701,1753,1964,1819,1775,1693,1833,1974,1825,1780,1953,1884,1958,1845,1933,1867,1886,2016,1674,1856,1762,1800,1671,1907,1838,1918,1766,1985,1960,2067,2031,1739,1812,1756,1917,2069,1897,1692,1740,1943,1824,1797,1633,1840,1926,1957,1724,1713,1927,1918,2060,1585,1971,1813,2019,1758,1806,1837,1967,1718,1828,1772,1913,1862,1940,1761,1820,1933,1680,1890,1842,1677,1933,1767,1871,1837,1659,1792,1938,1930,1653,1921,1795,1850,1921,1806,1918,1913,1907,1660,1866,1948,1875,1705,1793,2079,1894,1952,1633,1829,1694,1766,1870,2020,1909,1930,1773,1709,1692,1844,1966,1851,1822,1919,1953,1754,1896,2017,1873,1779,1781,1739,1794,1868,1681,1783,1934,1736,1796,1805,1895,1750,1771,1786,1920,1897,1824,1963,1818,1952,1904,1852,1995,1964,1909,1955,1800,1900,1965,1811,1939,1773,1993,1879,1916,1918,1878,1933,1833,2032,1799,2063,1752,1799,1796,1729,2016,1856,2019,1799,2091,1847,1870,1747,1742,1834,1879,1847,1764,1926,1964,1818,1814,1829,1618,1890,1886,1714,1950,2070,1697,1807,1808,1815,1916,1791,1757,1785,1919,1930,1773,1778,1848,2123,1923,1953,1640,1951,1842,1998,1853,2043,1982,1892,2051,1693,2225,1740,1773,1881,1825,1754,1762,1835,1889,1734,1854,1851,1862,1796,1760,1831,1825,1917,1854,1923,1833,2005,1804,1877,1845,1841,1782,1863,1724,1866,1990,1842,1839,1789,1893,1908,1851,1995,1981,1804,1743,2069,1827,1795,1933,1641,1852,1943,1701,1926,1928,1861,2039,2017,1712,2028,1718,1979,1833,1856,1736,1692,1847,1925,1792,1825,1850,1878,1860,1807,1785,1807,1821,1869,1831,2051,1760,1778,1892,1925,1940,1786,1781,1861,1849,1777,1859,1983,1938,1948,2191,1875,1938,1889,1938,1673,1938,1713,2012,1848,1930,2076,1744,1894,1873,1662,1834,1822,2037,1975,1737,1859,1798,1884,2044,1780,2000,1822,1909,1900,2124,1944,1927,1768,1831,1955,1743,1865,1962,1864,1775,1906,1804,1835,1798,1806,1685,1684,1995,2007,1985,1952,2030,1673,1921,1880,1896,1816,1741,1699,1843,1763,1836,2034,1960,1622,1783,1760,1860,1975,1838,1910,1792,1854,1790,1867,1798,1962,1867,1963,1721,1972,1901,1832,1947,1812,1809,1969,1768,1749,1863,1912,1882,1713,1854,1648,1854,1792,1641,1903,1971,1824,1916,1959,1890,1784,1773,1750,1811,1795,1968,1841,1803,1755,1709,2002,1858,1917,1860,1884,1999,1914,1864,1858,1841,1911,1761,2036,1814,1901,1900,1773,1665,1882,1629,1889,1859,1830,1888,1879,1834,1802,1806,1754,1950,1773,1872,1829,1930,1963,1902,1915,1802,1947,1792,1933,1917,1940,1851,1927,1937,1882,1702,1683,1887,1663,1833,1852,1825,1846,2031,1820,1928,1831,1802,1883,1730,1735,1869,1835,1768,1981,1805,1958,1788,1774,1850,1845,1947,1882,2024,1832,1791,1746,1813,2013,1776,2010,1903,1874,1933,1997,1845,1814,1762,1922,1886,1832,1707,1959,1912,1700,1839
487,526,594,519,536,513,540,492,546,525,479,487,492,542,573,550,521,571,530,545,558,542,522,473,571,556,526,544,511,529,598,472,489,511,506,543,573,532,546,527,567,544,484,520,572,470,483,519,554,493,536,492,517,561,504,562,546,583,564,504,617,466,493,549,590,479,615,650,556,547,560,488,488,513,559,482,519,503,521,517,473,552,526,492,542,526,491,536,517,510,586,550,557,508,488,604,536,524,484,497,543,579,543,608,597,513,540,481,570,563,526,501,539,536,498,509,492,532,518,571,608,563,544,554,516,636,502,504,550,542,566,546,493,513,611,487,494,527,555,532,513,519,509,569,587,611,568,550,529,574,558,611,521,492,557,533,526,516,595,461,491,507,504,444,480,523,525,536,463,496,479,514,543,504,613,605,525,501,520,523,537,568,533,599,564,576,564,550,468,508,621,513,528,545,523,513,566,509,501,574,567,481,627,521,521,567,523,527,524,563,527,484,522,557,595,470,544,493,519,480,582,523,528,593,576,518,482,525,598,542,517,539,528,495,521,492,567,569,504,521,559,605,532,594,568,415,555,544,491,500,509,517,530,471,458,551,496,498,487,527,584,560,603,515,553,558,558,449,480,469,540,508,551,505,578,503,543,511,497,542,539,499,590,545,517,497,582,510,509,545,613,536,511,584,526,554,544,574,516,560,597,556,473,509,585,544,603,453,511,476,576,523,496,476,524,627,520,611,538,536,618,581,480,560,523,540,513,544,474,474,603,555,528,475,514,591,543,503,559,424,544,587,459,534,592,524,583,522,529,596,528,577,511,561,478,526,477,542,523,540,451,585,580,530,534,492,575,509,542,537,519,522,473,510,494,492,622,583,476,520,533,550,580,547,621,548,572,573,506,582,519,517,626,575,562,433,566,559,553,468,560,524,491,556,579,476,500,548,538,557,581,521,575,550,490,544,560,512,541,548,634,527,603,548,503,528,495,547,453,545,516,575,550,554,541,564,568,496,513,532,549,552,526,522,588,489,602,568,572,499,561,507,518,550,643,569,566,465,582,459,519,555,499,473,498,547,489,544,545,543,540,575,575,549,557,497,548,488,476,533,529,475,535,531,564,500,482,558,554,548,503,520,545,545,525,525,541,540,537,483,472,498,490,485,561,493,518,528,572,583,566,610,530,523,493,517,513,584,501,448,572,537,553,506,504,573,640,457,499,553,550,585,438,554,552,566,470,504,486,548,500,515,506,562,572,545,496,532,588,463,559,519,514,529,449,587,536,462,539,583,550,467,517,491,554,620,507,555,557,569,515,486,505,492,440,501,547,541,627,512,517,505,494,593,593,574,517,530,423,466,489,603,557,494,525,551,535,467,540,532,576,484,520,520,517,484,509,561,526,486,532,533,496,461,482,540,561,508,563,501,540,562,528,615,506,558,553,569,544,558,513,513,555,625,574,570,529,535,506,537,575,488,577,504,496,533,459,612,514,599,512,573,553,528,558,464,558,550,493,495,559,588,487,480,535,479,578,543,463,553,601,449,513,539,542,595,517,529,537,535,531,521,579,517,614,562,582,515,523,547,590,551,580,590,561,658,471,631,528,498,521,489,517,517,504,530,484,524,529,538,499,521,530,533,528,490,518,549,559,482,543,539,574,502,589,477,563,533,523,500,569,539,546,528,596,588,529,514,573,543,490,524,490,472,534,494,546,594,509,573,537,466,582,467,534,527,561,499,466,578,557,533,608,542,486,525,493,484,542,497,604,501,572,493,560,552,558,588,593,493,521,571,512,529,573,551,513,622,501,581,533,575,470,572,515,582,496,525,613,534,522,556,458,561,546,563,560,500,570,521,582,569,532,578,536,546,487,613,554,547,517,551,536,510,537,604,528,538,557,469,487,569,504,466,511,554,602,563,588,609,468,573,546,511,545,476,584,551,536,501,580,548,459,490,467,547,581,607,577,530,514,583,522,522,546,577,574,514,573,580,532,546,519,519,555,525,480,509,550,544,495,525,481,596,470,502,583,566,505,565,544,516,524,517,526,523,573,574,574,518,504,506,511,520,518,502,543,546,549,545,514,557,572,500,601,485,570,560,447,496,554,472,560,504,514,532,508,477,531,536,513,524,541,518,532,525,538,558,539,548,572,554,586,590,555,522,568,615,537,500,495,497,447,567,501,543,528,630,543,551,519,552,540,513,494,546,541,446,521,509,583,492,563,525,554,508,560,579,531,530,489,542,608,479,564,529,536,542,554,584,529,462,600,569,547,475,520,528,504,507
460,492,557,485,537,518,493,488,494,525,454,492,485,516,529,548,501,577,533,518,558,511,546,475,532,525,545,519,471,509,588,439,514,506,524,474,582,503,558,531,493,540,470,460,523,483,452,480,528,472,503,491,449,550,496,552,487,549,513,457,589,456,493,521,520,465,574,644,523,538,513,500,451,449,523,499,503,512,439,470,436,556,493,475,498,512,509,463,507,478,496,507,475,501,573,552,443,494,428,489,488,562,487,572,506,544,499,504,521,561,493,416,517,533,504,576,420,441,486,499,602,555,555,524,475,583,473,484,507,507,502,570,491,520,566,478,474,531,526,547,525,466,530,517,546,554,533,529,465,558,504,579,507,484,549,448,527,512,526,405,470,485,456,439,460,473,499,471,465,468,476,499,507,529,569,547,511,470,518,481,490,555,503,539,578,523,543,532,445,506,555,511,509,539,553,511,513,498,513,545,527,488,539,544,508,576,499,521,559,524,446,459,508,489,521,462,568,418,542,441,517,536,475,570,491,466,410,526,562,534,480,522,501,552,473,497,515,526,531,523,560,544,524,579,527,458,529,460,477,505,488,504,479,465,434,517,465,485,496,467,560,500,637,492,520,576,515,441,461,467,524,477,515,441,533,528,526,508,479,476,509,451,558,567,501,518,542,512,523,534,576,478,506,527,509,534,531,545,493,562,602,576,463,460,518,484,546,472,480,472,584,526,481,490,510,582,517,551,500,488,580,548,461,539,495,528,463,484,453,460,583,481,479,464,506,578,485,522,511,467,524,502,461,476,569,498,519,471,531,570,516,536,516,540,456,545,428,520,497,460,441,490,567,470,539,484,535,460,521,542,508,465,479,443,526,493,574,575,456,438,574,538,548,545,581,561,577,602,494,466,513,536,568,551,527,459,576,537,466,464,526,473,461,512,529,475,410,475,531,538,581,516,535,534,456,497,500,491,555,508,586,535,545,476,479,516,488,497,437,511,473,575,570,475,525,559,526,520,501,543,523,517,510,485,578,481,569,528,538,492,549,526,512,527,642,523,508,441,599,418,478,478,475,451,528,531,496,469,508,537,508,565,485,534,525,486,517,456,421,523,528,454,528,476,528,488,459,482,546,554,460,560,480,537,543,532,528,477,514,477,490,421,466,436,484,503,541,457,508,606,549,582,472,473,508,514,479,531,454,477,561,524,510,455,467,494,595,467,434,553,515,597,399,522,549,514,422,515,490,542,447,531,518,468,560,487,502,488,512,448,472,483,514,483,434,608,503,484,509,494,525,462,480,479,553,586,493,489,552,511,508,505,449,486,439,521,582,477,564,496,475,473,472,553,550,536,480,482,426,467,482,607,545,482,510,538,469,454,532,480,547,446,503,500,503,460,466,561,509,390,485,531,453,468,489,485,527,436,538,490,502,572,487,586,521,482,498,479,524,485,465,497,492,625,573,511,548,500,448,538,551,475,589,449,443,489,476,544,455,581,541,567,506,510,537,494,436,556,471,523,503,576,511,509,491,455,551,598,464,517,572,433,467,499,532,576,572,479,520,488,491,454,553,513,588,483,548,517,491,553,577,515,576,579,531,591,448,601,499,492,520,508,494,523,493,490,488,554,543,511,515,495,503,454,555,512,534,523,532,470,479,500,490,520,559,460,507,475,476,501,517,574,517,480,568,535,508,495,572,531,486,499,441,472,511,509,514,548,504,587,515,459,586,452,497,521,562,449,442,523,522,461,566,465,525,477,502,444,538,457,548,524,507,465,534,518,520,534,510,470,503,512,491,498,527,546,496,593,507,556,523,558,431,553,522,529,494,521,612,519,484,503,416,581,548,512,533,441,547,492,503,614,536,509,527,506,493,534,631,519,529,496,536,492,594,546,485,530,544,470,461,537,474,502,514,529,563,535,526,571,449,502,537,497,539,469,520,485,467,468,544,516,433,424,455,511,551,532,498,536,521,512,532,501,478,562,471,495,538,515,492,544,527,451,540,506,432,468,501,512,498,488,447,491,469,442,545,523,481,501,505,508,495,450,524,539,491,502,489,495,496,475,523,501,503,487,541,519,516,503,527,529,499,449,525,522,522,529,443,486,497,465,528,462,464,514,464,464,492,512,454,512,500,469,527,489,493,551,512,498,564,507,558,547,484,492,487,546,518,438,438,528,418,533,502,508,477,603,551,484,524,515,527,465,466,486,511,486,538,503,537,484,521,561,478,482,531,510,475,531,468,526,550,477,538,525,536,529,543,531,538,417,596,596,503,457,490,501,498,503
438,463,507,472,562,475,430,519,494,559,419,522,482,485,457,510,457,504,510,461,548,471,528,426,523,547,506,452,486,459,620,440,433,427,511,463,575,496,502,486,512,584,432,431,507,430,417,453,525,401,532,491,484,488,422,528,462,502,496,450,546,440,470,501,518,435,580,604,512,452,440,478,444,453,492,526,459,511,468,486,417,592,461,431,481,465,465,403,500,455,463,447,474,466,594,559,475,517,416,450,498,520,495,576,491,521,435,488,518,480,493,461,522,483,405,559,403,524,462,489,559,497,535,473,460,519,463,463,492,498,484,488,436,494,560,448,456,514,485,488,522,447,501,498,546,559,510,519,486,537,531,511,472,458,511,461,475,481,508,395,439,456,430,421,438,451,521,411,420,481,432,502,529,494,534,541,481,456,478,460,476,506,434,538,542,523,502,464,450,474,557,489,482,525,508,448,488,445,502,539,523,471,536,479,500,502,474,454,505,492,402,492,486,506,531,433,568,389,492,457,496,527,475,521,530,429,383,463,518,542,490,523,484,499,424,472,493,519,492,493,477,503,478,530,502,378,482,468,421,474,435,495,486,466,398,470,463,468,531,419,520,499,618,474,518,545,494,418,421,452,505,418,453,401,562,452,530,460,439,479,487,436,565,533,519,537,549,497,508,468,492,474,528,505,506,465,571,552,449,534,566,528,453,482,524,514,509,438,474,407,539,505,469,438,478,574,477,553,468,487,598,530,427,497,446,532,475,412,428,464,545,462,446,447,465,602,507,482,517,423,498,529,458,472,569,438,526,440,458,517,502,503,485,521,446,478,393,508,463,451,422,532,533,475,504,423,511,406,496,524,478,448,472,439,447,497,596,507,407,465,513,478,507,506,551,524,576,560,430,451,510,475,526,477,442,413,511,526,490,387,523,478,468,516,489,422,378,433,494,479,559,475,511,494,416,451,453,438,507,547,561,534,526,515,448,501,499,506,420,477,464,520,488,456,504,545,516,467,497,507,489,482,550,449,594,430,549,498,509,494,520,477,522,529,602,524,508,384,537,431,473,468,427,404,492,508,427,455,475,476,543,536,476,511,441,467,510,401,441,521,449,409,494,512,477,421,449,496,537,486,461,531,515,508,486,465,456,481,523,434,457,426,467,397,487,445,532,442,464,558,484,554,448,476,497,502,415,507,455,438,515,524,495,415,454,464,570,431,428,516,548,500,377,504,493,548,414,488,439,495,389,544,506,419,482,500,473,444,551,377,472,497,510,514,397,539,446,486,448,513,480,432,469,451,518,561,471,466,546,514,492,490,486,447,457,432,554,462,592,465,480,474,429,509,485,535,388,520,394,419,468,587,504,451,503,513,435,407,536,515,471,432,466,495,519,440,450,484,515,407,446,492,454,413,480,476,557,457,500,484,491,479,458,489,490,456,486,533,499,485,478,483,469,553,605,554,467,482,467,528,517,448,547,450,468,482,461,556,451,571,486,540,485,553,516,473,452,502,411,494,435,541,458,441,491,432,575,563,418,456,561,448,480,490,493,523,530,507,424,458,465,452,556,494,562,463,524,474,500,515,524,449,543,551,510,577,401,610,424,471,514,469,474,471,492,494,466,501,463,462,474,503,475,478,487,479,492,497,534,432,462,482,483,474,534,434,506,471,456,457,506,523,516,462,515,484,455,414,577,483,452,474,383,425,508,451,481,533,437,552,502,439,563,417,491,487,532,463,461,464,478,474,540,489,467,462,472,472,445,454,529,491,521,443,493,524,480,480,538,483,452,545,397,460,496,502,503,574,454,489,499,517,414,523,494,494,482,472,573,476,464,521,413,524,466,508,534,457,471,459,440,526,495,478,493,489,451,522,609,490,487,481,498,497,528,535,499,484,484,480,465,514,408,492,469,494,546,599,517,543,460,552,493,493,491,422,560,454,463,460,474,515,392,459,373,442,488,589,464,505,452,496,466,474,496,524,517,452,481,496,428,535,480,455,538,497,438,426,473,509,483,489,427,515,441,417,561,491,442,468,529,477,427,408,476,494,518,537,485,472,504,444,498,516,517,458,458,520,518,458,491,520,463,476,552,484,478,557,423,513,508,429,457,458,491,498,439,420,502,461,477,519,507,504,475,453,493,517,473,481,542,515,510,570,496,474,483,466,479,389,414,480,458,519,490,433,463,554,569,483,477,442,476,430,442,500,551,437,477,405,561,493,493,483,460,422,489,497,494,489,455,502,518,424,545,469,503,504,483,499,503,441,561,520,501,423,480,497,479,486
426,484,524,507,554,540,448,464,494,524,416,514,473,517,531,526,431,558,511,470,533,504,522,425,536,549,531,499,497,522,618,422,460,446,496,478,580,542,542,536,499,572,460,476,540,467,416,434,559,442,526,522,493,526,473,524,426,540,546,450,547,401,511,511,573,445,621,632,497,532,486,521,452,470,500,477,512,524,496,501,406,547,475,455,485,468,460,457,493,448,469,513,471,492,623,585,459,453,472,431,493,565,468,595,480,534,503,476,514,565,494,488,491,512,447,520,408,433,480,475,606,562,496,489,494,531,458,471,486,456,463,524,485,564,603,462,450,578,549,525,517,481,521,488,542,565,516,555,517,518,528,602,479,458,527,495,507,502,497,418,409,471,450,452,419,439,559,483,444,456,458,527,552,478,587,547,501,462,557,445,562,597,468,543,586,486,460,540,432,527,583,496,530,507,529,487,500,451,477,565,510,466,547,501,492,502,532,438,543,535,447,500,516,499,614,456,575,439,511,447,514,558,487,555,495,446,389,479,534,542,508,502,454,513,473,506,537,530,503,475,512,473,458,582,540,383,526,479,495,507,503,520,486,474,424,538,465,483,483,452,442,462,590,548,554,537,510,495,451,393,565,477,495,454,528,440,512,496,487,478,526,487,595,561,471,533,518,521,546,537,492,476,572,533,553,509,532,554,447,537,567,503,491,460,535,561,513,440,469,514,569,504,459,464,486,554,523,570,466,482,583,565,430,501,490,503,449,446,434,510,574,517,442,478,425,528,517,461,526,436,512,511,440,426,585,505,538,469,501,588,551,540,524,567,479,519,448,533,506,483,395,520,573,457,577,397,570,413,511,565,477,480,507,454,456,517,577,571,436,485,537,507,482,618,584,533,483,535,472,485,505,510,587,543,481,422,530,520,467,490,571,455,464,514,495,463,423,444,509,548,610,448,494,501,440,453,475,479,540,608,533,567,556,498,482,493,492,511,460,518,508,574,467,517,506,561,529,470,506,515,524,486,512,463,605,465,554,497,555,458,547,545,545,534,606,532,524,408,550,443,480,468,376,459,526,512,458,495,469,483,565,598,467,555,487,518,552,443,420,531,509,473,520,527,488,489,472,509,532,514,464,550,540,517,508,517,479,537,506,466,490,397,497,368,525,504,537,440,479,568,480,604,499,476,501,494,446,515,464,459,500,562,513,400,492,486,607,460,464,524,580,539,368,544,516,543,428,504,451,537,439,563,513,442,517,478,493,506,550,402,453,484,508,493,393,545,473,515,458,567,503,467,465,465,563,587,478,495,517,533,534,492,456,492,458,476,571,459,564,468,470,494,461,507,506,498,507,498,418,450,467,525,561,503,480,532,438,449,538,491,480,470,519,480,541,452,429,481,552,414,509,528,464,458,489,516,575,493,553,507,456,541,451,552,556,444,526,469,543,516,446,492,455,592,600,605,518,513,469,528,480,493,594,453,441,495,488,584,432,607,512,539,479,530,533,505,441,522,431,494,499,637,467,449,471,472,614,594,440,495,598,484,456,517,538,576,551,491,473,469,494,491,531,493,598,459,615,482,486,537,541,458,619,538,566,587,443,619,517,516,571,496,463,483,507,577,475,534,490,491,513,518,482,415,501,501,560,514,553,429,468,512,528,514,558,452,483,434,492,484,494,558,496,429,524,555,469,495,577,532,499,489,438,431,513,453,491,583,466,564,533,421,594,450,490,537,505,434,441,468,488,472,512,464,516,477,454,471,497,491,553,500,541,441,533,539,553,557,544,489,458,535,466,532,524,533,490,603,508,507,478,590,432,565,486,509,496,468,607,519,529,517,407,563,482,480,581,435,535,474,511,592,557,512,517,497,454,530,607,519,531,467,574,492,556,578,527,495,533,479,478,514,458,464,499,488,526,543,469,604,487,565,513,489,494,457,549,471,487,516,514,460,493,452,433,460,512,600,548,530,507,521,521,553,480,569,495,439,508,487,470,552,492,425,502,483,450,471,522,502,445,467,437,496,485,399,506,485,445,452,518,535,456,391,525,524,522,501,458,553,478,440,487,518,525,418,505,521,505,475,519,519,439,470,535,551,486,541,447,476,503,444,536,441,494,476,454,433,461,514,474,538,503,475,509,477,523,559,492,505,536,525,568,565,491,470,497,512,492,397,430,482,460,556,478,483,526,553,589,530,467,502,503,439,445,543,551,520,480,463,577,520,441,529,482,460,551,479,490,561,511,515,560,522,577,549,530,510,538,542,504,484,602,574,496,473,541,526,499,463
448,495,505,474,528,486,430,434,477,557,354,478,499,474,506,505,454,520,504,501,511,461,525,392,527,516,520,446,430,450,584,457,428,406,502,433,576,480,517,488,478,560,417,450,510,438,388,402,529,380,482,498,499,540,408,494,440,473,473,422,526,419,487,487,523,413,614,589,441,463,440,519,440,488,421,475,460,468,463,473,391,513,424,462,468,417,453,412,466,435,486,472,445,481,509,534,435,474,424,389,444,499,449,565,446,571,479,412,495,567,466,430,444,475,463,527,343,459,456,453,529,483,476,465,393,507,410,428,427,460,474,472,451,483,545,453,449,480,479,508,495,475,507,482,522,517,462,582,497,475,528,572,438,432,497,420,465,471,485,452,414,426,482,431,372,363,495,400,454,433,395,502,481,495,538,515,455,452,491,468,505,531,444,496,478,505,440,480,438,476,508,458,487,521,518,458,403,419,508,535,488,458,523,496,473,463,454,419,527,528,401,444,448,455,541,433,505,441,558,459,488,540,473,499,446,449,367,486,459,481,502,461,454,512,421,475,495,464,452,429,504,467,468,514,488,316,488,454,453,460,456,491,464,456,389,467,454,471,464,449,465,456,521,510,513,532,437,448,446,401,508,458,433,416,522,398,484,453,429,479,515,438,575,544,473,487,533,486,487,477,403,440,490,495,484,489,483,491,461,508,518,484,453,444,501,539,503,421,463,483,536,486,485,448,493,499,467,509,433,470,582,553,431,529,410,477,441,466,393,411,645,490,430,417,434,560,480,453,506,453,471,481,436,435,543,478,515,416,489,533,489,474,484,497,479,409,395,483,450,472,353,491,512,385,520,381,494,382,477,577,475,443,492,464,436,509,579,515,387,482,473,508,506,597,539,470,465,501,444,420,430,464,479,535,462,400,541,488,402,437,510,424,439,489,485,421,420,426,462,514,571,425,446,442,386,409,433,448,514,524,517,510,567,467,461,446,504,515,472,470,523,532,434,466,495,535,497,472,507,507,466,472,552,445,506,439,488,450,508,431,517,427,522,486,569,519,496,328,521,396,446,453,365,423,513,457,462,478,437,456,515,503,451,479,454,487,463,416,420,507,452,434,465,474,448,449,424,539,482,489,436,489,521,470,460,500,462,464,483,377,462,417,489,397,552,483,465,424,430,506,429,507,446,425,485,523,445,507,436,472,508,544,467,380,445,461,569,405,415,503,560,469,368,532,467,527,388,491,433,496,384,567,481,415,481,447,538,447,550,362,436,491,463,451,367,549,455,446,460,493,509,443,464,428,502,569,451,430,531,494,496,474,423,401,422,443,549,457,553,450,469,485,393,496,498,516,444,470,387,426,450,530,492,447,490,525,421,422,515,493,436,461,487,445,448,404,423,413,516,405,499,482,462,404,474,482,510,443,467,494,442,481,448,534,502,414,473,444,500,440,435,480,454,577,579,542,517,459,447,492,482,486,544,412,448,486,423,496,383,526,503,477,458,461,509,520,413,519,474,462,459,627,479,438,440,444,562,657,423,451,537,419,435,478,476,567,524,476,462,410,464,444,541,481,524,412,543,453,481,484,483,398,503,509,494,586,385,585,487,461,539,448,451,431,483,525,470,493,487,429,505,504,489,436,503,484,565,487,471,405,448,484,476,494,509,435,501,473,455,441,490,528,463,421,515,487,440,453,592,476,418,453,440,410,495,373,481,511,459,574,523,400,583,443,441,465,501,393,439,463,504,409,482,444,494,443,424,416,474,468,453,443,510,376,466,511,499,466,509,442,450,504,407,476,466,476,464,546,501,483,492,519,402,513,454,482,501,476,572,488,469,521,417,482,508,442,506,402,488,408,427,550,501,480,518,476,429,473,551,460,455,446,578,502,516,520,518,437,428,419,444,487,451,416,470,479,477,525,440,521,459,536,521,492,473,469,533,458,452,521,459,431,426,432,391,468,519,545,483,482,456,500,502,499,489,504,487,424,451,484,444,554,491,434,475,489,424,412,470,487,448,501,392,464,456,380,501,504,409,412,515,477,410,371,489,455,467,470,468,564,406,413,478,511,481,378,494,405,475,484,517,510,478,434,504,542,475,527,415,491,457,448,458,458,473,428,402,418,510,501,454,501,459,446,443,470,486,456,435,443,514,506,522,523,530,427,509,487,476,369,423,476,448,489,514,397,502,514,567,488,447,501,448,395,459,487,522,446,480,435,525,463,447,497,447,410,494,440,471,485,508,512,508,451,481,503,539,456,478,547,494,456,509,531,462,481,513,501,493,432
435,472,477,465,503,488,410,398,519,497,390,495,468,488,488,522,434,541,485,502,508,436,526,398,510,565,515,447,437,446,582,454,448,456,501,440,551,469,558,453,458,533,404,437,545,461,362,407,513,385,462,465,467,512,423,512,422,458,503,406,513,386,484,480,525,451,609,573,439,465,421,561,446,463,424,467,499,494,451,476,427,521,413,453,475,373,487,382,389,404,447,444,416,434,549,544,421,440,386,383,478,498,394,503,436,576,446,452,471,550,442,400,472,472,406,514,380,406,421,485,552,500,455,477,435,494,382,476,415,429,438,523,453,466,547,442,430,477,463,535,508,479,482,471,538,537,468,572,499,500,493,551,482,433,447,416,441,490,532,416,413,416,428,419,404,385,509,421,463,423,416,488,533,437,497,494,467,426,498,461,523,558,421,494,515,492,429,481,438,512,557,449,504,525,482,480,435,381,466,547,476,381,541,498,458,462,468,386,467,504,380,516,490,451,515,398,493,431,544,425,473,524,451,488,516,401,343,478,448,485,473,479,491,515,436,489,535,427,478,435,536,407,428,524,483,356,486,411,481,441,476,477,451,423,382,498,454,391,448,431,436,498,518,520,540,551,535,422,422,377,481,457,421,429,517,430,453,489,435,466,470,469,559,539,447,509,507,488,478,472,401,456,511,504,492,453,526,525,420,465,494,459,495,368,472,549,465,447,470,464,565,492,472,448,467,526,470,490,444,432,568,539,430,508,445,495,447,433,408,424,598,458,448,415,430,559,478,399,503,437,469,485,432,425,545,459,495,402,480,520,518,480,471,534,519,452,361,508,460,461,389,474,481,406,560,348,482,372,439,541,453,434,496,472,432,504,498,490,408,488,472,515,460,563,528,457,423,521,443,447,435,484,466,526,455,403,459,484,456,416,549,432,460,456,474,435,395,439,458,506,533,420,427,537,362,452,388,482,458,523,499,481,552,499,459,482,435,480,448,506,518,528,388,451,467,517,535,443,500,452,463,492,518,437,532,440,506,444,507,419,499,419,538,515,578,486,507,403,481,358,447,439,362,442,537,455,435,470,425,438,483,575,466,504,474,491,482,351,404,472,428,403,486,496,461,465,473,497,495,505,401,477,523,489,469,489,480,429,492,402,470,398,455,408,474,489,462,426,457,462,429,532,423,406,463,502,436,454,412,439,509,508,495,363,480,481,536,383,464,486,567,532,345,502,456,568,370,437,466,526,368,541,500,417,483,459,509,449,533,326,449,509,468,492,354,593,454,482,445,518,444,412,476,434,508,547,484,434,460,513,498,480,381,481,399,481,562,442,513,500,438,441,452,481,520,481,463,488,384,428,454,518,517,467,503,547,421,451,509,489,416,450,497,457,494,438,387,441,502,386,474,482,456,426,469,470,480,446,531,476,419,502,420,529,485,436,489,399,489,449,434,458,403,553,548,553,526,478,438,462,508,474,549,419,443,453,462,538,357,506,481,470,493,474,490,514,385,525,426,483,423,602,495,431,506,447,597,599,393,422,603,419,430,514,480,568,514,463,427,427,472,493,514,483,539,405,615,425,490,491,540,381,507,507,519,518,358,633,478,433,533,461,427,442,457,545,457,485,446,448,484,503,480,404,426,522,535,431,462,392,407,538,508,470,490,410,498,439,466,457,506,509,450,415,493,491,430,440,591,500,470,466,430,401,483,378,501,505,456,564,519,371,640,452,431,465,467,439,444,451,480,398,488,452,502,408,445,404,525,433,464,472,506,426,479,491,444,512,475,483,451,502,463,486,498,480,448,556,469,453,447,576,423,526,452,522,469,511,546,475,483,554,390,517,460,451,481,405,504,408,460,519,480,486,467,419,386,447,558,447,462,412,537,486,531,497,505,417,458,423,455,495,455,404,466,496,506,509,428,506,493,560,509,475,440,445,546,493,464,487,460,448,427,464,384,456,490,560,487,499,458,463,472,487,495,498,513,439,499,490,454,525,449,451,460,466,426,417,428,461,440,477,425,478,441,395,412,459,422,390,500,501,419,370,495,499,454,466,451,534,444,394,445,474,444,403,476,514,541,489,544,531,445,394,495,478,415,464,404,477,438,430,463,468,446,443,416,437,484,524,447,545,422,484,455,490,482,457,456,454,483,494,467,522,512,462,489,475,520,338,395,472,461,498,489,404,497,572,616,478,450,451,521,424,448,491,545,440,480,424,518,476,439,487,491,392,505,420,435,460,467,462,502,463,508,490,524,453,475,548,478,456,483,535,441,440,487,510,485,432
401,480,495,454,439,533,440,405,532,484,361,422,466,472,438,473,378,513,500,441,490,457,490,368,466,523,478,391,429,427,520,398,435,412,462,450,521,471,566,425,495,544,379,434,527,478,357,397,500,359,433,430,491,456,392,492,387,403,459,420,522,384,471,468,513,394,618,540,462,437,404,517,377,431,460,481,434,486,416,461,385,508,422,430,401,375,458,410,376,419,473,430,475,429,458,524,432,400,454,402,479,486,378,482,416,478,450,413,481,495,433,420,434,504,356,512,365,426,387,434,510,449,473,459,445,469,372,458,417,428,443,463,453,425,494,437,386,420,452,522,459,419,427,471,516,591,420,561,498,410,482,505,481,446,475,368,432,460,522,417,408,468,419,419,378,371,469,433,436,441,423,485,512,452,463,509,501,420,475,436,515,514,399,478,487,471,450,421,465,492,487,448,430,526,496,406,392,353,458,552,504,398,524,487,490,472,479,404,514,507,383,463,460,424,471,422,429,401,493,399,477,521,432,488,465,443,316,461,419,430,472,476,424,486,450,460,537,433,477,385,530,436,388,464,497,360,498,414,449,424,461,502,434,448,379,404,425,399,437,448,408,473,530,463,491,502,496,415,473,362,435,402,401,411,427,416,393,440,429,483,415,447,538,495,469,448,481,444,456,464,450,414,494,520,449,426,511,465,452,470,477,419,401,353,509,523,462,411,451,405,552,467,480,461,443,507,442,507,419,415,503,514,400,486,410,443,392,437,420,428,590,444,421,411,383,524,489,348,466,471,445,493,432,398,489,420,489,361,461,511,497,420,419,492,492,402,378,474,409,454,367,475,465,327,509,328,501,394,462,516,451,410,475,387,393,512,511,470,459,421,468,491,436,573,491,479,474,485,426,392,432,505,445,488,436,385,446,466,431,424,523,417,430,414,460,415,410,386,456,507,586,405,435,462,378,416,418,443,435,523,454,494,512,432,421,455,439,489,454,465,494,514,408,454,431,452,499,435,462,471,403,414,514,402,520,378,490,463,433,406,437,393,523,481,570,457,455,355,444,382,466,444,355,377,557,491,420,440,419,451,478,536,466,435,445,450,440,348,388,449,416,373,496,486,428,430,442,444,477,483,411,483,491,459,446,481,484,437,477,376,496,389,463,398,508,497,418,423,408,467,402,457,417,422,433,459,412,457,433,462,465,539,498,383,476,443,523,368,439,500,545,490,347,527,490,536,368,443,428,429,365,503,487,428,500,404,488,420,505,365,459,478,486,448,291,595,396,432,468,474,437,412,498,424,450,493,453,398,476,515,498,469,362,414,392,464,551,416,606,469,423,427,400,439,456,494,441,487,375,415,448,540,442,438,481,483,394,459,500,491,406,431,483,457,423,384,437,435,533,399,458,468,434,394,428,449,462,410,497,479,402,515,429,532,461,397,485,410,470,424,424,445,429,520,508,572,468,443,412,447,518,467,549,403,442,476,388,538,354,523,514,478,432,455,474,459,365,537,399,463,393,572,465,417,500,422,556,608,401,401,533,432,401,463,439,537,461,426,441,390,486,468,490,520,474,411,545,450,505,423,491,357,459,471,472,597,352,574,435,463,514,420,438,448,403,500,448,465,470,425,430,478,457,405,413,470,506,468,449,376,382,437,468,487,477,402,431,414,426,429,451,464,458,372,481,458,416,395,573,510,411,469,397,358,436,404,466,487,431,533,500,373,593,447,439,466,486,413,438,454,467,364,489,438,422,436,400,413,442,433,358,484,477,399,526,472,486,497,466,472,422,478,418,472,442,445,455,493,504,441,441,561,409,516,427,450,426,472,517,453,499,524,398,459,451,463,473,343,547,387,449,520,441,420,432,394,374,428,524,455,435,397,517,499,511,486,477,449,427,428,404,497,448,402,425,456,472,471,422,506,487,521,506,466,435,430,541,445,418,484,487,412,444,493,342,473,471,531,464,489,478,426,437,467,421,457,495,382,458,461,424,470,428,374,383,485,449,382,425,452,443,447,379,458,440,378,460,426,405,393,483,447,377,364,490,514,442,427,410,503,427,404,425,498,443,368,457,498,480,490,481,504,464,405,477,570,382,476,417,489,452,444,460,477,439,427,397,411,505,485,424,469,414,456,461,447,514,458,433,417,516,487,457,528,487,397,441,435,456,370,326,455,415,488,489,422,429,545,559,440,443,456,478,378,412,461,551,440,448,390,471,452,391,474,459,404,531,400,381,483,482,460,477,408,470,439,487,414,447,545,474,414,488,513,442,405,484,503,483,449
385,409,439,393,429,504,402,400,443,447,342,431,392,429,403,458,326,484,510,438,509,422,408,369,399,477,413,415,398,398,503,427,376,368,462,433,516,440,506,447,421,455,412,418,493,430,316,400,477,328,399,425,418,423,394,470,356,404,434,387,479,365,455,480,436,395,579,496,443,406,386,499,370,380,431,393,435,463,403,449,366,464,347,416,436,340,439,363,337,374,400,383,422,396,470,527,396,394,369,373,489,463,372,448,387,457,438,437,403,486,419,360,396,449,379,483,334,397,378,380,491,449,399,394,337,417,332,417,403,423,402,404,425,416,475,400,426,393,425,490,393,372,400,423,494,496,390,498,478,354,441,475,401,391,382,355,403,443,452,363,414,378,348,391,390,339,436,390,393,438,369,503,481,436,441,475,450,389,393,442,484,468,346,439,459,458,377,405,435,507,454,434,411,473,475,367,393,353,479,508,453,392,520,419,446,434,454,355,465,491,366,395,411,403,470,412,434,390,489,379,434,448,411,417,480,407,301,405,409,417,388,444,426,423,429,398,513,376,428,351,436,394,395,444,410,328,466,379,395,393,410,446,401,373,345,390,377,374,429,386,396,454,475,478,447,470,483,412,424,346,440,428,374,411,413,349,439,426,427,417,375,448,503,459,408,405,469,463,469,433,409,410,441,479,405,415,469,461,433,430,452,425,392,326,468,467,404,387,405,406,510,455,415,444,379,480,451,443,404,351,498,489,380,448,383,388,427,428,378,412,581,403,416,407,360,516,441,344,427,409,424,478,344,396,507,431,436,375,413,468,516,444,377,472,453,383,352,478,394,408,299,406,413,343,493,300,488,329,408,466,413,377,464,384,386,438,505,437,395,372,444,462,381,553,422,449,398,473,375,345,417,475,398,438,420,346,400,434,414,386,507,357,384,422,404,384,379,366,417,465,490,374,362,426,309,387,379,431,397,502,454,484,552,403,389,403,414,466,417,417,432,486,402,367,396,436,442,381,447,448,421,403,471,382,455,378,479,406,398,369,378,382,468,454,563,482,393,358,431,370,393,393,357,375,507,460,425,463,372,415,426,467,453,418,418,422,427,351,374,425,336,382,459,453,412,412,424,445,438,457,403,435,439,411,424,407,408,378,461,358,461,381,438,382,446,497,389,352,409,418,347,446,358,364,400,432,430,429,390,447,427,435,440,362,424,424,489,364,453,451,498,494,309,532,496,531,347,442,382,396,330,474,492,430,488,400,421,362,478,313,404,527,423,437,297,546,352,400,428,506,421,368,446,410,413,465,398,371,492,483,437,443,345,409,364,461,471,378,498,418,415,414,408,433,463,426,409,469,310,359,428,504,443,460,438,428,401,402,473,431,376,397,448,414,426,361,388,347,486,389,419,440,402,354,386,431,406,422,436,476,378,482,409,506,448,338,444,385,430,385,395,400,402,523,471,543,447,409,359,418,497,440,503,356,387,453,392,483,309,493,397,407,408,404,429,481,346,461,344,405,406,533,429,377,424,457,504,543,334,381,534,397,368,397,411,494,441,388,420,392,450,384,473,437,474,423,550,392,420,422,553,348,434,434,447,523,298,557,402,394,507,389,420,442,424,440,370,406,457,424,411,381,465,381,392,448,450,390,406,345,366,438,449,462,473,347,446,392,418,407,403,445,418,343,426,439,385,377,504,454,378,378,391,319,427,387,435,439,408,476,455,408,518,412,389,428,456,410,418,384,395,341,475,424,403,375,414,344,388,409,370,445,435,378,466,427,440,435,374,446,426,430,385,459,429,392,381,460,456,434,399,542,388,491,406,448,425,440,435,450,457,423,351,426,405,445,442,325,447,359,427,486,438,420,439,376,390,379,508,403,420,377,505,460,506,442,449,411,412,408,396,458,399,375,416,421,440,467,388,477,444,461,445,418,371,388,485,415,352,471,445,396,406,447,306,397,421,503,420,476,461,382,413,406,422,450,417,371,458,474,406,482,408,358,382,446,429,379,411,406,412,427,398,392,430,358,437,423,386,356,466,422,338,340,416,511,409,402,422,468,367,348,410,462,406,333,466,429,500,396,461,466,365,373,497,448,371,443,412,472,412,366,382,435,399,402,357,390,478,441,418,444,422,431,463,406,481,449,418,410,479,456,433,448,428,373,486,421,439,356,370,397,387,430,423,384,379,525,542,396,431,437,436,400,402,407,476,388,401,386,438,432,353,460,441,373,473,382,375,454,417,433,442,401,433,440,489,412,441,475,405,389,425,464,427,365,410,467,400,404
368,405,449,431,404,489,386,402,457,442,370,414,413,412,405,420,306,453,536,455,483,396,443,359,386,478,425,403,371,406,497,412,369,399,441,410,483,442,523,431,462,482,382,406,487,467,278,406,477,303,424,411,421,387,366,452,375,378,400,383,505,386,435,473,431,357,576,481,432,450,368,523,374,397,429,433,430,469,400,461,332,471,344,414,397,368,474,348,359,384,387,406,440,375,442,478,369,368,410,332,455,468,355,475,400,491,386,409,412,443,421,404,417,432,377,456,355,351,350,359,472,367,436,412,386,415,308,399,438,406,389,431,387,377,484,382,392,432,442,496,450,408,411,443,515,519,374,505,464,365,431,459,415,413,372,381,382,421,466,429,373,409,334,423,364,353,433,380,411,442,389,505,485,429,405,461,464,340,407,409,498,472,404,477,433,474,395,447,449,462,436,406,405,473,446,371,449,358,448,515,489,368,520,436,429,379,487,345,482,483,410,400,366,386,459,450,458,378,502,376,446,413,414,430,426,394,315,416,396,368,415,430,377,419,419,397,516,418,430,360,437,395,386,406,417,327,433,384,420,350,372,442,411,403,335,398,396,392,435,366,411,448,449,471,440,490,540,379,420,336,417,408,382,410,409,346,418,392,426,458,416,425,449,469,417,422,499,441,424,413,402,426,477,472,479,411,427,470,428,459,438,402,352,379,451,496,405,378,433,385,525,431,428,428,366,434,431,414,401,386,495,497,367,424,370,398,414,437,378,392,589,445,390,429,417,568,471,384,418,410,378,455,368,423,464,437,430,306,429,455,521,403,379,469,431,397,331,464,373,410,321,459,403,320,475,321,459,330,425,490,454,342,479,413,361,483,485,387,428,401,442,486,372,511,402,447,417,485,363,393,404,453,433,450,355,358,400,450,404,427,452,399,373,400,429,378,373,354,415,502,533,393,375,507,346,419,378,418,405,466,459,452,526,459,392,373,431,426,398,431,440,510,384,341,447,410,445,399,456,433,371,394,433,390,474,429,468,399,405,336,412,389,472,423,552,466,386,316,415,341,417,406,384,406,484,434,396,450,395,413,397,481,414,401,380,443,405,342,372,413,332,382,457,431,401,386,394,431,412,455,396,436,436,437,399,403,375,373,472,329,452,404,443,372,463,506,361,348,388,415,345,423,394,352,424,413,388,422,348,366,429,443,461,368,405,445,473,381,479,511,460,481,342,507,470,504,372,421,390,417,312,504,465,423,443,433,422,371,518,347,350,451,429,440,292,513,362,461,394,457,423,356,469,412,409,462,379,366,469,484,409,435,369,431,349,467,503,383,539,431,427,424,400,436,457,447,400,472,316,381,428,518,438,460,473,410,444,402,547,397,375,345,424,421,339,346,397,369,477,341,467,371,389,404,374,422,372,412,471,489,367,473,421,543,432,369,437,365,436,377,396,442,391,467,453,572,460,400,400,452,516,400,510,361,409,410,368,501,286,452,430,427,405,372,431,468,383,471,350,406,422,512,461,352,428,448,531,543,372,405,526,360,378,393,436,522,432,395,422,414,433,404,477,444,459,403,546,425,395,411,552,353,460,447,458,525,290,500,398,433,502,392,381,425,417,465,424,396,444,391,455,436,494,350,419,453,452,378,407,341,351,422,431,458,488,342,452,403,380,447,417,434,428,357,408,419,379,333,508,479,385,434,399,290,423,347,417,461,396,489,413,381,534,460,398,446,465,372,360,389,385,350,473,446,382,378,429,376,434,428,367,418,433,348,440,408,436,477,395,468,426,390,383,467,420,401,401,456,480,388,434,493,384,502,371,417,429,442,462,401,476,454,388,450,426,489,375,306,422,340,414,494,395,417,430,359,396,369,480,457,407,374,481,464,518,440,462,395,422,364,345,469,407,391,434,473,430,453,407,489,463,470,456,399,353,371,513,375,385,469,429,346,394,460,299,434,427,535,430,460,497,440,393,477,378,447,417,338,477,449,370,456,372,359,391,428,451,381,459,429,455,442,382,434,447,322,431,387,413,365,495,441,341,359,466,503,419,381,370,450,409,368,391,450,378,379,446,459,438,380,456,473,469,381,451,460,360,434,399,468,393,406,393,448,410,397,375,375,530,447,412,463,426,394,403,428,451,478,427,414,476,491,405,504,441,384,423,394,445,353,367,380,396,443,405,445,411,521,536,368,403,440,436,384,415,434,481,359,379,393,431,450,346,392,423,351,501,367,369,435,450,398,428,392,437,417,427,358,460,520,427,405,446,495,409,367,433,438,447,413
340,384,424,415,403,457,329,408,435,337,311,413,334,361,386,415,291,448,505,385,437,364,418,327,391,442,373,374,410,358,478,419,381,330,427,345,504,428,430,411,405,443,364,413,459,439,288,322,495,275,405,351,395,357,369,463,337,374,329,331,483,386,410,473,467,331,575,479,420,370,354,473,333,326,402,437,376,447,326,405,296,468,305,355,331,343,428,354,373,328,329,374,430,341,413,450,360,379,389,327,410,427,358,403,381,493,370,374,347,452,389,377,384,402,357,460,305,308,357,364,418,375,376,422,366,391,313,405,376,381,393,405,373,358,457,376,398,395,414,435,401,352,342,382,461,484,385,521,454,384,379,461,378,384,362,333,359,370,392,390,372,388,330,403,337,335,412,338,365,377,353,484,448,445,372,416,409,338,389,377,418,448,333,403,407,458,385,466,405,452,444,382,369,417,452,348,401,383,410,512,471,336,509,396,398,366,451,290,460,505,354,410,341,344,415,459,397,364,477,303,427,402,374,388,416,402,312,412,362,371,364,456,345,414,405,380,499,407,443,306,437,331,341,400,391,310,434,347,387,351,356,386,374,396,321,414,340,366,432,321,372,426,507,439,393,448,473,360,391,331,424,395,360,437,369,359,404,372,395,447,364,395,426,439,416,432,454,410,441,397,373,372,379,425,424,387,456,432,378,386,394,401,365,328,485,447,340,401,404,386,485,411,431,396,389,419,444,392,409,373,439,452,342,427,359,372,371,364,359,413,513,416,365,407,349,508,452,321,421,424,384,449,320,416,441,401,405,323,393,438,445,391,331,455,406,363,323,462,389,414,307,392,408,261,468,276,491,302,433,424,396,332,411,414,362,448,423,407,373,408,438,399,355,513,376,385,386,443,329,366,366,438,403,392,346,328,363,373,406,375,437,353,359,379,400,358,385,310,394,476,435,315,383,457,310,384,354,385,377,483,489,419,496,423,386,325,399,414,392,401,471,462,386,333,398,378,432,404,454,419,356,411,412,348,460,387,422,377,388,342,399,345,437,405,535,438,353,283,368,409,418,357,341,394,483,424,413,406,371,364,384,426,422,377,351,428,407,304,357,420,289,341,483,408,359,382,405,403,413,383,374,402,415,388,391,397,364,371,421,313,438,346,409,320,452,467,375,305,389,371,350,388,358,398,369,426,357,402,372,360,418,428,436,332,375,442,467,313,442,437,422,467,328,482,484,468,314,420,386,389,287,421,489,413,394,392,443,293,466,324,315,394,421,417,244,510,354,407,400,480,387,349,462,364,410,434,373,361,452,475,377,393,373,375,340,429,460,398,529,427,400,390,342,436,404,405,328,485,296,314,434,503,418,441,447,399,424,388,462,351,327,284,407,424,343,336,367,311,486,367,406,393,362,377,391,402,349,385,463,449,338,442,360,506,380,329,422,373,418,354,400,427,366,435,473,492,429,385,352,434,460,360,535,367,368,425,315,471,255,451,396,380,388,366,434,393,339,476,319,338,399,464,402,361,412,413,515,487,336,368,497,343,375,336,407,509,381,337,449,352,445,408,460,458,476,344,515,384,391,398,541,309,471,365,488,497,288,504,349,391,486,378,353,383,404,441,387,372,395,381,411,373,492,367,366,419,457,414,392,320,354,429,418,419,458,296,396,358,388,431,435,406,377,332,365,410,352,331,497,399,322,400,379,250,412,359,384,395,375,461,395,370,491,432,344,437,450,348,376,330,378,320,481,424,378,363,368,335,398,392,337,406,433,332,435,354,417,436,359,429,463,413,364,453,323,431,370,411,386,346,369,467,372,445,343,400,440,402,414,355,403,407,377,433,367,419,392,281,352,309,449,497,382,418,432,339,346,353,440,396,385,331,449,418,499,375,432,377,418,372,353,469,365,366,421,486,421,469,340,493,424,425,429,418,337,368,450,391,363,423,380,317,373,421,281,374,395,456,381,411,428,357,331,437,365,366,385,320,445,414,344,422,323,358,357,391,438,345,434,394,412,406,345,393,450,326,376,385,415,337,437,404,319,342,370,497,418,388,356,436,381,358,414,404,383,349,444,410,447,333,421,468,389,324,436,392,338,359,376,414,409,348,399,403,393,341,347,351,512,397,343,424,393,407,390,359,426,444,419,359,469,465,389,448,438,357,434,372,397,321,324,375,351,437,425,372,384,474,495,360,401,421,390,374,410,448,443,301,391,363,378,441,285,421,432,366,432,321,378,409,405,382,395,367,442,393,438,386,377,485,409,347,415,433,420,342,411,434,393,341
353,343,414,421,376,423,323,418,405,381,332,347,362,390,333,422,325,448,502,461,440,385,378,334,388,442,365,383,382,376,513,429,388,351,396,344,503,419,462,400,439,474,335,415,518,447,277,326,463,299,399,389,394,361,356,431,364,388,348,346,497,336,424,444,436,348,611,487,408,375,378,441,327,331,401,413,342,452,384,403,316,422,343,331,351,327,464,322,326,334,355,369,421,372,401,467,382,309,331,311,418,443,325,410,387,476,348,424,341,390,384,380,403,433,376,417,336,324,381,347,433,390,403,399,354,407,301,365,395,368,406,411,377,377,503,384,427,380,447,471,379,319,345,395,457,432,359,514,470,368,366,462,400,397,388,356,345,411,404,392,379,395,324,438,311,318,412,328,351,415,376,525,443,438,385,376,429,331,383,391,406,476,338,426,420,483,413,452,404,471,421,402,379,431,482,341,354,374,429,483,422,337,488,374,418,406,425,289,449,492,390,379,378,362,386,438,417,331,457,348,438,390,375,401,386,413,303,413,362,361,323,433,366,404,420,398,471,398,420,312,435,352,357,357,408,318,421,400,394,322,350,434,373,378,304,356,343,387,426,355,385,432,500,417,423,468,463,361,379,361,406,398,336,421,374,341,394,360,377,445,391,423,453,419,434,408,461,383,373,407,348,386,431,466,429,344,401,454,397,415,414,413,360,303,447,440,370,407,407,355,452,425,427,433,362,401,428,406,405,344,420,438,309,431,373,384,372,373,349,441,524,391,361,434,412,456,427,344,396,442,393,467,325,411,393,415,394,302,394,425,433,324,371,431,390,376,341,444,380,403,293,370,431,257,456,302,443,334,412,454,462,285,441,411,352,419,441,411,390,386,425,408,339,530,417,395,376,448,345,362,379,482,393,380,349,336,375,420,423,373,422,377,342,369,409,383,392,342,443,483,449,353,363,401,314,353,376,374,401,481,461,467,472,389,382,302,378,386,409,409,492,491,376,332,400,403,420,353,446,429,357,378,406,372,455,389,390,365,394,363,362,399,418,426,510,474,347,282,370,389,402,365,374,404,476,435,403,462,403,353,382,415,432,359,393,405,422,300,338,421,283,356,428,449,388,370,350,405,404,448,357,400,377,391,397,431,411,358,413,320,464,393,445,361,465,459,359,293,383,388,312,386,357,366,346,450,362,402,338,351,398,453,416,319,357,376,406,305,434,442,457,463,364,500,459,474,351,398,375,355,292,421,505,412,421,380,440,281,435,317,351,421,441,434,240,486,347,422,420,492,401,353,441,413,398,444,360,333,405,476,421,419,401,388,294,410,454,393,501,410,400,390,360,444,414,435,328,465,315,337,421,481,390,444,416,357,421,347,466,365,346,307,405,440,361,368,390,324,511,357,405,394,393,371,377,415,351,353,430,479,331,386,385,536,416,363,430,356,455,343,371,412,365,408,446,526,390,382,359,425,460,343,499,334,368,402,337,418,246,442,441,367,355,366,438,416,336,437,364,377,417,490,459,346,427,415,510,478,292,354,426,361,359,366,441,468,405,308,419,379,434,412,427,435,411,383,460,392,397,365,537,327,404,364,472,503,268,511,384,407,469,391,306,410,412,455,388,396,421,404,429,406,478,311,419,434,441,459,387,321,381,436,411,433,430,286,435,385,379,381,394,392,395,350,397,389,356,327,482,413,354,427,363,247,391,364,379,404,358,474,366,387,467,419,386,419,449,378,399,344,373,372,499,405,399,406,376,292,412,408,337,401,437,303,393,383,373,437,363,440,416,436,378,378,355,388,382,460,390,328,370,500,359,498,329,461,429,405,424,420,402,440,353,445,374,466,354,316,389,340,428,510,375,410,473,311,406,355,463,440,410,339,479,406,471,354,443,384,472,338,366,405,384,394,398,481,421,445,387,437,447,370,407,418,341,361,484,380,365,415,387,309,352,452,283,402,419,409,385,430,434,378,379,413,383,358,399,303,379,372,348,443,370,337,380,401,421,317,416,389,422,448,334,416,465,346,417,342,391,342,477,412,318,337,407,519,385,417,369,373,373,372,422,448,356,378,500,428,458,318,449,451,399,333,453,429,383,411,390,459,410,391,376,443,343,377,331,370,503,433,315,444,405,390,394,348,414,455,429,419,444,459,394,431,412,348,435,362,438,322,339,411,392,388,416,360,366,482,515,334,341,416,388,391,367,396,441,316,369,374,376,395,267,394,441,388,451,323,375,403,389,374,395,379,444,374,451,347,412,479,379,332,378,417,408,381,356,443,384,361
349,375,427,434,376,443,327,386,442,413,307,360,351,360,347,444,307,427,503,459,428,363,364,361,401,414,332,335,371,385,486,400,367,367,395,377,486,436,423,410,418,444,310,405,490,461,310,301,490,305,355,355,376,327,361,446,293,379,338,343,473,318,359,487,447,340,617,468,383,380,347,464,344,290,392,440,335,420,355,426,323,442,313,328,304,307,428,307,371,304,367,330,409,350,430,442,347,312,339,297,409,451,331,402,374,437,327,375,320,376,363,393,390,409,343,410,326,332,390,328,359,375,387,398,324,368,310,383,393,347,379,393,334,372,423,399,348,373,409,420,375,344,325,347,433,428,350,502,517,339,336,412,352,419,371,327,352,354,391,355,324,376,314,360,338,298,413,319,313,417,425,521,475,440,376,375,416,286,392,376,398,454,361,380,370,453,412,461,392,509,373,363,374,446,410,323,348,374,427,512,407,337,425,374,404,338,418,277,495,463,332,374,312,322,409,436,447,337,468,356,396,376,385,386,419,392,283,390,353,362,330,434,313,395,380,355,441,367,442,272,430,311,373,340,359,321,436,371,419,331,358,392,400,392,286,377,374,377,400,374,347,411,481,412,404,498,479,342,357,342,354,356,309,391,405,363,374,332,380,412,349,418,422,450,396,420,477,365,416,436,378,408,407,405,372,372,413,409,397,396,413,409,358,338,495,424,381,391,421,380,421,426,399,397,344,416,437,364,396,351,411,445,339,457,329,386,343,357,326,420,485,403,409,389,377,457,420,370,403,429,360,436,335,419,434,412,371,282,369,447,435,360,322,428,364,346,293,441,402,421,288,379,410,309,493,303,446,340,378,422,405,305,405,397,342,447,416,392,373,357,402,422,348,486,390,380,389,417,336,369,389,437,432,424,319,350,343,348,416,334,435,382,334,335,425,371,379,285,364,477,454,348,338,380,321,374,379,386,386,447,475,411,455,379,386,284,379,398,373,374,444,453,370,317,382,360,366,375,421,396,326,430,434,377,443,372,394,313,384,337,373,353,395,389,538,505,372,266,364,363,389,379,382,394,466,435,463,395,379,382,347,414,400,348,390,420,431,317,330,364,288,333,434,417,383,385,366,382,392,387,334,388,376,360,341,423,348,326,356,317,426,377,411,315,460,441,375,291,382,363,293,368,339,359,346,414,363,386,362,367,355,448,413,326,378,385,476,317,422,412,473,484,354,483,432,499,324,400,360,379,285,395,460,381,401,365,452,265,434,320,276,372,406,441,263,540,301,386,414,487,421,316,425,401,385,404,415,364,398,419,413,409,386,388,267,403,425,358,486,453,428,383,321,481,379,446,356,449,320,311,408,479,396,414,424,329,415,376,449,343,328,295,388,456,299,332,356,347,500,336,416,410,376,391,386,412,353,327,426,452,313,429,396,549,413,315,461,337,441,343,335,408,324,418,422,486,386,368,301,460,460,349,472,324,338,420,310,481,231,432,437,397,354,377,405,469,339,444,282,366,396,445,442,348,419,407,505,462,259,364,456,296,360,364,384,465,369,327,414,352,380,430,454,422,454,386,468,392,416,381,484,302,420,316,460,459,278,472,358,407,441,388,324,344,364,421,364,341,403,391,390,391,472,358,385,405,453,419,418,290,341,389,382,419,427,312,413,356,348,397,407,385,398,331,382,353,389,340,485,407,352,421,354,284,367,388,362,421,382,450,361,329,411,377,416,422,439,365,370,356,352,315,486,428,394,377,419,323,400,413,321,407,435,333,420,395,354,419,358,400,416,419,343,389,353,389,329,452,407,328,360,504,332,435,305,423,406,388,431,378,337,447,405,441,379,450,345,298,366,292,394,468,342,421,432,320,361,322,503,412,352,317,447,420,464,325,445,361,396,342,349,390,351,385,424,452,423,456,326,421,399,396,424,433,333,358,461,400,366,363,431,299,347,396,268,392,416,386,389,404,420,398,397,340,333,319,362,278,375,351,331,411,345,326,413,403,474,299,409,351,406,452,299,366,443,356,395,376,447,344,457,367,306,299,390,431,373,385,344,408,385,327,408,441,349,369,467,413,425,332,472,481,418,359,492,391,359,357,371,413,396,402,345,405,345,377,330,382,454,377,298,359,382,382,384,348,437,412,387,404,468,436,385,394,400,316,399,344,432,329,269,385,385,383,374,371,389,463,475,294,340,411,416,376,369,420,454,299,370,348,384,399,268,414,411,360,425,371,372,344,420,370,383,403,412,385,448,338,375,472,409,305,387,426,447,390,365,424,398,368
290,300,382,367,360,372,295,334,390,351,268,324,302,334,282,365,258,426,423,409,358,320,337,306,360,366,300,286,327,319,450,348,322,291,340,341,393,406,354,376,350,379,310,342,441,373,247,246,415,293,361,341,324,310,332,386,271,313,285,307,441,297,363,361,373,322,547,445,316,332,338,386,280,263,344,404,291,405,289,366,267,349,295,274,267,280,383,286,356,267,327,290,342,313,348,406,322,266,317,248,300,385,315,392,369,428,291,338,330,316,333,331,370,357,327,343,272,247,342,283,358,359,339,356,301,323,263,366,281,274,297,309,331,351,416,341,326,309,340,422,303,306,302,335,366,418,304,470,385,321,296,367,302,337,323,271,293,308,357,323,315,367,238,331,274,260,380,274,262,329,356,424,395,380,368,325,346,292,335,317,350,397,312,299,316,399,365,389,384,438,368,344,304,363,394,298,350,330,361,461,356,281,438,277,332,318,375,256,352,425,311,316,341,327,329,349,375,289,418,344,356,366,332,326,370,333,249,361,305,309,289,357,249,371,337,348,375,333,319,233,359,290,323,313,325,279,339,307,365,320,327,369,334,348,245,342,322,310,339,287,301,366,428,392,359,435,448,309,317,320,285,334,298,348,326,339,326,283,298,362,334,309,397,360,335,368,402,328,337,361,376,343,343,362,325,303,369,364,299,353,343,315,345,297,394,388,323,343,346,307,404,380,327,361,340,359,392,321,359,300,382,398,305,376,284,333,303,335,301,342,457,332,359,354,356,349,359,298,346,402,329,363,315,355,374,352,286,254,298,403,390,279,294,426,369,261,257,392,385,376,257,314,394,245,406,264,363,283,358,369,386,262,352,316,332,360,357,306,302,321,362,383,292,419,355,306,326,353,290,327,330,377,316,352,291,272,333,375,393,319,355,332,318,326,372,325,347,206,348,387,388,288,299,383,284,324,353,361,361,408,391,421,418,320,299,226,364,353,350,332,394,399,354,296,351,340,292,343,327,322,312,352,352,327,400,320,352,290,357,292,314,314,366,357,472,471,321,226,304,348,340,320,313,343,423,390,348,360,376,336,328,339,346,310,362,385,347,261,311,320,230,301,373,368,334,355,340,338,345,378,308,350,359,306,339,348,297,319,359,267,423,328,355,280,437,382,338,249,358,306,268,335,320,351,334,381,327,347,300,329,384,381,366,272,341,331,406,281,343,356,385,437,328,457,404,442,276,360,321,309,222,344,408,332,364,329,362,240,423,288,241,364,371,368,207,423,292,344,365,404,375,301,391,356,325,376,349,301,371,370,392,377,350,325,261,385,400,332,463,369,329,311,288,393,326,386,295,398,269,296,363,413,373,374,354,324,365,320,378,319,275,263,338,397,283,310,337,307,434,302,375,343,322,315,334,344,301,278,389,430,307,400,333,470,361,283,367,319,377,333,326,370,276,352,377,424,331,343,285,372,374,292,404,294,335,349,280,424,191,399,361,319,329,334,321,410,314,417,280,373,347,400,361,317,368,366,449,433,252,336,396,241,330,325,378,393,327,284,365,299,407,384,390,351,392,292,403,379,389,328,436,284,331,294,403,423,241,416,314,321,379,336,240,339,354,422,319,301,355,353,373,344,392,270,364,359,330,406,379,270,318,345,361,361,368,256,374,334,326,361,393,336,333,324,353,313,342,298,391,361,318,371,304,253,337,331,313,383,283,372,322,326,407,326,395,383,403,310,331,269,347,290,460,373,330,343,366,307,368,359,285,308,396,285,369,298,343,344,300,354,356,375,296,331,312,357,307,393,349,281,323,431,310,373,253,353,362,376,371,340,344,369,317,407,320,417,301,249,336,241,345,422,351,371,365,257,332,341,408,381,324,334,382,359,401,278,377,321,383,296,272,393,349,362,394,394,395,375,286,375,400,345,396,376,304,303,383,362,323,334,363,300,323,367,245,313,406,375,311,382,404,342,311,336,308,330,310,238,312,330,325,367,325,302,373,384,403,259,321,333,345,393,275,365,387,288,327,316,365,306,385,359,288,304,318,399,308,364,278,355,343,346,360,375,315,322,393,376,375,276,416,383,344,311,407,323,313,338,316,356,362,339,344,306,288,310,297,327,379,355,272,357,332,336,341,322,402,355,354,333,391,412,328,346,354,250,355,283,399,325,294,407,329,334,383,316,367,435,435,263,302,371,355,322,305,350,375,269,317,311,307,381,258,324,333,311,424,289,342,279,324,330,346,325,361,336,338,289,352,446,345,282,311,385,349,320,309,385,350,318
320,381,431,377,436,454,281,385,416,436,284,377,348,371,315,407,283,401,464,414,328,323,323,345,389,420,327,307,348,342,477,380,358,332,391,395,473,426,428,389,365,424,287,383,443,414,290,284,407,307,392,375,361,308,354,445,285,343,302,303,487,343,363,407,458,336,586,454,327,339,329,436,294,278,361,417,314,428,321,378,280,363,304,302,285,322,414,265,347,290,361,303,378,327,421,442,331,310,311,297,395,387,328,389,378,412,330,392,325,366,388,331,374,388,337,361,317,316,349,313,356,358,371,394,299,395,287,358,322,331,359,348,359,364,422,350,359,350,371,435,316,359,318,339,403,444,318,503,424,289,351,411,322,366,360,271,303,315,355,333,337,388,272,365,298,290,416,305,307,401,407,423,439,397,316,346,371,311,417,348,403,435,307,346,326,449,390,480,413,499,359,389,322,435,435,320,354,385,369,438,359,320,406,319,427,385,352,263,388,428,329,382,346,317,383,380,438,344,431,343,372,390,393,347,403,367,284,380,317,350,298,416,283,368,360,337,423,393,359,213,387,324,362,318,299,305,359,368,358,347,383,413,373,371,284,350,334,376,373,328,341,392,446,365,424,489,454,331,341,330,321,324,262,387,369,357,324,296,361,375,342,391,382,434,403,371,440,356,356,439,356,395,343,396,356,355,417,368,324,400,387,353,364,306,419,438,314,351,380,340,411,393,395,418,372,429,379,348,383,292,443,410,308,395,311,368,302,354,318,379,472,343,381,383,354,424,386,337,353,433,360,398,345,385,403,408,343,263,318,441,417,289,300,392,392,332,314,434,379,391,292,341,400,293,450,278,406,289,396,445,411,278,372,305,356,439,451,358,305,351,399,418,275,437,375,368,353,373,341,346,341,433,348,386,300,324,355,373,444,324,377,332,320,356,387,363,422,227,316,434,405,318,339,407,283,330,347,330,395,406,437,464,393,320,372,258,394,373,375,323,427,418,370,337,383,362,320,346,391,382,324,374,408,369,417,341,353,360,353,311,372,303,425,442,516,488,316,253,343,368,338,326,400,376,514,441,386,415,412,333,343,347,360,332,352,400,365,267,301,348,233,309,368,417,372,351,367,389,374,417,339,376,372,334,311,362,330,341,355,286,427,373,397,318,447,377,409,300,364,300,328,380,342,340,371,371,344,404,351,358,384,445,446,256,365,393,439,311,371,356,393,441,342,465,459,464,299,377,366,356,229,382,452,366,363,356,421,230,429,288,236,411,379,392,235,464,325,408,377,476,412,335,431,386,352,396,317,316,374,397,413,366,372,340,279,403,416,362,488,434,376,323,308,435,341,399,347,407,304,283,399,420,367,370,356,343,417,326,399,311,322,306,360,401,327,357,389,344,503,305,371,368,356,351,340,394,308,326,402,409,288,456,361,508,409,302,382,328,388,333,418,382,334,396,420,463,336,323,304,399,457,312,472,327,355,401,328,491,215,406,387,351,312,387,358,395,388,431,285,374,363,450,389,358,367,388,460,451,251,319,433,311,338,347,367,471,361,298,362,294,408,402,416,397,446,357,438,357,381,403,464,320,414,305,460,462,249,433,320,375,409,360,286,341,359,446,330,367,361,371,394,340,452,291,396,478,355,395,387,284,353,402,363,352,427,266,379,372,328,374,386,342,360,360,361,316,366,331,470,396,363,447,306,250,347,373,360,385,344,397,367,338,415,366,383,380,424,324,318,297,321,298,445,370,346,358,444,338,401,374,316,368,405,298,406,311,351,390,350,418,407,396,336,378,300,373,346,463,331,263,356,452,298,397,299,384,422,381,416,376,352,446,368,455,348,422,322,302,364,279,378,449,377,390,397,257,345,327,444,415,349,354,429,382,471,265,447,352,397,346,294,404,385,420,418,473,442,419,353,446,361,317,376,445,374,365,419,366,360,345,395,339,322,417,258,333,408,379,331,385,377,352,306,318,375,326,301,248,342,330,358,373,327,335,390,457,420,278,375,332,377,481,322,390,411,322,349,362,436,328,420,372,297,325,313,421,297,364,337,433,360,336,377,393,355,362,432,447,407,292,439,451,436,369,468,360,338,335,339,383,339,398,342,385,348,337,343,340,401,354,286,375,422,322,350,355,403,410,382,376,385,449,381,383,358,290,358,302,415,357,312,401,351,357,389,363,371,440,485,289,357,379,402,330,352,374,399,286,386,366,317,398,303,408,355,334,408,338,362,324,350,389,373,382,393,366,407,316,369,488,353,318,322,423,390,361,343,367,383,300
328,338,394,395,407,415,287,384,426,393,288,335,316,350,346,398,279,360,452,429,270,304,308,320,388,369,323,286,326,360,448,333,336,316,353,366,418,397,375,367,351,383,286,356,443,412,296,268,356,297,355,325,333,321,368,373,267,346,314,314,445,341,335,346,443,352,546,460,311,338,355,413,290,308,342,448,288,422,286,368,295,384,271,254,264,305,408,253,339,270,314,267,388,325,422,427,287,265,281,264,358,364,321,325,404,390,334,358,324,334,390,327,375,395,357,384,280,315,356,304,328,349,360,398,329,328,266,329,267,263,293,360,326,324,381,324,338,296,341,408,275,350,327,351,388,463,269,543,428,269,327,415,319,331,301,286,270,337,384,296,322,367,261,344,255,290,437,246,279,374,326,354,413,361,314,279,351,251,395,317,316,455,307,342,317,403,363,406,403,441,321,347,294,425,436,287,387,348,328,425,367,286,379,322,379,350,342,261,381,389,317,354,324,305,373,337,373,313,398,344,360,375,360,332,411,359,255,363,333,339,305,371,277,358,348,302,420,370,314,216,364,329,319,302,279,285,353,350,332,324,322,381,348,342,270,328,346,319,334,310,298,376,433,392,383,435,441,314,310,328,308,282,279,352,268,354,329,274,319,325,365,351,408,408,340,384,405,318,347,383,329,336,327,392,348,340,342,372,277,342,378,336,324,303,432,423,361,354,396,331,412,373,303,414,316,431,361,320,352,295,410,338,268,358,284,350,289,346,311,347,467,353,324,361,361,407,348,326,337,380,354,391,309,340,397,362,331,247,278,417,373,299,301,405,315,334,274,430,354,381,291,340,388,263,419,263,382,263,398,424,393,249,324,291,309,330,399,317,285,350,371,391,274,404,366,343,336,338,311,306,340,418,307,369,299,333,359,332,444,309,355,329,323,355,358,320,396,222,336,385,389,324,276,387,242,314,328,346,385,387,381,449,386,320,386,217,346,331,374,296,396,399,359,273,353,332,313,325,383,300,306,377,366,354,445,320,337,305,347,299,338,257,357,383,499,465,325,251,330,358,335,280,347,352,469,369,368,360,393,336,309,304,357,313,365,368,382,275,298,339,200,309,393,391,377,317,348,372,376,393,329,366,375,339,315,385,313,325,339,267,377,347,358,288,452,310,391,308,352,328,302,365,321,319,362,405,348,391,322,297,337,385,400,267,361,329,421,276,341,385,399,402,301,467,408,385,301,391,348,335,219,397,426,333,361,312,399,234,446,288,227,384,359,389,237,435,333,381,377,379,433,338,389,353,340,391,339,280,354,360,403,344,313,340,275,362,365,349,472,419,356,307,318,422,363,353,331,391,311,276,346,427,361,384,360,328,396,295,374,290,299,285,324,382,269,342,373,315,426,322,366,373,320,335,367,355,323,279,410,403,299,410,358,496,358,282,382,371,366,314,383,360,304,379,352,432,345,320,277,393,473,307,417,310,305,368,322,469,188,394,360,274,296,337,328,411,322,427,265,339,364,433,368,340,361,397,447,460,230,285,428,296,286,339,376,404,334,275,410,259,390,388,416,379,389,342,429,390,373,357,428,297,359,342,390,444,256,408,315,353,399,367,273,341,338,445,300,340,293,336,398,332,445,273,384,474,349,363,393,241,330,402,380,320,376,274,384,355,333,371,375,340,346,340,327,314,350,316,430,361,367,439,291,221,378,326,327,368,330,361,330,302,367,380,350,353,376,321,314,270,348,273,414,376,317,300,361,317,362,336,327,314,343,266,441,319,344,358,313,355,387,403,315,325,326,365,351,453,351,271,325,444,308,366,292,385,391,360,390,363,380,425,340,378,349,359,309,271,347,250,342,410,346,356,394,270,337,324,449,389,339,316,381,392,432,288,419,357,368,286,273,439,342,410,402,442,430,379,273,401,337,306,351,350,324,315,389,314,330,326,336,298,311,384,269,322,397,359,311,390,354,348,324,308,367,365,317,276,324,341,353,341,313,351,351,425,375,291,313,337,361,444,283,324,420,278,341,360,471,248,381,305,308,339,297,382,323,331,295,379,346,334,387,373,325,352,427,412,362,268,427,395,353,298,409,321,302,344,322,360,299,397,310,359,286,322,266,299,385,328,287,357,413,326,345,301,435,369,369,363,391,439,348,356,354,236,362,296,404,350,287,408,354,348,336,360,363,416,441,272,295,389,351,313,341,375,358,283,322,321,305,398,264,369,335,369,391,293,372,326,323,373,349,319,383,363,375,314,371,456,317,314,315,405,371,351,323,344,363,286
327,374,383,374,385,398,289,380,376,416,258,361,324,382,341,355,279,421,464,407,254,342,275,350,367,341,313,317,295,310,449,369,324,310,396,370,403,413,400,357,326,373,282,389,446,377,291,249,363,264,358,315,339,314,410,402,284,357,303,319,445,323,341,358,436,344,533,398,306,319,300,452,310,268,336,453,346,410,306,354,282,374,256,246,283,275,420,258,340,288,347,253,371,330,447,414,318,257,277,303,338,342,296,341,433,360,322,378,331,346,403,260,367,369,328,376,279,306,325,284,354,403,360,411,283,327,261,305,261,281,298,376,310,335,394,319,356,290,379,382,295,340,330,351,404,431,269,487,420,293,348,394,311,341,337,257,305,319,353,331,330,360,275,344,253,264,403,299,269,368,397,334,432,395,334,278,361,232,382,333,320,447,290,352,324,400,354,433,406,459,325,352,311,400,439,277,384,340,333,409,395,276,380,315,382,410,356,266,391,417,326,362,303,311,389,372,398,279,441,357,378,335,370,362,413,360,239,415,318,307,321,406,298,342,352,330,412,362,324,244,366,330,299,312,278,300,312,355,346,363,334,399,344,324,286,385,328,299,350,304,290,420,412,323,434,411,430,261,321,335,354,324,248,351,323,377,313,284,302,346,367,373,399,426,378,380,437,331,317,402,288,338,304,387,390,358,358,392,265,378,391,378,324,316,406,432,340,336,378,361,393,375,350,394,330,426,350,342,380,309,347,364,281,448,291,345,284,355,315,372,452,314,347,388,305,393,356,310,301,404,329,381,314,349,370,394,335,266,300,434,346,324,302,359,353,291,289,403,376,401,255,309,398,249,405,287,371,268,385,437,390,275,324,283,364,342,425,320,316,337,364,389,272,374,370,340,304,331,327,301,316,423,309,388,309,335,339,338,442,296,356,372,340,312,374,365,412,225,352,368,392,334,325,422,256,301,324,340,409,404,434,443,374,319,350,267,378,344,379,294,398,404,391,269,342,337,303,359,406,303,333,350,395,374,462,275,381,315,338,282,382,266,403,446,438,478,333,237,336,316,331,315,346,351,451,412,351,363,402,333,357,305,366,300,324,431,330,273,272,299,213,290,343,379,353,335,321,339,361,429,299,390,351,358,339,316,290,322,343,241,394,378,344,301,401,345,402,316,342,297,339,367,342,285,381,382,299,393,332,325,380,367,445,255,345,347,438,302,365,349,355,411,347,452,417,416,295,353,351,302,230,352,426,378,353,326,418,207,457,308,217,347,346,376,232,461,302,444,377,430,403,337,394,353,363,425,323,271,381,394,397,316,345,339,292,399,404,298,460,427,370,329,308,437,313,369,311,388,297,307,375,411,348,326,326,327,338,270,381,335,300,266,343,370,257,391,354,316,482,322,382,364,319,357,314,357,284,294,382,367,306,440,389,485,369,297,394,313,405,309,374,329,298,427,344,416,335,296,321,401,450,270,402,320,304,400,281,513,209,388,365,326,294,405,339,415,332,422,291,360,301,413,370,347,326,390,447,474,258,314,425,292,299,332,361,390,330,291,396,274,387,407,400,380,394,358,433,391,389,393,457,286,389,312,401,463,258,393,273,372,387,336,285,357,323,448,301,362,328,358,419,376,433,262,367,455,340,387,390,242,351,382,378,316,409,259,392,345,323,363,390,322,337,324,299,332,350,309,400,406,338,392,280,217,387,364,293,343,320,373,333,341,404,373,358,379,344,337,318,265,420,228,424,374,340,325,374,326,368,348,308,320,375,268,432,336,345,380,318,363,403,399,293,321,333,369,334,417,351,277,314,442,318,386,306,368,405,386,391,352,350,417,334,410,324,384,307,302,362,254,394,447,357,389,423,231,333,311,424,386,363,333,394,402,394,272,401,326,364,279,302,406,353,450,397,446,482,371,305,378,341,359,310,403,335,349,414,333,386,319,363,305,305,389,213,335,373,372,294,393,410,344,315,279,369,324,295,248,341,341,367,358,293,321,407,403,383,269,301,324,359,454,274,374,412,299,342,384,479,301,412,361,298,376,312,389,331,347,286,395,350,332,349,402,331,338,410,420,382,276,407,390,390,300,465,362,302,301,328,376,310,378,333,372,327,310,270,326,364,334,283,344,427,317,358,334,411,365,361,373,398,418,393,354,369,253,367,297,384,386,293,407,350,342,384,357,357,453,430,287,330,397,383,327,323,342,361,271,342,353,305,360,266,388,346,342,400,296,378,347,305,361,338,359,401,413,385,296,348,477,347,312,336,399,394,369,314,313,388,314
310,363,374,341,346,371,282,358,391,351,290,346,341,332,335,375,282,390,394,396,260,313,260,298,354,302,328,286,303,284,412,321,247,312,423,340,396,390,414,353,333,373,273,347,418,407,269,247,377,253,326,315,308,337,368,403,277,367,297,308,399,322,322,299,419,339,529,423,263,291,267,398,259,285,307,433,321,451,272,324,291,364,255,245,306,264,346,282,304,267,290,253,356,297,401,396,249,243,277,275,331,343,309,299,358,353,285,358,342,365,366,274,349,382,354,374,240,300,298,313,331,374,349,356,272,314,263,295,279,287,271,333,312,341,386,274,281,251,330,378,280,332,279,320,368,432,248,501,370,285,341,384,228,326,296,247,303,355,332,300,302,331,268,325,233,312,398,250,279,307,357,356,393,373,335,267,371,243,356,347,353,416,296,314,294,356,297,390,356,415,339,353,283,390,411,242,377,343,296,378,338,295,368,320,355,391,280,230,355,408,323,325,282,256,389,332,353,326,421,334,320,319,357,327,364,352,237,416,289,322,257,390,249,350,335,278,337,346,319,198,363,333,264,292,262,278,318,313,315,326,300,371,272,294,264,362,279,282,291,255,271,389,409,311,460,409,371,296,324,308,278,328,291,364,309,347,312,270,288,312,323,367,380,413,364,362,390,345,317,343,294,359,301,351,352,317,321,358,279,341,365,314,300,299,410,416,370,348,357,351,426,362,316,362,344,393,327,306,328,297,321,353,255,350,266,302,253,361,293,360,441,309,334,381,350,395,307,277,304,349,292,346,288,318,381,379,294,231,272,428,311,277,257,380,333,281,270,409,363,391,295,292,348,225,400,303,353,274,366,356,377,242,297,280,361,340,376,318,295,304,370,343,257,388,396,296,302,298,316,302,300,406,292,367,273,294,326,299,416,278,359,368,304,328,359,334,397,213,368,349,359,328,270,426,266,272,313,351,335,381,347,428,358,275,328,207,315,329,329,263,375,353,353,276,359,309,283,346,334,285,326,388,360,362,441,286,338,322,320,272,326,256,386,385,383,447,315,269,325,271,333,280,341,328,394,392,354,323,407,296,299,280,361,320,306,354,301,260,278,302,212,282,337,345,317,304,287,360,320,410,304,364,369,313,339,315,257,299,346,237,384,301,354,308,391,328,370,290,354,290,306,333,323,312,345,369,302,395,306,354,361,369,356,272,296,316,411,257,354,336,395,414,318,442,399,415,275,365,336,312,227,357,382,341,332,304,402,219,500,308,193,378,328,396,226,449,287,406,360,429,395,332,392,342,366,370,314,256,381,364,382,312,324,338,255,379,409,304,457,407,357,294,312,366,269,384,308,348,257,311,335,401,341,346,321,303,306,268,369,289,293,236,340,382,286,376,325,311,453,278,331,350,274,324,331,345,292,284,387,377,288,413,366,443,333,289,353,321,374,256,333,328,285,398,305,424,340,279,304,334,426,275,371,280,290,361,285,441,193,347,366,279,272,358,301,400,280,384,305,335,295,407,379,367,307,389,412,417,255,272,385,303,291,333,320,379,348,270,365,259,383,361,361,406,449,306,408,378,358,362,389,293,382,310,384,437,252,391,300,378,385,295,271,295,299,429,286,313,284,284,405,343,424,273,313,440,326,398,396,265,347,373,369,308,402,258,418,311,282,342,380,286,317,302,309,257,349,298,366,335,312,402,251,198,357,315,274,374,288,353,330,326,376,384,377,353,319,301,326,278,420,278,403,363,332,275,362,311,369,348,291,313,335,266,434,302,292,353,303,337,380,358,272,325,305,338,342,425,354,265,279,405,294,310,284,353,390,351,363,298,338,384,308,363,304,373,271,262,361,220,352,419,345,394,386,232,307,310,397,360,327,307,368,346,380,251,375,343,355,310,279,425,352,393,372,371,420,342,261,408,277,368,313,397,253,305,386,303,374,298,346,263,300,328,273,317,348,365,269,362,362,327,317,276,318,301,270,232,305,332,360,349,273,312,394,375,337,312,334,306,346,418,265,355,387,271,333,320,445,269,441,299,289,325,268,371,310,303,270,357,333,299,299,343,326,309,361,375,332,250,418,375,382,305,427,299,270,297,300,369,291,371,327,346,330,313,267,320,320,320,266,317,359,301,323,315,410,391,340,374,421,375,417,336,342,272,341,291,347,355,285,381,331,283,337,385,310,389,401,259,288,402,331,324,326,335,345,253,307,345,289,332,278,323,356,323,358,298,363,329,305,311,304,369,398,355,359,260,328,444,364,295,307,378,343,329,322,311,345,323
316,337,358,295,354,364,298,341,375,352,301,347,366,278,342,344,256,427,456,357,273,330,258,343,336,320,285,281,349,278,437,329,278,259,429,345,444,374,423,338,317,340,291,357,417,414,293,236,359,239,351,293,331,289,434,402,285,341,305,299,448,371,306,326,437,361,514,416,281,293,286,393,268,261,306,455,310,406,263,341,312,367,275,230,283,284,404,184,319,248,295,255,335,317,416,404,254,260,270,269,333,361,363,303,373,372,329,351,332,364,376,262,373,374,355,332,245,301,309,260,349,358,343,376,263,303,240,258,291,287,281,359,298,341,356,311,298,246,377,379,311,358,313,382,326,461,281,517,357,295,319,395,260,339,265,217,301,348,354,315,333,360,251,308,274,296,420,274,241,356,367,325,411,392,312,278,358,265,354,307,340,469,276,317,298,397,322,414,370,421,332,325,273,334,445,241,408,331,287,387,372,287,380,298,410,408,262,222,374,392,304,331,315,308,395,340,349,332,417,310,331,313,395,340,382,327,225,420,275,330,274,423,256,336,328,294,456,328,323,221,369,306,270,277,258,283,316,301,307,331,308,367,330,334,279,333,310,264,276,278,305,396,373,336,426,393,395,261,303,313,296,340,305,337,333,362,292,316,299,306,359,407,401,402,385,375,407,307,337,354,306,358,276,360,329,359,310,357,288,353,373,353,314,292,398,400,359,364,322,350,383,347,329,391,331,418,335,369,344,287,302,358,269,372,258,306,247,339,289,364,401,310,380,384,344,397,342,305,294,367,285,361,287,320,399,392,326,253,327,442,307,268,284,378,322,303,257,415,358,338,244,260,381,259,371,304,327,308,373,387,371,270,305,261,333,311,404,284,292,327,372,384,263,376,373,290,311,293,310,280,319,441,283,391,306,288,308,286,444,317,312,352,343,317,360,320,404,198,337,343,396,327,266,453,211,252,326,355,353,373,384,401,366,263,322,203,322,330,336,280,423,385,367,266,351,329,274,331,375,288,307,378,374,354,467,292,374,313,310,281,351,269,373,372,401,494,340,224,302,302,299,281,349,350,433,404,334,326,395,352,355,298,352,291,329,339,301,226,271,308,241,285,349,368,337,301,333,315,351,408,342,394,314,319,311,323,254,276,333,247,395,348,354,274,390,299,335,294,335,308,301,302,280,323,356,358,317,364,299,330,397,323,400,242,357,310,421,296,366,335,389,434,352,446,374,438,278,362,330,328,218,358,400,351,321,306,394,216,538,311,214,357,324,403,207,407,316,407,339,402,361,330,392,341,333,423,333,249,381,387,437,315,326,358,272,364,337,283,458,418,346,279,324,415,296,370,308,353,277,318,386,416,345,356,343,329,348,240,341,300,282,263,320,389,298,360,326,344,435,301,327,346,270,346,310,362,316,261,371,374,288,380,366,485,323,279,362,296,351,284,346,356,303,422,330,417,360,290,301,359,386,259,378,297,308,368,288,461,191,363,317,285,304,351,321,403,360,384,325,314,304,372,402,357,316,370,445,459,244,306,434,352,305,338,344,341,338,276,387,256,398,382,397,338,410,342,416,388,334,386,427,283,403,275,401,426,248,379,306,390,392,307,246,324,294,424,332,357,325,276,391,391,409,286,325,427,318,352,378,284,356,327,378,297,367,271,385,337,306,337,379,327,343,285,298,320,329,257,370,368,376,391,265,227,355,333,310,369,326,362,364,322,395,393,383,353,337,310,264,254,426,268,412,328,330,312,352,285,368,336,280,330,346,280,413,309,296,371,276,310,410,392,281,298,355,316,329,418,388,239,298,398,295,346,269,340,415,425,355,333,405,371,319,411,350,352,302,273,389,217,383,428,314,352,419,237,320,277,390,372,320,307,383,341,421,267,386,341,361,281,272,397,420,440,377,392,400,322,307,403,320,385,316,372,286,336,370,349,356,303,344,330,291,343,268,329,327,410,339,400,405,311,319,277,338,351,257,226,304,338,352,363,286,299,342,390,387,293,300,311,337,417,266,372,410,278,355,379,428,316,377,310,269,315,275,376,298,287,273,348,305,311,298,363,314,305,414,385,357,257,433,419,374,314,413,301,273,308,290,379,306,341,323,312,342,299,266,308,378,352,285,312,412,296,318,310,454,382,322,374,409,395,392,326,353,257,354,304,361,386,268,360,319,312,344,402,293,379,417,260,296,395,317,300,316,358,348,241,334,364,332,352,277,355,381,329,369,305,366,317,307,369,333,392,420,349,353,268,351,449,314,306,324,314,357,332,334,316,366,292
283,338,340,321,312,337,224,355,352,355,264,310,328,302,303,358,256,416,442,361,258,342,258,287,366,305,320,270,307,259,346,324,262,278,407,352,387,398,424,332,359,304,289,303,400,417,275,219,363,217,325,268,315,301,460,418,287,330,280,300,433,330,305,317,433,329,537,393,271,313,319,402,253,254,296,466,304,418,255,331,276,367,259,232,295,261,377,207,343,259,285,246,330,292,360,378,237,232,298,258,329,352,338,317,383,342,295,354,325,351,367,274,339,345,365,322,244,279,298,280,332,389,341,356,276,281,238,278,295,238,259,304,299,311,352,305,287,206,368,378,294,356,302,354,332,391,249,529,363,274,356,354,246,348,275,230,302,378,340,336,328,361,248,290,277,266,420,283,291,357,358,329,359,414,328,257,363,231,296,289,355,483,301,331,272,369,297,375,387,424,311,379,268,404,415,248,392,335,312,376,379,254,360,278,363,373,293,224,343,393,332,320,294,316,378,322,346,302,398,319,307,305,335,326,369,360,237,385,302,351,257,387,250,338,358,318,394,296,328,231,338,322,294,246,248,273,303,307,338,309,296,314,282,350,280,342,319,250,303,286,246,416,396,289,386,435,398,291,336,342,265,318,311,350,343,336,293,308,297,288,306,402,392,417,367,331,368,308,344,344,279,402,285,352,306,346,326,336,288,333,349,307,285,290,371,402,359,332,334,341,418,395,321,340,317,386,330,333,299,282,318,342,245,350,254,277,272,348,278,357,419,302,384,359,384,435,330,310,321,322,234,355,311,345,342,376,290,222,272,445,323,282,267,404,318,298,260,361,345,363,240,262,334,243,374,321,303,265,408,381,377,238,273,260,336,322,383,266,255,270,367,373,243,398,383,279,319,292,292,322,304,410,299,384,273,300,283,256,390,307,322,342,288,285,333,313,393,183,327,387,406,311,273,443,246,253,356,359,348,394,371,426,353,253,309,230,290,300,343,281,408,418,352,263,402,283,290,319,363,316,317,387,389,358,437,310,337,310,286,308,348,266,383,417,441,510,296,225,299,322,274,239,367,385,425,408,333,333,403,317,346,281,360,303,302,325,321,214,267,274,204,255,332,367,309,283,353,328,348,417,320,356,346,306,328,316,255,279,290,253,409,297,342,311,318,320,320,288,337,273,317,319,289,300,353,345,345,346,266,327,387,348,408,228,351,288,375,260,361,359,413,411,347,398,372,405,290,345,285,297,225,301,410,315,273,319,378,220,526,281,192,386,284,362,222,427,290,382,337,400,349,310,396,299,382,399,310,252,381,371,347,313,316,340,296,418,353,297,421,400,338,302,323,376,256,372,318,342,271,296,375,399,359,332,301,300,325,251,361,254,309,273,295,381,285,369,313,308,437,317,294,326,241,319,367,363,358,258,384,390,354,382,374,432,308,247,376,316,351,268,306,347,290,353,340,416,371,263,268,389,339,284,359,304,362,371,280,515,177,384,344,311,260,370,263,409,353,388,313,281,294,380,398,336,326,347,393,449,263,283,423,326,329,308,308,331,311,310,390,256,387,361,392,368,422,332,372,398,319,369,388,275,389,298,402,450,257,379,263,380,394,293,256,304,326,412,274,323,297,296,419,341,362,284,293,456,316,360,370,288,360,350,311,321,351,267,398,313,318,344,394,297,340,279,298,327,327,248,358,386,340,406,287,185,398,328,255,348,301,309,331,326,370,363,361,393,358,324,274,251,444,247,365,329,357,305,332,279,375,358,287,305,337,261,407,262,321,385,296,316,419,353,283,313,318,298,382,426,354,254,270,425,292,342,266,324,366,394,363,280,393,403,315,369,316,358,285,271,365,235,404,397,327,379,360,228,295,269,348,361,350,317,393,335,378,249,374,336,405,295,267,430,384,414,324,389,391,346,248,397,297,369,306,361,271,337,366,343,351,287,357,302,301,306,248,307,373,377,331,352,380,322,302,267,302,307,262,229,306,345,334,325,256,302,316,348,368,299,304,273,307,391,265,392,407,317,310,356,438,286,379,305,283,315,279,368,274,301,225,324,310,272,308,376,278,299,409,375,318,229,507,434,399,290,360,289,233,319,261,386,335,371,361,323,304,325,246,249,348,323,307,332,333,320,337,296,398,411,366,334,430,398,354,376,326,270,367,341,326,349,300,360,312,289,344,380,309,363,405,229,299,383,311,302,289,318,329,238,283,329,333,334,260,381,341,315,358,280,319,299,300,350,336,364,400,345,324,290,331,422,275,281,305,333,357,337,340,317,374,288
244,325,329,297,304,299,226,371,388,342,270,281,348,284,306,338,247,421,402,344,222,317,242,269,329,305,286,264,320,226,348,326,259,237,400,307,321,377,415,325,298,252,259,295,365,367,255,219,326,195,299,282,306,289,377,370,282,309,300,283,404,343,267,314,441,322,489,399,225,287,319,399,253,265,291,457,271,381,262,301,274,314,275,201,262,242,363,198,322,251,298,238,292,281,319,350,244,212,278,241,308,318,322,300,321,295,293,370,306,317,305,256,312,312,342,325,194,267,268,235,338,327,329,356,274,252,222,277,295,251,240,292,310,312,310,274,255,233,320,372,287,399,291,321,319,399,246,493,358,263,301,347,242,300,232,214,283,350,337,304,280,317,253,292,267,253,434,276,242,329,331,295,342,408,297,230,320,203,324,255,327,453,307,322,241,352,276,336,341,396,335,354,256,371,418,217,334,356,297,334,322,262,412,295,357,306,266,197,350,329,307,282,276,256,347,314,331,300,389,287,300,258,339,330,370,320,209,364,318,314,240,420,217,321,326,276,393,310,283,229,337,288,265,280,246,247,286,262,340,317,295,293,302,326,296,329,275,246,279,273,268,396,348,263,353,392,348,273,323,319,261,289,305,347,327,355,320,288,282,258,319,336,349,351,378,332,399,336,323,334,280,363,292,370,335,373,313,291,274,338,355,275,284,268,369,392,346,363,300,332,392,343,325,316,287,386,332,319,328,274,277,325,276,293,252,254,260,343,275,361,367,288,344,348,328,406,283,297,332,339,247,309,271,292,316,353,272,233,283,420,307,255,241,347,279,270,253,349,318,323,245,234,344,224,322,276,323,261,348,381,320,239,275,241,312,280,381,234,249,284,393,347,249,427,339,270,315,270,252,289,275,401,299,378,301,291,270,275,409,308,261,341,276,270,333,259,424,168,337,312,362,305,262,459,201,253,334,338,329,340,351,425,343,220,305,206,272,299,331,290,380,342,307,253,351,265,244,274,405,275,305,389,347,359,378,319,329,284,310,279,294,235,342,365,415,461,285,224,305,280,298,260,339,398,357,338,326,263,396,336,325,253,346,256,315,305,304,198,248,313,207,271,346,346,286,301,319,387,329,389,283,336,319,277,322,316,270,289,266,202,370,263,375,251,325,267,331,257,360,267,307,318,258,271,315,329,308,336,247,323,367,324,388,209,322,264,378,250,335,298,415,388,343,399,344,354,255,323,269,285,219,351,363,324,271,272,349,219,467,272,210,362,290,356,230,422,290,390,347,382,311,300,420,298,341,356,254,250,367,343,357,320,319,308,294,390,351,274,464,384,303,249,328,329,256,329,274,306,289,296,355,377,344,331,282,268,348,247,349,265,284,264,272,381,302,332,280,295,412,289,257,337,232,285,326,357,326,226,349,365,283,343,325,415,314,274,352,313,350,258,345,366,249,345,292,385,322,281,268,350,368,275,340,284,308,361,273,422,182,376,294,247,268,325,282,388,343,318,321,313,279,328,361,302,290,341,401,450,229,245,413,328,284,298,316,351,322,274,346,234,384,304,341,350,399,287,368,341,298,356,404,265,368,264,404,429,225,347,273,373,354,278,228,278,312,373,242,325,296,282,406,330,380,314,269,451,283,340,367,256,292,312,254,285,385,263,376,317,284,346,345,288,305,253,285,256,325,251,317,351,309,380,264,183,391,332,256,284,311,282,329,330,309,394,381,321,353,285,263,233,402,225,373,323,333,298,317,266,326,331,257,263,307,275,357,253,277,315,276,282,376,336,258,249,282,283,358,358,375,228,256,425,296,351,259,302,349,355,361,264,356,404,332,382,330,310,266,273,343,209,333,342,339,361,341,224,237,277,335,350,317,299,352,360,367,212,347,313,387,246,271,329,364,383,308,351,379,293,260,393,287,353,322,320,235,288,373,302,338,321,341,295,239,289,228,287,349,344,272,391,387,302,280,260,340,295,253,186,280,302,329,289,260,319,324,318,352,273,270,299,294,398,219,361,411,276,292,313,357,238,316,264,251,271,276,303,271,266,209,305,296,269,312,336,290,268,427,386,292,199,446,437,336,299,368,291,243,305,260,371,302,309,316,264,286,356,246,289,332,335,271,288,333,238,327,296,409,386,310,289,363,348,359,329,277,245,320,253,316,303,286,391,311,219,338,364,295,348,413,214,268,317,276,279,262,318,326,231,259,313,311,310,249,377,345,357,300,299,318,280,272,361,331,340,394,327,323,274,321,398,277,283,296,361,326,332,311,288,334,251
297,327,355,328,327,360,229,391,305,310,247,309,358,272,281,318,231,386,399,332,238,293,239,310,337,332,282,254,313,278,363,323,255,262,395,321,325,340,386,303,312,258,260,296,409,370,264,191,345,192,332,278,276,299,408,363,285,288,288,260,394,327,288,350,402,358,500,400,220,328,331,367,282,241,252,444,277,402,265,318,272,335,262,214,258,221,329,217,356,255,272,248,307,289,351,362,270,249,306,295,307,330,296,338,324,319,298,359,337,346,316,243,342,320,360,327,199,261,285,275,369,351,309,363,251,243,209,281,304,254,233,316,312,309,309,253,263,245,339,440,251,371,294,308,316,389,256,526,348,285,344,343,235,350,242,211,323,342,329,327,284,368,225,291,274,256,405,262,246,319,322,325,341,418,296,212,333,234,318,284,297,419,295,325,245,355,274,342,339,406,339,335,240,366,441,229,368,355,256,331,358,243,391,286,372,313,302,201,379,328,319,295,323,296,359,333,313,286,417,278,302,287,329,325,373,346,203,320,333,304,247,426,255,335,295,279,384,321,304,215,312,271,261,269,272,231,272,275,364,330,282,291,299,333,317,313,322,227,316,231,231,447,354,313,323,345,343,292,258,320,271,279,287,338,353,368,297,282,287,287,336,322,348,341,349,358,380,357,311,282,236,373,279,355,325,348,339,313,293,314,353,282,279,266,356,371,346,324,328,316,407,338,314,320,305,394,338,335,352,274,291,308,265,343,251,241,288,332,279,359,368,274,349,389,308,386,302,321,338,293,253,374,274,299,353,317,320,245,244,406,310,271,267,346,298,283,247,344,358,309,231,234,313,201,314,289,351,299,374,422,337,221,278,282,281,272,396,277,246,301,427,364,260,421,387,290,330,285,279,286,251,400,285,395,255,268,249,243,440,255,277,336,237,317,310,257,362,176,352,337,370,283,263,457,217,231,340,316,312,352,366,401,295,224,281,226,238,293,346,305,358,368,350,274,361,248,250,304,385,296,268,349,356,347,409,300,306,297,293,319,324,275,346,356,384,472,282,180,339,288,275,239,353,374,329,411,295,294,369,322,336,229,363,290,264,317,281,202,276,287,178,304,367,325,297,309,325,360,320,411,295,358,347,320,350,298,233,274,285,245,390,271,359,270,341,296,343,240,351,263,320,315,275,289,294,337,309,338,224,327,348,319,361,232,318,317,381,256,342,295,401,403,351,390,373,401,273,345,284,348,213,354,370,326,291,299,352,220,504,231,203,344,302,383,210,431,281,357,338,433,307,322,433,296,338,321,270,215,363,338,307,309,322,352,302,397,355,274,457,389,304,278,326,343,246,330,274,325,276,279,365,356,344,308,281,255,313,231,337,225,307,252,328,398,324,363,271,313,384,313,259,389,243,314,328,378,332,246,336,358,300,353,352,432,306,246,357,314,386,267,313,383,243,360,291,393,356,248,260,348,369,284,332,303,336,388,280,349,208,383,324,271,276,329,310,408,308,308,291,304,288,335,366,278,294,381,390,449,249,247,370,344,323,321,349,306,291,283,364,248,343,325,337,339,386,312,394,331,299,369,390,288,369,298,398,460,216,337,248,389,346,293,224,304,279,403,277,395,271,277,408,343,327,319,285,463,304,360,355,287,301,326,285,317,374,280,384,321,283,341,355,310,306,258,284,262,341,248,309,407,317,359,288,204,383,353,267,291,323,310,338,320,312,366,336,329,308,305,256,231,436,247,375,309,330,324,341,289,332,348,272,252,330,259,381,261,294,350,299,290,384,339,259,266,297,306,354,402,363,236,255,431,301,358,238,327,356,357,342,263,398,436,303,413,312,334,255,255,363,253,370,320,319,362,367,195,234,260,348,322,339,279,380,342,360,226,343,321,388,255,285,388,344,399,263,370,362,325,276,351,255,362,348,343,251,311,379,330,321,330,333,340,254,307,232,295,338,355,289,388,373,274,307,235,334,258,248,201,321,294,289,308,239,291,295,338,391,273,312,266,311,415,239,351,415,323,297,289,379,244,337,296,283,306,302,322,251,288,224,333,262,290,323,350,278,253,402,443,335,227,493,433,371,299,365,265,272,290,276,325,322,348,331,273,306,323,237,271,330,307,276,259,331,253,270,288,425,401,322,300,363,369,364,351,317,272,338,326,320,360,259,390,331,262,302,306,317,375,380,219,295,335,274,317,271,319,299,222,242,318,329,400,253,352,371,327,305,294,285,314,274,410,310,362,357,326,300,272,298,371,281,284,275,352,348,333,309,279,337,262
254,315,330,307,274,355,206,360,296,306,243,288,313,272,287,307,221,407,373,321,235,286,212,278,299,282,295,258,287,243,342,313,276,227,395,289,299,372,392,297,344,248,267,269,347,335,277,195,274,201,286,288,281,279,365,354,281,305,283,261,382,327,272,313,383,330,449,394,232,269,321,370,265,254,232,422,301,382,230,265,312,298,260,213,240,212,357,215,325,239,262,231,278,255,343,350,270,215,283,260,287,292,296,297,294,289,302,353,342,323,298,245,304,311,299,299,202,252,261,256,306,319,296,359,238,247,180,287,264,233,220,253,289,276,312,273,263,262,328,354,244,382,252,300,336,322,213,460,328,294,281,331,238,333,234,219,333,359,320,316,292,328,230,244,243,225,366,277,269,278,354,291,334,392,262,179,291,219,321,267,301,410,310,320,249,312,272,309,321,400,309,353,235,327,413,256,312,333,239,361,357,235,364,301,354,260,283,162,337,304,325,240,286,282,393,330,302,252,386,272,301,268,286,313,324,350,210,325,296,344,229,390,251,338,286,281,382,313,270,202,321,236,253,284,219,262,298,286,344,330,252,280,260,328,280,353,290,233,347,240,225,413,327,288,334,373,310,301,261,315,281,278,245,354,336,367,280,297,292,268,327,328,323,313,358,314,377,305,309,252,210,354,259,352,292,330,307,310,273,304,345,261,254,229,333,388,350,310,296,330,421,303,305,319,277,355,300,327,347,250,260,268,229,306,236,226,248,301,270,326,345,282,342,373,291,378,328,286,317,306,213,313,276,281,290,304,305,237,271,395,310,239,248,334,281,288,241,302,333,314,202,215,296,190,280,258,325,273,371,365,343,199,271,253,298,323,393,283,223,269,432,333,244,418,327,290,294,272,289,302,237,393,295,374,239,247,266,279,387,293,296,346,206,286,329,272,361,166,355,328,341,241,219,423,194,232,344,320,315,310,330,360,274,212,290,192,275,306,335,305,350,371,320,243,363,244,229,243,353,289,256,385,364,343,382,291,300,258,289,263,287,211,333,363,412,424,250,206,320,275,239,207,339,332,315,361,320,276,378,328,286,239,374,284,281,265,279,215,254,235,204,261,350,314,314,321,316,344,311,408,278,312,382,275,328,295,236,269,260,197,336,271,359,244,339,239,327,225,349,216,298,287,253,275,279,339,295,305,222,307,313,302,405,215,325,293,348,239,323,319,377,372,315,376,348,371,264,322,260,276,197,320,338,295,258,288,356,192,483,255,185,359,295,369,194,418,228,384,318,397,322,304,424,301,311,317,264,239,333,334,308,273,293,320,270,373,359,266,458,356,252,247,300,343,249,279,263,307,286,281,332,362,347,295,238,229,279,241,338,214,320,285,316,393,271,300,287,306,373,253,269,349,257,291,317,326,320,221,316,337,260,349,333,431,282,223,292,311,335,231,255,325,258,372,327,364,356,264,260,336,323,279,295,241,338,387,278,328,188,340,267,255,261,317,283,365,291,334,253,295,269,303,311,289,279,352,351,414,257,266,387,331,281,304,322,272,262,262,344,241,350,299,291,344,415,304,374,342,272,350,364,286,323,311,398,394,210,355,218,384,309,270,222,281,261,375,238,351,258,262,398,330,317,256,254,417,300,352,334,317,273,314,247,303,355,266,356,341,286,346,326,269,282,286,298,246,343,215,269,379,286,331,250,189,397,338,251,271,293,293,319,303,289,347,328,303,295,271,236,212,385,213,342,302,294,279,342,277,326,324,230,230,289,251,331,255,237,322,277,264,392,315,250,292,263,282,335,382,321,255,264,371,280,359,260,319,330,329,309,255,370,407,323,374,351,308,222,277,317,235,360,335,319,374,311,218,235,256,308,297,317,278,352,301,360,218,286,279,399,261,260,344,329,385,281,352,347,322,239,372,270,358,293,325,219,255,362,298,335,336,316,312,246,282,207,273,320,337,270,374,365,255,282,222,324,274,256,183,308,266,302,295,271,273,309,300,372,244,283,274,304,389,220,283,391,287,284,279,365,221,338,283,250,256,280,322,239,288,234,274,297,255,317,338,240,248,379,400,309,188,464,418,346,286,339,249,272,270,263,329,280,312,278,301,250,337,259,285,290,331,222,245,340,247,293,286,417,395,294,327,361,355,326,342,298,255,332,279,279,287,219,358,300,241,301,338,330,320,381,216,251,296,280,286,275,300,316,212,226,314,342,368,226,337,337,353,269,281,291,270,284,352,322,309,332,325,294,258,302,343,278,279,257,341,276,264,306,267,308,248
257,283,336,306,281,323,204,346,307,287,277,325,299,288,266,317,242,396,409,333,216,288,214,277,308,322,302,244,286,256,298,318,231,222,366,304,335,351,402,312,323,261,245,244,371,347,296,181,287,204,263,292,279,298,389,358,301,303,288,264,376,344,250,331,381,310,487,368,205,284,304,353,270,248,222,408,300,368,258,279,328,302,251,236,298,211,347,220,332,264,249,230,293,272,353,344,243,233,255,290,284,318,274,288,316,349,328,350,353,317,327,260,300,306,347,322,196,220,284,271,324,337,279,374,247,237,205,260,325,231,227,265,264,308,273,268,243,277,315,415,215,350,266,313,324,333,245,491,346,307,349,322,224,330,247,247,345,322,278,317,303,334,243,284,234,260,372,257,269,316,342,314,329,394,279,199,301,208,294,290,277,405,332,310,251,322,255,340,328,366,334,360,197,324,432,232,327,367,269,374,255,242,414,279,371,291,305,187,342,291,335,248,298,304,361,341,301,287,400,268,287,275,306,312,337,382,206,340,302,340,242,407,211,325,302,288,379,316,320,210,363,243,280,286,251,250,237,286,301,318,299,262,294,345,265,326,315,229,322,264,250,416,326,277,347,380,321,308,259,291,244,306,279,360,331,381,269,309,254,243,321,309,338,326,373,311,363,316,302,266,226,367,251,352,340,307,305,293,296,274,314,264,255,241,311,376,342,350,328,304,419,283,265,314,254,388,291,333,341,239,289,232,262,331,240,222,299,268,273,329,354,294,334,425,319,359,305,337,303,293,238,331,252,274,293,262,301,254,272,429,296,299,286,366,279,275,261,366,303,325,229,195,301,197,293,290,331,277,356,365,311,207,259,267,275,276,391,257,218,252,403,350,229,454,328,316,306,261,287,302,222,400,267,405,267,246,237,265,431,276,278,329,231,289,337,323,383,164,343,339,360,285,257,460,191,240,316,305,310,287,352,376,303,204,312,193,247,309,346,303,373,364,286,268,376,254,232,256,314,310,257,354,364,376,355,300,304,259,306,272,296,253,353,310,438,440,245,204,344,274,295,244,352,342,329,398,305,294,358,318,261,216,359,254,264,271,286,212,263,265,194,255,342,312,309,310,286,370,295,419,278,351,378,292,320,320,245,292,247,201,400,259,350,274,338,237,324,243,388,227,320,301,256,281,302,309,296,314,234,293,336,311,394,226,326,297,350,279,329,266,380,394,367,374,365,398,291,334,272,323,193,331,347,296,275,287,388,227,522,274,182,368,285,330,184,380,235,349,310,433,279,313,420,254,292,341,253,212,351,339,334,291,292,324,281,360,360,345,468,371,263,261,271,360,255,293,264,354,286,306,336,324,297,296,242,233,282,235,301,232,300,250,302,399,276,329,272,321,402,306,242,337,261,288,310,365,336,218,345,360,248,317,330,459,294,223,321,325,357,240,305,302,286,376,314,409,334,250,217,363,382,257,305,292,307,386,263,312,182,350,315,240,262,284,266,366,282,340,287,314,291,283,346,247,254,365,346,419,255,268,369,350,284,329,322,300,247,252,353,251,320,334,300,315,427,313,350,347,281,361,381,254,323,276,366,402,190,334,229,391,308,315,220,279,243,408,259,329,242,263,409,339,284,298,261,395,293,347,334,317,274,297,243,282,340,243,363,324,305,333,350,288,262,290,330,270,355,231,269,358,283,301,269,170,379,314,255,294,292,321,332,323,313,358,338,304,283,333,263,252,350,199,351,315,313,298,341,281,281,306,249,243,315,296,350,265,250,368,265,276,413,329,259,312,284,297,335,379,341,210,284,408,237,337,226,285,348,381,334,252,358,436,301,398,315,317,230,279,351,226,341,337,346,389,329,224,255,295,325,322,320,260,352,306,368,238,322,300,385,268,245,315,349,367,266,347,370,352,228,376,254,325,276,302,233,287,323,326,297,345,335,304,259,227,217,324,326,345,247,388,345,259,268,218,297,280,247,179,316,253,285,299,270,298,280,323,397,265,257,275,307,385,254,313,390,301,292,293,356,254,341,266,253,268,319,291,237,260,257,313,286,261,306,377,228,252,432,419,283,187,499,419,361,261,335,270,233,287,271,336,266,320,278,283,307,358,242,282,286,334,262,231,348,276,315,282,425,391,315,321,359,308,326,336,354,274,334,288,328,323,216,365,318,201,346,333,307,361,392,198,282,329,272,284,262,277,291,232,219,287,329,410,216,381,326,368,252,301,293,322,260,381,317,304,355,336,308,274,293,374,285,274,260,326,282,283,280,228,351,252
249,318,321,313,262,315,218,348,299,300,281,313,305,296,265,310,226,398,405,320,268,304,229,283,273,311,309,236,287,276,329,306,237,245,405,319,348,339,362,315,334,270,222,263,363,339,323,180,308,237,274,288,261,281,375,341,279,280,297,273,384,270,278,299,370,298,463,384,199,275,311,364,244,233,220,391,279,426,227,243,343,321,265,218,279,242,315,204,324,279,258,229,297,252,317,319,237,199,261,258,274,299,272,292,309,319,306,360,320,334,318,232,286,253,329,344,216,219,286,232,312,317,294,381,241,253,188,255,250,235,230,255,260,267,291,245,248,272,315,351,232,338,260,301,311,330,217,475,354,289,287,289,233,311,238,269,326,356,258,322,299,363,243,266,229,236,392,255,232,304,353,253,313,409,243,196,272,206,309,266,306,419,310,303,282,311,254,308,303,406,317,334,219,350,430,241,346,384,265,353,304,211,429,291,376,301,288,167,336,295,320,226,314,261,376,311,299,267,337,274,283,225,288,333,338,331,191,300,335,356,245,360,214,289,273,279,375,320,314,180,297,249,273,280,261,280,279,262,313,310,298,252,317,329,267,366,329,227,295,263,233,402,311,250,376,361,302,298,258,261,253,313,258,372,328,347,311,291,216,236,342,327,289,314,365,294,337,289,282,248,241,329,282,352,292,295,360,299,275,257,350,237,258,248,331,351,314,302,308,330,395,254,250,311,271,372,327,288,352,211,256,265,227,332,203,245,266,281,255,322,349,280,338,443,310,373,324,302,320,304,228,297,255,292,309,269,326,247,283,415,277,282,299,338,259,296,242,306,310,314,212,200,302,177,258,251,338,284,344,338,325,187,242,251,292,305,353,273,237,270,363,321,244,424,327,287,309,281,282,289,228,425,259,353,247,248,256,279,418,278,277,340,226,312,344,324,391,146,341,277,348,256,235,442,216,272,313,328,292,298,318,391,318,205,278,193,268,261,343,308,312,365,291,260,352,241,218,244,328,279,234,355,359,380,355,286,283,242,320,297,273,228,348,294,413,452,266,186,350,301,292,223,328,333,307,342,333,290,397,313,272,198,374,228,281,321,253,210,266,261,245,266,354,341,325,283,282,325,321,410,282,337,360,322,296,286,242,303,248,203,347,270,353,302,304,263,291,242,378,206,291,321,251,294,302,290,300,321,201,267,338,315,399,222,301,299,347,251,304,312,398,368,343,373,333,346,265,319,264,286,189,357,380,305,293,262,361,244,462,254,200,375,304,344,148,381,215,356,307,418,307,285,405,275,328,334,249,226,324,338,336,279,285,298,263,343,349,328,482,365,258,239,277,336,266,302,302,323,316,321,337,353,349,269,236,232,296,216,296,204,303,279,253,425,275,289,259,285,420,301,252,306,250,302,306,389,304,235,338,312,252,375,297,469,283,237,264,333,342,208,317,273,262,385,293,442,348,258,259,359,342,301,280,314,323,380,252,315,175,338,298,219,234,296,274,328,314,333,274,295,257,313,314,244,273,388,374,386,251,248,308,304,285,275,285,267,287,273,339,282,321,343,287,338,389,306,333,360,267,316,326,283,327,290,357,433,190,351,235,388,299,279,219,284,237,408,272,344,250,239,358,358,243,267,246,392,311,347,343,305,271,317,255,290,318,249,326,342,290,355,317,272,275,276,340,221,331,226,294,370,254,297,258,178,372,304,257,291,269,293,316,309,268,349,343,307,290,284,301,228,349,218,360,306,296,295,327,275,298,331,247,270,320,300,330,276,243,346,279,265,385,314,251,305,308,259,319,375,277,247,260,409,247,290,245,304,318,330,292,277,326,389,285,378,345,332,225,248,338,230,310,311,284,383,333,241,253,273,327,337,332,249,337,287,371,212,311,306,382,254,286,324,353,403,287,395,306,297,200,343,239,352,296,286,216,292,286,297,296,356,312,278,241,250,193,320,309,342,234,391,332,286,279,222,319,262,250,220,333,268,275,282,307,297,301,293,399,238,260,265,298,361,224,332,352,285,317,277,352,262,345,297,244,265,290,291,255,242,241,300,246,222,289,336,241,222,420,393,269,206,462,356,352,285,342,282,261,303,240,324,280,316,287,278,310,338,246,267,231,308,259,251,337,244,332,303,397,372,268,338,336,339,327,357,307,255,344,280,289,280,227,360,323,229,306,355,344,346,386,205,242,362,265,264,272,304,303,275,227,299,283,349,217,374,348,375,248,293,286,321,300,374,326,338,365,339,310,276,268,361,249,302,272,341,316,261,263,266,332,234
272,249,271,318,226,301,228,352,263,284,248,312,287,287,244,293,231,411,357,284,243,279,177,258,277,287,278,191,275,259,292,291,228,221,359,325,255,307,355,276,326,240,234,205,353,299,277,194,264,198,232,279,226,221,363,304,252,260,262,236,351,263,264,295,347,282,414,295,196,285,268,295,227,250,207,397,234,302,229,214,304,255,246,191,239,211,292,202,293,264,220,203,273,249,284,279,225,182,222,254,234,311,230,304,296,317,304,306,307,305,286,221,294,230,285,300,201,192,258,266,287,292,269,379,246,216,168,195,252,219,204,241,266,249,252,248,228,261,299,314,209,327,241,308,301,288,199,434,337,276,261,266,207,317,225,225,314,316,252,284,256,324,224,237,199,206,322,251,234,285,290,246,301,389,286,172,263,179,282,238,273,363,270,285,255,309,247,274,268,362,270,300,176,346,383,231,280,306,247,380,276,203,423,274,316,278,274,153,331,265,333,202,286,248,360,262,272,241,352,248,252,240,255,316,323,324,197,269,289,344,199,336,222,280,233,285,335,253,265,192,269,241,254,273,235,237,239,268,252,286,258,212,265,291,292,314,285,211,269,249,228,389,326,221,356,352,277,276,247,273,218,244,255,322,309,297,241,261,193,199,283,287,299,290,358,272,299,283,281,224,221,290,237,287,270,260,330,243,284,238,299,205,262,222,265,306,300,265,298,298,329,236,255,277,200,325,310,283,289,193,243,248,239,316,233,203,270,252,264,297,335,249,294,340,253,307,308,277,304,271,227,266,223,257,256,253,302,214,262,373,281,239,243,316,250,280,207,293,326,303,180,189,269,186,226,252,332,229,328,284,305,188,229,215,281,261,318,247,202,226,331,333,262,399,251,269,270,267,258,261,203,347,250,359,247,207,274,245,405,266,282,295,208,259,311,315,353,130,304,265,356,220,241,439,183,260,283,279,250,274,307,335,293,198,282,168,237,248,282,257,327,355,269,225,312,244,196,224,320,271,225,370,319,357,341,273,234,258,265,241,250,226,305,266,386,402,205,207,310,260,257,207,321,292,308,347,288,276,372,269,238,173,364,189,294,268,240,215,235,241,208,238,329,308,288,260,260,314,297,364,267,301,316,294,306,279,213,291,219,167,353,222,364,258,299,247,278,216,373,204,279,282,198,265,249,284,261,275,212,243,314,278,322,234,284,286,299,257,291,286,351,341,296,330,304,339,262,304,249,240,179,287,356,244,253,247,292,236,438,256,181,329,303,332,157,348,219,362,267,402,276,271,344,225,276,334,265,218,277,334,299,284,268,283,252,320,290,306,437,307,258,258,260,280,227,290,267,283,270,265,295,326,308,208,179,208,272,207,236,184,258,259,253,390,263,297,268,304,354,247,238,308,256,279,282,385,271,236,335,305,261,333,297,418,250,244,238,331,329,211,290,283,254,303,259,383,292,241,231,336,318,282,235,286,276,362,235,277,142,307,268,227,236,235,252,331,282,306,283,261,271,295,302,231,232,350,310,362,251,268,320,307,240,278,235,257,234,233,321,266,308,288,257,289,370,301,289,344,214,311,331,256,311,266,292,389,175,314,203,315,265,248,209,248,215,413,236,297,246,219,341,286,242,249,224,369,270,312,289,286,273,274,233,255,286,236,331,314,239,371,301,272,227,311,323,239,304,242,280,342,222,283,247,146,376,294,233,288,250,304,302,226,258,328,277,277,271,288,247,198,325,216,306,264,217,306,326,235,291,322,215,235,288,294,287,218,231,294,251,241,370,302,235,237,283,292,291,328,277,229,244,375,245,270,215,267,310,290,285,223,298,348,286,383,269,348,178,226,358,195,330,307,263,355,296,219,228,235,311,331,311,234,302,285,349,182,271,269,326,249,238,262,335,350,265,346,313,275,190,317,266,307,255,245,206,268,264,301,275,335,280,274,240,229,218,282,287,322,208,327,308,261,220,193,297,235,235,180,310,256,246,274,280,285,262,289,341,256,220,247,251,365,243,297,300,259,272,269,358,222,375,270,235,234,301,268,211,246,236,277,237,211,289,308,197,247,385,384,245,163,451,309,306,255,318,245,238,286,224,277,288,316,258,268,263,299,203,280,216,290,242,249,315,213,289,250,368,318,285,325,301,326,333,360,284,260,348,255,273,252,186,305,303,246,317,320,299,344,322,226,220,325,221,248,253,253,261,245,240,273,317,350,180,338,306,384,255,262,248,259,252,354,316,299,343,334,264,251,280,344,256,270,240,295,308,253,243,221,278,216
259,253,292,308,239,276,205,326,264,284,281,294,282,304,250,339,235,391,382,269,275,280,195,272,287,309,305,221,301,252,305,318,223,244,363,372,265,356,352,286,328,245,242,230,354,324,256,204,280,218,259,288,218,272,393,342,274,275,262,242,404,273,308,283,399,274,388,315,177,286,280,319,237,249,204,394,241,334,249,192,360,301,230,202,241,204,291,234,319,262,256,207,289,254,284,287,234,187,254,268,265,375,246,336,294,337,330,346,300,315,283,223,267,221,328,314,228,245,286,268,317,318,270,374,239,236,198,200,240,244,196,245,239,304,297,271,264,260,291,353,228,324,231,290,320,264,210,441,359,275,274,273,224,324,246,238,329,347,310,315,251,337,254,258,209,226,385,239,244,306,299,248,321,414,304,191,280,190,290,248,285,388,256,284,253,352,239,281,283,367,300,307,190,378,382,226,328,351,264,370,280,179,432,246,393,290,295,160,370,274,384,205,296,257,370,289,267,248,314,270,245,231,284,301,350,324,237,285,292,373,233,305,223,276,252,303,330,247,299,174,294,248,285,272,247,247,266,247,279,319,277,275,266,274,290,313,315,229,294,228,254,400,331,263,369,423,337,250,228,282,254,239,266,326,285,303,277,277,201,214,284,283,306,282,344,305,341,311,280,247,240,309,263,298,308,306,326,279,285,259,297,220,274,230,292,345,310,281,303,339,324,296,258,272,238,345,312,282,315,187,248,278,203,335,246,225,223,272,269,324,345,277,319,359,296,325,341,306,326,303,242,288,244,275,287,222,330,212,293,426,296,259,250,326,253,278,250,321,318,302,211,163,278,191,240,283,346,264,324,293,310,188,233,238,304,303,326,268,191,257,387,325,247,405,274,235,308,264,298,283,230,404,262,350,233,246,290,261,366,284,299,331,225,281,309,313,355,161,331,290,322,249,262,397,192,260,340,296,268,287,320,350,278,224,295,182,224,274,294,279,317,378,288,262,351,224,215,224,319,271,229,311,361,339,335,322,259,240,272,234,271,224,306,261,430,438,238,183,345,274,268,225,326,276,332,329,316,268,390,288,264,178,380,214,297,292,226,221,271,248,207,262,318,352,298,277,285,333,304,375,317,335,361,313,317,322,211,290,248,179,323,232,356,253,310,249,288,259,385,171,303,282,216,315,266,301,290,285,231,265,292,323,329,239,269,308,340,260,287,311,369,363,343,312,312,345,263,313,265,269,182,315,397,261,262,233,310,234,510,276,190,325,334,331,152,378,253,342,279,411,324,299,388,217,321,345,266,258,277,308,336,295,302,297,251,373,362,308,449,369,269,223,286,292,228,313,289,319,310,266,362,364,349,281,230,216,293,196,277,209,261,233,259,417,267,298,256,281,417,265,228,326,243,288,301,412,294,206,326,324,286,333,332,421,220,257,260,349,340,206,331,254,259,339,295,405,296,271,235,350,327,272,214,295,302,342,209,286,167,291,280,224,219,285,232,342,297,315,306,299,265,332,279,269,253,401,352,389,242,275,322,275,239,296,224,266,286,279,347,274,290,335,285,343,397,314,332,335,243,290,333,258,333,244,324,423,186,337,194,325,276,238,191,264,237,427,274,324,243,213,344,323,241,249,243,357,282,387,328,325,254,271,261,278,321,189,342,324,238,345,331,278,260,289,363,246,354,255,266,363,247,289,288,159,406,292,220,323,299,339,292,284,270,378,326,290,275,299,255,214,328,223,332,297,241,330,324,233,288,334,241,268,310,305,346,243,228,354,309,260,357,342,243,276,259,277,291,339,278,231,255,391,242,262,210,291,323,318,269,226,313,418,289,398,304,344,193,224,363,199,319,323,276,390,288,221,244,282,314,348,337,250,321,271,324,191,269,273,405,256,226,322,353,366,293,366,326,301,225,308,257,305,255,241,202,250,273,304,287,349,298,298,243,230,225,311,341,338,188,282,354,268,233,226,318,251,282,188,287,233,280,340,269,282,227,312,390,257,237,246,279,419,276,308,343,295,309,235,323,245,395,266,242,273,285,314,201,225,250,295,270,229,313,316,176,274,401,384,254,184,451,343,309,263,358,253,280,286,208,342,292,321,279,287,297,323,216,272,229,297,273,261,315,222,311,240,356,295,284,380,324,345,359,323,285,293,325,271,270,273,202,345,309,220,291,350,287,333,321,234,249,336,223,273,239,278,291,249,244,282,325,361,197,345,303,400,246,297,255,285,261,384,316,295,304,321,270,267,289,365,294,330,258,329,326,250,288,255,296,215
251,252,294,307,234,298,184,303,236,283,258,274,290,247,254,345,232,384,381,259,239,263,202,253,288,320,302,193,265,265,295,282,212,247,380,340,281,316,345,235,269,219,225,238,357,302,257,198,266,228,240,258,255,209,360,316,250,283,263,233,360,275,297,279,399,294,355,317,190,264,269,367,219,218,208,424,221,273,227,178,310,288,248,176,250,195,281,178,315,279,211,224,259,256,282,248,235,186,215,265,243,316,256,317,288,349,324,304,303,312,284,239,308,267,343,311,206,204,269,257,320,278,272,366,200,240,201,205,254,217,200,251,261,283,236,261,251,252,293,332,200,290,231,293,312,257,188,438,326,256,253,286,205,328,223,208,304,301,274,298,223,341,209,242,217,196,343,213,222,285,286,228,280,379,262,183,261,174,244,250,299,408,264,306,259,346,247,260,276,372,284,299,207,367,368,197,337,329,241,371,261,193,414,248,380,302,272,141,348,265,358,207,276,233,356,270,286,223,322,303,230,214,268,271,297,287,209,285,297,286,217,301,187,279,244,260,336,250,200,151,262,244,267,313,201,257,249,262,253,343,284,271,277,277,296,288,270,208,259,265,225,418,336,235,350,395,319,254,242,228,230,231,231,303,279,277,243,260,182,221,272,246,329,285,356,265,329,278,275,240,215,276,235,290,292,288,329,255,293,244,284,208,278,243,267,313,290,244,285,305,341,247,253,262,190,310,309,264,280,207,232,256,199,317,199,223,232,265,258,275,343,274,296,332,281,293,307,301,351,289,233,271,237,265,281,204,264,227,266,405,260,274,240,305,219,270,250,265,292,318,175,158,266,155,215,246,350,203,288,290,299,173,215,247,276,272,360,248,175,235,371,320,229,402,245,249,236,252,269,261,233,344,238,327,255,230,292,239,348,237,256,335,212,272,308,322,320,143,315,293,304,197,239,387,178,272,306,290,291,261,302,330,306,183,263,170,200,252,316,253,313,365,279,217,337,237,207,216,305,239,188,320,348,345,332,321,244,247,261,237,254,247,297,230,374,403,257,197,315,241,253,199,307,283,283,295,273,241,374,294,249,164,360,208,270,229,230,193,246,210,199,255,329,312,315,229,290,306,312,366,303,292,304,286,318,288,235,267,220,185,317,253,288,232,315,224,281,226,367,171,251,263,196,269,239,268,259,264,233,244,311,296,317,216,280,297,297,244,269,305,333,331,295,289,298,351,214,264,225,269,198,288,368,264,286,250,310,239,438,252,201,339,293,316,129,358,275,390,289,357,328,278,367,205,266,329,248,222,255,324,311,249,275,281,277,324,316,322,393,329,214,217,286,304,189,291,308,292,295,270,352,356,342,267,205,204,277,186,251,203,242,257,234,403,269,290,224,286,366,224,248,306,208,255,270,355,258,206,329,291,240,325,328,432,259,227,247,309,357,204,300,268,243,326,247,370,277,248,223,305,323,262,240,293,330,355,210,265,154,287,261,248,272,265,258,340,286,297,300,272,252,299,261,242,213,353,319,369,278,270,322,266,232,281,206,250,267,238,322,232,314,312,272,311,366,318,306,329,240,282,326,241,289,230,304,395,177,282,223,298,281,241,186,282,231,407,254,290,232,187,317,274,221,214,207,369,268,353,262,317,277,266,243,242,296,198,275,353,248,337,320,288,234,289,326,238,366,240,307,301,195,283,263,158,379,285,218,271,278,318,282,244,263,384,311,279,276,298,247,215,330,195,308,267,223,312,313,229,324,342,205,226,294,268,323,223,194,326,286,238,368,321,248,257,270,293,299,298,296,214,235,426,250,299,203,288,341,313,257,229,306,357,290,399,311,310,169,202,309,214,314,300,269,348,271,240,276,257,307,317,311,244,281,289,345,185,276,246,345,257,231,270,372,344,290,346,296,289,198,317,256,318,219,233,204,222,272,287,261,322,273,276,228,215,188,278,323,278,173,271,355,271,194,185,305,258,282,172,239,222,246,289,276,266,267,267,360,263,229,217,262,365,238,279,331,282,268,255,318,229,379,243,233,264,302,251,201,228,249,289,247,190,290,315,157,260,383,399,230,183,450,301,311,241,353,267,253,294,221,326,297,290,250,261,291,332,235,274,226,317,262,259,279,203,280,225,344,300,269,341,302,315,337,349,267,291,325,264,265,239,172,322,308,195,309,313,278,310,327,220,207,318,231,238,267,248,284,228,231,279,277,321,168,329,265,399,236,267,237,281,232,320,290,273,308,306,209,250,284,398,284,302,278,304,292,228,281,244,250,207
240,215,286,322,222,317,216,301,266,295,263,280,274,243,233,295,257,404,390,285,251,261,176,241,317,280,271,209,293,269,285,316,240,237,387,344,262,315,385,244,287,212,229,211,365,353,229,176,260,263,263,238,266,239,361,334,248,284,270,237,329,244,285,273,369,296,382,329,205,309,295,335,214,234,202,404,247,270,253,188,309,319,233,219,276,189,303,233,296,267,240,239,255,257,282,231,223,199,262,231,268,326,237,294,304,348,339,312,322,302,291,218,306,282,304,300,227,216,311,240,308,285,257,361,223,240,203,193,226,226,204,274,263,268,272,247,252,267,272,359,194,330,253,305,316,248,176,493,304,270,264,267,218,339,230,228,340,320,260,293,234,346,210,275,231,203,353,210,201,272,282,256,334,408,252,178,288,183,245,245,308,388,310,326,253,368,250,276,262,396,320,371,218,383,333,204,338,355,221,375,267,217,374,239,353,276,278,123,383,284,348,183,255,242,343,279,281,247,314,288,223,204,272,286,293,312,194,277,291,301,253,291,220,268,265,274,385,252,250,150,263,217,277,297,180,279,265,239,259,318,259,254,261,289,315,312,344,239,291,266,207,372,317,267,362,361,307,238,253,215,228,257,254,292,291,323,229,249,204,193,231,280,309,269,348,249,334,273,280,240,224,298,267,285,285,306,375,271,295,247,291,208,278,253,288,325,272,307,290,295,351,258,267,222,217,300,273,265,253,197,264,281,180,323,214,220,254,262,273,300,331,265,321,344,259,328,310,305,338,306,206,270,246,264,286,217,290,250,264,399,268,278,262,337,263,251,245,289,283,298,153,174,255,186,226,276,295,208,308,277,308,186,236,247,267,284,350,258,167,217,390,316,257,421,240,225,250,293,278,264,236,381,240,350,242,260,290,275,317,286,309,337,242,281,296,293,334,146,301,317,295,217,236,391,193,278,354,278,268,295,341,349,340,257,302,155,200,267,297,282,294,383,280,238,329,241,208,227,291,265,220,290,361,358,317,324,233,247,266,246,264,240,305,270,373,438,238,213,300,247,258,211,328,310,340,304,305,268,382,273,275,153,361,180,301,263,231,208,226,205,217,234,285,331,299,242,291,336,282,372,314,314,345,280,332,296,206,267,224,171,292,225,375,260,298,219,266,260,408,186,293,226,228,282,282,269,289,254,225,243,341,307,339,244,288,315,335,242,282,304,354,345,271,289,293,333,239,281,231,263,173,318,365,270,270,252,328,258,498,272,216,349,301,343,151,358,265,361,307,360,333,271,404,209,275,297,275,209,261,314,332,250,275,302,293,329,339,324,395,358,243,225,268,292,212,315,319,313,316,270,343,361,345,265,184,219,302,186,251,163,230,243,246,393,262,306,238,292,374,302,229,342,214,260,289,364,262,189,320,322,235,337,365,394,223,242,261,299,389,189,290,211,224,345,281,386,299,257,223,295,314,287,252,305,298,340,223,284,164,272,237,263,238,277,271,344,313,300,263,268,256,318,275,234,226,371,318,367,283,253,288,241,226,297,193,262,277,266,301,246,284,313,259,371,350,358,280,362,257,279,343,231,338,257,299,410,195,329,225,286,257,218,164,310,216,395,223,240,230,230,361,298,238,207,234,391,263,352,267,362,225,238,235,272,327,236,310,332,251,325,303,297,230,287,333,221,348,249,298,298,213,274,249,159,381,311,238,299,278,300,281,247,255,404,356,277,289,273,215,240,364,215,336,275,243,320,348,247,295,321,250,280,282,292,283,239,215,335,249,252,370,330,271,257,267,280,258,254,298,245,249,391,248,295,206,313,365,309,262,235,302,391,301,448,297,356,171,188,369,203,323,328,282,344,250,246,286,285,284,289,305,262,326,317,334,187,285,258,306,253,240,306,358,370,276,337,324,319,214,296,264,296,244,252,224,264,266,297,270,350,279,288,244,231,182,291,314,275,163,246,312,280,227,182,287,252,270,174,256,224,255,307,229,284,249,273,395,298,241,225,269,390,238,257,301,316,258,246,316,245,383,257,207,271,289,260,207,239,239,290,232,216,320,334,181,267,383,384,235,164,420,317,316,237,338,257,254,322,235,365,282,301,257,273,323,351,228,262,233,322,245,234,290,212,255,217,324,315,292,285,321,345,324,339,303,267,320,285,262,251,184,300,310,213,298,312,260,309,310,211,234,316,229,259,223,256,271,249,237,269,287,362,173,335,297,388,241,239,232,294,213,379,302,319,365,311,229,259,280,384,280,295,269,306,264,211,250,253,299,231
240,216,283,294,230,310,168,299,263,269,233,254,263,231,237,305,263,361,395,234,244,225,155,225,290,317,265,190,277,245,278,262,199,211,370,329,272,290,327,231,270,223,226,225,342,328,216,196,289,219,225,242,206,224,351,337,250,280,263,214,328,247,260,275,361,267,358,303,206,305,254,312,201,208,176,394,210,256,233,142,290,314,261,179,274,194,286,191,282,266,207,230,270,232,260,200,272,205,230,262,260,323,235,267,282,278,320,298,295,300,252,218,291,265,310,296,222,235,277,270,280,248,276,307,213,226,195,184,199,205,209,237,257,257,222,269,226,272,324,321,198,285,233,294,304,229,165,447,296,262,275,273,206,303,231,224,336,288,227,329,212,311,215,220,209,215,379,215,219,263,244,234,314,404,254,192,230,162,227,258,269,426,241,274,240,292,245,228,246,343,279,328,184,374,339,186,329,376,236,354,274,207,373,258,377,274,251,129,378,244,320,177,242,244,340,292,239,244,297,246,196,202,243,282,265,270,178,247,289,275,243,257,179,257,264,277,338,258,210,140,248,246,246,275,208,252,263,233,245,279,242,254,235,291,298,308,295,225,307,245,186,372,306,272,340,322,311,238,250,217,232,230,229,277,283,285,220,254,198,164,247,249,314,254,316,254,330,255,279,260,216,307,234,279,289,290,331,260,261,263,266,224,354,237,246,309,250,255,288,280,336,239,245,202,235,272,278,249,253,206,220,267,159,287,216,203,232,239,231,302,303,299,291,328,258,286,290,278,326,300,195,314,266,224,253,217,259,232,247,372,282,277,263,299,248,262,232,264,258,294,156,148,238,154,227,275,295,209,311,286,307,145,218,236,247,286,290,276,129,220,367,314,224,345,226,241,233,271,245,243,239,355,246,328,246,254,301,244,338,248,278,300,215,257,279,282,326,152,291,268,285,169,244,370,170,269,297,279,251,271,327,341,282,192,263,176,183,255,311,244,313,348,262,203,323,198,202,197,266,263,198,257,360,396,292,289,232,276,241,250,275,239,282,250,326,396,196,191,307,245,235,216,299,289,311,286,290,261,348,277,253,163,343,199,242,230,224,191,240,218,186,229,273,286,298,218,284,300,269,350,326,289,304,262,302,299,197,271,197,148,272,229,340,272,276,213,254,238,401,168,263,238,200,246,269,237,270,194,212,230,286,300,302,247,264,314,302,237,238,315,312,321,253,318,271,323,199,274,183,251,201,278,319,296,290,257,276,245,451,252,181,320,280,357,127,328,259,325,302,333,302,244,380,209,277,305,272,226,267,302,331,217,266,276,260,302,303,273,388,361,242,230,290,285,173,289,334,303,303,260,326,347,368,266,209,181,248,176,241,142,203,243,202,317,291,284,245,284,317,247,217,285,203,235,265,349,238,183,318,299,222,318,351,413,214,230,266,280,384,173,293,227,218,341,251,359,280,255,194,283,275,312,222,281,309,337,191,290,165,259,263,225,210,266,285,301,304,262,251,278,255,286,242,209,267,354,316,363,271,222,295,259,251,281,199,247,251,268,302,248,268,314,276,338,344,310,319,343,200,245,330,262,350,258,314,346,195,266,234,258,241,230,137,282,197,418,239,278,263,200,335,242,233,208,223,380,275,349,218,359,221,211,229,261,317,214,291,293,235,298,317,284,195,318,321,224,312,240,308,313,217,222,229,162,375,301,225,269,264,327,247,237,248,367,331,275,271,251,225,206,334,186,305,259,180,278,322,240,290,313,227,242,282,307,296,250,181,304,242,281,341,302,219,244,259,260,251,264,277,219,235,365,240,263,177,281,375,289,258,220,309,383,321,373,261,297,169,225,355,189,284,295,242,317,251,208,208,256,291,284,291,251,300,347,305,189,246,244,343,277,222,265,367,345,240,324,302,306,201,288,224,299,224,219,212,251,259,248,281,333,257,264,253,226,199,289,332,240,171,246,306,233,244,172,306,262,265,191,245,206,222,312,218,235,236,237,352,249,235,207,223,349,235,259,308,294,238,265,303,243,357,251,186,246,275,228,191,235,269,290,267,235,276,324,162,255,367,384,268,171,412,283,342,215,357,256,269,303,186,328,269,238,225,269,324,326,212,241,220,327,253,245,269,208,228,193,323,306,273,279,258,329,321,312,269,253,312,246,255,225,161,268,275,215,276,311,235,313,282,191,184,306,246,238,221,260,256,219,217,272,281,314,152,323,263,343,215,237,230,278,222,320,281,309,296,318,186,248,271,374,278,289,240,271,275,182,266,219,264,256
236,223,266,316,220,286,180,299,263,259,243,284,269,257,281,305,238,384,365,253,248,255,184,254,268,299,269,170,270,267,320,300,218,189,397,343,250,315,332,235,277,231,264,217,286,294,228,217,282,219,263,240,260,204,352,307,236,253,277,210,310,242,286,268,358,269,363,317,220,300,206,334,219,193,190,398,231,255,263,178,278,287,246,182,276,214,256,208,290,246,223,220,270,219,265,239,265,215,234,248,260,321,235,274,270,320,377,304,313,287,254,213,292,280,339,282,244,244,298,256,289,265,292,320,196,227,174,182,201,214,198,236,256,276,228,284,258,258,302,353,173,343,222,317,300,239,147,482,287,245,260,292,202,320,232,225,330,298,258,309,248,334,219,260,201,220,381,198,246,236,282,260,313,389,265,197,242,171,228,251,284,355,253,284,273,327,238,263,239,357,340,380,174,379,347,171,322,362,218,356,261,206,399,275,349,252,250,149,375,218,355,160,247,225,403,282,251,225,288,254,218,263,257,283,273,276,194,290,260,294,233,267,200,255,265,291,373,265,202,140,261,229,265,323,186,283,268,229,262,317,285,270,260,282,260,307,328,260,270,245,178,366,365,228,339,324,326,232,241,218,265,221,234,270,256,303,218,248,193,185,259,265,321,241,307,227,312,268,245,225,243,311,248,279,270,281,334,266,257,263,236,208,320,219,260,279,236,279,269,247,361,260,259,202,218,292,322,261,281,203,222,284,145,278,203,178,236,223,232,346,314,273,302,359,264,309,303,302,374,274,216,293,240,250,278,222,281,254,226,398,276,261,263,300,269,246,247,299,235,302,189,159,240,183,234,248,318,169,300,239,301,155,234,240,244,304,307,247,155,196,385,324,221,371,198,255,253,247,269,253,205,376,236,340,260,278,292,270,299,274,280,297,236,269,278,312,333,152,329,289,307,175,216,394,163,231,298,270,296,258,326,289,307,220,302,153,197,256,291,295,376,295,286,223,325,216,227,228,244,250,194,316,327,354,292,271,230,242,249,223,259,221,327,273,321,407,210,224,310,259,254,189,287,302,277,288,259,244,396,265,279,184,316,178,283,235,256,195,248,211,200,229,300,321,296,216,266,314,266,349,363,277,315,297,327,333,207,265,225,152,286,260,318,271,311,214,242,248,406,163,320,217,213,242,238,237,272,254,183,213,274,241,309,239,263,292,295,246,254,309,331,347,288,308,279,326,222,328,188,261,182,298,324,285,293,243,279,255,435,282,203,346,272,338,138,293,266,323,276,335,317,304,405,220,270,331,269,218,287,335,324,239,281,245,261,303,306,312,378,347,247,200,292,335,184,277,358,279,334,248,348,305,315,298,184,194,301,177,220,166,269,256,229,375,279,315,242,256,346,293,216,320,206,242,264,375,242,194,348,276,227,368,354,361,239,211,256,306,372,181,315,226,241,370,300,315,322,260,224,295,296,278,235,314,321,330,214,268,144,268,258,230,209,273,266,310,309,276,251,314,247,278,278,206,241,332,305,315,308,265,302,235,231,293,224,280,250,302,257,256,268,290,267,327,325,335,319,330,244,290,275,250,332,243,298,353,221,265,233,291,253,195,175,291,214,405,216,274,245,206,342,239,234,202,215,406,297,367,216,345,231,220,241,304,320,238,269,327,262,303,324,261,204,323,311,268,346,246,346,287,209,245,221,151,404,311,211,281,240,279,284,242,264,394,376,305,280,258,239,226,334,189,324,237,197,280,342,224,296,292,257,277,337,325,298,250,155,311,247,250,319,327,243,216,259,240,258,252,302,229,228,382,242,269,225,297,386,284,260,236,290,421,314,410,329,300,170,198,356,185,321,288,247,318,242,212,247,256,303,296,273,235,331,325,316,203,301,248,338,245,212,298,382,332,285,283,321,306,192,310,234,280,227,214,197,254,250,280,304,366,260,295,234,226,194,303,311,239,185,237,306,241,208,187,276,256,286,189,258,192,239,318,248,264,238,217,376,279,223,214,231,414,206,225,322,291,230,267,293,252,380,286,211,287,253,228,217,248,247,289,237,197,285,320,188,258,407,333,283,154,396,308,318,226,355,269,296,323,205,309,267,246,179,284,327,338,221,285,169,297,254,258,251,198,290,196,319,319,270,249,275,341,328,308,275,266,300,280,229,230,161,287,310,223,300,318,238,311,315,171,230,330,243,241,225,266,256,245,237,250,304,288,157,330,259,356,233,238,217,263,235,313,325,273,319,330,231,250,291,430,274,271,243,276,267,175,301,220,255,243
267,257,274,316,211,289,176,279,227,259,249,276,256,260,252,316,250,374,330,233,283,262,166,260,249,326,251,176,251,242,277,279,208,202,371,303,265,284,315,217,283,223,284,222,261,321,213,219,286,231,216,212,236,208,334,304,243,277,273,237,327,242,262,257,339,290,379,321,181,255,221,308,208,195,180,373,209,241,247,187,259,285,247,183,254,220,286,191,259,249,220,207,261,224,270,202,263,197,234,216,259,301,234,284,261,295,322,299,294,296,275,193,274,242,316,281,223,237,290,236,290,260,306,293,191,222,173,179,211,227,193,257,276,293,206,247,276,280,300,380,164,291,207,276,296,262,148,521,288,264,284,281,219,292,233,215,312,277,240,285,234,338,241,235,197,188,352,184,241,242,254,239,290,321,259,181,249,145,228,256,253,398,270,280,256,339,213,257,236,338,349,346,193,394,327,174,286,323,199,361,285,179,396,281,378,268,283,127,435,224,377,135,254,243,352,244,241,246,279,258,219,221,253,277,265,277,196,281,277,251,238,261,188,227,229,302,348,262,243,125,219,211,250,330,179,253,248,250,282,289,271,262,242,303,276,291,353,241,339,263,176,318,385,225,315,339,324,216,249,219,217,235,283,249,246,304,192,287,192,169,259,257,311,239,279,228,315,258,238,266,299,317,266,299,286,284,361,231,258,277,265,211,331,216,245,259,275,290,244,278,369,261,259,207,205,252,291,252,285,203,218,280,117,286,213,224,212,209,213,331,324,289,305,358,286,298,301,325,335,294,218,259,222,226,240,249,256,259,245,393,259,260,276,315,303,228,265,287,217,309,176,166,225,160,239,242,333,181,283,269,292,142,201,261,264,274,334,255,145,189,404,293,230,350,215,258,249,267,267,220,246,372,223,343,225,276,286,224,309,269,307,302,239,297,294,252,344,180,311,274,300,146,252,375,155,284,280,261,275,287,354,293,242,213,329,187,159,251,308,262,383,317,280,199,317,196,216,215,285,275,224,278,347,354,300,291,228,259,253,227,243,258,315,258,300,398,200,192,294,260,243,187,324,305,295,297,319,246,396,288,310,161,340,213,262,237,192,229,247,196,185,238,308,270,263,216,293,286,267,315,329,273,318,262,325,299,228,251,224,137,279,247,329,275,266,212,279,241,438,168,292,251,233,251,266,255,297,220,173,219,297,267,322,278,250,275,304,244,248,291,357,353,258,279,309,365,223,277,206,259,169,300,301,254,277,234,309,264,455,254,197,332,267,352,147,335,299,278,246,322,354,301,417,192,260,334,292,212,231,353,315,237,258,255,251,295,298,304,396,362,220,242,290,341,167,287,333,294,318,218,381,340,326,264,187,184,289,185,224,139,207,204,236,352,285,278,224,266,336,289,210,327,185,262,240,316,218,187,318,269,228,349,354,373,235,229,231,329,378,180,332,241,219,390,310,326,298,276,211,272,288,299,263,288,338,339,263,284,156,284,259,226,214,291,260,295,309,310,225,330,241,302,249,192,258,362,334,309,281,209,288,225,242,270,194,245,234,307,244,224,266,299,285,335,315,321,307,353,212,259,295,276,338,290,298,389,195,246,256,272,238,233,169,265,193,372,232,291,263,215,385,286,246,204,221,405,295,374,213,322,189,213,249,266,331,264,234,292,241,293,291,276,195,305,297,254,319,224,340,312,208,227,211,137,370,340,232,253,230,294,248,225,279,353,339,286,291,251,207,211,300,194,291,266,185,291,277,224,291,313,228,236,324,306,290,252,161,306,262,238,342,342,231,225,247,231,244,260,287,229,214,363,225,231,208,268,372,314,256,268,342,411,288,391,339,287,143,217,295,212,306,284,255,337,204,222,227,253,311,256,295,263,310,333,307,191,262,250,336,272,236,266,370,338,259,308,301,333,175,291,253,303,240,210,153,270,255,288,288,331,262,297,238,214,197,294,309,236,178,224,295,244,239,183,260,274,278,208,242,182,218,320,230,255,279,187,322,267,237,183,202,401,212,217,295,287,226,267,322,284,409,264,207,254,268,239,186,230,251,305,231,193,289,341,178,295,417,295,266,159,414,301,359,231,418,257,284,282,198,324,230,236,210,268,319,365,184,231,180,297,233,238,256,229,223,185,312,302,283,267,243,344,313,302,276,301,265,289,206,227,164,261,308,213,304,292,258,303,271,208,240,321,206,271,228,288,258,268,260,227,283,315,143,303,273,336,241,258,197,270,202,301,296,227,285,324,180,267,294,422,272,283,274,270,279,178,279,222,296,247
205,195,237,306,207,250,173,256,214,237,247,258,239,253,223,292,232,347,349,215,262,234,150,214,263,300,256,144,232,223,282,296,209,184,348,325,254,246,306,233,234,231,262,206,274,319,231,192,276,216,206,212,238,179,329,299,221,263,237,205,267,231,265,249,328,282,375,288,191,275,209,321,207,176,166,388,206,220,239,166,248,257,214,142,228,201,226,175,283,236,246,181,249,194,262,190,266,188,208,257,258,277,246,283,258,261,338,255,308,261,251,204,281,242,282,301,235,226,281,249,261,217,257,273,166,205,176,173,191,208,181,213,270,246,205,257,288,242,285,338,187,322,226,278,292,242,151,435,259,244,228,287,217,298,197,214,283,275,224,285,233,316,246,211,164,186,328,190,204,205,229,202,306,311,256,172,240,168,243,254,207,403,287,261,248,345,208,238,228,319,329,355,195,345,311,182,291,330,178,323,256,193,342,294,364,227,266,123,394,220,379,140,247,231,367,240,220,218,274,259,183,248,244,254,268,274,192,272,241,232,251,257,186,253,215,284,342,268,236,118,255,226,251,309,191,237,243,263,276,315,281,262,250,245,269,262,294,217,246,250,179,310,317,255,342,299,330,194,251,208,227,242,249,277,240,305,173,234,196,164,247,242,295,262,286,212,252,256,257,264,255,305,253,271,274,270,322,227,270,233,253,218,298,195,256,242,289,272,233,235,359,233,237,231,195,274,285,271,261,169,207,290,124,247,191,198,196,218,194,313,306,268,248,335,258,301,273,299,333,277,209,258,195,218,250,222,253,223,236,404,281,269,276,254,275,208,266,280,210,239,150,149,225,174,226,230,306,184,295,235,283,138,203,229,277,300,311,229,140,198,351,254,223,338,206,252,208,246,283,185,237,376,233,302,219,234,286,244,290,246,252,266,241,303,317,255,310,162,297,267,254,163,246,372,153,221,262,271,250,261,317,279,236,199,340,166,180,213,319,227,356,332,242,210,325,199,222,223,267,248,179,254,271,369,286,291,211,260,238,236,260,240,300,233,311,388,219,218,314,229,239,181,293,261,296,248,267,227,388,246,272,172,337,188,232,235,203,179,225,184,163,232,274,273,269,219,272,236,283,335,312,260,322,273,337,308,193,275,229,142,251,256,299,235,258,187,249,206,441,166,276,244,224,222,272,256,265,219,179,246,275,252,308,269,248,263,283,227,215,299,317,300,271,284,286,327,196,267,199,227,166,243,274,274,237,222,275,219,414,284,191,324,244,310,138,284,283,294,276,344,326,311,355,177,296,317,281,181,234,314,276,208,264,242,240,272,281,267,368,295,254,199,287,278,154,268,251,270,325,239,328,354,284,267,184,202,274,200,212,150,205,199,204,330,273,246,222,228,330,285,196,315,193,250,225,324,199,192,302,226,204,346,314,343,211,190,212,329,350,183,338,219,190,345,315,304,281,258,184,262,287,261,263,257,338,305,218,248,146,238,280,238,201,261,264,310,323,238,195,308,218,278,245,189,223,317,282,298,261,216,276,234,214,243,167,255,201,314,260,222,243,249,275,347,335,299,300,344,205,261,269,255,355,263,265,375,181,270,227,266,241,192,167,253,152,412,227,277,249,182,341,234,238,205,186,407,291,352,246,287,220,234,250,252,285,239,249,294,231,275,303,260,220,249,252,255,269,256,327,272,186,247,239,132,357,315,194,313,243,310,217,201,299,341,346,272,277,249,200,196,251,204,270,201,160,288,280,232,291,269,213,236,305,279,273,220,146,249,254,243,345,341,222,216,230,245,240,244,271,190,189,343,230,201,214,256,332,301,246,221,290,384,273,373,299,307,140,201,308,194,303,296,256,336,216,208,204,271,316,266,287,251,290,305,279,210,284,226,288,251,228,264,348,268,257,284,306,321,169,246,210,280,215,210,135,205,196,266,309,282,243,306,214,181,196,294,280,237,162,209,298,244,193,172,244,247,264,179,250,196,203,321,231,261,240,179,351,280,212,207,194,370,224,184,288,283,262,273,287,245,327,246,212,230,264,212,176,214,246,290,211,183,259,325,157,283,374,298,243,178,358,293,310,246,342,238,270,304,174,289,246,251,189,290,290,314,191,229,163,291,220,206,272,192,215,197,305,276,276,262,218,342,297,295,281,262,264,255,196,218,167,265,308,207,275,277,223,283,279,166,254,293,201,255,217,275,271,223,240,229,274,282,137,296,269,327,240,292,207,260,205,251,284,248,282,333,192,243,263,397,221,251,248,279,280,178,263,210,242,228
245,224,241,299,191,272,164,291,215,242,221,246,240,274,258,338,249,374,337,233,247,223,173,244,298,322,196,149,252,229,299,289,227,215,337,337,250,228,315,225,293,235,271,231,290,345,213,178,251,230,211,223,244,208,297,263,204,264,268,196,262,242,268,248,337,281,362,265,198,319,194,278,252,158,208,361,186,264,219,167,252,275,218,167,235,213,253,158,280,245,266,182,237,215,243,194,261,222,248,226,258,294,239,275,300,270,348,271,333,289,272,232,261,233,277,280,254,254,273,215,304,218,280,267,170,195,164,191,187,192,191,229,324,271,214,255,277,259,321,343,175,284,190,292,320,199,136,478,296,237,238,286,208,339,218,247,307,279,232,270,202,308,238,216,181,214,321,210,217,243,252,218,288,294,248,173,255,165,254,254,246,356,287,252,262,358,209,261,211,350,325,358,205,395,315,161,295,346,171,343,244,235,345,268,381,226,303,181,342,251,373,121,249,220,354,251,235,198,304,232,165,235,272,304,273,278,176,277,254,245,262,268,196,232,224,263,315,256,214,117,236,233,244,311,173,235,238,247,246,291,252,293,236,246,230,278,292,218,293,267,184,274,323,241,379,301,369,229,241,221,235,258,260,269,265,291,178,264,187,172,273,257,283,273,269,237,268,265,257,227,259,304,241,277,266,316,340,226,262,214,238,225,342,186,220,273,272,261,262,287,326,232,255,209,255,271,287,271,279,181,205,269,126,262,209,221,200,235,181,323,324,245,272,378,272,320,287,326,301,290,235,263,195,228,276,214,270,219,229,401,259,243,270,242,309,204,268,265,229,266,169,156,224,145,200,242,331,169,249,258,320,130,215,254,251,297,314,230,120,173,399,281,207,334,261,269,251,270,310,192,251,327,222,330,245,251,279,272,274,254,289,259,241,254,287,256,347,166,349,305,294,169,213,370,164,266,282,255,259,265,335,274,260,217,343,178,168,208,313,241,355,332,277,208,346,179,229,203,274,268,188,259,269,347,291,272,233,259,237,219,231,246,317,243,283,409,219,199,315,255,267,206,317,296,316,277,273,220,413,285,296,166,271,205,264,233,208,201,257,205,177,231,260,263,278,234,292,246,293,323,329,272,334,275,307,267,209,261,191,149,240,259,326,261,257,202,269,242,448,172,294,210,249,222,323,244,264,208,161,206,258,254,318,252,232,242,289,180,207,314,329,312,286,258,282,339,217,287,204,272,131,267,305,241,234,222,289,214,411,262,189,326,249,342,108,272,291,304,280,311,357,284,372,206,251,283,282,181,234,362,300,194,278,262,285,273,257,284,396,333,247,183,302,287,140,261,275,284,342,240,308,337,301,287,170,220,253,176,219,131,217,228,224,319,286,270,246,224,337,281,232,294,170,242,247,290,198,206,295,249,211,357,289,366,209,215,242,307,383,178,337,194,209,395,256,308,263,261,214,265,297,258,240,251,324,314,215,261,156,248,293,211,207,308,272,307,331,248,201,333,243,282,237,188,257,319,307,287,278,211,300,258,233,285,169,244,225,321,257,206,262,255,284,368,297,282,292,342,228,268,257,278,311,293,245,443,182,234,206,244,258,215,156,280,193,376,226,309,254,200,360,246,254,176,227,405,266,318,241,267,206,204,226,269,303,257,218,299,252,285,291,304,165,267,269,250,275,260,319,300,201,239,246,117,335,302,230,305,241,283,242,222,260,357,355,317,310,241,210,216,295,181,272,229,193,290,252,223,279,288,221,249,291,257,253,259,144,258,247,280,362,349,260,220,259,250,236,223,268,208,216,378,232,208,239,240,338,324,256,237,318,387,262,424,288,302,165,216,317,235,336,293,210,327,221,198,208,251,262,242,270,290,350,292,293,213,256,237,264,251,216,283,386,277,261,312,279,336,160,250,213,309,196,204,173,186,212,270,286,337,227,254,226,184,219,291,287,239,152,237,250,229,209,173,248,245,281,219,259,188,212,291,206,256,222,188,316,267,213,213,177,399,209,163,261,295,271,250,323,232,342,286,212,209,265,230,152,234,222,309,210,171,301,369,165,258,377,299,284,161,355,296,318,217,365,229,291,274,195,311,237,242,190,296,326,336,201,280,165,291,247,221,254,208,247,191,293,304,285,263,201,329,306,295,282,300,294,289,205,195,179,221,296,197,273,245,247,294,306,162,241,287,198,239,228,289,237,252,223,259,234,276,138,300,256,354,272,281,225,290,201,294,288,240,267,288,170,223,288,408,230,246,271,280,315,168,267,214,234,250
250,222,240,299,191,270,165,296,192,207,192,225,202,235,235,313,238,344,348,203,244,237,163,208,290,296,198,95,217,232,296,275,185,189,317,304,234,207,322,203,259,230,293,203,307,299,235,179,262,213,148,207,213,191,293,217,207,269,254,200,266,210,250,231,303,260,348,289,164,272,193,313,216,147,199,322,186,274,205,151,239,285,215,146,252,213,232,163,258,199,239,160,216,186,233,181,278,188,240,224,251,311,266,225,254,238,323,231,283,237,267,209,241,219,264,286,236,199,256,213,277,222,267,279,184,195,157,181,184,188,183,220,297,247,198,247,264,236,257,343,167,276,195,251,275,251,146,448,249,219,242,237,209,319,182,220,285,267,226,285,206,306,222,184,186,226,301,177,190,252,245,232,296,289,221,156,249,153,232,271,231,350,255,238,241,340,201,213,186,353,299,329,210,365,297,153,264,348,162,307,265,183,327,292,335,210,306,158,304,238,342,117,245,216,335,234,209,181,277,235,162,227,207,290,256,267,159,267,234,246,228,280,197,238,242,264,332,271,199,90,241,214,243,293,134,255,231,238,224,288,228,265,210,211,272,266,309,196,265,262,152,287,311,233,324,264,336,212,233,196,235,258,228,266,242,326,188,217,185,140,264,241,272,294,232,181,249,267,239,255,257,279,227,272,217,280,361,236,276,209,255,189,306,183,236,234,270,258,267,289,359,236,234,200,216,288,269,244,232,154,196,274,141,230,204,193,211,226,212,296,335,256,280,348,286,263,306,318,310,245,247,280,171,181,265,226,222,200,230,388,277,241,273,251,300,189,259,261,218,267,145,147,200,165,179,239,286,164,254,257,246,165,185,213,231,270,321,214,121,169,331,238,207,314,201,256,216,239,254,170,256,346,195,296,233,239,262,250,248,238,257,251,236,260,300,253,303,168,325,290,260,129,218,376,143,221,252,257,261,224,288,267,250,217,266,173,163,221,304,302,343,296,249,201,305,194,228,226,244,238,185,271,281,362,284,262,235,248,236,197,193,217,314,280,279,441,183,191,284,246,254,175,271,293,305,243,278,217,368,218,287,133,320,175,223,202,218,207,240,199,156,212,214,259,288,210,287,236,270,296,333,262,320,269,301,288,195,278,182,139,216,249,300,254,239,197,244,240,431,173,282,228,231,242,282,238,262,194,166,183,227,234,314,250,233,262,307,166,170,325,318,313,277,241,289,326,191,258,183,242,137,265,252,238,254,205,254,209,395,249,168,325,235,296,117,252,284,290,269,301,344,251,369,197,243,275,229,160,263,318,288,201,262,275,254,294,252,240,367,288,203,199,297,272,137,262,269,250,304,222,338,297,263,271,155,198,297,170,206,166,205,213,220,318,274,286,243,220,318,261,198,257,165,247,252,280,188,205,270,242,175,355,315,350,205,187,208,323,314,166,316,194,194,358,290,226,260,240,194,248,309,255,241,255,348,277,183,251,130,229,258,209,218,288,247,315,334,238,201,314,244,293,204,166,205,309,327,281,235,221,273,246,203,221,168,252,233,278,249,180,266,276,271,321,280,281,278,330,214,247,243,278,314,255,240,335,125,221,191,231,219,166,195,274,159,398,219,285,229,182,306,224,239,171,192,357,274,354,248,305,193,199,242,234,302,257,242,247,217,256,338,312,169,271,261,240,280,251,320,263,219,232,209,130,304,272,207,254,221,268,203,210,243,330,312,280,267,245,218,177,259,172,291,223,169,287,231,251,256,241,187,230,288,260,226,243,153,229,247,261,378,367,247,213,225,257,238,214,227,220,154,339,220,204,211,246,292,313,241,230,263,321,243,386,297,286,162,207,318,213,328,268,219,261,194,190,229,229,246,252,281,257,320,308,311,208,288,247,261,214,202,258,340,283,229,275,264,332,163,275,198,255,204,212,137,153,210,267,287,297,197,303,210,167,202,245,310,230,144,235,274,243,177,183,212,265,284,209,262,187,221,305,227,250,219,179,332,283,222,211,176,406,202,165,286,324,228,239,304,237,284,275,194,203,268,221,185,219,252,254,201,155,280,337,139,298,351,271,226,142,326,302,317,211,324,204,260,276,191,282,201,237,197,269,284,366,179,262,166,290,226,223,205,213,233,179,251,262,303,250,208,292,299,264,272,256,290,241,194,201,149,220,292,194,258,211,221,267,244,198,215,266,225,240,242,290,224,247,197,230,256,257,138,296,232,316,237,265,224,211,214,274,283,227,278,305,188,220,261,401,229,248,261,283,262,162,253,213,262,245
267,190,242,283,197,251,153,287,198,199,209,247,228,290,246,326,261,359,352,196,268,258,173,232,269,275,212,144,215,274,325,280,222,218,313,270,212,227,277,198,285,201,259,204,297,305,226,190,292,206,209,183,217,179,257,231,222,252,252,190,292,251,234,227,275,269,343,278,189,283,216,300,227,167,200,341,187,278,178,173,214,264,238,175,213,211,263,176,289,227,196,188,238,172,236,204,269,190,195,216,225,287,273,237,296,247,345,267,287,278,233,214,212,200,227,287,237,239,250,244,300,220,289,277,186,216,161,163,226,175,187,247,291,234,205,264,258,236,287,365,167,283,211,260,272,217,120,439,255,243,270,237,211,315,209,240,343,285,213,258,186,325,197,214,167,223,311,176,202,248,277,218,278,337,221,162,243,160,268,262,232,362,273,226,256,353,212,206,209,326,319,362,216,362,316,169,317,366,183,377,245,189,314,293,366,239,300,147,306,250,356,111,249,237,328,196,224,175,292,227,156,234,256,269,257,264,181,258,244,224,213,251,199,214,242,267,300,258,217,92,270,196,224,280,128,252,240,243,207,273,243,273,218,208,280,273,311,196,278,282,155,283,345,230,341,266,332,215,245,218,202,244,242,271,252,346,198,223,192,174,245,206,255,288,256,187,247,306,205,239,281,292,245,250,238,270,409,227,241,207,250,224,312,197,230,257,238,312,284,312,408,251,251,216,213,291,241,285,260,183,218,271,127,206,200,189,209,236,179,312,318,240,246,319,296,308,279,319,268,290,239,243,185,187,235,212,208,212,227,394,266,237,258,275,268,218,271,267,215,306,154,123,218,176,213,257,311,164,261,237,290,164,185,231,220,257,321,226,133,177,341,269,191,329,248,313,239,265,290,186,277,342,247,312,222,237,274,264,260,237,242,270,235,308,306,283,338,167,335,269,260,149,216,390,166,254,253,263,255,266,324,285,253,201,311,164,162,220,287,305,344,300,232,211,321,171,213,256,261,267,178,252,258,401,278,253,213,245,232,219,229,219,343,296,271,427,215,190,314,226,248,154,313,322,316,287,299,255,418,266,311,139,282,164,235,204,225,202,280,204,156,242,225,267,252,246,290,224,305,330,330,246,307,269,317,298,196,320,200,150,243,251,318,249,286,194,231,233,414,169,279,231,240,215,275,244,264,226,155,197,201,249,270,251,238,239,314,195,193,329,357,317,275,262,271,329,185,232,199,252,174,260,237,246,251,214,237,170,405,251,185,313,267,280,115,301,279,305,236,315,337,267,365,200,277,270,244,195,266,344,309,188,295,264,298,269,237,225,354,311,225,190,335,305,134,277,238,256,319,203,355,332,278,314,151,200,321,213,189,174,206,208,210,292,267,282,251,222,306,251,230,257,201,250,231,280,189,206,281,263,225,362,319,365,227,198,221,346,340,171,316,210,186,351,285,273,255,283,205,235,335,277,247,292,362,279,179,227,138,244,258,228,194,339,221,303,326,216,206,330,205,286,215,187,206,324,298,284,269,217,258,253,192,230,163,259,261,255,224,187,287,296,275,346,269,274,303,299,212,261,275,273,304,313,233,371,128,226,209,258,202,163,149,252,164,393,250,307,237,190,330,229,242,175,218,381,298,357,246,304,199,193,226,245,272,247,227,273,255,292,305,306,187,262,223,248,258,279,302,298,200,234,256,123,282,293,196,261,237,248,234,206,258,345,352,308,254,247,225,192,279,182,300,247,179,276,242,245,276,279,198,251,302,226,203,238,150,249,263,261,388,371,263,251,235,283,236,202,274,203,168,378,244,184,216,235,309,323,237,242,271,346,231,404,291,284,147,226,355,202,316,295,222,264,214,200,226,227,250,260,257,264,359,329,313,198,272,260,249,213,195,254,359,272,250,311,303,335,163,242,198,261,207,234,157,193,209,254,244,287,230,267,247,170,236,290,269,239,120,226,292,249,180,162,255,273,315,209,288,185,206,317,234,251,213,150,344,292,205,165,169,398,203,171,256,339,247,269,329,243,300,275,193,212,264,227,168,230,243,237,228,158,288,347,127,304,312,281,253,169,337,297,338,212,346,248,272,283,202,279,255,243,189,269,314,366,166,293,198,276,233,208,242,194,232,177,274,305,274,238,196,324,284,267,259,268,300,222,199,186,183,210,303,195,262,218,226,265,271,191,275,269,210,253,241,278,229,249,220,278,242,257,119,306,264,321,269,260,227,273,197,290,281,247,267,283,156,227,278,381,230,250,257,305,294,182,261,204,226,237
241,218,232,272,169,278,153,276,174,187,203,271,191,260,254,277,275,367,334,183,265,238,182,221,271,256,211,133,213,250,336,311,244,234,317,293,239,224,303,234,292,197,265,197,307,309,239,189,274,199,203,198,231,222,256,224,219,276,289,204,267,248,248,215,271,276,351,268,176,281,183,293,230,149,185,373,189,229,170,160,218,238,216,191,215,168,254,174,263,224,215,177,217,175,233,210,293,179,216,224,225,273,259,220,249,279,305,245,253,256,239,251,257,208,242,257,215,217,210,200,288,209,316,268,162,209,160,183,200,194,200,248,275,237,212,264,237,246,309,383,169,278,223,238,264,193,148,479,264,265,303,202,185,282,216,249,317,286,234,285,190,326,201,172,156,201,304,201,201,253,255,214,304,295,204,123,248,151,220,256,222,301,287,234,235,332,176,218,197,295,313,351,211,377,296,169,268,327,194,364,273,178,353,285,348,229,365,155,329,257,310,114,228,239,318,235,222,179,293,222,162,236,253,297,259,277,179,265,232,229,206,292,230,203,247,252,293,250,210,109,249,211,241,270,132,242,217,239,213,230,244,279,209,217,267,269,269,206,226,289,152,287,301,211,334,294,365,226,227,204,181,230,262,271,242,279,178,225,186,147,230,214,252,318,273,170,225,296,216,200,280,296,280,267,233,274,383,210,247,195,275,223,274,196,211,219,230,289,315,320,406,220,234,219,220,309,231,240,246,178,222,264,124,238,182,208,219,258,193,326,313,239,247,311,288,282,273,317,297,307,207,274,171,185,240,215,215,220,221,377,258,224,284,257,210,178,258,275,245,269,151,140,169,183,192,248,315,141,289,209,277,173,215,238,219,300,328,240,134,170,310,248,167,299,202,271,215,255,281,189,247,312,221,312,210,244,264,247,278,199,253,278,227,271,307,268,331,187,354,254,266,142,200,396,159,249,240,265,268,256,296,275,240,191,287,175,171,216,289,278,329,277,255,204,325,198,251,233,237,244,196,233,246,434,248,258,229,264,211,215,216,198,307,280,285,401,232,167,275,221,239,190,278,312,316,261,293,263,412,274,357,145,300,190,212,232,237,198,249,212,148,223,213,297,255,236,267,217,303,355,331,245,324,252,294,260,194,319,179,173,202,223,294,249,267,176,227,238,397,199,294,205,244,207,318,247,258,199,145,174,201,249,286,238,246,233,310,177,185,298,322,296,251,249,243,349,172,245,198,244,175,247,235,240,249,246,224,185,420,238,185,295,242,280,141,281,254,305,241,337,331,239,381,201,248,257,217,164,233,298,305,193,290,241,261,260,242,212,383,307,259,181,388,335,155,265,256,247,330,233,355,318,264,313,148,209,286,190,170,168,188,197,205,292,260,291,273,221,310,247,231,247,191,267,231,276,189,188,309,252,214,360,285,345,183,197,209,296,355,164,332,203,199,351,288,295,264,273,188,248,325,264,255,241,387,259,205,201,121,260,263,199,228,333,250,261,341,239,213,314,205,273,212,182,215,316,314,262,262,211,267,264,199,220,179,255,220,261,222,161,288,252,253,332,272,249,278,309,201,288,260,214,308,246,206,365,139,225,209,279,224,146,155,243,183,356,276,295,219,180,338,229,233,172,210,370,298,374,225,303,163,196,203,236,282,249,219,247,216,268,305,299,196,279,263,240,278,279,316,341,210,223,223,129,269,285,196,236,273,248,216,199,234,378,316,283,249,248,214,158,232,164,270,239,196,280,217,221,237,306,169,244,340,272,200,248,143,252,260,262,400,388,293,253,194,261,257,217,233,225,154,384,195,183,210,220,325,301,237,269,254,314,225,391,283,247,140,232,334,232,306,280,192,266,183,226,214,222,244,237,252,280,354,310,323,209,260,252,291,219,215,278,350,229,211,281,324,286,157,245,177,245,199,203,152,176,197,277,250,267,243,241,229,196,202,240,277,228,141,229,291,236,184,169,227,255,266,228,278,179,180,285,222,289,194,162,302,300,214,186,154,416,209,158,272,309,226,240,366,229,327,264,203,245,227,232,154,192,184,263,185,176,258,384,146,327,297,271,214,139,324,321,320,228,356,236,229,281,175,263,227,242,184,236,236,336,180,291,194,269,216,213,227,178,244,156,261,276,315,237,215,311,281,268,264,306,299,239,176,190,156,240,327,209,235,192,237,264,238,210,231,247,208,265,256,263,262,252,228,212,272,259,127,302,260,320,240,281,208,227,209,291,256,234,276,304,162,225,247,391,218,237,246,314,284,160,255,235,214,220
216,173,212,260,146,234,117,234,156,184,200,207,219,262,246,295,230,307,291,177,242,226,166,218,249,218,203,141,218,208,261,239,176,204,249,253,198,185,281,226,261,181,224,167,281,290,180,190,228,199,155,189,204,194,218,187,201,218,255,177,228,195,219,182,272,275,308,228,159,249,187,268,189,159,169,322,162,240,163,146,209,197,190,142,203,170,230,179,225,182,199,168,215,170,175,173,231,181,183,203,170,306,263,185,224,212,288,250,255,213,200,209,230,161,234,262,203,180,178,177,278,202,241,256,148,182,131,132,177,180,187,207,259,204,211,197,225,193,273,283,121,228,192,222,187,189,92,363,227,247,240,198,134,266,210,207,291,293,222,219,163,330,151,158,121,161,255,155,189,207,221,199,281,294,195,147,233,155,224,224,210,264,236,196,218,302,180,179,174,270,258,284,184,317,279,154,265,316,158,318,234,155,271,261,293,216,302,166,278,196,304,90,194,183,266,220,209,174,225,218,147,205,226,235,249,255,171,211,219,198,196,233,178,147,196,265,263,222,167,68,228,181,228,237,133,206,240,188,178,213,200,254,183,174,218,242,276,177,199,257,130,235,313,164,304,235,298,212,219,170,163,204,224,214,209,271,170,178,161,131,183,166,249,270,264,144,213,238,195,209,244,316,260,241,176,230,336,187,222,192,259,200,261,166,189,220,204,292,255,268,341,224,212,198,202,264,222,234,231,153,189,230,111,160,168,161,176,210,175,278,253,194,222,264,238,265,257,309,278,276,201,246,143,161,200,210,168,213,185,342,238,185,220,227,221,167,204,229,213,227,157,113,124,159,139,215,262,141,264,204,247,170,175,213,178,265,299,177,124,147,277,220,150,269,203,255,233,209,273,182,232,256,209,290,205,239,256,215,222,177,247,231,248,232,275,225,293,161,317,223,229,125,186,301,148,223,214,230,243,234,241,252,230,179,248,144,144,206,262,250,294,241,225,158,265,197,178,206,171,236,167,200,222,347,227,203,224,221,182,225,175,169,313,248,245,352,202,161,253,174,202,154,268,305,270,278,227,227,366,210,273,122,232,149,205,222,173,174,220,186,177,196,204,226,224,196,255,212,268,296,295,225,297,228,280,222,187,259,195,148,223,214,304,207,258,154,212,234,342,152,264,193,223,169,278,215,226,198,142,176,213,215,219,202,206,243,274,154,158,283,274,273,225,234,219,277,156,202,187,202,155,221,210,200,206,223,229,163,383,217,146,283,230,286,114,251,222,250,212,307,316,241,318,196,224,262,196,167,225,315,281,180,261,182,263,204,209,170,346,240,190,160,304,288,120,251,267,212,289,214,323,295,253,306,139,177,253,154,163,162,181,202,177,254,201,246,210,190,306,227,182,217,157,256,196,241,192,157,261,215,175,317,311,328,167,177,198,246,305,133,260,165,160,319,254,256,223,209,153,186,317,244,250,241,372,214,173,177,113,239,263,212,179,317,232,244,261,223,186,310,175,244,202,139,202,264,267,264,242,183,244,266,178,197,159,220,204,222,211,136,250,236,244,323,232,214,266,282,160,244,247,208,294,213,201,324,115,193,175,234,216,140,160,217,158,285,236,267,214,166,295,186,200,133,199,343,289,318,214,279,141,183,186,214,223,197,218,252,196,213,269,247,155,210,234,219,240,277,278,300,190,189,191,132,202,251,174,227,252,221,201,176,215,317,275,259,201,231,194,155,202,148,295,206,154,262,217,192,245,288,138,243,267,218,164,221,107,219,216,206,303,314,233,210,179,269,204,172,169,185,170,344,197,160,177,222,311,257,205,218,230,289,211,356,251,235,141,215,312,182,301,258,167,211,166,208,220,198,229,178,243,234,327,286,286,191,256,220,242,197,186,254,328,212,208,250,292,292,155,222,180,206,197,181,145,155,149,227,217,274,190,229,202,156,157,243,243,217,112,195,216,231,175,137,193,222,238,206,253,133,208,266,208,271,216,143,276,215,170,147,142,394,171,136,236,289,213,228,295,219,277,242,184,203,196,213,122,164,193,228,176,142,255,351,113,301,285,234,193,124,296,258,319,170,283,191,217,235,151,234,217,240,165,228,238,304,140,272,136,242,206,201,197,173,193,135,268,244,275,186,167,275,231,246,222,257,279,189,146,151,133,225,288,163,205,188,234,233,247,162,250,226,204,241,206,275,205,214,190,189,227,216,127,263,230,306,231,240,192,192,173,287,260,236,274,255,128,183,245,346,194,199,219,282,254,133,233,201,181,212
266,170,217,263,173,283,137,278,157,195,217,251,226,283,267,330,261,338,306,187,257,224,157,208,285,266,207,154,237,214,304,272,211,244,303,298,213,186,290,232,264,209,257,197,270,246,177,212,251,192,178,187,246,233,228,198,194,270,279,213,266,217,223,192,278,239,369,246,172,265,206,260,214,159,160,326,208,222,138,170,225,243,203,163,199,164,265,171,249,194,219,171,233,176,186,184,263,184,211,256,215,302,268,225,234,259,291,284,248,234,216,270,277,171,259,278,223,253,243,195,273,235,310,269,137,182,131,172,176,185,239,229,260,229,226,232,238,215,303,358,152,275,196,250,239,179,122,392,255,267,263,213,142,290,195,246,325,288,232,220,184,342,191,166,164,174,296,171,181,251,250,221,313,286,194,167,246,145,238,204,225,322,256,263,256,340,175,179,222,317,279,305,216,339,298,164,280,319,166,365,258,170,298,276,321,215,333,197,282,259,328,108,238,196,291,208,228,212,271,218,154,191,278,265,239,308,173,222,242,239,198,274,209,186,232,284,254,240,216,83,253,226,258,334,146,262,223,216,183,242,238,261,205,206,263,283,288,210,249,270,143,284,311,208,332,264,326,232,211,185,154,225,269,239,242,269,183,226,188,138,217,184,314,266,280,157,236,289,183,207,272,310,283,247,189,215,397,221,251,230,293,221,271,173,223,212,186,310,300,253,380,216,248,198,227,263,218,261,229,153,205,257,166,194,184,175,188,243,179,303,262,211,256,316,268,266,250,324,258,262,236,271,167,147,237,226,202,218,243,319,281,230,264,221,213,188,237,278,229,239,141,120,145,174,152,246,264,128,277,199,263,221,163,243,241,289,340,199,138,148,299,238,164,332,214,270,263,233,277,176,205,281,231,306,213,223,266,220,228,210,252,230,266,255,308,252,302,194,359,254,264,137,237,336,173,228,212,232,256,258,284,291,279,180,320,180,160,181,302,309,319,245,236,168,317,180,214,213,197,261,165,225,228,363,226,243,243,253,209,233,218,222,315,273,265,368,227,178,298,190,236,205,279,341,323,311,279,263,384,257,295,134,255,168,213,212,213,188,238,190,191,206,215,280,215,215,240,239,286,378,258,269,338,257,323,240,219,278,197,182,254,217,302,253,262,178,235,237,375,194,305,203,227,179,291,225,248,222,157,198,219,231,227,268,217,275,325,174,163,278,289,284,242,283,264,321,191,244,226,236,150,232,243,195,270,220,242,194,361,241,169,292,258,280,132,306,251,278,213,335,315,266,412,192,260,300,215,196,258,308,268,196,287,227,257,239,264,204,374,269,237,183,350,335,177,274,289,209,329,252,342,322,277,323,144,207,303,175,170,147,205,204,165,250,209,245,261,215,328,225,203,253,188,274,243,295,183,160,275,208,219,340,290,328,202,183,187,300,339,141,294,201,175,377,278,268,237,207,175,246,323,259,268,253,348,272,209,199,124,272,310,209,186,317,246,242,290,256,205,353,186,251,209,184,209,300,290,288,284,196,263,297,218,200,165,233,218,265,218,134,285,258,245,340,284,212,296,311,155,275,285,224,307,241,217,353,127,222,197,293,220,151,151,243,199,328,247,257,237,193,304,211,190,170,235,357,286,356,222,311,119,174,202,222,244,223,228,259,237,252,310,271,141,253,282,227,268,272,331,339,211,186,218,150,214,288,194,224,287,206,232,188,239,402,298,280,232,251,209,163,217,159,294,230,175,290,235,205,244,310,187,192,289,235,213,240,136,229,256,258,361,366,251,229,193,248,237,198,192,194,163,420,208,228,179,261,364,281,230,269,278,346,230,377,262,259,135,236,335,182,332,259,164,258,214,229,215,219,282,213,231,236,318,306,282,204,290,237,249,208,211,306,365,258,220,294,353,313,147,223,190,227,222,219,173,150,195,250,245,306,205,257,241,174,186,236,281,232,113,213,240,245,205,185,207,242,269,207,283,147,192,317,219,254,202,123,273,241,212,179,154,418,204,175,239,284,236,249,339,237,333,276,185,263,223,238,139,192,237,262,194,172,265,385,120,308,297,248,238,147,329,300,365,211,351,211,229,266,158,232,233,257,172,244,259,354,190,285,171,280,233,227,209,167,246,152,280,279,275,208,200,270,249,304,217,319,284,217,151,172,142,224,323,199,232,240,256,249,243,167,249,269,248,260,246,250,216,229,197,198,250,243,154,279,298,344,233,263,205,225,205,284,273,270,305,312,143,206,263,430,188,224,277,283,297,162,238,254,205,214
259,184,191,251,147,227,130,280,172,172,212,225,215,262,275,282,238,347,292,165,275,214,139,197,277,229,203,143,228,195,285,281,198,196,265,242,217,192,280,267,276,217,268,155,310,254,175,207,241,163,166,182,213,227,239,168,215,224,268,192,273,186,224,206,260,243,327,208,151,225,210,270,197,150,155,306,171,224,140,139,195,259,182,168,226,159,234,166,236,202,207,155,217,180,184,200,254,177,183,290,210,313,289,238,263,224,264,234,225,230,235,234,235,172,238,249,202,244,238,207,307,217,299,275,155,193,139,145,178,188,206,187,267,213,183,239,246,178,308,332,139,241,187,233,232,186,107,394,238,254,238,199,181,294,177,208,295,281,200,237,177,319,154,158,160,149,287,148,187,224,240,209,310,295,194,168,242,167,225,227,239,276,282,254,260,334,183,208,238,284,248,267,186,327,293,186,291,311,183,336,244,167,302,248,324,205,333,194,268,229,298,82,203,202,262,196,212,200,254,202,149,217,273,215,208,298,193,200,226,238,163,230,209,166,196,301,245,228,164,68,234,212,233,269,139,208,231,200,195,286,201,246,214,186,213,266,266,199,225,228,142,247,274,174,329,259,285,225,202,172,163,215,263,210,235,281,164,204,169,147,172,167,274,255,307,137,249,256,194,183,267,293,270,216,191,187,343,185,206,206,276,229,252,169,190,205,181,320,287,279,368,216,216,190,204,246,232,242,231,165,190,251,167,184,177,175,159,229,197,308,225,184,233,262,245,275,227,305,281,253,231,269,183,181,228,212,210,216,196,339,264,207,254,231,238,168,232,277,212,200,147,95,143,151,148,222,236,134,292,235,267,169,145,248,213,283,336,211,145,133,268,246,153,306,211,279,242,233,306,171,213,264,265,289,233,239,217,187,245,202,228,235,244,229,277,236,323,167,303,244,267,139,195,304,145,225,219,246,253,304,265,273,279,164,289,134,150,186,294,292,321,254,231,182,289,141,169,224,187,220,146,186,219,342,216,186,217,249,205,242,192,199,309,278,252,376,212,181,280,189,217,191,251,370,279,255,263,265,380,254,290,131,253,175,216,217,225,189,191,216,169,202,245,248,207,207,237,221,286,361,255,248,302,230,281,230,180,294,227,151,200,227,274,223,239,178,226,246,348,180,223,185,241,172,285,213,209,206,133,172,233,243,189,231,223,226,300,159,179,276,289,249,258,241,257,300,162,213,194,229,172,221,236,213,260,213,237,155,341,218,166,288,229,274,116,294,258,292,239,325,272,252,309,182,240,279,207,163,271,300,313,189,237,188,266,232,237,216,354,263,259,178,307,379,151,237,265,215,310,254,304,281,281,286,161,192,293,188,167,156,160,192,198,242,226,231,246,189,337,193,207,255,162,265,207,268,198,141,275,215,171,328,316,342,184,158,211,274,329,163,269,169,158,328,272,252,245,220,172,235,324,277,243,244,337,232,153,206,120,269,290,213,159,311,229,230,250,238,176,311,203,231,206,171,195,286,271,237,265,181,268,286,205,191,149,225,208,250,209,128,300,258,219,332,250,211,263,289,152,270,260,228,289,215,201,362,107,220,179,278,229,131,165,231,164,295,259,290,234,156,333,179,215,167,216,331,265,307,231,301,134,162,182,209,215,182,204,226,236,221,289,253,117,240,273,236,240,271,303,343,186,176,202,131,218,231,202,205,292,194,245,188,242,362,306,286,217,248,191,168,213,124,274,220,177,271,205,190,231,259,162,205,257,196,210,228,129,211,256,238,328,322,258,224,203,290,185,198,185,242,171,368,202,227,178,214,336,295,215,232,246,312,226,342,257,228,137,230,329,204,292,244,167,232,179,208,220,259,251,201,233,255,322,317,211,197,285,210,232,186,191,306,351,202,224,312,279,295,155,221,205,224,183,186,162,128,179,276,218,271,215,235,217,149,175,273,280,235,122,203,216,285,184,185,211,234,251,231,272,124,197,303,191,257,201,128,303,227,208,153,153,393,189,160,224,259,226,224,326,218,290,274,172,261,225,237,162,195,213,223,177,153,274,329,125,284,247,225,196,120,298,302,329,199,281,201,237,278,177,243,216,256,181,223,243,328,168,271,128,252,238,244,189,184,218,110,290,269,275,204,166,266,242,281,247,294,323,191,147,150,139,190,272,189,228,217,222,250,256,149,237,225,211,228,216,208,184,216,200,264,214,209,138,276,235,326,205,224,190,233,180,274,245,274,274,280,148,206,244,385,206,220,257,263,288,162,243,243,192,181
252,173,196,254,181,218,120,308,177,201,202,230,230,237,267,268,232,337,297,183,286,226,173,230,327,250,232,156,247,169,261,263,171,223,255,257,211,178,277,244,283,209,268,172,290,286,174,195,238,144,186,185,208,223,225,185,186,218,278,213,291,230,238,181,287,279,331,255,155,233,202,263,165,159,155,318,181,225,133,148,173,227,200,166,210,180,264,198,240,201,220,162,222,181,158,175,255,205,186,303,203,290,290,214,215,248,291,255,244,221,242,211,256,174,238,263,214,246,226,166,305,219,318,277,141,193,125,170,178,182,221,203,286,205,208,205,236,195,299,331,133,296,202,226,213,138,127,375,214,256,266,192,160,291,226,206,292,281,209,247,193,289,164,156,169,131,265,144,209,200,252,197,282,287,205,147,227,162,235,256,219,260,301,231,250,340,194,213,232,281,232,286,197,303,314,157,277,328,170,329,228,157,319,285,315,196,310,181,259,227,309,89,200,189,264,221,219,180,290,242,155,209,275,220,224,309,188,192,256,246,167,257,184,159,191,258,269,222,198,85,209,233,237,273,142,220,218,216,188,283,231,286,212,171,251,283,316,193,227,247,152,257,304,172,344,269,339,217,213,164,183,197,282,201,231,239,165,198,161,138,170,189,268,273,307,174,246,288,214,185,273,293,265,185,237,234,381,188,198,210,299,211,215,132,198,213,185,321,294,281,361,215,248,198,196,282,225,217,226,186,212,237,178,190,174,181,144,199,185,281,226,183,244,307,241,246,286,289,313,261,244,258,166,172,230,188,219,213,202,354,251,216,280,234,222,138,250,283,188,244,143,107,159,152,158,254,266,116,266,228,310,197,139,266,246,296,363,202,141,146,277,219,156,327,210,290,236,255,307,184,238,293,247,292,210,220,246,212,244,225,211,237,247,238,298,243,329,192,312,211,263,123,216,309,153,213,207,259,243,273,258,315,258,193,281,182,153,167,305,257,291,276,235,166,303,160,198,226,195,264,149,196,235,337,214,207,258,245,204,227,173,252,337,297,281,400,230,181,304,167,215,192,275,352,310,277,288,292,404,288,268,137,271,174,210,208,198,161,212,218,200,172,245,231,219,225,228,215,293,395,245,233,294,242,305,220,204,300,218,143,221,230,268,208,269,207,267,221,384,192,240,197,225,162,312,187,224,202,129,156,226,198,170,252,225,250,315,169,148,302,295,286,291,254,250,275,177,228,222,192,162,213,231,237,237,215,257,153,376,246,170,285,215,283,121,304,255,292,226,300,322,260,356,202,242,252,204,183,284,288,303,204,275,186,241,205,244,197,360,238,237,164,300,339,170,243,284,229,320,234,299,265,282,304,150,178,307,208,167,139,150,180,191,244,204,220,252,195,334,204,228,265,158,261,237,253,190,155,277,204,192,321,301,363,194,155,183,245,340,162,311,223,145,366,237,239,239,190,157,229,303,262,235,282,387,232,176,209,120,248,309,193,195,280,222,277,310,240,206,363,208,223,183,164,216,296,254,198,272,202,273,263,225,210,183,237,169,191,228,127,299,257,247,286,291,218,297,324,123,282,250,205,289,236,206,403,91,190,225,318,210,129,184,241,155,331,251,280,261,189,312,201,206,162,233,343,283,323,232,291,153,190,194,212,246,182,195,241,207,205,293,233,116,247,242,229,276,288,328,366,195,175,217,140,206,244,202,216,298,196,247,174,263,400,305,261,251,234,234,182,207,148,292,236,203,256,217,177,227,285,170,196,276,220,174,213,113,261,291,237,346,347,274,222,209,340,224,182,174,249,178,334,219,209,188,236,383,272,234,250,244,330,235,356,278,247,137,213,342,195,343,268,164,262,182,237,218,238,287,193,195,242,329,293,252,204,266,241,250,181,209,294,375,232,178,277,330,278,150,224,181,209,188,187,142,148,183,259,201,325,209,244,245,156,183,268,260,227,107,206,226,255,190,165,220,271,274,212,289,141,176,302,191,254,193,130,302,197,207,199,145,403,179,193,221,301,219,230,319,226,299,265,211,251,237,241,195,167,253,207,183,140,263,408,128,283,267,227,226,139,304,248,332,202,332,211,201,251,150,269,243,247,153,256,274,317,178,257,153,245,242,268,198,171,247,105,259,247,269,220,150,251,222,297,180,317,334,224,133,207,129,182,286,193,217,226,229,228,208,148,244,243,227,252,231,232,183,224,217,247,243,229,112,286,199,328,203,249,188,247,186,285,276,274,306,302,149,212,283,403,164,202,295,260,298,158,258,245,188,171
224,181,215,230,182,192,120,258,177,179,203,218,197,217,245,265,230,344,271,173,259,252,173,210,292,202,198,160,229,194,274,264,187,221,254,221,216,183,268,230,280,214,209,139,305,254,192,197,223,156,178,212,194,214,237,199,207,219,292,207,321,212,238,151,306,249,300,237,159,205,199,249,177,149,152,306,175,237,148,144,193,204,183,173,224,188,252,170,217,212,204,153,214,163,154,166,240,206,168,265,182,307,279,194,236,207,278,233,233,206,239,205,221,163,238,258,188,231,204,146,298,225,287,271,159,198,146,152,194,162,247,198,271,195,166,205,208,192,307,341,127,264,197,211,213,170,111,393,257,289,219,178,151,268,211,208,266,296,173,225,209,305,157,145,159,119,291,133,202,217,253,193,288,296,177,150,237,148,222,222,227,265,297,230,238,325,171,181,217,259,231,287,201,287,310,147,280,315,162,313,233,153,312,251,271,185,293,214,241,242,296,90,195,169,258,200,219,167,298,237,149,203,276,222,201,312,167,189,251,230,181,219,193,170,181,266,255,211,169,63,210,195,236,280,166,203,195,190,197,259,185,268,215,155,244,311,244,221,237,257,143,214,289,187,352,235,307,225,206,158,157,208,288,195,228,276,161,199,142,144,170,176,254,259,304,139,270,260,212,179,235,266,247,177,213,195,344,177,190,195,240,233,221,157,184,197,170,312,264,232,332,209,226,187,199,219,217,219,233,199,198,254,179,188,171,150,133,193,205,308,209,167,254,310,230,261,265,314,327,238,229,236,178,173,208,203,231,173,186,346,224,183,243,248,229,167,222,260,197,189,151,87,132,142,129,185,246,123,263,220,319,192,160,217,207,290,351,211,174,143,230,221,154,326,191,245,243,217,299,157,201,273,236,263,206,212,230,215,218,171,220,203,218,221,275,231,325,171,303,196,229,121,203,286,147,209,177,242,253,263,243,291,251,172,249,162,153,148,274,232,325,244,231,163,267,137,196,210,178,226,169,197,198,305,201,177,246,248,196,223,176,224,333,258,240,366,202,190,307,155,205,199,242,339,281,268,278,264,382,264,260,129,263,166,213,199,227,177,205,178,176,157,226,250,224,210,187,187,257,377,254,239,283,247,281,211,185,291,200,132,216,227,280,231,208,185,236,226,375,186,238,166,223,188,280,201,200,193,100,146,222,196,160,228,222,259,277,157,155,252,268,262,277,226,230,268,164,221,190,202,182,239,199,215,237,235,228,145,347,220,165,273,215,264,140,302,248,299,227,288,293,283,336,200,199,229,181,177,253,320,345,159,221,195,237,181,220,234,351,236,224,195,328,395,158,231,253,201,333,224,284,252,280,260,133,181,288,193,204,149,143,156,190,246,212,218,237,191,306,193,223,242,152,256,217,265,189,163,236,201,169,324,318,309,175,156,206,244,325,154,310,215,137,346,261,211,226,194,138,213,276,287,233,316,358,225,161,200,108,241,287,188,177,285,217,248,303,191,168,318,195,260,177,161,184,288,244,219,267,191,231,262,208,190,164,230,149,176,226,115,262,245,226,295,251,217,283,297,123,271,245,201,290,195,200,362,97,179,212,278,196,164,153,232,188,345,243,305,211,194,319,201,190,179,248,327,241,271,212,278,158,174,198,213,237,190,196,260,202,187,267,248,121,232,231,211,269,275,301,399,195,168,209,138,221,242,187,191,278,199,235,177,201,333,304,234,187,238,222,192,235,130,264,219,188,255,217,147,213,262,157,197,304,188,185,214,138,225,257,232,318,325,243,175,204,327,202,192,182,247,174,368,212,227,178,221,309,272,199,250,236,306,224,344,251,210,110,197,322,195,342,243,145,224,200,218,193,209,284,206,200,250,344,312,223,198,240,206,226,199,198,274,375,198,200,291,304,236,162,192,195,181,175,184,126,139,216,247,211,278,209,208,227,170,166,284,248,193,108,186,186,236,179,150,167,267,258,214,276,137,175,270,185,223,184,117,257,221,177,191,159,387,203,167,217,265,223,253,320,229,288,242,183,253,236,225,199,194,211,207,180,168,235,356,122,283,226,191,197,140,311,297,320,170,296,223,204,226,185,245,214,246,152,244,259,309,175,263,154,254,277,223,158,159,187,119,238,236,258,198,150,255,240,281,228,312,291,218,133,205,148,179,291,200,195,202,205,236,208,174,232,257,164,225,210,189,173,213,195,222,238,193,98,270,202,318,237,248,189,246,174,272,241,254,259,276,139,197,289,407,179,185,257,240,295,141,251,233,175,155
228,169,189,257,200,213,119,293,166,200,192,214,217,228,249,236,244,331,271,173,243,259,161,204,279,241,229,139,271,196,256,216,203,240,245,231,190,197,257,250,330,213,240,158,301,261,176,191,234,120,177,210,210,253,245,162,182,192,303,228,280,192,214,173,324,260,309,237,176,224,225,269,151,152,133,334,182,201,159,120,192,222,180,160,227,171,226,157,216,198,223,167,206,165,140,193,227,186,188,274,200,287,276,229,241,231,292,260,233,255,282,201,199,189,214,261,230,222,190,156,328,250,241,295,134,188,122,152,193,173,250,199,293,207,173,229,186,215,274,357,156,254,178,229,210,160,112,384,226,266,271,186,159,264,227,187,280,303,201,234,207,311,181,139,147,130,254,160,209,213,280,205,289,296,205,167,235,170,219,221,197,296,325,240,243,320,177,203,242,304,230,287,210,267,323,155,292,326,164,332,252,153,285,215,311,189,286,177,231,269,307,95,184,153,279,183,228,178,291,205,195,242,288,222,163,330,156,166,249,230,181,266,185,160,208,272,259,196,182,69,219,226,238,258,162,216,195,177,162,260,211,247,207,157,243,275,252,206,229,233,151,251,264,166,348,240,317,244,189,177,179,182,276,195,226,269,145,192,151,171,148,183,250,229,323,149,240,280,204,162,257,279,231,190,222,217,334,176,168,186,239,248,237,187,186,209,151,289,274,241,346,262,255,185,193,241,196,212,247,238,199,262,190,191,177,173,144,210,184,281,224,154,238,321,266,248,255,333,308,290,209,246,167,180,222,192,200,215,178,374,213,200,321,198,259,170,272,258,187,223,155,88,143,134,115,230,252,128,238,231,307,182,167,247,213,271,313,169,173,161,237,198,131,328,199,251,223,248,302,186,210,266,220,240,195,208,237,229,242,192,216,256,214,236,305,229,294,143,326,223,254,104,231,276,150,217,229,253,243,277,233,275,240,171,222,176,133,163,283,262,304,229,209,155,313,147,206,219,172,216,162,195,212,321,213,173,226,249,220,253,175,229,320,283,273,355,214,163,323,154,201,176,256,361,269,274,254,307,400,277,254,127,235,144,223,188,226,185,216,194,182,178,271,279,219,232,184,238,272,368,276,207,293,246,275,220,207,303,210,152,220,194,247,205,236,206,256,247,440,203,249,175,213,192,290,226,205,187,105,125,213,207,169,234,221,233,290,155,159,280,258,272,261,243,255,283,180,237,184,223,167,208,220,264,261,224,243,169,368,263,158,297,237,276,147,317,244,294,209,291,287,254,318,225,200,229,195,174,272,335,296,179,219,197,224,183,215,211,305,240,235,201,299,382,171,241,256,167,365,234,282,281,266,301,154,191,263,196,179,152,151,172,194,250,240,209,259,209,346,217,216,292,153,234,229,252,155,133,247,206,207,291,302,350,199,173,206,222,331,175,318,214,140,347,266,220,227,204,141,220,318,280,241,325,381,200,165,175,98,256,294,196,169,314,237,277,313,224,181,302,217,254,200,137,177,286,243,213,263,190,238,240,200,220,203,218,167,192,221,111,277,281,211,298,283,236,285,316,150,284,229,194,328,225,212,385,102,166,185,311,206,151,168,229,142,284,242,297,254,197,345,188,194,181,265,334,243,260,239,276,155,189,211,205,246,171,171,257,163,166,270,230,154,242,222,239,261,274,300,359,198,173,221,142,278,230,211,152,274,193,221,152,238,386,320,245,226,223,209,173,222,145,279,218,205,256,203,154,232,253,146,211,312,208,160,224,122,218,245,251,308,283,225,215,196,334,203,166,178,261,167,356,213,220,204,253,354,259,213,221,239,289,234,353,292,223,117,204,347,192,326,237,147,217,172,206,184,227,272,222,170,253,339,280,228,187,240,226,226,205,211,281,357,226,190,281,325,254,193,202,182,204,181,176,136,133,202,224,190,290,208,225,239,155,197,289,270,219,120,230,169,279,184,144,221,303,262,206,291,142,166,278,184,234,165,132,266,203,208,186,143,364,213,174,253,267,219,279,320,255,274,218,198,225,209,209,190,181,249,226,186,173,238,350,110,309,220,225,204,112,331,273,315,182,289,238,219,260,196,268,246,236,170,245,273,366,171,255,162,292,283,233,173,183,229,117,246,249,267,193,138,229,287,295,221,307,300,234,125,193,123,175,306,208,219,214,251,237,223,161,232,249,176,213,212,199,190,232,225,222,227,248,78,307,218,349,212,271,182,235,140,275,267,242,309,302,126,201,296,358,190,201,262,220,295,128,250,232,190,176
226,174,183,274,183,203,111,264,163,188,161,229,227,216,260,252,227,305,258,186,244,222,156,212,287,224,179,195,245,201,255,241,177,209,219,219,214,205,264,245,296,222,216,158,290,252,177,181,256,120,167,185,170,235,227,175,178,212,276,229,281,172,269,150,326,251,334,237,164,175,196,259,153,152,147,323,158,197,160,135,181,230,209,159,217,173,243,169,232,228,198,143,181,177,131,204,222,228,189,298,197,287,279,230,283,236,226,271,245,242,261,188,199,187,247,225,236,233,169,159,314,233,275,262,108,199,136,185,187,197,232,163,280,208,150,223,189,228,291,355,182,266,164,210,209,160,122,359,217,242,230,163,156,258,224,192,289,280,199,251,174,320,160,112,154,105,271,135,216,204,265,191,299,279,199,169,243,158,223,233,240,271,303,250,235,308,177,190,244,278,231,290,224,253,346,162,269,286,134,295,226,194,298,191,292,161,333,177,232,273,271,86,151,167,259,188,239,152,294,218,175,217,263,239,194,348,155,160,208,234,164,243,184,170,203,283,215,208,177,70,194,251,228,277,162,207,207,173,182,287,195,248,209,150,235,299,211,175,203,219,144,261,256,177,353,246,280,231,213,150,182,198,277,189,194,237,160,204,169,160,157,192,275,236,351,123,251,261,200,159,275,244,243,173,235,211,357,180,181,195,222,230,249,173,169,215,201,296,275,240,358,245,256,182,207,250,194,221,233,244,197,254,189,175,172,167,139,202,194,321,210,167,251,359,248,260,250,274,304,276,199,231,185,189,218,194,205,188,183,372,247,191,259,216,238,168,250,231,194,204,152,87,123,141,112,201,244,142,225,249,329,161,161,201,231,288,295,182,160,168,223,189,139,295,204,245,212,254,274,176,205,245,206,254,195,219,216,243,263,156,201,273,215,222,291,221,282,148,357,203,245,114,216,275,142,181,221,239,245,252,239,295,212,162,228,153,151,125,302,243,290,257,233,164,285,161,191,216,173,209,158,204,206,286,174,152,268,228,201,228,169,214,316,290,264,372,217,179,301,167,208,175,278,344,282,302,254,272,398,248,235,143,229,155,216,206,218,186,190,153,165,171,230,295,210,268,181,221,292,343,270,205,283,240,271,212,234,300,199,145,228,208,237,224,214,211,229,261,442,219,234,189,209,217,259,212,192,191,118,137,223,227,163,219,227,243,282,164,129,283,264,285,269,247,283,259,172,215,181,220,160,202,202,237,243,209,268,152,360,222,158,308,212,283,164,315,217,280,194,296,308,257,319,203,197,258,180,172,269,299,333,150,221,205,221,192,222,188,355,242,213,205,267,371,180,250,243,187,387,219,297,278,243,283,141,216,278,194,198,160,150,163,198,223,217,218,239,183,345,214,219,292,164,227,237,231,153,123,262,179,152,268,317,276,166,176,214,207,323,144,289,227,143,358,258,217,223,206,141,220,308,285,250,309,360,213,157,189,103,239,301,190,164,273,214,242,287,194,182,323,223,253,196,139,160,282,218,196,252,177,215,235,177,210,224,206,173,206,222,145,265,264,194,301,258,233,280,315,138,275,280,180,310,227,213,362,127,176,186,295,219,147,144,208,180,305,238,352,239,193,323,210,196,155,278,303,253,266,257,277,142,171,190,178,272,163,195,296,191,177,293,240,144,236,233,214,297,283,282,342,200,187,219,152,254,216,201,185,302,175,233,174,196,381,281,238,195,231,224,173,230,122,230,225,179,232,182,166,231,251,145,210,302,203,162,202,120,246,234,246,321,300,255,202,174,317,222,148,182,228,169,363,199,216,217,246,326,246,193,212,220,306,214,340,233,231,115,199,336,187,274,256,156,225,187,195,207,198,301,234,220,282,304,259,201,187,233,189,259,198,181,275,334,242,172,290,303,269,173,211,197,231,192,180,144,142,176,220,194,291,187,232,245,145,163,290,267,190,112,216,186,285,185,138,173,278,263,188,250,148,193,269,197,213,172,123,294,236,182,199,155,389,222,192,237,284,185,258,340,242,267,214,178,220,196,176,175,184,258,206,172,154,221,343,90,307,228,211,211,121,285,292,328,190,280,237,204,214,175,249,240,234,192,220,271,336,202,265,154,265,277,232,145,171,242,121,243,235,278,209,140,244,268,288,209,296,311,229,112,196,123,184,286,206,183,181,238,274,199,148,247,263,203,235,193,199,198,250,236,232,245,218,100,236,223,341,222,271,164,248,174,266,276,285,309,270,134,220,285,393,162,199,271,221,307,140,236,249,176,164
220,152,180,261,174,211,108,268,141,173,173,201,224,224,245,226,219,293,214,186,234,217,137,164,249,217,160,145,244,183,218,259,175,186,210,190,200,180,260,229,320,214,232,177,291,266,137,189,218,105,189,179,153,210,232,203,168,190,265,211,236,152,250,145,291,222,307,230,183,193,211,248,162,144,158,319,176,196,142,133,171,245,196,165,182,166,250,142,239,219,197,154,190,130,113,164,226,211,192,289,162,267,258,209,259,206,203,258,238,217,207,196,173,180,226,198,218,222,177,175,301,199,269,254,127,193,115,190,154,182,226,168,266,191,181,190,175,237,302,319,149,268,168,208,191,131,109,347,218,246,250,159,167,252,189,180,267,250,177,266,212,303,188,91,144,116,263,153,201,172,282,223,289,274,179,176,220,163,203,213,204,256,298,217,235,319,150,208,237,280,245,264,203,242,314,154,281,289,115,305,241,164,273,192,249,168,268,164,228,249,278,83,156,172,245,195,198,146,280,211,185,217,250,230,153,296,144,143,223,183,154,250,199,194,163,256,192,218,177,72,174,238,204,267,165,209,177,166,161,250,175,232,197,131,239,239,239,176,176,231,134,257,241,142,350,232,255,221,205,115,166,167,274,170,185,225,148,171,170,144,133,195,234,242,320,120,241,243,222,143,257,231,240,144,193,191,343,178,182,194,235,232,224,175,171,204,168,274,229,225,330,239,249,174,161,217,164,207,230,211,184,257,163,166,158,164,170,195,166,277,186,173,258,282,217,254,258,283,300,262,194,254,161,175,248,196,192,191,176,331,218,186,277,190,266,162,228,207,179,194,163,101,129,124,118,181,252,135,215,216,306,143,133,196,224,260,300,192,146,149,218,207,131,282,203,248,204,203,264,169,179,245,212,241,215,203,213,228,224,136,168,228,217,215,262,202,251,136,315,192,232,99,201,293,152,181,212,261,237,235,227,327,223,152,196,139,147,135,273,261,301,246,221,139,282,148,180,206,167,200,129,188,185,277,201,151,243,231,196,206,173,235,322,279,253,316,192,143,280,129,190,160,212,351,254,295,249,250,397,239,211,133,198,144,191,195,192,193,219,161,189,166,228,287,194,245,157,223,248,353,266,185,270,222,264,195,200,266,194,152,187,209,241,216,207,192,197,260,420,181,223,151,218,190,248,200,163,157,105,120,203,219,183,240,231,249,286,146,160,244,216,281,276,196,240,254,143,204,153,204,161,183,188,215,253,189,208,132,346,212,147,277,218,289,143,293,221,275,198,252,263,247,277,195,209,226,192,164,278,292,275,158,206,192,224,172,195,177,291,227,208,191,251,379,143,241,217,205,344,195,251,241,236,268,144,198,254,193,194,134,147,177,186,222,227,213,233,198,342,197,229,293,167,192,214,227,168,128,273,202,170,240,272,282,165,161,211,204,331,127,276,212,162,307,225,216,258,175,114,210,269,253,192,298,352,197,164,157,85,210,285,162,162,280,203,248,285,150,175,306,194,228,157,124,162,238,206,217,214,217,197,207,170,208,180,205,149,195,195,119,239,222,206,273,276,187,286,288,142,269,226,149,268,215,201,344,117,163,196,262,188,144,154,219,167,330,205,323,212,151,317,183,189,164,250,259,232,252,206,238,150,170,175,172,216,156,165,295,162,157,265,238,146,261,217,218,251,285,273,333,182,168,226,129,240,231,192,206,311,176,218,163,222,373,280,242,205,218,230,149,219,133,205,257,150,234,192,172,224,277,135,196,309,202,153,207,108,220,250,253,322,268,224,188,174,290,241,134,149,227,144,360,207,196,192,232,301,255,187,189,216,300,184,349,256,196,121,186,336,220,286,224,151,207,210,187,174,206,307,220,171,250,315,262,204,202,200,180,256,193,171,265,323,220,146,271,261,247,186,205,184,198,163,174,134,116,169,204,176,302,179,221,222,126,162,249,282,203,113,232,168,303,187,148,189,266,274,195,244,167,163,289,181,197,161,91,229,210,185,196,146,393,211,169,231,276,185,266,320,221,259,223,206,235,198,176,163,156,220,201,146,162,251,350,122,317,192,212,198,98,294,284,319,196,262,228,207,212,164,243,235,215,136,208,231,305,173,262,168,223,268,190,154,132,213,146,252,240,281,204,124,205,244,266,221,278,282,231,118,198,123,165,250,197,185,202,219,248,205,144,234,237,177,224,188,204,174,237,198,231,231,219,90,259,227,348,192,277,184,222,155,251,250,260,286,293,127,189,262,379,157,187,260,193,273,118,224,219,155,143
186,166,169,276,190,210,124,262,142,184,178,199,203,229,252,247,233,310,273,171,254,169,146,189,229,200,156,132,255,176,235,251,167,204,211,223,195,174,270,273,320,232,241,214,288,257,162,170,211,89,187,168,159,207,224,165,161,209,233,209,208,169,240,134,320,210,347,206,194,178,205,244,183,154,143,298,157,221,136,145,173,256,192,141,188,181,257,136,213,218,206,153,233,146,120,192,236,205,212,259,170,257,295,240,313,192,200,247,260,224,216,197,179,187,233,232,226,184,176,139,318,200,238,241,114,194,119,158,189,191,254,176,291,173,167,215,215,246,319,307,161,228,151,202,180,165,135,399,219,290,212,158,166,259,214,194,281,286,202,275,220,295,182,102,133,105,291,148,200,182,278,191,290,312,169,181,229,153,219,216,220,274,310,219,240,340,143,211,247,308,216,253,215,252,323,170,262,263,148,285,234,189,301,189,273,149,282,212,248,286,296,75,154,158,276,177,211,156,288,251,162,218,256,250,154,292,165,148,226,221,144,255,186,187,168,277,220,214,156,78,220,236,234,267,162,172,182,157,157,267,180,237,234,117,222,266,220,192,195,222,148,239,293,159,344,229,263,198,220,122,178,189,236,192,221,270,188,146,179,158,147,214,257,259,287,131,249,247,192,137,261,235,260,122,198,191,341,155,179,206,240,240,261,159,190,212,204,286,212,193,346,238,246,149,181,218,197,207,228,226,200,263,177,158,175,171,125,186,184,311,202,189,237,364,223,272,266,270,300,260,203,244,192,185,243,175,203,167,172,341,243,184,272,200,262,164,234,197,170,210,163,103,114,153,102,199,236,128,201,217,314,140,130,216,224,323,287,188,120,152,273,205,120,284,193,265,223,240,270,174,211,260,219,224,201,175,193,238,220,166,192,267,234,233,256,200,262,138,334,213,260,82,196,284,141,190,226,273,269,251,248,319,234,140,216,141,139,144,275,249,288,257,207,120,254,179,186,218,148,219,149,170,198,282,198,137,235,245,216,215,168,219,278,271,251,308,215,154,296,145,196,159,246,344,274,307,246,237,378,266,230,139,192,159,199,186,221,218,198,165,201,186,212,260,215,273,164,237,264,383,233,209,274,239,252,204,217,271,206,165,191,198,228,241,201,189,175,258,404,188,231,187,243,182,208,205,157,184,110,145,240,193,185,220,198,238,298,118,117,291,242,283,248,222,239,274,157,228,166,223,154,202,178,190,238,188,248,134,352,209,152,289,196,261,139,290,256,253,204,271,240,244,285,187,194,265,170,167,299,306,302,146,202,166,213,179,197,184,286,274,202,199,256,409,168,223,230,246,342,186,271,260,241,255,143,180,270,210,185,142,143,165,180,255,217,202,257,224,344,192,194,316,172,215,241,230,149,116,243,201,184,216,283,279,136,149,204,228,330,116,277,249,137,325,275,210,207,190,112,221,296,264,209,347,372,223,215,180,85,232,273,153,162,272,219,235,308,170,182,338,238,244,190,141,177,242,227,204,252,187,222,216,185,201,225,217,158,202,202,99,252,218,237,285,281,215,249,293,134,285,242,164,306,253,212,341,138,158,200,285,186,169,173,216,181,324,215,329,246,183,320,157,202,168,259,280,263,309,190,261,116,170,173,179,231,154,164,275,144,170,260,227,172,262,208,215,276,282,286,343,197,160,237,132,247,215,179,186,277,174,236,162,217,374,275,300,184,210,232,174,199,151,206,238,153,237,218,167,236,279,121,224,291,210,148,222,129,221,279,252,313,270,226,205,165,298,217,123,176,216,162,404,227,198,185,248,351,289,172,204,237,289,196,332,252,229,130,192,312,197,294,252,164,195,199,197,186,216,301,238,193,252,277,236,209,191,198,178,220,192,178,297,278,233,171,277,262,247,199,214,197,225,171,162,147,147,187,207,165,322,203,258,224,138,182,253,290,213,98,239,166,256,176,144,185,273,257,189,270,185,209,289,199,213,160,107,293,249,173,185,154,414,244,180,248,283,172,264,322,219,228,213,174,209,184,183,168,172,227,218,149,143,226,370,109,331,213,196,213,128,294,310,361,186,272,225,229,215,154,262,228,222,130,181,254,293,192,243,176,227,281,225,157,120,235,128,214,234,298,186,126,228,221,302,227,308,273,225,144,209,145,175,301,218,155,205,179,255,227,166,229,276,191,207,191,232,186,243,221,207,276,200,73,281,220,388,190,257,185,207,169,231,257,284,293,281,109,228,286,312,169,198,318,181,307,131,240,232,184,147
180,173,163,237,187,200,109,260,114,194,162,189,208,221,261,199,226,336,256,138,237,178,135,193,225,218,139,121,219,173,219,236,180,183,216,183,179,185,280,233,316,237,249,206,245,261,137,172,214,98,169,169,177,204,233,147,160,183,224,216,189,161,237,149,304,214,285,182,197,180,202,230,144,165,130,287,146,212,161,126,156,238,191,155,185,178,246,122,199,204,180,149,222,123,122,182,196,205,190,249,174,252,297,218,243,183,208,224,227,196,174,205,204,195,207,214,218,181,172,147,309,208,264,249,125,201,118,160,192,198,209,149,287,185,157,201,188,219,323,310,152,237,139,216,168,156,116,315,240,295,226,148,157,268,209,205,272,311,194,283,224,296,152,86,134,111,246,153,202,191,234,195,285,282,176,178,247,152,226,218,192,268,318,195,217,311,121,159,220,292,211,219,223,230,308,175,267,239,106,259,237,181,260,184,273,134,220,193,191,245,253,75,168,146,251,185,204,165,304,220,148,230,237,206,161,291,143,151,244,201,135,200,196,200,158,269,224,200,153,73,209,222,208,240,143,162,182,152,170,285,163,206,180,100,224,259,225,162,189,206,139,229,245,132,325,231,229,181,191,137,139,152,230,176,224,224,163,164,155,130,142,164,251,241,290,129,204,231,207,116,222,252,239,137,199,188,335,169,193,215,235,240,226,170,178,159,189,287,205,182,317,221,235,158,195,210,163,212,223,213,173,237,155,159,169,186,144,174,164,277,186,186,251,282,215,260,227,256,294,258,177,239,176,156,230,166,214,165,175,374,241,206,268,212,245,151,222,213,168,193,155,103,114,128,130,167,253,114,184,187,313,137,116,166,185,312,310,193,137,140,179,192,113,229,180,218,219,256,262,181,182,212,203,223,218,173,195,235,203,128,189,231,193,214,256,200,269,138,288,200,246,75,194,288,125,168,183,250,232,250,241,281,229,126,201,135,155,127,254,247,267,224,220,119,269,184,205,201,165,215,150,145,203,254,208,161,231,241,218,226,210,234,271,295,240,313,186,131,313,166,197,175,218,293,238,269,190,233,376,250,197,140,171,130,187,161,198,195,174,182,180,158,224,250,232,270,138,197,274,336,261,196,316,242,250,189,221,300,207,170,204,190,220,236,171,161,172,213,393,172,204,171,250,171,198,196,153,181,98,106,239,214,199,204,170,208,260,138,141,299,214,289,256,220,229,215,150,215,146,221,159,215,171,153,247,186,219,151,287,213,158,263,186,218,124,249,251,240,208,265,237,224,276,168,206,248,170,164,267,307,278,163,226,182,222,187,187,169,255,237,195,178,267,401,159,243,203,200,313,170,200,270,226,271,140,162,276,208,171,141,142,154,194,252,237,186,249,199,299,194,194,318,175,205,192,281,138,113,261,211,174,206,288,285,153,148,204,186,321,119,253,197,153,319,253,219,200,166,111,210,291,236,196,324,327,208,161,189,66,189,259,162,152,292,205,200,262,154,169,338,192,229,181,142,177,258,210,211,232,180,199,192,179,184,207,209,145,215,193,110,224,189,235,287,269,203,234,271,140,259,212,146,285,204,191,328,140,144,179,271,170,142,165,187,155,332,201,335,229,183,281,188,200,144,224,244,247,286,193,243,107,153,142,146,227,147,171,267,144,179,258,252,158,249,181,238,247,281,277,334,189,154,226,142,254,182,188,207,266,203,192,185,220,366,241,253,156,220,228,151,231,142,182,210,142,215,207,178,205,287,105,201,256,190,144,226,95,206,321,245,273,246,220,180,166,281,238,121,162,218,150,327,195,177,193,239,312,281,157,202,178,290,204,335,221,211,119,203,312,183,288,227,125,194,178,170,185,208,312,218,150,238,270,239,185,185,214,158,224,205,165,270,305,212,124,269,238,232,186,182,191,207,181,189,142,141,168,190,154,273,197,259,199,157,197,236,252,189,95,208,190,258,144,133,191,249,277,176,259,179,181,274,179,193,149,91,218,216,187,173,149,409,211,152,258,271,198,275,250,179,218,181,205,212,202,198,161,188,210,210,147,148,205,306,130,299,251,206,202,98,272,305,324,169,260,199,204,218,133,245,218,199,128,208,247,290,160,250,138,196,250,213,149,131,194,125,210,234,260,189,119,201,215,283,193,283,227,215,102,210,125,164,280,210,168,213,222,227,216,139,195,246,173,190,182,213,174,236,193,224,269,212,92,244,201,342,207,264,182,196,169,246,233,255,295,265,122,216,259,315,170,186,258,178,263,136,253,196,154,139
211,177,156,256,162,188,135,245,156,181,182,203,204,219,244,203,252,362,273,177,248,188,126,210,219,209,154,118,212,151,212,247,204,206,242,229,182,198,317,217,302,238,261,203,271,231,159,207,207,91,185,168,210,220,247,144,163,187,245,200,186,179,231,153,278,240,348,211,213,166,201,243,130,146,147,282,128,205,138,126,136,244,207,152,183,174,238,157,199,175,183,142,213,158,114,199,210,203,183,268,188,236,278,236,266,187,206,253,217,238,210,220,186,208,208,223,211,188,154,134,320,192,259,246,146,217,111,149,187,217,214,153,294,176,161,171,206,238,303,332,149,272,135,211,181,144,138,302,246,294,232,156,164,301,217,177,259,295,201,238,211,293,185,85,116,109,273,156,203,188,234,217,266,278,193,152,206,178,217,213,198,292,324,233,228,297,130,182,224,322,225,226,208,229,298,179,288,237,137,233,246,193,276,194,263,137,231,220,209,278,280,62,158,148,242,181,242,141,306,231,177,239,227,250,153,264,159,164,255,212,126,223,212,188,173,297,239,208,145,74,198,229,219,243,130,162,207,149,149,299,148,221,185,95,241,266,239,154,172,190,150,243,244,119,353,183,248,167,207,138,166,150,242,202,238,224,151,135,174,152,142,199,246,256,261,156,203,222,198,140,261,256,252,126,214,187,335,175,195,211,253,238,244,146,158,191,202,282,200,203,323,240,247,150,212,231,196,204,226,224,172,255,168,155,190,150,158,171,194,296,209,163,239,319,216,246,240,285,298,261,208,239,185,176,246,166,194,167,172,357,240,211,257,217,240,136,255,223,159,201,133,112,104,160,130,193,278,140,182,187,296,130,110,187,196,284,267,197,141,134,241,201,127,232,202,228,208,236,280,169,194,266,230,253,206,184,185,218,223,150,177,235,217,208,230,176,293,128,308,225,271,73,195,301,121,170,194,261,266,264,266,271,232,124,219,134,117,136,248,252,299,250,193,107,235,197,200,176,169,212,142,140,178,249,221,142,244,241,218,206,198,238,290,270,273,315,193,123,302,171,178,153,224,318,260,277,193,253,378,272,195,137,172,140,203,173,187,198,197,185,186,175,250,242,211,284,177,249,274,394,254,238,290,215,256,181,197,293,205,143,171,164,220,250,209,174,174,268,412,192,235,171,233,173,225,210,148,215,104,106,230,208,173,213,202,200,263,117,147,303,246,278,246,215,265,238,155,239,163,215,163,223,175,179,270,207,237,140,342,205,139,309,186,223,136,251,270,242,225,269,230,228,263,191,214,232,163,189,251,324,276,124,192,196,225,188,187,174,244,248,209,173,236,434,164,237,221,228,318,182,221,241,240,249,150,168,241,208,142,147,131,142,172,262,207,160,258,190,348,200,192,313,157,208,225,249,144,101,240,216,181,214,267,289,147,193,231,178,318,112,251,192,146,309,255,234,206,179,89,254,297,243,204,309,320,178,196,169,84,191,238,158,173,261,230,224,276,151,182,349,216,222,190,176,156,241,224,195,253,188,234,226,190,184,194,236,135,215,206,99,238,224,234,273,288,207,262,264,136,258,226,132,342,225,230,345,131,185,184,287,174,183,171,192,177,341,221,327,235,175,258,151,220,154,230,252,261,271,188,276,128,160,167,160,228,151,175,274,156,177,255,246,172,262,186,214,245,265,265,342,180,151,243,146,220,183,191,189,282,206,226,198,238,379,257,274,159,209,275,141,233,142,196,232,151,216,205,205,225,274,120,205,280,188,134,239,107,215,302,243,312,243,233,196,179,271,233,117,181,200,168,308,191,202,187,300,327,271,199,176,205,312,223,351,222,224,102,211,269,225,297,216,153,216,187,174,180,214,306,234,169,228,312,231,162,213,218,160,188,188,158,263,269,203,157,255,262,238,184,187,165,217,157,169,169,143,164,214,140,309,213,256,228,172,188,259,239,197,92,212,165,271,166,120,189,248,292,198,263,179,195,266,184,183,165,105,246,256,203,170,146,463,206,128,269,285,181,254,259,192,225,204,191,222,222,207,149,193,222,195,136,159,206,357,128,316,255,192,191,96,269,354,337,183,238,219,169,229,145,270,217,194,141,215,262,297,176,262,141,207,271,185,157,121,244,147,225,249,265,195,132,212,244,296,208,304,236,209,132,184,118,157,268,210,143,220,179,232,210,150,210,248,197,205,180,202,165,211,208,205,261,189,90,281,215,307,196,280,197,200,157,242,237,219,305,254,97,202,233,287,137,206,283,199,317,124,278,222,144,146
169,188,157,237,171,189,122,281,130,151,185,184,175,256,242,170,233,341,251,180,249,178,120,181,221,198,133,121,214,130,222,205,213,201,198,195,183,214,306,217,296,257,273,191,252,277,140,177,204,111,166,150,228,272,239,133,152,201,201,248,159,150,210,147,279,246,335,186,216,146,203,205,161,152,135,286,122,201,135,155,138,254,215,133,208,160,253,136,175,171,211,134,196,127,118,183,204,199,174,314,173,223,284,214,252,180,235,251,223,247,206,223,211,215,202,185,202,207,151,123,345,206,258,251,97,221,112,163,206,190,159,153,317,155,173,166,201,242,314,343,154,259,139,214,170,152,132,269,231,282,233,149,169,292,208,160,262,279,211,260,219,269,161,82,115,124,268,152,228,184,254,211,268,282,168,172,216,157,216,205,212,253,350,233,244,305,126,172,213,296,224,231,246,214,323,168,254,248,123,253,233,177,283,170,273,149,254,170,197,217,258,65,164,144,238,193,224,130,281,244,167,250,232,251,141,267,163,146,208,207,133,222,201,181,189,322,266,207,142,68,201,233,188,222,152,157,184,147,159,295,161,188,178,84,224,257,241,141,179,185,126,234,199,117,345,192,247,194,175,161,155,127,260,159,227,227,137,145,165,158,120,210,237,247,258,164,207,234,207,117,275,278,227,139,219,212,328,190,188,232,270,252,254,169,145,169,201,294,240,205,312,268,231,160,180,219,184,190,218,210,166,263,137,155,194,161,169,155,189,329,186,179,226,262,226,237,232,231,305,298,174,240,211,168,272,188,228,153,139,356,241,227,280,213,235,147,254,189,171,213,156,105,96,166,148,168,279,121,193,186,282,124,126,227,185,272,248,189,134,168,228,215,125,232,191,255,249,212,240,177,188,248,213,250,201,192,198,205,242,127,198,215,197,194,208,181,258,132,258,245,237,64,180,290,128,150,202,240,273,234,242,271,225,153,193,133,163,137,243,265,310,253,187,105,233,197,206,221,134,197,130,139,186,241,229,157,231,249,199,216,187,225,278,290,257,307,189,121,300,183,174,157,251,303,249,266,235,244,389,258,211,148,186,114,200,168,157,174,210,189,178,168,235,217,225,275,139,255,250,336,296,222,283,244,254,197,208,273,217,150,166,172,240,228,184,179,177,226,386,196,217,162,230,179,199,196,151,201,114,123,248,209,174,205,182,196,273,124,129,276,222,252,272,228,251,231,178,222,149,233,159,224,180,166,255,205,247,143,311,197,144,302,185,199,133,266,260,226,222,263,225,250,251,177,162,247,133,157,249,317,271,140,191,188,200,173,155,171,246,226,207,183,288,416,180,228,221,225,293,179,220,251,210,260,154,153,258,192,156,152,126,127,162,260,192,158,262,211,342,191,178,271,153,218,220,226,141,110,239,197,194,222,270,247,157,158,218,188,284,121,221,211,164,288,219,227,182,182,128,215,333,212,227,336,322,192,181,163,76,193,282,172,165,269,214,215,296,146,176,351,220,233,189,158,157,264,258,219,207,176,220,193,160,175,195,223,117,207,217,111,205,206,267,241,301,208,254,255,180,291,203,144,347,244,191,396,135,147,161,290,146,155,143,200,166,324,233,293,210,176,288,162,175,159,229,218,261,262,189,246,138,164,155,156,195,176,161,234,142,133,261,236,198,223,180,211,259,273,281,325,165,175,224,161,226,193,182,190,252,166,193,192,216,376,244,258,155,215,261,175,215,99,158,201,143,230,212,215,187,290,109,188,253,190,146,240,112,222,279,238,305,208,250,225,156,250,214,127,177,189,150,322,211,211,185,296,338,270,157,157,220,274,234,338,227,237,99,182,266,236,286,204,149,206,178,171,167,217,271,225,145,243,295,227,158,188,203,183,222,182,195,285,250,203,133,248,276,237,207,200,187,233,169,178,149,147,163,194,163,309,209,272,193,165,188,266,258,202,94,240,201,258,177,118,184,241,265,182,249,158,192,242,188,206,132,109,223,236,224,145,130,393,192,152,247,242,184,260,232,200,214,174,199,222,206,201,147,195,196,204,151,126,197,302,128,310,228,211,155,85,272,323,329,163,258,226,215,224,157,253,246,204,126,251,264,290,189,252,132,159,236,195,173,157,240,144,226,240,253,180,148,200,260,269,188,251,231,187,126,185,134,145,290,237,155,219,175,213,180,159,212,241,196,183,197,224,141,226,195,235,245,208,87,255,171,303,211,292,185,179,144,235,218,241,296,242,101,194,242,284,155,193,239,187,304,122,268,194,150,150
141,147,131,214,143,168,92,231,118,137,162,211,158,226,213,140,212,317,198,191,219,158,121,156,193,191,133,110,227,133,183,212,187,155,193,172,137,227,316,175,258,223,266,171,240,210,148,165,168,82,163,137,197,228,196,112,142,157,184,188,168,148,193,145,258,173,287,161,185,120,195,200,121,116,113,248,121,190,126,159,112,223,189,123,165,154,196,114,144,139,168,143,197,133,119,179,167,165,140,250,158,195,268,197,222,153,201,205,207,195,170,182,168,165,182,159,153,162,151,132,285,210,235,229,117,176,91,126,153,167,151,159,267,194,151,143,191,186,251,242,134,213,126,183,143,125,107,210,216,255,209,131,137,264,190,161,248,257,182,194,178,256,165,80,83,124,256,122,191,141,239,180,235,230,188,149,198,140,184,209,185,232,280,186,228,260,100,162,209,288,248,214,188,195,267,145,255,196,124,225,237,153,239,174,212,111,245,166,179,215,224,62,147,131,231,179,218,118,263,225,150,227,190,248,136,227,141,129,238,188,125,192,187,168,151,244,194,169,142,62,178,202,171,209,135,140,163,114,114,267,128,178,148,70,231,251,205,127,153,164,121,220,211,103,317,166,246,139,173,120,110,132,212,174,227,188,127,115,162,117,106,161,208,230,245,131,176,206,177,110,237,258,216,127,201,147,288,174,153,197,230,203,218,135,142,177,192,271,195,182,278,217,209,148,164,199,167,205,190,200,159,226,131,144,171,121,145,155,184,301,164,150,225,294,173,209,202,220,270,249,184,201,169,126,233,193,176,147,136,286,216,217,257,204,230,117,197,167,147,179,119,96,98,170,119,135,242,115,172,159,233,122,99,184,197,226,217,181,113,147,202,176,105,181,204,232,211,193,228,166,181,230,172,216,204,186,168,164,226,138,152,168,166,164,167,148,242,99,242,181,234,64,182,290,118,158,196,217,219,215,232,242,214,111,181,109,124,127,227,226,277,226,177,84,212,189,197,195,129,177,124,134,166,229,194,141,214,207,191,206,189,175,242,240,215,308,173,96,284,166,137,128,206,271,184,256,195,240,319,232,181,131,170,115,213,142,141,188,156,184,138,146,231,201,198,251,142,255,207,344,237,167,235,198,210,152,152,230,171,123,152,121,211,227,190,202,188,205,345,184,161,149,222,161,191,193,153,189,89,86,217,180,156,200,173,172,225,94,120,239,230,200,220,166,206,174,136,202,129,202,144,178,150,143,247,153,197,120,263,180,120,271,191,185,111,198,215,226,190,242,195,190,226,154,178,221,116,157,235,285,230,124,189,162,201,157,151,155,201,212,192,164,217,343,159,220,168,199,236,144,219,256,175,231,128,137,233,171,116,121,129,143,142,244,182,155,206,180,299,177,177,246,152,173,193,227,138,99,202,180,165,175,253,275,157,146,230,150,243,133,217,186,134,252,186,180,160,133,120,203,254,215,195,301,274,150,166,125,78,170,272,172,148,241,206,201,268,145,131,337,187,211,178,138,134,207,210,190,169,180,178,176,150,188,160,226,149,173,166,85,177,181,231,235,279,182,239,256,155,260,213,125,304,192,232,362,120,117,174,236,155,125,103,167,165,279,196,300,206,147,231,145,191,133,198,199,238,239,175,225,119,125,142,123,149,155,143,205,130,147,245,223,169,206,164,206,224,245,230,340,161,182,186,154,221,202,146,148,240,170,186,160,164,310,198,277,144,206,265,148,190,117,161,147,114,179,191,183,181,231,130,194,211,190,155,232,97,198,255,203,254,187,222,189,139,255,195,122,151,210,129,253,182,179,138,241,293,238,142,145,184,240,203,279,196,188,82,191,225,189,257,200,147,192,174,171,167,201,271,178,120,201,254,207,139,181,199,143,201,168,167,211,263,180,130,199,244,194,180,159,156,222,168,159,144,138,158,200,130,279,223,248,184,128,175,266,209,191,103,172,166,248,138,113,164,210,254,167,249,144,155,203,152,188,128,93,212,203,168,146,141,338,176,139,232,243,199,197,220,190,176,164,199,163,168,173,144,169,171,183,123,147,205,264,127,258,249,191,119,104,257,290,295,155,236,193,184,216,132,224,200,182,129,203,257,275,132,227,114,167,231,171,155,122,188,148,210,234,213,156,114,182,234,236,182,245,197,178,121,185,104,149,247,215,135,221,176,208,178,122,196,227,176,191,173,188,147,199,161,233,258,170,70,213,177,259,196,260,180,154,112,194,196,189,252,218,93,173,213,257,143,183,221,147,270,122,280,188,144,130
156,155,164,240,144,186,112,255,112,161,174,227,165,255,206,178,231,306,248,203,267,172,130,181,187,238,167,110,221,129,181,219,229,169,234,215,168,225,332,194,319,249,299,193,262,258,144,210,201,97,165,161,223,235,221,129,148,168,218,235,180,168,230,175,254,248,326,182,206,133,233,193,152,130,137,227,115,192,139,146,135,248,195,152,223,149,210,118,173,158,192,150,198,159,173,174,188,197,169,255,180,213,294,190,298,170,194,249,226,242,181,203,188,174,172,161,171,167,156,133,338,214,272,274,122,179,106,140,189,159,169,143,282,198,148,193,220,240,288,280,136,216,131,198,158,154,96,250,206,295,221,119,175,279,205,186,267,314,200,232,244,272,156,78,100,114,301,143,225,174,311,198,241,282,179,169,210,155,162,206,197,237,313,257,242,304,119,170,208,310,230,257,213,219,293,174,250,211,112,252,224,149,246,161,268,148,271,178,192,235,235,80,144,138,251,172,214,118,248,210,159,258,190,287,147,259,179,141,236,192,150,206,197,176,150,305,233,224,136,70,203,201,173,216,134,157,180,136,127,303,133,195,185,90,246,302,260,146,154,193,141,260,208,114,356,205,290,212,153,153,143,135,241,188,256,236,135,144,156,130,118,199,232,241,293,140,187,196,224,147,251,256,214,138,190,190,324,186,156,236,247,245,214,129,160,168,223,308,203,197,306,222,218,136,154,209,177,212,248,201,168,248,139,158,179,136,133,159,176,285,171,141,255,263,216,227,216,258,293,289,235,224,177,154,265,218,178,162,132,311,218,241,242,217,241,175,243,185,194,206,130,99,94,193,130,146,275,110,179,162,258,108,90,214,167,243,244,187,162,153,232,168,128,218,246,232,247,199,224,167,186,222,204,232,202,196,198,209,269,135,158,192,157,174,190,143,287,128,286,216,267,57,195,311,139,169,206,234,260,241,266,230,215,147,188,123,179,158,294,278,296,261,201,101,237,198,193,209,146,200,150,159,175,257,195,165,197,230,210,183,193,201,266,277,261,340,182,103,320,161,145,144,223,296,234,257,221,270,323,263,191,135,195,118,212,181,152,179,181,188,155,144,225,228,202,231,128,264,223,351,265,210,261,224,259,189,177,275,171,118,157,161,218,222,215,199,173,255,403,180,169,164,206,186,207,207,149,166,98,88,206,195,155,193,193,188,261,118,132,262,242,205,288,175,238,216,148,221,178,199,187,201,159,155,239,176,247,146,290,209,132,319,162,166,108,244,220,232,218,228,254,206,228,138,165,228,130,168,253,296,229,135,191,182,211,168,172,180,229,244,173,185,224,375,157,241,195,212,283,141,229,265,180,270,128,167,257,190,139,145,143,144,157,256,212,135,234,204,296,195,213,258,197,205,196,228,135,109,230,175,200,225,263,282,167,173,223,179,274,125,227,205,131,255,206,192,178,143,113,219,344,240,203,365,328,152,179,145,90,178,303,150,174,247,209,217,302,153,191,370,193,194,185,146,143,240,243,204,187,175,216,188,169,191,172,263,151,225,200,96,175,211,216,259,281,203,239,240,157,256,199,150,344,222,217,380,133,172,193,245,186,125,126,187,185,312,190,309,222,180,250,180,196,160,227,204,253,214,188,219,129,175,136,126,189,207,162,231,136,123,262,216,193,228,176,207,228,277,238,374,182,176,198,178,206,207,184,161,227,154,167,190,199,341,207,240,160,206,272,178,218,109,178,180,108,182,201,188,187,274,141,210,268,185,170,223,98,216,289,232,268,206,250,205,137,256,219,123,183,197,141,340,185,210,142,299,309,244,161,173,217,273,246,277,201,224,96,206,267,218,299,178,151,230,161,162,194,245,262,210,141,230,311,248,164,182,215,191,226,172,184,236,281,207,141,229,245,195,202,179,166,239,171,185,141,143,149,185,136,325,189,241,201,166,185,257,250,179,123,235,192,253,154,148,178,237,303,209,248,149,192,228,172,208,169,112,238,229,198,145,153,404,214,141,229,248,224,228,246,193,243,158,203,181,179,177,137,202,210,206,143,149,211,311,126,305,257,231,156,105,308,345,298,140,266,205,183,234,166,252,191,185,116,227,267,281,157,247,140,174,243,167,151,124,232,123,184,240,222,190,115,209,243,233,179,261,207,216,156,174,129,141,298,244,156,241,204,216,192,131,189,263,182,220,196,213,155,179,208,245,242,203,84,249,167,250,212,303,164,149,161,206,238,254,279,224,96,197,236,278,169,181,254,143,280,134,306,205,136,142
149,166,152,228,162,172,114,235,111,146,176,217,146,226,202,155,212,278,228,196,220,194,132,182,172,208,144,81,221,114,172,222,212,165,210,188,170,229,325,191,277,217,307,221,250,255,130,165,167,88,148,143,200,237,210,140,137,141,191,208,188,155,203,130,267,211,297,169,205,108,231,170,142,145,110,255,126,213,138,172,147,221,181,113,183,179,239,124,163,178,188,134,174,127,133,160,184,185,124,274,180,203,285,188,294,163,197,244,214,231,177,179,181,183,186,141,166,173,147,117,322,200,243,262,124,172,102,127,164,139,170,150,297,193,184,185,215,201,225,278,140,188,115,201,167,143,89,231,233,273,237,122,150,299,199,150,275,287,168,254,205,269,132,80,102,104,306,143,177,135,257,198,219,258,158,139,196,152,165,193,169,213,284,245,219,310,107,163,198,268,212,227,208,185,270,172,231,211,118,240,241,129,235,135,261,144,269,182,179,224,220,71,152,122,253,162,210,130,231,213,174,206,223,258,147,240,141,129,204,169,134,212,178,204,150,284,208,212,106,82,183,211,171,243,140,147,148,110,144,279,132,207,149,62,217,239,230,128,134,159,139,237,205,99,356,189,259,197,172,146,151,126,230,170,282,197,131,122,154,106,113,218,234,238,258,173,179,234,189,107,250,241,209,132,204,184,297,162,189,213,206,201,256,113,135,162,192,250,186,195,328,233,213,118,145,224,183,223,216,212,167,249,145,162,178,142,146,188,190,283,162,133,241,272,170,201,223,231,283,264,226,262,190,129,251,195,183,154,140,305,236,226,214,199,265,150,230,170,147,183,113,90,102,200,122,136,265,105,162,145,212,111,85,180,158,248,252,173,128,136,256,189,121,214,187,206,239,177,219,161,165,252,219,203,221,148,184,195,233,131,127,163,154,150,195,163,235,143,273,209,225,73,180,287,121,164,184,235,266,233,256,227,187,115,158,103,157,121,298,241,257,257,193,87,224,180,180,200,137,190,145,152,160,215,165,152,186,197,191,170,189,174,267,270,246,321,192,86,271,145,138,129,231,285,217,253,223,242,302,226,182,123,183,107,185,167,132,176,171,206,157,140,225,191,191,222,144,249,209,348,244,171,238,193,241,179,192,265,158,123,150,135,215,215,185,195,172,260,362,174,142,168,199,145,195,215,149,171,103,95,205,185,146,208,180,156,247,112,103,248,234,233,258,164,212,180,133,240,136,218,164,175,196,161,256,156,227,126,266,211,124,297,154,175,102,241,222,224,175,229,237,201,194,136,185,233,108,153,248,289,258,108,191,174,204,187,180,189,215,228,182,167,242,379,153,244,176,184,268,135,260,250,163,236,119,135,223,188,115,119,144,156,164,238,199,157,235,183,302,155,168,250,182,191,192,295,130,136,220,183,183,189,273,276,168,153,203,199,259,125,197,201,137,294,232,187,168,153,111,174,301,231,220,337,310,149,194,126,80,148,277,154,173,204,195,254,273,140,164,340,200,206,189,127,134,198,236,223,175,171,231,185,175,162,159,264,153,185,168,98,147,192,228,244,270,192,210,220,160,271,217,124,334,199,192,406,125,172,200,227,146,122,93,184,179,294,174,293,223,167,232,156,202,133,209,196,259,262,186,198,143,166,140,98,181,165,156,232,117,156,248,255,178,212,158,209,245,224,225,355,176,151,153,170,230,210,172,157,258,158,164,183,178,344,211,269,157,210,263,163,201,126,161,166,105,189,174,189,168,218,127,202,246,179,150,208,84,208,249,188,250,177,249,209,170,227,220,125,182,190,136,320,202,168,146,271,281,245,168,131,234,261,196,274,216,166,100,183,246,205,255,174,149,196,169,148,168,223,281,205,168,217,270,252,147,174,208,182,198,158,148,242,267,191,118,188,238,207,171,170,177,216,199,180,130,134,148,175,144,306,198,259,189,157,149,251,239,188,106,202,197,229,138,110,170,204,340,197,259,154,155,181,154,200,144,116,235,207,187,143,147,363,208,128,231,205,203,229,203,214,256,150,152,179,175,190,130,208,209,172,134,157,184,302,125,312,223,175,143,115,273,292,268,154,261,160,191,214,157,220,173,203,111,240,296,283,138,244,118,150,231,184,173,146,215,125,188,238,219,156,130,192,234,234,178,222,209,189,114,163,121,132,263,226,142,234,152,216,195,131,213,243,197,197,211,196,134,181,195,248,286,168,73,232,155,256,188,275,157,161,132,191,218,243,261,209,109,184,215,266,159,187,253,142,268,138,282,184,155,128
148,167,163,238,151,225,132,253,107,140,163,258,165,261,179,166,235,297,237,222,232,187,121,176,186,237,135,110,240,118,187,229,201,159,216,196,166,236,321,163,306,215,284,184,254,274,128,173,193,85,158,148,212,252,226,143,123,161,201,218,175,169,178,143,290,222,329,174,219,120,243,157,149,142,119,226,131,207,136,174,145,199,160,109,183,166,229,150,176,205,210,136,191,137,165,141,189,196,168,242,184,205,268,209,285,167,206,244,236,239,194,215,185,163,174,160,199,155,167,131,330,187,271,276,129,184,107,146,170,132,203,149,267,204,183,204,202,243,274,294,141,201,133,173,176,156,81,238,229,302,212,119,151,285,198,197,291,308,193,265,222,275,120,83,102,108,264,143,188,163,246,220,233,269,183,142,201,139,155,199,168,210,273,254,248,326,122,167,179,276,213,230,210,192,271,152,257,192,95,253,248,162,261,183,275,153,239,172,182,215,215,82,163,138,242,174,215,121,237,215,179,217,181,273,153,249,142,131,201,185,131,184,146,188,136,297,215,213,123,76,197,218,177,210,132,160,173,115,142,266,134,202,161,94,208,250,261,123,142,178,130,244,237,112,344,207,236,161,172,142,144,114,218,189,288,223,137,137,143,155,101,215,240,257,267,159,164,226,225,137,241,265,204,150,216,177,294,171,171,246,231,195,248,126,156,170,211,281,186,214,291,248,251,119,174,199,171,227,271,261,168,227,168,152,179,157,147,177,189,289,160,145,237,242,199,222,200,260,297,298,240,248,182,129,249,185,179,152,138,256,194,219,193,206,286,178,222,189,165,185,120,92,145,166,136,136,254,96,145,156,261,89,83,183,170,255,247,171,139,157,237,165,114,217,238,226,239,182,201,177,179,242,203,231,237,167,174,177,272,145,132,178,184,167,207,148,228,149,277,218,229,82,182,302,139,175,226,203,317,256,274,252,226,118,174,116,178,122,285,263,274,273,178,101,234,199,189,216,132,190,151,162,180,244,202,175,171,228,214,161,201,175,254,256,245,322,189,90,303,156,175,142,223,278,214,241,222,265,272,245,201,115,162,121,193,166,123,164,168,210,158,142,185,213,195,254,138,265,205,364,232,182,270,215,270,178,143,269,153,140,149,139,237,217,204,210,182,264,404,181,143,176,195,158,185,172,157,171,91,89,212,169,162,207,202,194,253,104,145,225,261,241,295,199,219,190,141,202,148,196,154,195,214,163,215,154,254,140,314,191,103,288,190,196,112,239,238,226,196,233,267,167,205,150,177,242,113,161,276,255,256,101,202,157,211,165,173,193,223,228,179,203,229,360,153,243,188,188,228,120,228,248,150,247,131,146,218,187,114,133,157,140,171,278,211,168,214,196,289,180,179,266,165,158,219,248,127,140,226,173,201,207,268,261,166,146,216,182,273,119,201,235,133,258,216,191,190,148,121,179,333,227,197,356,305,162,189,149,90,131,317,157,184,247,199,235,280,149,147,312,161,223,193,117,132,189,216,198,172,173,236,193,168,170,190,231,198,219,166,81,154,217,227,251,290,200,241,235,150,291,222,163,318,218,189,396,123,170,186,242,174,152,118,223,184,276,191,278,188,158,246,149,178,120,190,202,246,268,182,178,139,158,135,103,208,178,173,225,114,122,234,247,151,226,178,188,231,255,249,355,173,159,169,173,244,203,159,141,272,195,175,166,191,319,233,253,157,205,232,156,192,117,150,153,104,190,189,190,148,242,151,204,257,186,155,217,101,206,288,183,229,193,254,183,145,263,211,122,191,206,124,301,205,173,156,295,267,225,176,146,238,252,211,299,223,201,85,185,243,217,282,169,164,195,189,135,182,227,280,201,187,252,316,254,165,154,197,159,198,192,176,232,286,209,122,215,232,220,179,188,183,239,193,189,151,130,131,206,151,307,181,236,181,151,168,242,226,181,116,231,194,254,144,113,181,227,312,178,230,140,188,202,146,181,133,101,252,238,196,152,161,376,217,146,249,201,207,233,208,217,239,144,192,175,167,186,124,205,199,183,136,148,199,291,118,316,206,185,154,120,292,300,274,148,274,163,202,217,164,241,186,205,105,220,285,308,120,273,133,130,254,155,150,117,229,112,210,260,244,160,127,209,274,236,157,244,213,198,124,159,134,149,252,235,160,215,151,213,175,157,197,233,196,217,183,190,140,167,205,260,294,182,90,226,164,239,175,316,160,187,123,188,224,268,254,226,101,174,209,267,159,169,262,138,285,114,290,213,161,140
139,174,138,234,131,183,140,222,89,149,136,236,142,214,186,171,207,293,222,188,194,184,123,176,166,238,109,84,229,126,194,238,177,162,211,168,178,262,283,150,285,218,291,189,228,221,128,158,178,74,135,131,172,268,226,129,128,154,219,191,181,125,168,140,253,184,330,180,186,143,203,178,149,137,99,233,120,221,137,173,129,197,189,110,172,158,207,140,151,179,167,116,188,135,177,161,207,190,147,266,178,192,282,211,278,164,178,225,210,228,187,200,144,155,178,145,219,144,160,102,315,199,261,262,119,159,104,115,177,140,169,149,265,193,191,216,203,216,267,254,134,212,122,176,151,162,75,227,212,265,211,126,179,278,195,177,247,281,158,241,207,235,127,71,79,92,261,120,206,149,245,231,237,266,158,115,185,140,158,158,162,201,265,220,199,310,90,176,166,283,206,233,189,166,257,138,231,204,102,211,193,133,242,150,281,146,200,168,164,182,202,76,159,117,228,208,217,129,203,247,172,210,177,221,134,251,129,120,201,160,119,174,142,169,140,289,196,226,119,82,171,196,184,188,155,159,148,127,135,257,160,195,143,69,187,218,238,119,145,163,115,223,208,108,315,214,240,167,159,139,142,126,229,184,296,231,146,93,161,155,103,201,234,257,288,149,169,216,206,112,206,241,213,144,234,168,280,157,154,233,219,206,227,121,137,180,190,308,189,191,280,223,216,107,178,205,141,234,210,266,148,226,165,141,198,172,155,202,194,292,163,109,212,261,172,215,199,245,240,281,217,254,205,130,239,184,156,144,145,282,224,191,178,212,257,173,189,146,161,171,131,81,115,171,138,127,239,89,135,139,218,95,86,225,154,235,226,200,126,152,210,171,108,229,194,197,240,169,181,167,168,198,180,212,216,148,170,172,243,140,109,162,176,183,194,145,214,144,237,209,239,70,169,273,120,178,215,205,276,226,243,241,204,104,171,99,171,124,306,251,220,236,211,79,202,184,169,205,145,182,160,149,206,262,199,166,179,188,194,166,190,175,246,253,242,309,202,83,276,140,124,142,229,266,190,228,207,272,258,210,201,103,128,113,186,157,120,167,161,176,159,103,200,199,177,276,113,222,219,351,251,154,218,172,255,185,157,254,143,135,142,127,218,220,203,196,169,232,390,196,135,177,183,154,177,188,151,142,85,98,188,181,146,227,219,174,252,105,133,232,249,230,247,177,206,201,147,192,131,206,174,181,201,168,207,175,247,115,312,180,126,260,164,163,109,215,211,202,174,183,258,164,217,121,178,218,110,131,305,264,244,105,191,146,222,161,157,187,189,243,182,179,255,370,157,214,189,188,240,109,209,241,153,217,94,146,223,177,107,125,147,162,136,252,176,158,167,213,263,177,160,214,169,155,208,238,138,110,220,144,235,196,277,268,169,159,219,161,239,109,176,199,156,259,197,151,172,137,103,161,306,201,196,346,314,140,212,129,80,137,305,176,163,241,193,232,285,128,180,264,168,172,183,116,130,212,224,207,145,165,261,195,163,181,157,249,166,198,155,83,149,177,227,233,291,165,201,254,138,302,198,169,297,168,159,379,114,126,188,226,169,122,110,245,183,259,177,274,200,184,234,118,166,115,201,154,223,274,189,170,179,141,136,103,179,156,154,205,128,107,227,240,153,221,179,179,234,249,215,353,196,145,160,144,241,199,140,142,262,147,189,155,185,277,221,219,134,187,225,149,169,117,153,165,103,177,160,208,160,227,117,176,240,186,154,208,106,197,261,179,223,191,254,184,125,223,203,110,175,193,129,283,185,173,138,260,289,236,162,144,234,272,208,291,213,160,99,189,272,217,273,158,156,179,160,124,162,191,261,178,169,258,306,240,148,161,204,150,192,184,166,298,249,211,125,185,234,175,182,179,179,236,180,191,151,164,137,206,133,314,174,256,165,126,154,248,252,167,88,227,170,289,134,108,153,220,311,178,218,123,149,177,134,208,134,119,231,238,196,142,123,356,166,121,263,157,219,238,201,175,219,147,180,164,146,188,117,211,168,159,125,111,166,276,102,343,203,201,163,112,287,301,263,151,238,147,158,207,150,192,163,202,124,215,260,285,114,262,128,119,260,149,122,130,244,107,191,284,234,170,112,197,233,244,162,271,210,170,107,160,146,141,229,237,148,214,155,232,202,141,180,226,188,173,189,174,132,154,209,258,290,179,83,199,179,215,179,267,156,156,129,195,230,264,258,205,105,177,238,264,163,174,247,131,249,136,272,190,165,131
156,184,169,206,148,196,155,216,111,152,148,216,152,237,181,160,233,296,225,208,201,197,100,200,205,274,106,103,248,134,196,223,186,159,194,169,179,228,293,161,302,193,322,195,219,287,119,131,180,66,132,147,163,255,247,133,103,176,209,211,189,147,155,136,273,189,338,191,189,131,206,173,144,137,92,235,121,211,144,137,132,197,166,107,165,162,253,131,185,177,198,117,177,124,188,176,204,208,169,263,181,206,291,222,291,153,203,213,206,238,185,253,174,166,195,168,198,138,153,131,330,201,279,289,110,183,86,124,164,138,194,143,264,170,205,198,204,224,251,252,120,206,123,189,168,159,59,221,223,257,234,128,176,280,212,190,241,266,155,240,207,274,131,67,96,94,242,131,180,146,240,226,261,278,168,120,210,136,167,178,200,215,269,254,194,294,109,193,185,274,227,204,177,181,269,151,293,185,100,223,243,147,223,160,267,142,189,192,163,203,227,89,145,124,258,210,205,125,220,257,183,230,185,241,159,251,130,114,183,213,125,176,154,141,141,303,217,234,117,90,162,213,165,191,149,163,158,141,155,253,126,186,161,74,197,254,271,108,167,166,132,237,249,116,345,194,265,161,157,136,175,135,241,187,308,226,116,101,148,155,104,244,232,262,275,163,173,227,213,142,221,241,194,119,214,170,308,196,178,268,229,220,188,131,170,180,209,328,182,199,261,220,212,144,151,218,150,226,216,265,157,211,161,157,183,157,154,215,211,300,172,115,178,246,182,203,197,239,258,290,236,218,175,131,257,204,180,155,132,257,221,173,181,208,263,176,222,175,172,163,115,80,111,161,144,128,233,94,135,158,258,116,99,196,118,230,247,219,119,164,187,210,103,224,222,249,252,182,170,191,171,250,217,208,210,167,157,193,241,145,94,166,172,182,211,144,198,132,291,220,266,74,157,304,144,166,223,194,288,212,270,243,226,111,139,106,205,130,287,248,216,241,226,89,247,168,186,190,144,167,143,160,199,259,197,185,151,181,218,161,206,152,247,232,261,367,191,77,284,158,134,132,224,256,217,233,216,262,302,227,202,110,147,128,199,173,132,158,137,187,157,128,208,234,169,246,138,231,224,317,272,157,235,196,243,157,174,256,157,130,126,123,238,209,218,207,140,234,383,214,164,158,193,145,179,181,139,142,98,81,201,200,148,193,207,193,270,118,154,247,235,256,285,219,208,199,137,215,144,187,156,175,208,166,227,182,241,129,300,206,106,274,158,183,98,230,220,229,178,179,249,178,229,116,152,224,99,156,312,245,249,93,210,151,210,149,158,181,203,203,179,178,249,357,165,243,189,182,212,94,241,229,141,202,128,171,241,178,127,151,147,155,140,254,178,162,209,193,251,192,179,226,189,153,218,309,152,117,171,153,226,178,255,271,163,155,233,187,291,112,186,214,143,275,226,155,191,140,93,144,332,229,192,338,281,154,247,142,73,146,306,176,149,211,188,242,282,134,163,280,147,180,164,118,147,217,211,219,153,183,250,204,182,216,181,238,164,195,183,80,142,195,227,218,301,184,211,209,155,286,199,157,305,207,168,389,121,144,193,216,171,132,115,208,160,309,192,314,218,170,239,124,144,122,194,169,249,263,161,178,156,135,134,121,179,186,151,209,103,111,210,272,166,241,176,184,244,207,239,347,200,141,170,167,218,202,159,144,272,165,172,158,175,293,208,205,140,225,246,150,207,111,138,152,121,178,171,194,168,240,141,190,238,220,148,211,106,209,263,193,259,190,228,208,125,233,193,117,184,187,128,320,187,161,147,266,269,204,162,168,270,255,227,288,225,169,101,186,259,179,287,170,183,181,182,135,171,225,282,202,168,254,330,259,155,172,223,136,176,171,185,265,299,205,112,187,266,153,147,184,197,230,153,178,143,155,142,222,149,327,177,259,179,124,151,252,249,167,93,246,172,281,142,107,153,219,294,178,240,135,169,187,116,212,144,121,236,253,186,125,139,317,206,130,250,178,230,241,189,210,237,129,164,172,177,174,118,200,185,164,143,126,183,296,121,307,214,185,174,123,321,297,257,173,298,137,177,189,135,198,208,212,102,239,251,264,122,277,102,125,231,154,129,145,248,119,202,277,260,178,160,187,245,255,139,252,180,207,123,157,147,138,263,220,134,230,154,217,213,180,207,210,199,211,182,201,122,150,186,251,277,182,71,250,179,180,176,280,172,158,117,192,208,302,260,191,103,171,213,258,182,182,254,148,255,134,250,187,166,126
146,190,139,211,147,205,158,201,116,156,148,214,179,241,186,164,212,309,218,207,205,186,117,170,208,226,131,86,217,108,184,205,170,152,173,168,202,230,270,158,284,212,312,172,276,241,133,111,190,84,131,119,160,250,264,139,115,145,221,190,154,131,182,130,233,202,364,184,178,114,241,149,111,130,99,215,132,202,106,137,120,210,186,96,165,154,231,146,179,178,183,113,189,132,191,155,209,175,167,263,173,186,290,195,254,175,215,264,176,233,181,200,154,147,161,155,210,153,178,124,297,176,277,286,117,150,88,119,175,154,203,123,257,165,216,188,196,226,219,244,140,201,127,194,141,164,79,204,211,247,262,129,176,237,217,168,232,270,143,214,237,246,123,77,80,107,248,124,196,161,244,227,239,256,174,125,190,113,146,190,162,239,286,227,207,275,117,186,163,275,232,223,184,162,276,142,263,188,106,207,218,143,244,176,283,153,170,170,170,183,216,76,174,108,260,179,191,136,232,255,168,224,171,242,165,238,128,90,187,209,99,169,131,187,135,253,185,230,126,88,187,218,186,183,165,174,159,133,131,246,119,173,144,100,191,230,275,106,155,179,128,257,221,105,382,214,254,161,147,152,177,119,258,179,319,216,116,101,157,159,105,242,206,236,297,164,192,203,185,129,198,257,206,130,226,174,287,197,169,254,245,241,197,121,177,181,193,342,178,162,229,226,230,108,180,209,139,219,220,266,169,212,140,145,191,153,150,171,183,287,155,119,208,243,159,220,195,254,272,309,236,240,195,136,259,191,157,159,122,271,207,175,164,200,259,182,175,126,173,167,124,66,119,154,107,110,228,93,128,154,244,111,113,204,157,234,230,210,132,163,188,194,100,194,253,227,228,154,193,158,182,206,214,208,217,159,199,168,240,156,130,180,185,179,198,141,217,128,284,196,233,71,174,304,140,186,205,208,298,234,271,270,207,111,150,103,177,144,310,274,233,243,229,73,219,188,187,188,126,184,140,167,182,229,161,189,176,189,195,181,184,141,214,193,268,309,194,101,282,158,138,144,222,232,198,270,210,263,264,218,198,111,133,134,226,172,133,158,161,189,187,100,230,236,171,275,156,242,209,322,257,172,219,209,227,161,150,253,166,125,123,135,221,182,168,208,143,212,362,211,166,159,183,151,174,185,120,126,95,82,171,214,126,202,185,205,271,110,152,237,257,243,262,224,212,181,119,193,138,192,162,205,201,195,199,215,237,129,321,200,102,283,153,171,95,240,210,223,178,195,243,196,224,118,154,242,110,170,281,219,261,90,192,134,204,131,138,153,205,214,191,165,261,345,192,228,179,187,188,93,213,246,132,187,101,154,221,153,116,130,136,129,131,251,195,184,179,196,273,162,163,254,176,152,196,304,151,120,216,146,209,196,231,278,177,174,226,174,257,116,159,190,126,292,210,180,175,138,127,156,291,204,215,298,297,151,226,141,79,136,298,193,146,200,194,239,260,142,168,281,139,209,180,125,113,219,237,203,150,149,216,197,166,191,156,200,160,213,153,64,134,215,229,219,283,194,168,232,161,316,212,206,281,196,151,326,123,99,183,196,160,151,104,220,160,253,195,286,189,140,214,128,156,106,190,195,237,248,157,188,158,126,110,121,174,174,160,174,120,95,222,305,161,217,177,182,230,229,211,323,177,114,169,170,219,173,131,133,260,167,174,167,187,292,202,205,133,206,228,169,171,119,141,174,111,186,134,206,178,232,129,184,272,221,122,230,116,199,262,203,238,207,220,174,142,227,200,113,187,174,132,310,172,181,152,278,241,255,164,143,275,302,250,295,203,165,108,194,290,189,322,159,155,187,179,131,169,192,273,211,146,267,331,221,139,185,204,133,183,175,171,263,289,191,122,192,274,171,175,174,186,231,180,199,143,127,140,196,126,294,176,271,157,130,149,237,200,163,100,207,163,265,128,89,185,241,319,171,224,137,144,162,131,242,142,114,239,228,154,110,130,351,214,138,231,174,210,235,201,228,192,116,168,165,150,181,122,226,172,171,122,135,177,259,92,326,216,164,188,140,301,285,254,176,268,165,166,159,135,170,191,190,137,221,253,287,127,279,137,120,239,167,129,107,262,113,178,275,269,191,145,172,268,276,153,252,178,200,118,153,148,165,267,211,151,194,169,216,199,173,201,208,203,181,197,190,109,150,183,256,270,174,96,253,188,177,180,285,176,161,129,191,219,247,261,197,95,186,260,275,185,149,259,153,234,139,251,186,173,111
147,205,137,183,123,202,125,187,96,153,154,232,138,222,210,147,206,295,211,214,193,160,114,179,193,248,118,103,211,112,140,193,180,157,178,172,168,237,283,183,276,186,324,189,274,233,101,95,160,76,106,100,165,265,246,127,91,144,200,164,156,159,169,134,247,201,345,186,182,111,201,152,111,127,106,202,113,228,106,127,114,204,192,111,154,148,216,150,187,169,180,124,184,124,206,138,196,159,158,259,182,216,259,223,262,146,223,227,210,218,198,201,157,162,162,137,194,137,155,122,335,179,271,271,125,117,81,124,193,161,182,129,255,168,189,191,202,173,228,223,142,196,118,169,146,153,72,179,177,242,221,113,139,235,185,162,229,226,136,233,210,242,122,77,76,114,240,100,181,131,263,236,252,257,175,117,188,113,160,179,163,210,276,260,208,267,114,179,165,267,236,211,178,147,265,128,272,185,90,197,213,139,209,160,273,143,180,186,150,184,221,78,138,101,253,215,221,137,227,196,168,227,174,219,162,212,95,97,197,220,89,145,144,178,111,265,169,194,97,75,183,191,193,203,166,167,148,127,111,217,135,167,148,92,155,231,260,105,159,169,116,232,206,94,320,185,245,147,157,124,164,101,234,167,303,236,107,88,126,159,85,214,207,263,237,144,171,234,202,112,189,216,208,108,201,162,278,201,160,251,233,224,188,123,156,151,196,339,151,175,192,246,218,102,153,183,112,218,237,258,154,216,171,132,188,169,148,193,196,289,185,115,164,211,131,195,175,233,221,296,192,227,213,138,260,201,154,164,91,279,199,176,158,187,239,165,164,128,167,158,117,54,87,136,133,82,204,74,136,151,248,90,105,167,151,246,196,178,117,126,190,202,106,200,231,216,196,169,185,173,163,178,197,227,203,146,156,175,224,162,116,164,155,181,205,134,205,106,271,176,246,68,175,289,126,143,203,200,270,217,240,242,200,92,131,107,199,137,321,255,219,249,220,96,192,165,192,223,117,188,126,160,160,212,153,183,166,199,214,142,166,130,256,185,262,291,196,106,254,155,151,158,223,209,202,258,207,250,249,178,208,106,122,107,166,180,98,160,161,185,168,93,196,211,169,270,129,209,207,310,243,155,241,168,227,146,149,232,172,99,137,105,213,193,147,177,136,266,322,194,152,147,163,121,181,189,131,145,94,80,187,201,123,193,163,178,255,123,158,234,217,260,266,228,187,187,114,211,152,180,164,163,187,154,203,203,240,99,249,178,107,269,115,121,94,210,196,206,165,166,272,188,246,116,156,211,113,185,265,203,218,101,201,141,185,118,100,178,189,203,197,149,244,314,181,213,170,188,187,86,219,238,148,169,116,145,222,149,113,137,117,122,131,263,174,170,157,174,235,143,169,244,180,148,178,283,140,112,214,119,221,175,244,246,163,157,213,177,248,102,174,211,107,251,172,156,179,127,107,162,267,183,202,295,280,140,237,128,99,153,268,171,134,241,189,237,293,126,142,263,154,169,178,134,107,178,200,206,149,159,207,182,160,185,170,202,143,172,136,70,144,175,195,190,287,166,168,217,141,273,152,196,285,167,148,320,115,106,172,175,161,119,98,212,175,211,152,266,194,137,214,124,134,128,194,174,236,263,158,175,172,130,115,109,156,183,151,179,88,107,201,326,145,181,172,171,227,213,211,327,165,138,176,157,223,150,134,112,244,163,166,139,174,279,158,184,125,230,211,146,155,140,126,125,91,197,138,207,177,232,134,187,241,236,133,246,108,157,276,211,227,198,185,154,159,217,209,112,200,176,130,287,168,138,145,256,222,210,152,122,272,325,199,266,202,158,85,179,282,163,284,156,159,164,182,143,152,191,243,206,153,232,314,239,181,175,224,124,217,151,159,236,287,192,93,191,271,150,157,208,165,196,172,184,148,110,132,226,124,274,149,265,163,108,143,188,182,188,97,191,156,273,124,89,173,231,289,174,208,124,139,154,139,200,134,105,213,205,160,125,117,349,189,120,233,179,180,217,178,200,184,110,168,179,125,154,131,207,179,176,126,118,186,232,89,299,183,171,172,134,261,278,271,193,286,150,119,201,115,182,192,204,121,206,284,262,136,218,123,92,224,149,123,107,263,128,149,262,269,168,140,168,236,251,97,243,181,191,115,143,128,158,261,190,103,211,169,206,171,164,234,174,174,151,167,192,123,141,175,257,252,155,113,226,189,150,192,281,172,133,129,171,211,255,241,174,95,193,210,290,184,140,231,139,219,157,238,188,161,120
156,190,151,170,143,190,167,212,100,140,173,229,139,206,186,136,232,272,246,209,183,174,129,182,195,234,122,94,213,114,175,190,174,154,181,194,178,253,315,177,232,222,337,190,273,266,100,114,154,97,108,119,179,257,240,110,106,159,208,212,162,160,166,144,248,190,335,184,173,129,232,165,135,136,83,183,103,210,93,129,114,203,196,107,168,184,230,138,192,184,179,126,202,138,238,143,186,169,189,264,174,182,269,171,260,154,202,218,187,232,199,200,169,138,160,152,214,128,152,110,362,179,246,274,128,131,89,136,173,150,183,157,258,163,193,196,200,182,210,241,120,192,122,188,150,163,66,189,192,215,222,115,138,232,174,180,254,228,133,240,181,260,113,83,85,105,237,129,176,145,250,226,245,273,171,117,209,129,165,167,188,200,278,238,214,272,122,177,190,300,242,209,152,142,259,156,271,195,93,235,206,150,231,153,289,139,180,166,142,183,214,73,167,105,279,199,193,142,206,226,175,233,149,235,150,220,90,93,183,209,91,145,145,177,116,268,202,214,104,78,156,212,206,182,159,157,157,136,127,224,140,158,167,88,179,229,234,133,139,167,127,218,215,89,334,180,287,158,147,155,177,94,252,178,289,214,127,104,136,169,103,227,189,260,248,142,193,204,206,147,178,192,227,104,233,164,249,201,152,212,214,258,243,113,150,191,204,378,122,148,207,245,195,106,152,159,113,216,222,284,147,198,154,167,185,144,139,153,206,286,150,157,191,200,149,193,156,239,250,300,223,236,192,128,241,199,177,145,91,264,183,174,155,178,238,200,147,151,186,142,125,68,89,138,125,81,228,92,117,145,262,94,68,191,163,226,187,209,129,126,210,185,88,198,237,269,237,127,181,171,173,178,197,198,235,147,156,174,240,142,124,142,173,194,224,149,208,91,254,145,270,64,166,280,156,195,171,227,296,227,259,244,213,103,145,117,184,146,315,253,231,269,228,97,201,156,196,253,122,197,132,157,153,236,155,169,144,188,190,193,187,139,237,203,304,275,181,98,254,164,150,146,214,214,191,275,241,236,282,219,190,114,125,114,215,160,113,167,164,171,150,95,230,212,150,288,125,213,211,341,259,156,244,182,237,152,136,210,168,91,145,136,203,156,177,176,150,254,381,186,141,182,205,128,193,195,149,135,80,91,186,187,105,210,193,196,257,129,185,205,211,256,287,233,188,192,110,196,130,192,153,199,216,179,219,216,253,116,275,192,99,239,148,119,99,223,208,215,179,196,239,176,236,105,149,254,122,186,271,205,251,136,195,163,192,113,134,158,197,205,181,166,245,342,196,207,160,200,205,81,203,218,143,178,117,160,195,158,120,129,108,123,122,263,182,185,163,185,277,156,159,238,165,125,196,318,154,121,226,126,198,192,236,228,171,181,205,174,246,92,158,173,112,240,203,171,170,137,114,150,299,199,198,318,310,159,240,108,66,141,310,183,126,209,200,246,282,135,150,260,144,202,187,133,94,203,238,185,141,170,210,176,167,196,181,184,171,201,149,65,151,172,182,234,290,169,190,254,181,288,197,190,267,161,148,339,115,130,174,181,171,168,84,236,193,246,167,252,196,126,230,119,151,121,201,203,271,281,171,159,183,124,104,105,116,177,138,181,95,98,211,328,150,184,161,185,210,228,212,358,153,127,160,174,187,169,171,140,230,178,170,146,192,295,184,180,121,189,214,129,194,133,144,149,85,205,155,195,188,232,132,185,248,239,115,268,117,175,302,215,234,188,219,156,130,193,201,133,221,179,138,299,155,164,131,269,264,217,159,116,303,320,222,265,171,189,90,193,303,200,284,177,173,190,195,147,172,177,261,203,137,253,347,234,163,179,233,122,192,156,170,231,290,208,135,162,247,178,169,180,187,244,150,210,153,119,128,208,122,298,183,253,164,80,163,201,216,159,132,240,150,233,137,99,174,235,271,160,230,123,133,165,143,219,139,95,231,213,140,132,125,318,188,131,243,174,188,209,165,205,193,114,139,199,114,172,131,216,204,158,138,113,197,241,107,317,190,203,158,146,254,234,279,164,316,163,139,184,146,150,175,192,119,255,266,249,134,220,110,103,204,142,106,90,252,132,131,282,256,158,153,179,234,264,136,240,190,209,126,135,141,176,242,209,134,236,202,209,184,177,226,223,174,157,149,187,137,132,182,256,233,173,104,231,173,172,178,280,174,146,121,198,186,261,230,183,100,185,214,264,169,150,228,143,209,142,246,164,133,128
151,203,108,154,127,187,131,223,100,129,145,215,144,180,205,127,207,283,248,238,175,171,128,180,195,238,110,87,203,107,201,192,175,147,164,180,169,228,280,171,231,193,319,180,254,255,102,118,165,78,133,111,166,259,235,117,82,125,222,181,176,135,166,140,253,204,361,202,167,117,220,185,125,139,62,185,99,214,104,129,106,211,185,121,165,171,185,136,183,171,150,112,185,112,204,118,188,153,193,238,179,184,256,191,277,115,201,204,180,225,195,213,161,101,147,147,221,117,123,100,350,188,249,249,125,144,89,109,164,142,152,156,225,162,199,187,213,193,200,229,119,212,124,191,146,163,90,186,178,216,209,117,147,258,144,150,242,221,165,228,180,229,125,67,68,106,253,125,188,130,211,237,251,266,159,106,204,129,165,166,175,204,280,228,217,253,93,148,173,254,230,202,172,126,248,124,269,196,74,206,223,131,224,187,277,117,144,181,144,190,208,82,134,123,250,183,210,131,183,194,189,213,161,222,123,238,108,110,188,174,95,153,138,170,107,212,144,174,104,77,147,182,201,199,164,140,151,111,126,211,119,155,154,80,138,214,248,107,151,174,121,217,210,96,314,174,286,131,114,118,161,99,229,174,292,228,112,76,115,155,105,223,193,218,248,134,182,162,206,113,161,218,215,95,235,170,232,201,146,239,195,252,208,113,158,172,200,348,119,139,217,237,189,101,149,189,104,215,195,281,127,226,157,151,166,143,138,172,167,273,137,127,174,184,134,190,177,243,212,265,202,239,203,125,198,186,159,163,99,250,193,147,138,154,243,181,159,125,163,127,109,90,81,123,117,75,194,71,96,134,240,80,83,166,135,212,171,185,110,119,172,196,85,183,239,260,231,126,187,181,153,174,180,192,209,156,175,182,238,142,104,157,142,174,204,158,183,92,242,153,257,59,151,277,133,177,176,185,266,210,235,254,171,98,102,84,166,149,304,243,236,266,230,81,184,144,190,226,136,187,128,165,160,187,145,152,175,196,191,152,198,130,249,163,289,298,196,92,216,148,137,141,208,216,213,297,196,222,254,202,168,112,121,85,182,158,112,162,169,158,140,110,209,181,151,254,113,176,188,302,252,149,214,167,231,141,133,225,156,89,153,122,193,148,161,183,145,256,315,175,144,157,194,118,184,165,126,106,99,85,174,216,133,204,186,180,229,130,166,213,172,248,258,273,154,183,100,180,121,170,160,172,204,162,209,192,226,125,257,171,97,239,142,113,79,189,197,187,169,186,230,176,221,125,154,258,128,162,259,191,212,102,196,128,152,130,99,160,188,191,188,154,230,313,183,192,185,190,200,90,200,221,159,173,137,126,172,136,131,122,124,120,110,235,156,184,151,166,288,145,163,271,148,104,197,272,139,120,204,118,156,165,179,228,162,163,198,133,263,105,149,169,132,224,204,171,134,113,123,118,242,176,205,281,301,169,240,114,85,147,283,174,132,171,197,217,262,118,136,249,132,180,144,116,101,168,244,212,133,161,187,172,182,183,173,155,152,194,136,57,133,175,154,199,265,153,175,221,156,266,180,162,243,169,128,305,94,111,163,152,158,135,77,196,160,245,142,255,194,133,226,115,144,104,210,189,254,246,189,182,185,118,102,99,128,172,131,200,107,94,219,283,150,196,174,154,214,220,195,347,157,149,151,174,181,123,141,128,208,202,159,151,212,260,162,195,106,212,206,144,172,127,138,142,77,195,171,200,181,227,123,179,236,217,110,243,126,156,283,186,228,169,211,162,104,195,205,110,211,180,136,285,162,141,129,280,232,212,148,128,261,303,229,252,201,143,103,220,270,171,270,164,163,187,216,148,158,171,253,183,117,222,315,245,155,167,194,95,207,148,155,210,243,217,116,161,255,166,170,186,160,246,150,194,142,117,119,198,118,277,141,252,188,70,139,177,173,122,107,201,161,255,103,96,154,208,269,157,219,114,139,139,138,207,107,91,245,184,151,122,135,319,174,128,243,173,210,208,163,190,160,96,136,174,130,157,119,189,204,155,115,135,214,219,100,283,179,170,156,128,258,289,257,180,285,138,140,167,118,172,181,226,96,264,253,234,136,208,121,108,208,158,105,123,261,135,118,294,247,145,157,183,211,259,171,196,200,199,136,126,130,158,232,217,109,208,170,182,188,160,213,178,197,170,153,171,111,97,181,226,250,186,99,255,174,154,165,250,172,137,100,206,199,248,217,175,88,169,204,240,195,125,238,133,220,154,251,166,137,124
153,173,119,159,143,194,146,237,89,134,177,226,149,213,167,141,217,295,241,224,185,194,140,161,194,225,120,85,190,111,186,179,144,145,172,190,186,247,273,140,245,204,304,175,266,255,99,112,160,73,101,111,171,272,240,96,104,127,230,200,169,171,193,123,243,195,359,181,178,136,214,172,113,143,74,172,110,234,99,132,108,192,210,108,175,180,185,171,170,167,143,111,170,125,229,120,180,128,172,241,171,197,260,189,280,115,167,181,177,255,203,218,180,123,166,152,233,125,141,121,324,160,268,249,133,141,83,125,194,134,168,171,213,199,212,203,204,183,237,251,102,233,112,194,177,184,85,183,214,234,204,102,138,249,156,183,224,213,145,243,183,264,125,68,61,107,254,135,172,147,233,237,294,269,170,101,195,114,181,180,185,196,285,270,256,279,114,161,211,282,239,203,195,149,260,153,273,187,76,235,248,125,176,157,285,147,178,198,123,207,186,68,127,126,259,190,206,137,201,193,199,212,145,201,146,252,113,102,199,193,123,143,145,191,101,240,156,206,109,79,142,202,210,193,174,141,141,124,123,211,115,142,152,88,151,225,236,116,126,177,108,203,207,94,312,177,313,152,102,156,171,118,230,192,263,252,120,68,96,141,102,223,200,211,270,161,164,195,192,141,178,211,222,93,208,169,252,180,132,208,186,261,215,100,156,204,224,344,156,134,206,213,162,115,147,181,104,228,198,273,129,218,140,155,192,152,126,143,200,245,155,115,207,193,140,209,155,264,241,277,194,221,203,145,202,207,177,165,99,232,189,175,146,164,252,180,176,123,169,143,107,83,84,129,146,77,195,94,107,147,234,88,70,163,148,222,188,194,99,125,185,205,83,186,250,250,235,149,186,170,171,148,190,226,203,156,179,142,246,159,126,155,137,164,190,133,212,84,258,161,284,65,163,309,142,177,187,201,256,223,277,213,159,101,113,98,174,113,292,256,231,264,267,74,206,142,195,218,105,174,119,184,174,211,148,152,151,191,202,133,208,131,241,194,263,300,217,101,222,169,152,141,241,199,200,288,198,249,252,241,162,92,104,77,179,148,78,176,150,180,160,110,196,187,130,272,128,212,187,319,277,176,192,167,250,154,138,191,155,85,131,138,191,154,194,169,186,261,330,191,169,176,232,128,164,163,149,112,91,77,195,187,127,205,184,152,243,130,180,202,193,259,303,215,166,190,109,201,145,182,166,184,169,161,214,205,207,121,265,174,111,269,123,106,85,201,203,186,185,187,233,194,227,121,125,256,93,165,263,189,230,106,203,142,186,111,112,154,173,179,143,158,250,302,197,210,154,183,200,71,200,228,159,171,120,141,169,160,126,121,145,137,105,257,156,177,134,207,304,163,162,220,159,133,217,309,154,113,199,132,168,169,222,237,167,176,203,142,259,108,144,179,112,230,186,177,119,119,143,115,276,201,172,317,287,148,242,108,78,148,309,168,127,188,190,208,249,116,144,251,115,181,154,117,97,178,264,181,146,164,212,169,172,214,229,147,173,188,148,60,155,176,183,204,297,140,186,215,153,281,208,174,259,151,130,359,111,104,185,175,193,133,83,198,146,224,180,254,206,126,197,132,123,93,207,190,274,243,176,167,184,126,129,107,145,216,123,181,103,96,234,302,158,177,163,173,191,229,213,401,180,117,143,161,163,127,150,134,233,188,161,164,184,288,160,202,108,217,232,138,195,137,144,147,68,203,163,199,191,248,149,178,233,207,97,251,120,155,299,188,253,175,209,168,122,211,180,106,222,167,121,280,166,137,114,296,237,215,148,138,295,287,222,270,174,169,85,180,266,177,269,197,156,195,196,143,157,166,270,187,134,242,321,240,179,180,201,92,186,165,161,224,319,184,133,155,274,195,163,197,157,255,154,198,154,111,112,190,139,301,177,258,187,94,137,205,181,129,112,214,170,241,104,98,178,234,257,150,222,101,167,178,153,201,108,94,261,195,151,144,133,296,203,139,202,155,183,208,177,221,168,108,137,187,107,151,112,195,166,126,126,136,218,223,108,294,192,188,167,114,214,243,236,154,271,143,158,189,129,170,169,197,94,257,264,238,140,197,97,105,206,160,101,127,256,136,136,305,263,156,147,181,200,204,174,205,191,171,127,135,138,161,175,206,117,235,179,190,170,173,245,176,173,149,157,156,127,110,154,231,202,195,97,268,163,161,159,275,170,147,93,209,209,219,248,170,95,175,196,270,192,148,225,147,210,147,249,164,146,109
123,164,118,158,147,160,153,227,92,100,159,242,117,188,194,136,223,285,249,241,180,156,136,159,159,212,126,78,204,105,184,191,163,158,169,188,192,226,272,167,238,248,295,216,273,231,99,95,162,76,126,117,167,219,216,92,85,112,223,207,185,156,170,135,232,187,355,193,180,142,233,180,106,140,55,153,104,206,86,124,125,211,182,109,170,172,213,132,175,164,172,106,193,127,218,116,188,143,162,238,136,199,209,188,273,137,185,170,168,231,209,220,136,120,137,153,209,136,140,107,325,155,273,236,121,118,88,115,168,125,160,181,220,187,190,251,195,191,224,264,94,230,114,184,166,177,90,167,194,209,189,108,126,233,152,178,238,242,156,229,172,260,133,70,65,115,244,135,195,134,239,201,271,238,152,120,190,108,193,193,172,205,256,256,224,266,105,169,190,253,239,206,184,135,244,134,293,181,72,224,210,126,187,147,285,129,151,177,129,199,215,86,123,108,240,202,192,124,183,219,188,208,154,198,132,217,82,100,193,172,101,146,143,195,99,210,142,196,108,93,148,217,197,231,162,168,159,109,116,178,118,156,137,68,137,228,228,115,153,167,93,182,185,110,324,195,304,144,101,140,191,105,220,178,288,255,118,83,119,146,101,263,173,246,240,149,162,166,201,113,173,219,241,98,229,187,218,184,115,185,187,252,229,93,140,209,213,379,134,119,197,210,184,98,148,180,98,199,193,267,139,219,152,141,207,133,150,179,191,281,129,113,202,189,137,228,161,255,222,256,184,232,209,111,189,207,159,152,99,274,159,165,110,158,219,194,151,136,170,126,85,96,99,127,150,83,186,97,93,138,256,88,77,149,145,198,179,202,108,127,176,234,79,172,257,227,225,153,192,186,178,156,203,231,233,150,166,153,270,155,105,137,137,157,187,124,196,84,244,169,276,59,174,291,142,168,189,172,253,205,251,230,140,92,102,74,185,111,310,227,210,257,261,80,195,147,172,262,94,168,126,140,156,193,183,142,157,157,195,141,238,127,261,172,285,302,218,109,226,182,157,138,219,193,181,275,188,267,240,220,177,115,114,78,184,114,89,149,170,207,156,111,184,172,144,268,118,188,166,324,251,182,197,168,229,165,124,213,155,76,122,107,189,144,161,204,172,230,303,197,137,167,200,119,173,154,143,130,95,87,169,173,103,227,226,176,236,170,159,221,186,243,283,225,161,164,99,181,169,158,156,180,168,177,212,197,218,95,243,170,119,262,135,94,90,194,191,176,195,209,217,192,180,121,124,263,104,176,249,189,227,115,206,154,170,109,86,152,191,172,167,170,255,305,198,194,158,200,178,83,198,237,170,169,137,139,168,167,106,134,138,117,95,256,151,158,142,212,294,150,159,235,142,101,221,276,150,113,191,138,182,180,199,225,167,176,205,160,239,114,148,192,108,233,182,183,138,119,131,109,266,191,184,292,280,118,238,121,82,140,296,159,148,190,176,233,234,110,152,249,142,174,132,113,109,153,278,199,130,151,212,161,176,225,205,165,185,220,114,71,132,193,173,219,276,171,199,182,158,257,189,138,251,166,120,322,101,106,196,178,186,139,81,218,158,234,154,284,195,133,195,126,137,108,193,200,236,270,180,172,164,170,122,93,128,200,132,177,121,117,228,317,123,156,155,189,203,238,198,350,171,121,140,154,184,143,162,140,225,188,134,140,170,272,160,206,89,253,222,119,172,150,146,141,76,191,161,214,179,236,119,179,209,214,102,214,117,145,343,175,236,163,193,183,101,195,198,121,206,171,132,303,149,129,106,306,228,209,164,140,252,269,236,229,156,173,83,177,235,179,242,183,171,162,179,126,155,162,261,196,134,249,296,249,146,165,196,92,173,161,166,202,273,193,126,169,236,156,180,217,138,255,162,214,167,120,137,207,153,302,172,267,198,94,158,174,216,136,112,217,159,267,107,88,181,221,249,136,208,95,172,156,128,206,114,95,226,212,145,144,139,297,167,126,237,146,164,199,161,238,174,135,117,182,113,137,106,174,193,134,142,142,200,190,105,310,206,181,155,120,222,280,226,201,272,152,142,164,126,153,152,230,89,240,259,205,132,201,90,118,185,152,68,130,239,116,130,274,254,163,156,163,202,259,162,196,182,154,135,112,146,167,200,167,119,211,150,167,210,177,228,190,184,151,165,154,111,106,162,231,215,178,120,262,169,160,184,266,179,134,87,203,198,238,236,179,106,161,194,260,179,148,232,145,222,173,250,150,111,154
126,132,100,135,132,161,117,190,85,81,154,210,103,181,167,124,204,230,217,179,172,134,130,140,138,181,92,77,182,95,159,168,154,120,151,170,194,195,236,147,215,187,269,175,231,207,99,87,154,55,124,104,158,238,187,87,90,121,182,207,156,139,191,111,210,184,316,175,164,142,185,119,86,108,48,125,90,225,86,102,91,214,150,96,139,168,163,123,147,146,136,92,172,96,196,106,173,125,139,196,139,170,202,153,229,124,179,184,133,222,182,196,132,101,129,139,180,129,137,112,291,128,241,214,122,102,83,97,173,127,177,153,182,163,172,208,193,169,216,226,100,204,100,178,162,175,74,146,180,185,151,102,115,202,149,159,175,180,123,199,128,263,99,59,54,92,206,111,131,121,211,207,258,209,129,105,155,125,165,132,167,176,235,210,225,226,95,145,180,226,197,166,167,95,206,113,252,168,77,219,224,141,155,131,243,138,128,134,120,184,176,79,124,111,233,192,173,106,161,192,174,189,134,177,126,191,77,80,165,135,110,136,127,157,104,193,143,185,81,82,122,219,174,175,152,152,127,89,123,183,114,137,106,49,114,173,203,84,130,161,98,165,161,98,301,161,282,149,63,148,143,81,180,196,226,233,104,59,83,161,84,227,157,226,221,127,158,158,198,118,167,193,197,104,228,157,200,137,99,172,167,230,183,83,118,192,188,297,133,126,188,206,154,105,135,159,98,159,162,212,116,198,157,133,179,140,154,136,144,225,132,92,173,172,125,220,128,215,219,239,207,198,196,134,176,169,161,143,101,231,168,142,122,132,204,160,128,119,143,109,92,71,58,122,128,85,174,88,100,124,184,83,81,143,135,186,147,161,102,129,150,222,89,161,221,222,230,129,164,160,149,161,205,188,169,156,143,151,226,153,91,117,116,133,154,103,195,97,239,161,243,53,157,264,134,147,178,192,198,165,224,227,124,77,116,66,147,118,240,205,201,234,206,84,154,119,178,220,95,157,93,163,148,185,170,134,128,150,168,122,193,140,230,161,241,287,224,90,212,165,126,109,213,175,152,254,158,240,218,206,160,81,98,75,134,104,69,147,148,182,150,95,152,169,136,222,107,181,164,306,208,189,194,147,193,158,92,185,137,63,104,97,186,119,165,158,158,230,295,184,144,147,169,133,162,142,139,129,69,69,167,148,81,215,190,143,216,132,165,180,163,215,226,205,143,157,70,151,125,145,138,144,142,145,179,172,218,98,227,139,92,214,115,94,94,169,167,158,178,177,209,145,188,118,107,239,90,149,232,157,234,99,193,132,154,89,88,147,154,161,156,132,215,301,179,172,152,183,163,66,194,204,164,162,98,122,160,134,101,132,134,98,102,237,126,160,122,183,236,153,123,225,135,87,182,254,121,95,182,129,179,170,183,180,158,171,180,132,221,97,121,169,96,175,180,134,110,102,120,104,225,184,155,279,259,106,214,95,83,141,281,129,121,190,170,188,218,105,110,215,143,146,128,121,101,138,250,161,133,158,169,150,158,181,201,130,159,189,102,64,114,180,154,184,235,176,173,177,132,228,157,127,261,128,108,280,82,102,154,155,160,123,67,182,144,193,166,233,180,120,169,94,105,80,192,172,200,249,158,153,150,142,109,96,127,183,131,181,84,94,186,299,125,149,128,138,171,232,163,327,153,116,117,141,168,126,139,123,195,148,145,128,139,227,149,138,76,194,199,94,128,123,124,120,62,192,144,182,142,201,132,150,194,172,83,179,104,124,279,166,216,176,203,165,108,166,173,121,195,139,118,282,131,128,92,272,192,171,132,122,246,226,211,195,133,150,80,172,251,194,244,191,142,160,138,109,159,159,215,174,117,227,284,234,154,141,193,68,151,158,151,203,254,180,121,132,220,121,122,180,129,225,123,182,136,81,114,194,123,250,151,228,151,67,130,179,152,110,102,188,137,207,82,77,146,202,235,151,189,78,140,125,116,207,100,100,233,159,128,136,118,257,163,113,210,109,141,174,144,185,148,92,111,144,109,136,100,173,166,120,127,154,184,190,98,262,181,153,125,106,193,249,198,162,192,136,145,156,128,135,132,177,85,257,257,183,105,173,99,108,167,123,77,119,215,101,131,240,235,127,143,153,158,219,143,152,166,139,103,116,128,161,189,155,98,188,130,148,171,152,207,137,162,116,160,151,125,98,148,213,191,161,99,222,149,129,143,230,156,124,93,210,186,185,207,184,90,162,154,247,175,132,219,122,204,136,199,172,125,143
129,163,125,175,159,176,146,209,79,97,150,218,114,182,206,132,215,274,228,222,171,174,132,139,155,219,108,71,176,116,186,203,154,153,159,185,212,199,258,152,218,235,320,203,231,239,94,105,164,65,112,126,163,253,230,110,107,130,216,216,179,140,191,120,237,188,344,183,186,129,234,152,102,134,56,116,86,208,97,99,91,219,177,109,157,188,217,156,208,175,148,111,183,115,213,75,171,150,172,230,169,194,214,188,225,135,189,187,190,248,226,216,136,116,154,126,201,147,150,121,352,132,269,248,133,118,82,103,183,145,181,193,225,171,181,239,197,197,233,234,113,223,120,169,164,165,69,154,193,207,193,127,129,216,140,188,197,219,130,200,145,264,106,74,75,116,257,124,159,108,235,222,275,260,139,133,155,120,171,171,169,186,262,231,208,268,126,161,214,234,227,193,186,135,234,89,251,157,76,236,242,140,175,157,270,192,161,163,131,197,205,81,140,109,254,166,190,111,156,172,198,201,132,213,131,225,73,80,184,181,116,147,135,163,128,227,108,177,84,75,117,223,197,198,178,138,125,129,146,195,103,168,120,68,114,206,199,105,149,177,118,194,158,109,313,163,330,133,63,192,178,82,200,175,270,277,90,77,99,147,62,240,165,256,249,146,185,154,195,125,181,217,193,127,244,207,204,126,126,187,175,236,226,102,134,204,203,342,131,144,183,214,204,112,165,147,103,179,162,239,168,211,151,146,183,146,152,172,159,297,115,105,162,184,139,260,150,249,254,277,233,252,199,152,200,181,126,163,122,294,187,180,119,116,219,195,130,126,164,115,89,62,78,138,123,100,155,95,93,138,255,90,79,175,141,207,180,153,109,126,128,222,88,169,241,287,238,142,157,175,157,187,206,228,178,173,163,152,249,151,113,127,133,139,190,115,204,103,218,174,281,51,189,265,158,142,181,183,230,211,233,253,148,87,89,79,161,98,276,207,226,223,240,84,180,147,192,242,116,185,121,196,145,175,162,146,157,164,204,113,227,149,249,183,275,310,220,107,259,198,142,105,230,191,164,245,169,253,179,214,162,116,89,70,148,105,76,138,170,188,160,108,154,186,160,260,110,179,176,357,239,193,212,187,229,131,119,207,161,75,118,102,204,125,171,178,150,237,326,194,141,152,195,99,182,135,132,130,97,66,185,172,128,247,211,166,249,165,164,259,193,200,252,209,175,190,85,158,159,176,170,167,152,182,197,208,242,107,234,162,108,238,127,94,94,185,165,191,185,199,228,216,195,136,100,251,85,169,242,172,226,105,204,137,184,113,101,159,167,179,149,157,269,335,186,181,172,190,176,90,230,249,150,153,123,122,164,148,129,136,133,121,93,273,122,171,121,218,258,142,144,228,173,95,199,298,146,94,171,130,195,159,220,223,148,173,193,153,238,131,142,186,118,207,193,169,114,125,138,102,248,174,174,272,249,99,226,97,82,157,279,168,156,191,178,208,251,123,145,236,145,161,144,104,107,142,295,185,126,156,187,191,171,189,196,120,200,192,103,71,147,159,170,212,263,170,172,182,137,233,194,139,245,173,122,286,82,105,208,170,184,125,76,214,140,209,146,272,192,125,156,120,118,100,182,203,223,262,209,181,183,149,123,100,134,214,123,192,85,113,218,299,128,160,134,158,187,267,170,376,162,116,120,146,175,138,166,146,195,190,144,143,196,243,171,185,82,227,218,113,147,123,149,131,55,201,150,174,188,201,113,137,190,173,89,222,120,143,296,190,238,157,199,187,107,219,176,137,206,170,130,288,143,128,110,329,232,201,144,136,246,229,204,206,159,168,95,180,275,193,222,167,184,168,169,107,162,167,273,207,132,270,307,243,165,154,199,84,155,168,172,223,297,179,143,151,251,151,163,199,156,244,171,197,181,93,147,222,160,263,179,279,161,67,136,216,166,125,112,212,152,238,90,98,183,213,246,152,214,77,163,125,132,242,112,101,223,183,139,143,121,291,156,144,235,153,155,172,169,217,170,116,125,181,129,144,106,201,174,113,142,150,186,197,115,265,225,158,147,133,213,277,203,175,242,137,159,167,154,164,120,190,91,263,251,205,115,209,104,99,184,150,91,142,247,133,153,252,253,167,152,167,199,234,163,193,176,160,106,136,124,164,212,155,106,213,142,164,202,177,227,144,169,136,136,139,99,91,159,219,239,168,114,248,167,125,142,268,189,97,95,251,214,207,208,174,94,154,189,275,184,136,206,154,236,166,197,147,129,159
123,154,103,155,141,173,120,233,76,84,159,217,98,186,189,103,201,282,264,212,201,162,123,129,143,201,104,61,183,108,171,171,164,141,170,177,196,196,242,154,221,197,330,164,224,215,96,88,132,77,114,100,164,247,223,112,103,133,216,194,151,187,176,94,243,183,343,175,177,146,210,159,99,132,58,93,81,207,90,100,105,185,168,92,127,195,181,141,182,162,116,97,139,115,188,92,164,145,160,240,138,207,213,189,226,132,188,196,144,243,217,193,137,89,128,123,198,134,163,120,314,120,233,219,116,123,72,114,171,123,176,175,216,187,186,231,202,174,247,223,96,191,116,173,143,164,78,126,174,199,167,111,100,205,140,196,196,175,124,214,137,286,91,56,61,94,240,93,158,111,234,231,260,263,152,106,146,101,140,175,167,202,236,234,210,272,110,149,217,224,211,155,190,118,235,121,260,150,78,226,258,171,155,157,268,169,131,151,140,186,196,69,130,107,239,175,155,107,147,175,186,191,124,169,112,227,66,115,157,170,126,119,125,183,99,206,113,194,79,81,115,217,180,177,169,138,128,118,140,169,110,135,101,91,122,214,213,110,131,143,94,141,158,112,335,164,292,134,75,183,164,74,182,185,276,279,87,82,91,152,77,244,178,214,204,144,178,149,195,112,154,206,216,131,231,173,165,134,119,183,150,249,207,109,121,182,217,343,144,130,157,187,175,116,160,129,126,147,175,211,120,210,152,148,169,142,163,169,152,273,99,90,168,168,138,231,140,237,252,265,249,219,185,157,191,205,135,144,98,268,167,162,106,109,192,192,149,99,159,97,104,56,71,131,130,96,138,100,81,134,238,86,84,149,127,191,180,161,100,120,137,217,98,170,247,246,229,154,187,189,141,153,203,214,180,158,179,157,230,152,117,124,118,140,169,108,188,83,220,162,293,48,191,300,151,135,172,184,216,192,272,232,127,72,110,69,139,99,266,208,199,253,235,86,190,133,179,164,108,157,109,175,141,167,162,143,181,170,172,136,245,142,299,148,226,286,236,110,239,162,129,101,220,199,158,247,165,246,179,269,157,98,117,71,131,84,75,151,164,167,173,106,165,161,142,237,98,176,170,285,217,194,213,185,227,139,109,169,162,67,125,89,189,119,149,170,160,215,320,182,147,138,169,101,157,130,135,153,75,66,165,151,108,246,194,155,230,146,161,258,156,193,225,219,146,172,93,168,141,165,174,164,151,176,187,191,244,82,225,150,99,231,115,86,78,192,176,175,165,205,214,200,198,137,120,222,88,193,232,151,222,118,181,153,150,110,100,155,148,182,159,146,243,312,179,173,152,204,174,86,189,239,152,168,97,148,144,141,107,122,127,111,95,253,154,168,124,203,248,145,144,221,166,74,207,280,150,102,159,117,211,158,183,217,140,184,194,130,237,106,156,181,107,203,180,168,128,97,141,93,237,158,192,227,262,90,245,95,68,128,280,166,129,192,172,182,267,108,125,228,119,142,141,141,140,147,232,188,143,168,190,158,165,190,200,117,168,185,99,76,136,151,152,185,253,163,166,162,164,205,163,131,248,161,134,332,79,112,186,158,168,118,61,227,137,190,150,293,222,115,173,96,121,109,189,193,173,271,182,180,160,183,118,113,137,204,114,159,63,103,213,270,100,142,147,145,204,217,150,336,137,113,111,162,168,139,171,127,192,193,150,112,156,229,135,162,69,229,214,110,181,120,115,143,77,178,126,160,157,227,125,126,186,167,94,180,122,125,290,182,224,154,165,142,120,172,165,125,205,147,117,271,129,130,70,323,227,196,162,136,236,223,211,201,171,147,104,168,263,203,216,149,157,166,171,90,171,162,243,187,117,206,284,252,176,148,199,72,139,161,154,202,282,189,139,129,211,104,101,171,145,232,136,177,176,84,140,194,133,255,171,266,162,75,126,215,162,111,97,192,168,237,93,83,148,183,231,161,210,71,139,130,107,222,107,98,207,194,139,147,107,286,143,129,247,135,151,178,167,216,170,85,105,172,126,132,80,191,194,98,133,118,187,219,135,280,216,130,122,130,208,260,231,169,194,144,169,167,141,142,122,174,95,273,261,183,90,203,102,111,164,136,64,119,209,118,145,252,231,136,149,147,156,242,153,161,183,138,99,109,126,163,185,154,114,191,119,179,198,167,218,150,150,122,148,137,135,103,126,217,243,172,117,230,168,121,149,246,147,117,83,244,190,177,196,161,81,165,166,242,199,134,189,163,222,145,196,156,118,164
112,170,74,166,145,154,133,221,69,89,156,191,110,168,180,120,188,259,254,245,171,185,134,137,128,225,110,78,189,121,187,189,164,154,170,182,182,210,230,144,206,208,282,198,234,231,86,96,131,71,123,124,174,248,213,122,103,123,203,210,189,155,203,104,226,173,332,156,200,137,245,131,95,139,64,120,75,203,77,95,86,203,160,114,126,156,212,164,169,165,113,121,153,101,209,89,172,133,150,211,146,214,216,193,234,158,181,174,157,252,217,149,123,80,117,145,225,145,158,144,314,113,293,225,131,132,79,122,148,104,198,171,205,185,171,209,226,205,235,230,122,162,133,152,135,140,75,112,202,163,182,128,103,179,146,181,223,186,118,217,131,278,107,86,56,105,203,94,162,125,229,217,251,242,154,118,155,97,149,175,159,187,239,252,239,264,103,152,193,209,171,164,166,145,240,115,233,142,70,216,237,185,183,142,285,196,150,151,159,174,193,68,131,102,262,179,178,103,178,169,235,199,126,193,124,227,58,86,150,196,126,116,139,174,110,221,138,205,97,77,161,216,230,206,194,154,126,102,161,171,100,121,123,92,97,230,179,84,158,150,113,174,160,130,326,154,308,153,60,180,171,85,164,187,280,284,94,79,88,154,65,268,179,201,238,160,191,165,180,134,144,214,243,122,237,198,224,132,153,197,155,252,218,111,135,191,249,327,163,160,153,208,179,105,141,126,140,177,176,217,122,202,163,163,170,172,147,149,147,291,116,97,172,178,139,267,141,220,251,288,269,239,203,187,206,213,138,156,84,270,197,141,112,135,198,194,139,105,162,97,111,54,90,129,115,94,135,67,89,154,260,88,90,182,137,168,181,157,100,122,114,192,87,155,262,270,229,136,179,155,122,185,221,240,183,168,200,163,245,139,123,126,140,138,201,118,198,102,210,163,316,58,194,308,163,144,166,200,213,177,242,252,104,83,113,99,117,105,292,216,176,230,239,100,185,125,168,224,131,163,104,198,153,181,164,132,180,168,178,124,226,159,239,161,250,301,237,101,264,191,139,125,217,171,147,260,171,242,168,262,183,114,113,63,147,114,69,130,172,165,177,116,135,147,143,262,95,185,192,349,231,193,225,208,241,123,122,182,171,73,118,97,197,129,175,181,179,249,289,187,149,152,167,108,164,109,119,155,107,73,170,132,139,237,194,135,255,156,187,260,167,224,242,228,156,198,87,153,113,167,195,163,169,185,151,208,235,96,200,168,82,239,112,101,88,189,176,189,181,168,211,186,211,139,115,241,80,203,229,136,233,104,169,154,151,131,78,168,183,170,161,138,277,313,179,166,168,220,146,77,227,249,163,195,100,137,141,141,110,147,129,108,123,237,148,172,130,181,259,146,140,230,175,108,187,284,151,127,180,125,223,168,202,212,162,197,189,136,202,111,127,178,105,231,206,161,115,118,122,114,266,173,220,241,259,90,221,116,83,133,321,200,135,203,170,204,273,124,160,238,134,154,135,131,137,131,244,217,133,161,189,170,183,222,194,117,207,178,97,82,110,132,126,192,247,177,150,200,173,229,194,169,259,185,112,293,68,122,216,174,174,110,61,191,159,201,140,304,216,141,204,97,139,82,159,228,186,258,175,202,165,181,115,104,146,195,114,138,59,87,227,287,138,151,135,148,210,243,178,343,142,128,145,131,144,144,176,144,194,155,142,133,151,204,131,193,69,254,209,110,183,111,104,126,71,172,132,172,162,228,131,144,162,167,93,210,100,143,319,147,217,152,168,155,114,199,166,134,226,172,124,284,126,137,94,335,205,193,151,134,229,254,198,178,147,131,100,184,297,213,214,156,176,196,185,100,189,181,249,197,114,243,305,266,161,135,203,63,148,178,140,219,284,198,137,150,266,122,148,174,146,204,125,185,183,77,125,220,139,238,182,267,107,67,129,258,165,116,95,206,158,232,85,69,141,197,226,164,199,67,144,113,132,225,135,116,192,182,130,138,100,350,146,136,244,110,141,173,148,247,164,81,97,180,108,141,86,193,164,109,117,121,169,213,146,292,212,139,144,132,225,243,211,156,206,131,183,177,126,133,137,169,101,247,249,209,128,217,107,137,164,141,92,138,223,132,174,269,206,149,136,155,177,210,157,163,167,163,113,140,128,152,175,145,98,195,112,165,170,171,243,140,154,134,159,129,137,124,152,206,187,169,117,238,154,130,146,253,132,112,103,245,239,186,178,183,109,180,175,224,210,133,176,187,234,149,208,180,118,144
123,134,105,167,172,151,141,203,62,99,133,202,109,170,189,115,205,300,231,217,152,150,125,131,150,211,102,73,186,103,187,175,154,164,172,171,187,187,231,153,200,190,287,165,255,218,79,108,141,91,118,86,168,245,191,116,122,120,197,181,165,152,212,94,195,169,306,167,164,125,215,133,110,129,63,87,82,199,70,114,76,192,158,81,154,163,193,162,169,154,109,114,191,120,196,90,186,139,150,244,145,180,179,167,239,134,176,210,168,250,210,187,120,82,122,114,224,143,154,137,276,110,293,228,94,137,89,98,154,89,177,153,178,190,157,208,201,170,213,211,99,162,130,132,139,165,64,102,156,189,188,137,130,190,137,178,205,193,130,205,123,272,90,74,49,109,194,97,145,107,257,199,270,233,146,101,171,118,125,170,179,205,222,211,241,256,132,128,206,238,184,141,181,136,219,101,223,163,77,213,219,178,191,129,229,169,148,171,133,171,209,86,123,107,246,165,159,109,136,158,237,196,106,184,131,224,62,75,181,175,109,106,124,189,81,232,109,170,105,87,128,209,190,171,158,144,109,82,162,165,106,123,131,76,104,216,192,98,149,125,130,182,128,124,329,145,292,158,54,187,188,76,138,178,264,247,88,79,87,131,75,239,171,184,197,156,189,164,188,122,132,204,212,137,211,166,187,110,144,222,137,212,200,118,143,207,249,343,168,157,153,189,157,112,167,123,120,170,181,219,111,203,165,147,165,139,138,152,113,281,81,96,147,174,130,285,147,248,243,261,233,194,177,155,178,190,128,159,100,275,195,147,117,122,200,170,117,104,172,111,107,39,84,128,107,85,131,73,89,162,255,88,76,166,111,181,169,149,82,119,109,200,103,147,278,241,203,117,155,196,128,144,221,235,150,144,195,173,219,140,127,138,96,128,199,128,201,102,169,152,318,55,221,284,160,126,139,171,187,186,207,216,107,89,104,89,133,112,280,183,176,259,210,70,192,138,193,222,105,176,98,178,139,196,174,147,194,160,150,108,208,161,259,128,235,306,237,88,248,161,139,121,205,145,163,257,155,239,170,279,174,87,134,60,134,107,60,164,164,176,172,111,147,150,134,241,105,174,158,346,211,194,200,210,252,143,131,199,159,55,100,87,161,126,160,184,179,212,313,175,142,138,160,89,152,101,118,153,90,76,176,119,141,221,159,139,231,154,188,243,139,218,223,210,148,191,79,160,126,163,188,136,140,177,161,196,232,92,191,164,74,250,104,76,90,197,176,170,181,180,187,197,197,139,95,202,81,178,233,146,205,91,160,128,154,122,81,148,167,159,140,161,258,310,154,151,166,219,157,68,186,233,173,168,107,109,122,126,114,135,133,87,101,212,152,149,134,180,250,124,128,218,148,126,187,281,167,141,183,135,186,171,158,225,151,205,175,139,199,115,140,177,93,236,185,140,125,121,114,110,233,170,210,239,223,74,197,98,65,120,285,182,134,178,152,178,249,128,158,224,136,148,138,116,130,142,214,192,123,161,191,169,167,211,197,127,155,154,109,76,140,156,121,180,293,180,146,195,142,222,182,138,250,160,118,295,76,103,207,172,179,115,62,181,149,189,122,291,202,135,155,100,156,78,158,189,208,214,170,188,145,185,111,107,127,189,109,149,56,88,194,297,121,173,139,136,209,207,167,317,149,121,121,147,143,146,137,115,151,160,146,120,142,202,130,168,67,220,220,86,171,124,95,117,69,173,128,148,158,205,123,136,179,192,85,195,105,129,296,151,210,122,159,127,89,193,151,153,200,138,123,294,132,136,75,317,232,189,165,139,203,262,203,198,174,128,122,207,281,206,177,150,171,177,185,106,152,150,247,192,120,224,286,261,134,132,198,46,149,158,140,195,307,157,136,131,204,103,130,157,136,204,128,159,190,77,106,190,130,260,160,244,110,64,135,221,155,111,86,189,160,188,71,66,146,195,210,184,181,80,139,104,114,201,130,116,190,188,113,157,108,341,157,131,236,127,130,181,166,203,139,91,83,187,104,125,81,203,171,107,129,98,161,201,127,273,238,100,142,120,235,232,196,150,201,150,165,183,121,115,127,162,88,247,248,201,127,179,103,142,166,130,73,121,220,114,152,214,220,146,149,127,132,241,177,147,201,183,107,120,120,123,189,141,111,181,110,153,163,161,218,121,176,129,138,149,115,109,138,211,194,181,110,222,155,111,136,256,112,91,89,231,200,187,182,135,91,169,187,245,191,125,142,154,260,136,173,189,107,160
111,144,94,157,154,175,132,202,47,82,144,173,131,172,181,131,199,306,241,233,165,138,127,135,152,207,96,69,190,156,199,187,159,166,173,163,172,187,221,130,210,202,260,162,261,206,89,101,159,80,117,79,176,282,189,94,131,118,192,171,166,181,198,101,188,188,281,156,193,128,244,156,91,126,53,99,81,187,86,104,71,182,153,97,141,131,168,164,168,131,105,94,201,108,194,83,190,165,154,255,141,202,186,181,231,126,180,171,156,231,193,173,122,94,145,103,222,144,164,137,301,110,288,245,96,102,83,118,152,100,169,178,180,190,172,196,227,180,203,255,107,147,112,141,132,176,63,123,161,153,192,136,109,205,141,201,210,180,143,209,147,273,111,76,57,102,193,104,156,108,235,210,256,215,133,102,183,102,130,173,148,203,235,205,266,261,119,138,186,231,193,142,195,129,251,123,182,150,70,192,257,189,181,116,243,156,165,171,145,181,196,89,93,93,259,173,194,84,149,182,237,227,121,188,153,238,54,84,164,187,98,117,127,199,99,215,119,199,69,93,143,213,225,201,183,163,118,77,164,158,118,90,146,85,109,234,182,105,144,130,137,185,136,110,286,184,312,159,41,178,198,89,173,169,252,276,93,86,106,139,73,249,170,206,191,162,171,161,195,103,141,240,218,132,200,163,188,124,123,213,145,225,197,132,138,175,260,333,149,142,160,192,190,101,132,106,110,158,162,201,127,217,165,160,163,147,148,149,120,303,99,97,142,143,135,300,156,210,255,299,207,180,195,183,198,213,135,149,92,269,209,156,110,128,205,183,131,98,155,115,92,52,87,135,97,87,146,89,92,153,288,88,80,162,127,196,183,157,79,138,108,231,65,154,278,247,210,145,161,165,106,161,228,219,136,177,195,187,232,136,119,137,111,141,192,112,211,112,192,147,311,43,163,277,151,167,158,164,184,185,219,200,110,97,93,106,120,106,275,217,185,260,201,92,209,147,179,209,137,196,115,198,146,191,179,124,216,152,153,109,252,166,279,164,242,302,235,88,267,180,153,110,235,173,161,249,158,267,172,275,199,87,114,69,138,106,63,145,177,176,171,98,152,135,128,255,119,162,175,365,210,200,216,216,256,117,120,201,149,50,119,85,168,130,204,193,191,245,298,191,155,157,149,107,141,97,122,167,95,80,176,153,139,194,180,133,234,141,201,233,162,212,225,234,146,191,74,149,102,136,198,133,155,190,167,201,256,119,198,189,102,237,120,83,83,206,148,184,187,184,223,193,215,123,107,203,84,203,223,123,203,96,168,149,150,129,60,139,163,145,160,142,294,305,185,164,184,240,191,78,198,230,146,202,121,110,107,136,98,122,120,99,122,239,134,173,127,166,244,129,141,221,161,126,194,294,178,144,174,129,200,162,164,237,129,197,186,113,233,111,133,179,94,237,162,137,134,117,121,101,300,160,200,223,251,69,207,113,65,111,307,191,131,170,195,167,242,111,143,226,141,147,145,119,152,122,230,226,125,146,209,149,179,201,214,103,178,136,139,85,124,141,134,199,270,183,131,220,150,212,169,137,233,167,114,283,81,116,193,162,185,110,69,187,145,162,140,290,216,123,143,105,149,70,165,172,194,274,196,174,148,183,108,112,154,173,150,143,39,105,192,304,153,150,128,143,180,201,173,323,153,110,148,156,146,147,139,130,168,151,150,131,134,197,131,174,70,230,223,83,174,120,105,107,68,174,122,166,157,191,146,144,180,173,76,194,106,143,321,147,239,130,172,162,97,199,172,156,255,127,115,307,121,171,64,326,257,206,180,147,199,228,191,174,156,146,134,196,316,221,216,161,164,155,183,114,140,161,258,176,131,237,306,247,128,132,197,53,116,138,156,223,277,184,123,134,224,98,144,174,153,209,110,162,189,64,102,196,114,256,169,242,130,73,133,218,174,127,103,188,156,179,78,80,146,197,198,186,218,69,129,117,108,192,116,119,207,195,134,151,90,340,149,133,232,115,145,183,181,226,173,63,96,191,115,135,70,177,177,110,112,104,188,193,137,322,236,123,138,137,236,214,206,157,168,153,158,185,135,137,119,141,85,272,237,190,119,180,93,114,147,126,80,129,210,111,172,226,207,179,141,152,165,223,173,167,195,181,93,124,94,142,197,110,109,191,117,141,154,134,231,148,160,145,160,144,140,123,134,215,173,166,127,194,162,125,162,276,116,90,88,212,211,186,195,143,116,152,174,253,212,131,155,153,261,133,178,184,115,167
101,144,96,168,153,159,131,200,61,91,122,165,136,154,185,119,210,289,218,205,179,138,121,146,148,223,94,59,166,125,198,173,166,138,177,172,176,193,227,125,211,205,302,149,243,192,94,110,148,98,123,70,154,231,196,90,133,149,174,197,181,167,186,100,192,158,268,141,173,147,220,153,91,123,62,85,85,197,67,121,76,189,147,76,148,149,158,155,156,139,114,110,191,107,174,67,185,169,134,237,143,219,192,178,217,131,176,194,155,216,222,140,130,89,141,147,273,160,188,110,330,103,313,247,89,108,81,105,133,77,170,168,207,179,163,238,220,194,200,232,118,149,102,130,127,191,72,126,163,160,167,139,109,204,157,184,227,130,132,185,113,255,98,57,57,112,207,104,161,123,269,164,243,218,151,111,150,116,111,159,140,202,238,171,264,251,117,124,162,239,180,160,197,135,244,112,190,149,89,186,263,159,215,139,232,193,160,174,159,174,187,62,111,96,269,179,190,94,157,140,238,214,104,174,122,230,60,65,188,177,115,118,116,204,81,200,104,188,69,83,137,197,218,189,168,157,108,81,153,183,99,118,133,58,102,232,183,105,167,132,154,182,151,120,278,155,285,165,41,203,172,69,173,129,212,254,103,90,89,141,71,247,156,201,202,160,183,141,186,120,123,231,233,120,181,179,162,98,137,235,160,274,184,154,147,175,260,374,155,131,173,192,177,90,146,140,121,156,163,210,99,189,183,132,141,152,158,157,130,267,76,97,155,159,120,286,149,205,267,252,214,174,154,172,209,238,137,142,73,308,191,189,117,117,230,194,112,113,158,109,104,49,76,118,109,78,121,77,94,158,204,80,77,163,118,220,170,146,72,112,108,185,65,152,241,218,187,137,173,145,106,166,221,222,123,153,196,148,249,153,117,132,83,139,191,102,206,128,162,151,342,42,192,267,151,146,152,175,198,206,242,203,107,83,92,94,116,117,264,211,205,251,182,91,219,145,181,202,113,207,114,174,143,191,195,134,209,148,140,100,268,154,285,146,229,281,205,72,289,188,143,120,251,156,159,262,147,259,185,306,186,75,114,64,155,113,69,165,164,158,160,99,172,159,128,250,114,147,173,381,220,177,219,218,231,128,124,203,133,57,93,84,177,130,183,192,201,248,328,179,154,174,156,85,132,87,116,174,87,87,177,130,152,206,178,155,233,144,219,217,132,212,235,245,148,178,73,166,110,141,167,126,176,151,174,229,266,114,189,183,85,225,109,93,79,167,162,186,180,203,184,190,222,145,97,193,77,168,215,131,189,81,170,126,169,122,45,137,158,125,197,152,269,295,149,140,168,221,178,74,179,217,153,193,133,143,112,143,107,131,135,104,111,230,140,168,148,175,206,122,137,198,158,139,186,284,173,120,203,136,173,154,172,223,138,233,175,131,214,118,132,196,112,236,176,172,119,99,125,105,249,160,210,206,255,70,191,111,70,97,284,166,121,161,182,183,261,96,148,227,126,130,131,126,139,134,228,206,123,149,194,149,171,200,202,106,163,156,109,85,136,144,125,208,266,185,125,204,178,230,179,137,242,164,99,336,71,112,173,174,185,97,68,169,125,193,162,304,212,132,164,96,140,76,154,161,190,245,194,196,157,156,129,124,147,198,120,137,59,86,185,330,152,167,121,131,175,188,162,351,146,101,144,139,128,143,164,129,165,166,165,147,152,201,95,158,75,210,238,82,170,93,102,103,78,182,124,136,158,197,146,149,196,160,78,203,103,154,308,166,232,116,182,154,98,188,162,171,250,125,115,305,110,177,75,294,235,180,164,107,230,221,204,193,166,154,122,191,286,221,217,167,154,160,172,116,139,174,249,179,122,202,324,241,106,126,208,60,132,155,156,190,268,145,142,114,179,125,133,164,129,212,110,176,188,73,87,199,129,276,190,225,149,68,121,224,158,106,95,177,172,192,79,85,140,206,217,190,183,74,130,130,141,200,118,124,207,169,130,137,92,287,168,137,222,129,143,169,196,214,145,91,91,167,88,141,74,163,153,98,93,73,171,215,159,316,259,112,153,132,247,219,206,151,203,165,172,167,134,119,139,173,100,242,235,184,98,175,101,150,157,137,91,136,184,114,166,234,205,169,122,126,159,244,195,162,176,154,101,142,110,141,180,144,110,208,120,127,151,137,231,155,171,155,132,138,168,125,152,226,173,161,129,212,146,133,160,248,122,116,93,231,192,152,195,134,113,166,146,250,220,107,166,133,263,136,173,165,122,170
106,138,82,156,150,156,127,151,49,87,115,133,115,134,150,117,188,266,230,223,133,146,113,132,143,226,92,66,209,114,242,157,157,150,169,158,168,176,223,131,215,187,264,157,211,170,80,99,143,67,114,62,157,219,162,100,129,99,160,193,171,148,181,97,159,151,263,127,163,149,202,122,77,112,50,78,82,162,69,111,64,162,142,66,138,117,136,119,145,135,105,92,225,94,160,72,179,153,174,201,127,195,167,184,189,117,163,174,150,188,205,143,146,69,116,127,228,129,155,121,260,100,272,234,91,86,76,93,131,67,180,185,180,161,182,225,198,204,195,215,120,138,117,112,134,184,67,122,147,161,167,134,113,177,155,193,180,152,124,169,125,234,101,53,58,129,188,122,170,110,245,189,227,199,121,93,159,122,120,157,135,209,228,185,264,259,156,106,160,223,170,141,170,136,232,84,157,144,59,203,236,156,200,125,202,170,153,152,147,157,177,70,101,99,246,164,170,83,159,144,201,204,97,158,91,231,62,82,175,184,105,109,105,193,76,205,128,175,65,90,140,193,215,202,167,189,104,84,156,167,90,97,92,50,85,223,196,90,138,136,153,183,150,92,276,147,292,144,45,175,171,68,140,141,215,241,94,72,109,118,74,231,153,197,210,123,160,138,180,118,126,174,214,114,207,161,165,105,121,189,126,221,224,128,119,148,245,333,145,125,152,162,154,99,142,143,107,172,150,183,106,167,154,138,104,137,146,128,110,280,72,100,141,132,118,285,164,216,247,262,220,162,172,177,197,191,147,141,69,260,183,170,103,107,215,170,105,119,155,107,95,47,85,132,88,74,120,80,107,169,225,72,67,165,118,210,184,174,75,109,106,196,56,137,241,176,167,129,153,166,113,156,201,211,134,165,233,165,247,153,102,139,87,139,191,95,188,89,166,145,325,64,158,220,161,154,125,143,170,158,210,196,126,74,87,88,109,91,196,206,194,245,197,98,188,137,180,170,114,193,94,185,152,207,175,127,209,133,122,106,271,145,277,150,221,263,201,61,239,150,133,106,223,164,161,241,149,242,155,265,197,44,121,68,151,98,45,161,161,154,148,102,153,142,121,268,100,150,159,336,199,161,219,187,246,96,105,177,126,53,90,78,161,94,151,164,201,266,309,168,139,182,128,98,132,92,123,197,71,92,185,118,159,230,125,134,237,128,222,205,144,188,230,247,136,176,82,135,81,138,152,129,146,153,145,182,233,123,169,153,78,217,119,86,98,166,122,147,158,190,189,162,176,126,97,172,80,170,213,132,170,97,171,124,170,104,40,141,145,101,176,156,309,308,174,160,184,226,205,65,187,212,142,217,109,113,122,129,107,132,109,74,109,225,139,162,135,159,188,93,134,159,152,146,194,266,152,123,181,126,170,155,155,200,114,223,172,89,231,81,121,194,120,193,160,162,116,111,132,101,248,137,167,200,255,66,180,111,60,87,293,148,137,139,145,159,269,112,147,224,132,121,128,112,116,122,214,194,118,107,197,153,154,180,229,104,154,155,89,75,134,127,122,173,266,169,120,209,159,233,160,133,194,133,101,282,69,87,175,148,185,115,48,178,117,156,142,312,206,131,137,113,169,79,151,146,161,251,194,174,128,168,90,123,161,198,115,139,52,99,179,308,135,155,108,110,166,201,183,308,157,93,110,160,141,129,143,139,169,146,165,138,140,185,87,158,51,168,195,79,164,103,89,98,60,188,118,127,135,183,138,116,178,180,60,166,111,152,326,160,191,107,177,146,96,193,138,145,240,104,91,271,125,158,71,293,228,196,157,112,192,224,166,199,155,125,117,156,256,241,180,132,168,178,145,97,139,163,265,154,128,193,310,227,114,129,193,49,91,112,148,181,277,128,137,123,173,119,107,146,124,163,139,158,187,79,96,181,119,260,177,252,122,64,92,205,150,115,97,173,143,172,77,81,126,177,250,168,185,64,92,110,125,157,114,107,206,194,123,128,98,330,175,115,179,121,136,163,165,224,138,85,97,169,83,153,68,164,139,79,97,84,165,187,143,302,239,104,142,131,207,208,198,155,198,145,170,154,120,93,113,146,79,244,224,188,105,147,91,146,145,114,91,118,185,121,152,226,187,160,133,140,158,230,197,178,164,159,97,134,91,132,157,118,128,211,110,118,170,135,217,122,166,139,129,133,134,107,133,216,164,154,106,181,165,117,143,241,109,98,91,225,159,150,204,134,97,152,147,235,201,93,153,150,275,129,176,174,104,182
118,138,81,152,151,155,127,161,51,87,117,148,117,143,177,132,182,291,269,213,131,158,117,148,142,236,90,67,169,97,239,160,169,133,170,168,154,149,235,133,221,176,303,145,179,210,80,96,145,84,130,78,162,217,158,97,127,129,171,171,146,189,177,85,157,193,243,140,139,133,208,107,78,130,58,75,95,207,67,124,74,191,157,74,142,138,146,117,136,144,99,87,186,104,189,69,203,169,144,210,116,170,184,153,195,138,173,175,164,161,197,173,134,77,131,125,228,142,185,125,306,105,299,230,85,100,73,98,136,69,187,169,162,179,172,203,199,214,194,212,111,140,113,130,126,191,79,125,153,164,137,152,102,177,153,197,189,141,127,208,113,226,108,76,67,148,232,98,200,108,272,172,215,191,143,112,163,91,126,171,141,232,235,182,258,262,146,121,195,236,140,138,149,136,221,91,167,140,60,195,214,162,197,139,214,171,163,171,152,178,173,95,100,98,241,178,201,86,142,134,223,239,94,170,133,260,61,84,214,170,105,140,103,210,75,226,122,205,73,92,141,200,217,198,197,203,93,94,180,154,94,106,90,42,88,193,177,110,156,159,160,177,148,82,292,166,326,156,37,181,169,62,151,111,207,230,95,85,115,83,69,236,129,183,205,132,194,151,168,116,122,170,200,113,156,180,159,104,116,233,139,239,186,142,140,154,252,338,139,130,165,174,163,98,122,125,112,189,149,183,108,199,180,176,125,178,128,131,118,277,69,104,139,152,116,303,143,169,229,241,178,151,153,176,214,244,144,164,90,246,179,168,102,104,203,156,122,116,149,106,111,49,79,121,94,64,125,89,100,136,208,90,63,169,126,195,186,161,86,109,90,174,46,147,273,189,200,145,178,179,124,147,225,221,124,157,221,155,270,142,112,114,93,141,197,86,192,113,186,133,363,56,170,237,158,168,117,136,172,201,185,209,130,71,79,82,111,123,256,176,203,254,220,81,183,142,193,199,129,178,107,205,150,175,183,142,214,146,140,84,249,138,292,140,256,298,218,83,255,154,152,114,248,188,177,267,140,266,183,259,186,51,108,48,149,91,52,153,169,139,153,72,159,163,116,224,102,174,169,288,209,151,232,195,235,95,128,172,155,66,80,77,168,115,168,184,177,250,298,184,139,175,159,93,138,88,125,192,91,82,188,106,174,217,158,149,238,125,218,235,146,196,200,258,122,162,102,153,86,133,184,151,174,144,126,206,266,123,182,194,70,231,99,88,85,177,136,184,194,192,200,162,173,105,117,195,84,189,227,137,199,88,164,123,192,124,53,132,154,123,190,155,307,296,180,140,202,248,199,63,194,232,161,191,139,114,125,141,101,147,103,67,122,233,137,161,125,167,195,124,150,189,148,132,176,280,170,140,173,112,147,162,165,248,136,207,212,92,186,90,122,202,125,210,170,186,105,100,114,114,272,149,213,209,249,87,174,118,62,80,285,144,134,147,143,170,257,119,129,234,111,140,103,128,119,128,215,191,120,121,185,153,170,185,221,101,138,144,109,54,113,143,105,151,256,167,127,212,152,218,159,122,220,155,95,331,71,95,166,181,208,105,41,182,134,150,156,333,186,135,143,112,136,79,162,157,187,220,191,175,129,163,89,133,148,237,128,158,56,93,172,309,154,159,116,111,173,190,148,330,150,109,124,166,144,122,161,138,178,160,150,152,137,216,110,167,41,172,206,70,161,107,98,115,79,154,131,121,141,155,134,128,160,183,69,173,110,147,325,178,212,117,179,166,93,200,132,147,196,92,129,300,104,151,74,316,216,192,163,121,173,247,171,181,143,141,101,143,278,218,179,141,144,164,178,114,136,160,254,154,118,186,327,261,108,99,205,63,123,128,165,167,232,130,136,130,176,133,118,175,119,187,124,160,175,68,125,169,133,285,175,215,110,69,94,254,164,111,99,190,144,199,91,92,144,194,263,185,210,57,134,126,112,173,106,96,208,201,106,131,97,310,165,123,199,90,136,147,184,200,119,80,104,173,98,148,50,148,144,80,89,81,182,200,154,317,257,105,131,114,216,188,203,159,194,146,191,165,120,107,133,158,79,257,232,206,125,192,91,132,144,141,96,142,204,114,140,196,186,161,131,141,162,200,193,158,148,138,82,150,91,139,167,154,120,215,105,135,155,169,234,133,178,152,136,131,137,112,147,227,171,138,112,195,152,94,132,223,94,102,85,237,175,134,206,112,102,163,144,218,204,87,144,160,260,102,187,188,97,178
89,134,92,158,144,148,152,161,49,101,107,127,140,105,189,133,169,263,269,199,144,138,117,126,135,231,75,71,192,82,260,140,150,151,137,149,149,174,236,145,185,190,309,119,196,226,82,105,131,72,130,51,151,211,152,102,113,113,167,154,158,191,149,85,149,173,263,121,122,125,177,124,89,119,44,65,99,187,75,116,51,201,131,83,141,152,143,109,140,120,91,88,204,71,177,64,198,185,127,228,125,190,180,131,159,119,149,179,165,160,184,156,123,88,143,119,215,130,152,139,295,86,267,217,63,118,72,94,127,68,160,156,170,150,186,197,182,208,192,217,114,116,129,131,127,190,76,107,153,182,147,127,109,165,140,195,190,127,124,190,107,221,99,79,74,130,222,134,168,106,256,197,212,154,133,85,142,80,120,183,149,254,238,162,230,240,157,95,195,215,149,157,151,136,201,81,146,127,64,190,201,165,184,117,181,174,161,166,133,174,143,68,96,93,243,191,144,91,131,119,248,241,83,142,140,263,62,89,197,165,65,107,103,178,99,194,109,190,75,92,145,190,204,210,181,157,82,87,128,178,77,77,82,38,73,210,191,108,156,130,133,164,140,98,250,172,295,162,38,168,189,54,126,126,212,253,101,71,125,92,70,238,141,196,184,135,166,110,181,110,118,171,203,103,161,173,140,111,123,200,127,253,196,153,108,151,235,328,152,131,142,165,135,92,122,117,110,187,145,191,104,200,148,147,125,142,137,133,103,262,69,101,136,140,100,277,141,167,209,212,173,144,141,172,185,210,141,170,112,270,166,158,112,107,212,156,111,109,178,84,82,45,67,96,87,69,118,85,100,143,215,93,55,159,112,183,154,142,91,109,89,165,57,147,300,194,161,130,183,185,123,129,215,202,131,141,221,165,213,152,130,117,64,145,191,104,175,92,189,131,329,57,140,237,145,181,107,140,165,177,181,188,136,58,81,69,98,103,235,185,189,271,204,81,144,139,168,181,112,177,103,168,140,198,184,146,215,124,144,79,239,127,297,132,230,263,248,58,249,163,140,106,250,169,177,225,130,232,163,250,161,52,108,66,151,77,46,157,161,136,153,87,137,151,121,238,93,145,162,305,179,158,210,191,233,96,109,186,136,65,78,84,136,130,155,178,201,266,290,164,126,164,120,87,129,101,128,196,95,83,191,114,142,212,122,155,206,114,210,251,122,192,204,215,134,178,67,154,82,109,192,139,168,133,138,211,262,106,175,202,76,217,94,67,86,163,106,198,192,198,163,159,150,122,86,177,57,179,211,170,151,101,123,129,160,131,44,134,107,125,194,142,263,272,209,163,195,224,220,70,174,226,145,186,112,120,124,126,90,121,108,61,123,206,114,137,130,184,178,108,138,165,159,143,171,275,136,140,172,99,155,157,132,224,141,204,176,84,233,86,99,177,128,219,128,164,98,99,97,103,230,162,180,171,204,91,183,86,44,81,298,155,127,142,149,148,243,123,113,235,97,136,111,112,130,116,182,172,126,103,175,145,173,174,213,98,119,132,100,71,108,110,117,175,268,133,116,189,140,199,147,135,191,134,93,314,76,93,153,163,190,102,39,177,90,131,128,279,193,103,146,100,125,93,141,177,171,216,199,169,133,167,91,136,185,224,106,153,46,87,171,331,123,150,120,109,138,191,153,285,182,109,123,151,115,136,118,128,153,146,120,137,139,179,87,147,54,170,198,65,155,90,75,107,85,178,117,106,149,171,149,149,168,182,53,170,105,145,285,145,173,94,193,172,89,184,134,137,219,84,115,286,113,156,78,287,228,186,162,86,180,224,146,167,138,136,97,164,263,234,165,161,147,177,144,100,119,156,220,149,106,191,329,207,80,119,213,53,133,113,148,153,217,119,127,166,174,115,114,187,118,191,134,139,188,72,89,160,105,258,162,200,102,68,67,212,162,139,105,154,173,145,73,65,138,146,255,179,174,65,95,96,118,163,95,94,238,195,119,133,86,302,152,100,183,106,119,131,182,215,144,74,87,166,94,148,56,124,150,83,94,86,183,191,139,292,250,71,138,131,243,160,216,148,212,145,163,172,95,92,142,153,82,259,224,185,116,168,70,128,156,146,102,125,168,123,124,197,181,137,126,136,177,214,181,153,164,136,80,144,78,127,135,145,114,207,107,143,156,134,273,126,162,153,132,128,125,110,117,215,164,149,130,184,141,97,121,223,85,123,100,233,182,128,188,110,97,132,109,212,165,78,160,164,266,98,175,159,97,176
105,140,72,151,119,148,130,170,50,104,109,110,116,121,201,152,169,228,262,222,119,134,107,116,173,250,72,66,183,93,277,153,156,135,165,150,170,181,226,141,205,209,321,136,190,233,99,115,131,82,133,57,126,226,144,118,119,120,160,174,186,181,166,78,144,175,287,137,128,140,175,123,94,137,51,72,91,183,75,124,67,180,113,69,141,150,180,118,146,156,83,95,187,93,176,76,198,158,122,189,126,196,185,148,175,123,172,167,144,155,191,166,103,60,122,137,234,142,136,124,279,87,269,246,79,123,90,93,133,66,165,161,173,154,175,172,175,238,197,192,130,138,111,138,130,189,74,109,125,163,165,163,110,153,162,207,172,152,124,202,120,212,81,69,71,141,216,105,185,127,234,186,180,169,168,128,159,88,110,165,137,249,184,187,239,240,144,105,195,217,151,165,142,145,190,100,154,115,61,227,174,171,175,122,178,162,164,154,152,166,172,75,112,87,249,174,162,93,135,115,242,234,86,137,142,274,58,86,195,175,90,116,121,178,94,193,99,210,76,87,151,191,174,194,196,177,89,81,157,184,78,119,107,38,87,193,191,94,156,147,118,180,118,68,267,189,307,146,47,176,199,60,164,139,222,263,95,72,99,85,85,226,142,188,183,133,133,117,174,122,121,178,166,98,159,161,136,134,109,246,150,247,195,138,137,142,213,382,132,116,163,185,148,105,98,92,116,207,126,184,106,201,187,136,130,163,160,117,102,296,72,88,145,118,94,274,160,174,218,251,192,174,140,178,213,208,130,143,96,264,167,126,109,135,178,173,115,96,142,88,89,39,84,95,65,54,129,71,101,145,194,97,66,150,121,184,163,165,65,112,93,132,57,132,255,178,181,125,173,169,102,122,226,208,140,159,214,151,203,184,95,110,75,171,183,100,168,114,168,131,332,73,154,246,152,156,102,168,170,179,178,192,115,86,100,68,99,112,218,198,189,242,210,98,165,164,183,208,129,163,121,169,160,171,154,138,201,128,110,63,228,132,280,104,207,264,223,62,308,144,143,105,219,171,182,234,165,248,179,244,171,63,121,44,128,77,36,162,154,133,170,84,142,155,117,253,94,155,167,300,175,143,222,190,216,109,119,184,152,47,63,79,148,120,134,155,204,254,314,178,111,159,146,73,134,103,126,216,98,91,186,93,136,249,149,168,205,120,225,289,119,201,198,217,132,185,84,147,85,109,191,117,166,170,130,184,273,113,168,213,76,240,87,86,99,173,96,195,181,190,178,156,171,107,107,176,75,203,207,163,151,116,167,144,181,110,48,145,116,109,171,139,252,316,190,167,203,257,216,88,182,221,116,211,114,103,127,122,78,123,124,76,133,222,116,150,127,161,210,141,133,179,159,123,159,308,165,148,201,123,153,166,137,243,145,214,196,73,229,99,127,185,136,248,146,155,93,90,108,102,239,131,176,182,210,103,165,82,46,88,259,150,103,159,140,155,248,96,102,224,97,153,125,121,103,137,192,170,122,107,186,154,182,161,220,106,118,149,99,64,105,102,94,202,250,130,135,191,166,230,150,146,201,134,88,299,93,100,181,170,200,87,40,166,117,137,145,293,195,98,173,98,127,81,165,178,163,203,190,172,132,155,91,157,151,208,118,140,57,114,182,336,113,131,129,117,149,186,158,310,148,105,134,148,107,129,127,135,167,162,128,145,154,177,116,168,57,177,201,57,129,101,84,76,99,168,119,116,134,170,137,134,141,191,63,171,106,174,326,131,167,101,195,171,71,209,135,130,204,88,130,335,115,158,83,295,209,175,165,88,221,246,149,186,139,122,105,159,278,215,159,135,159,170,168,133,107,142,221,163,116,179,321,221,76,125,219,56,131,116,159,128,236,114,146,140,169,130,127,196,101,165,113,144,183,85,98,162,124,281,158,198,130,69,89,206,143,142,104,164,193,166,103,101,144,177,266,204,200,71,122,112,121,162,118,75,213,174,106,115,82,303,173,111,194,87,122,159,161,211,124,75,83,172,84,142,52,135,133,63,114,88,177,228,144,313,256,85,160,127,248,212,201,135,193,143,181,139,95,100,129,156,93,290,263,210,136,133,84,145,131,173,116,103,165,103,132,197,190,148,128,145,180,213,179,157,156,131,68,139,88,134,151,153,111,205,105,144,179,144,251,133,159,142,135,117,141,122,152,209,187,156,120,168,161,108,149,211,73,109,89,211,186,158,191,131,87,166,121,195,154,102,157,153,262,118,171,155,107,198
128,130,81,166,129,139,122,146,56,104,111,121,125,115,234,147,161,229,291,196,136,138,118,128,150,265,84,69,182,77,301,122,145,134,166,141,141,191,243,140,205,214,332,142,190,257,88,95,126,100,144,44,139,213,162,109,123,120,156,184,208,203,160,69,155,155,269,136,131,153,184,123,95,127,40,71,83,207,81,136,58,211,99,73,136,157,165,101,140,137,89,73,178,88,177,87,182,183,101,166,137,160,176,135,173,125,175,132,147,170,194,176,109,78,146,154,226,135,139,116,313,86,269,256,73,117,82,90,110,65,158,134,167,165,183,172,194,245,209,202,119,116,122,127,124,216,62,94,151,174,160,132,91,154,124,199,171,142,125,171,97,211,88,76,76,132,249,117,179,96,254,185,223,135,148,125,172,76,114,163,130,245,199,176,220,227,151,96,182,211,146,167,130,155,186,119,152,110,71,214,173,195,194,135,188,171,159,174,149,199,143,73,101,91,247,191,165,82,138,109,238,230,78,130,146,255,60,82,195,170,75,117,109,192,89,180,96,197,91,101,149,155,173,189,186,160,103,69,133,184,77,85,83,45,88,235,196,81,158,122,133,156,132,76,276,209,290,156,49,177,184,56,136,114,218,253,83,77,113,88,87,238,158,205,185,119,134,106,157,115,136,206,165,83,161,160,127,125,104,204,153,233,194,163,122,120,231,346,133,111,162,174,140,102,121,111,103,191,128,180,90,193,189,102,147,148,152,127,86,262,71,70,134,116,81,246,173,171,227,222,171,142,163,182,206,202,152,124,114,266,185,149,118,132,174,175,125,94,154,111,88,31,69,78,58,58,117,63,83,125,234,91,74,123,101,178,166,164,65,104,85,133,77,125,295,179,172,131,144,214,101,103,225,184,140,133,212,162,183,143,109,98,76,152,149,127,178,114,162,125,322,63,133,217,134,181,111,154,194,171,192,209,109,63,93,68,96,115,218,173,207,221,206,101,167,143,182,168,109,189,114,169,142,172,186,178,180,121,123,85,237,148,244,93,229,248,231,44,252,161,147,106,282,172,206,270,165,258,153,274,164,67,120,50,143,83,43,141,171,143,167,96,147,152,107,214,100,169,163,285,189,153,204,169,214,104,138,206,150,51,77,75,134,133,164,168,184,229,324,173,132,170,139,69,137,104,142,220,90,97,186,108,122,212,163,161,210,137,228,258,108,165,182,234,120,175,56,157,107,105,184,146,183,147,105,202,255,105,165,201,56,230,102,73,111,193,97,213,180,181,156,163,141,107,96,190,66,188,228,168,154,120,144,145,170,122,34,111,103,136,168,125,227,325,201,158,170,209,209,70,196,212,121,154,112,110,128,102,101,137,146,50,118,225,111,155,130,145,170,128,118,180,168,137,172,293,143,134,171,108,156,160,136,256,125,214,184,78,208,86,107,195,124,229,165,159,96,94,106,106,233,109,190,178,190,143,150,86,39,102,264,152,133,143,175,151,248,104,99,218,80,145,133,126,112,118,193,161,116,136,200,171,159,161,245,95,99,149,108,68,125,113,97,195,273,142,119,182,181,194,174,162,176,105,80,296,92,94,179,177,181,79,49,186,119,130,163,263,171,78,155,102,148,62,168,184,155,181,192,184,124,174,101,160,166,186,120,141,51,109,139,370,117,139,96,124,135,180,170,289,133,90,145,142,122,131,131,144,145,185,123,123,144,176,102,162,62,171,179,67,114,113,91,83,91,199,119,105,123,169,146,99,132,151,68,171,105,160,313,136,169,118,203,181,84,184,131,121,192,85,147,284,101,135,70,242,204,171,184,91,179,233,116,177,127,125,101,151,266,223,153,147,151,188,154,141,95,119,216,154,104,188,343,195,80,82,212,45,148,133,141,132,191,101,131,125,160,134,115,185,99,160,124,147,170,74,103,176,117,254,163,186,98,77,73,205,125,140,110,155,163,152,95,82,137,188,311,177,183,63,115,123,131,186,109,80,222,191,131,110,76,330,177,104,189,110,127,147,164,209,135,73,85,174,107,135,62,150,138,74,97,82,198,217,133,280,268,90,158,121,266,165,201,127,216,121,178,166,88,89,134,162,84,245,245,203,97,110,79,140,140,173,114,142,131,99,102,188,172,162,122,156,170,205,173,152,170,149,77,130,75,146,151,117,100,190,116,166,166,128,244,117,137,124,113,122,122,152,143,233,177,162,131,199,124,82,144,195,77,120,107,205,174,138,186,111,119,130,103,201,154,94,148,137,263,129,185,149,90,167
94,131,71,161,126,148,126,153,47,96,111,121,141,118,192,142,165,215,255,197,107,131,120,121,167,202,71,47,162,93,280,137,131,111,164,116,142,165,208,128,190,195,256,139,185,223,64,107,110,74,103,43,131,176,105,122,119,115,162,157,195,155,149,71,154,165,243,125,107,133,174,105,84,124,27,72,88,153,109,136,54,179,111,78,117,138,152,105,132,124,100,77,177,71,205,81,184,151,90,177,111,167,160,146,159,112,163,103,141,120,178,120,98,74,103,151,185,129,125,116,241,73,233,216,52,108,89,83,122,77,140,146,146,176,163,152,185,232,192,201,117,115,102,118,116,186,66,105,123,157,128,123,98,172,132,196,148,133,128,159,97,182,77,64,73,106,230,103,172,99,205,196,201,120,156,113,140,75,118,140,122,224,197,162,201,181,153,104,166,183,119,155,126,141,146,93,135,93,62,198,180,168,143,127,164,143,144,135,127,171,117,63,98,96,237,187,155,66,128,98,244,206,66,149,137,261,65,77,193,195,70,110,108,184,90,182,87,210,82,89,142,179,188,158,158,139,82,55,122,124,89,85,95,46,82,198,171,81,141,147,128,157,128,92,245,192,263,127,24,153,189,49,137,118,214,237,86,61,86,74,75,191,150,183,155,129,136,123,137,105,140,153,163,83,155,132,113,112,94,224,143,212,188,132,125,132,240,314,98,108,149,151,124,99,131,87,113,174,100,146,84,172,195,99,102,130,151,113,87,232,71,89,153,102,98,229,147,155,197,207,156,146,141,145,199,200,122,121,101,233,143,130,108,114,175,131,102,103,126,94,78,37,78,85,69,38,100,60,79,123,202,87,77,106,92,175,134,129,77,111,86,124,61,122,260,144,179,115,151,164,69,86,199,167,132,129,218,158,167,144,106,114,75,131,154,102,178,92,146,104,329,81,137,208,128,152,104,174,190,205,158,189,121,90,68,73,95,105,217,160,181,215,182,99,151,133,170,166,113,181,116,168,122,163,150,140,192,118,101,71,216,139,233,108,207,209,209,40,278,136,123,79,217,152,184,248,125,214,147,233,168,62,105,48,152,70,31,146,139,121,142,81,139,142,105,207,78,158,137,247,177,168,178,166,218,97,118,169,146,64,70,74,153,96,133,126,174,209,287,153,105,144,114,65,96,100,147,189,82,85,207,91,121,200,145,153,201,127,183,254,101,152,182,213,118,207,64,156,81,102,172,116,184,140,100,160,241,113,133,171,38,234,117,49,79,169,110,201,182,159,121,142,136,96,83,179,70,175,207,169,141,104,137,150,154,101,18,116,82,124,152,118,245,259,183,124,139,203,209,75,155,205,113,140,105,105,115,102,89,109,130,53,137,183,102,115,115,142,171,122,115,171,143,145,170,265,112,118,204,113,150,130,127,250,152,230,163,68,217,87,105,189,108,191,139,148,89,99,98,88,186,103,168,171,195,105,139,81,39,74,233,136,116,139,151,149,258,80,94,215,83,160,123,112,92,120,178,165,94,105,193,134,151,157,220,80,96,146,91,64,115,124,91,177,242,144,103,176,165,203,139,127,173,118,75,285,81,87,165,170,184,83,61,197,123,128,148,258,126,69,131,94,131,71,155,185,179,159,179,152,111,172,100,123,151,185,112,120,37,106,162,307,125,105,112,109,129,154,143,266,142,94,129,113,115,121,125,127,132,153,120,117,133,157,98,157,47,168,189,65,117,129,99,58,92,155,102,119,130,154,118,113,148,170,54,135,97,151,299,115,150,106,158,168,64,202,138,118,158,72,114,263,114,109,67,246,168,149,162,109,168,258,109,174,122,115,90,129,229,217,143,127,143,183,154,137,83,106,197,131,94,164,323,191,69,86,186,40,131,106,126,99,217,89,117,139,144,147,119,159,80,154,99,122,132,62,94,155,99,271,139,196,144,59,76,173,133,150,103,140,153,129,85,77,107,181,253,178,175,57,98,116,106,142,86,63,167,180,118,107,80,313,168,107,181,100,117,153,155,194,136,65,96,148,71,123,59,121,108,61,94,86,163,215,147,248,282,89,139,113,209,165,190,96,162,108,162,121,96,71,136,133,85,245,230,178,91,92,85,140,154,142,88,117,130,83,145,186,157,173,115,146,171,198,174,147,163,127,59,130,82,103,136,112,92,161,107,150,143,117,200,108,154,131,104,132,124,134,147,216,151,147,126,190,150,82,123,164,65,107,96,224,150,106,164,92,109,135,111,196,178,70,121,139,265,121,164,160,84,146
73,144,71,165,127,143,116,154,45,97,114,131,134,102,207,153,174,215,274,187,126,154,107,119,133,232,79,58,167,76,304,137,112,160,153,143,126,165,232,129,182,217,291,169,201,226,66,121,137,98,115,46,148,199,121,118,133,105,150,171,167,172,151,81,160,135,249,140,107,140,218,111,76,133,41,72,83,150,110,117,53,190,109,70,126,151,169,96,139,112,96,93,179,73,194,82,197,169,91,185,128,150,151,147,151,114,177,129,149,121,185,167,118,89,140,168,171,153,110,127,290,94,257,251,60,111,76,87,115,69,118,140,162,168,177,167,152,209,204,174,102,123,102,143,136,197,78,98,134,184,147,157,116,152,152,164,165,141,132,179,117,199,90,68,75,125,234,122,167,103,233,220,234,142,149,113,141,81,95,146,115,216,232,188,215,212,176,105,197,179,138,161,129,158,140,90,161,107,63,198,190,189,175,126,206,175,145,155,145,208,126,83,87,116,259,176,178,67,135,116,252,213,56,150,139,256,65,84,214,202,67,114,122,193,92,153,126,226,63,85,171,167,192,178,155,152,90,64,128,144,97,85,109,45,79,211,171,86,155,143,109,177,130,101,257,194,332,126,31,191,192,47,164,119,236,233,80,55,118,88,82,233,154,202,147,137,149,116,164,111,140,197,144,78,156,152,116,104,80,228,168,232,170,138,114,125,249,341,114,128,125,172,123,92,116,94,116,195,122,169,61,178,181,109,118,138,132,110,84,249,91,69,154,119,108,254,148,188,204,207,148,168,167,158,208,211,133,120,133,247,151,138,104,123,204,138,114,95,114,115,76,39,77,82,95,48,132,70,90,119,201,89,87,129,84,159,138,130,74,126,69,130,52,140,263,191,154,147,163,178,76,104,211,179,135,127,246,179,166,155,91,135,70,151,157,115,186,104,158,104,335,73,148,190,148,150,82,166,194,210,164,197,128,70,89,70,93,89,228,146,219,206,211,99,173,149,180,171,117,187,122,172,143,157,172,176,190,122,120,87,239,153,257,93,236,229,234,42,255,177,136,100,249,152,195,261,167,231,174,301,160,66,126,56,144,69,37,151,165,155,165,81,141,149,93,235,85,140,132,275,166,154,184,199,258,111,136,204,153,57,79,85,149,111,128,164,198,252,303,167,106,165,126,55,107,99,142,181,80,69,191,108,140,190,137,170,208,158,221,276,93,151,219,219,112,181,62,176,94,123,155,118,174,158,101,154,256,132,164,207,49,221,92,62,109,230,116,204,201,172,159,161,146,117,83,210,65,185,194,175,150,91,139,151,143,113,26,101,86,130,158,108,254,296,193,133,150,225,213,83,178,199,123,126,124,121,129,103,93,135,121,48,142,203,110,142,109,136,204,127,136,201,149,130,191,282,154,121,214,108,137,141,127,261,136,231,171,76,211,66,113,215,107,205,176,121,73,94,133,110,203,114,193,178,197,100,147,91,42,95,270,128,115,132,168,158,299,78,117,195,97,166,121,120,100,122,196,166,108,105,203,163,151,145,208,87,102,158,107,58,129,127,81,210,249,134,117,219,171,204,151,116,183,123,107,272,84,82,168,198,175,100,58,189,109,133,144,287,139,81,125,83,115,71,168,163,193,193,190,167,135,184,109,143,181,169,123,131,60,97,130,303,109,130,105,127,135,192,146,275,131,103,147,121,133,113,136,130,148,173,118,120,115,145,100,156,50,159,191,55,114,132,109,69,92,186,108,115,146,149,129,105,160,160,54,153,105,144,321,107,155,108,199,178,87,232,151,108,171,102,153,273,132,116,83,266,191,161,152,78,172,280,96,165,105,115,104,127,253,203,186,132,137,201,144,163,98,109,214,141,102,170,325,199,68,92,172,41,134,116,149,102,215,101,130,118,164,165,122,159,79,161,129,135,154,96,102,156,110,272,170,180,113,66,93,207,122,120,94,148,143,144,69,91,114,166,274,171,204,55,99,115,104,132,84,76,181,190,128,105,73,345,123,109,233,100,130,162,145,213,142,66,102,176,85,103,56,144,106,47,112,65,195,232,151,289,272,105,161,134,236,188,196,126,192,101,161,136,88,73,165,149,98,206,266,188,103,81,73,157,158,158,110,121,143,83,136,187,214,149,100,146,181,224,189,132,171,145,62,112,77,117,147,106,85,176,115,171,168,123,224,112,174,130,138,119,179,136,123,236,160,152,131,197,157,90,125,155,74,108,115,227,149,134,182,108,111,136,117,199,189,86,128,117,260,116,164,134,67,158
83,145,75,146,134,137,110,144,39,111,121,128,144,119,217,140,167,227,256,203,110,136,107,98,156,203,82,54,142,76,315,107,117,156,157,132,102,143,192,121,181,218,272,144,194,236,78,99,131,86,118,41,150,197,86,100,109,117,159,172,192,188,156,77,154,117,229,96,95,146,158,103,88,130,39,66,76,143,95,127,55,180,89,70,127,143,140,67,137,112,94,86,139,53,222,92,170,158,91,196,129,160,162,156,159,87,173,127,132,136,163,157,104,84,105,159,195,133,111,112,281,87,233,231,66,98,63,104,118,66,126,140,164,176,199,157,136,209,205,199,106,104,94,122,120,231,72,79,121,167,146,125,88,159,139,176,150,140,122,203,117,201,66,85,83,115,207,125,167,80,202,257,201,115,141,109,150,94,105,121,118,213,229,190,195,201,147,102,179,199,136,156,136,147,135,90,156,98,65,191,173,185,166,125,178,154,140,145,131,210,104,71,93,76,225,188,190,59,134,109,240,206,63,125,110,241,80,63,189,193,80,134,96,211,89,188,98,195,82,89,167,145,200,158,147,146,81,72,120,148,98,76,85,39,91,178,171,105,155,164,131,167,123,86,256,202,264,117,30,179,198,64,178,139,205,230,75,53,118,74,86,218,162,207,146,128,139,93,158,124,143,176,141,76,153,133,115,119,97,209,144,227,147,139,105,122,239,344,131,120,133,167,151,74,89,93,118,171,89,173,76,175,214,110,120,149,148,95,97,243,86,76,164,108,84,235,128,203,194,199,120,185,161,159,191,237,130,115,107,217,144,126,92,117,135,133,110,83,113,126,82,30,90,86,85,44,105,74,82,112,213,94,83,134,95,190,119,138,71,121,91,144,50,132,261,165,186,137,140,197,82,92,187,159,96,118,227,153,164,164,80,110,79,133,147,106,181,92,141,118,354,64,142,181,127,136,76,173,155,196,164,233,111,71,81,67,84,110,216,140,206,185,216,92,175,141,160,177,101,169,105,162,133,172,169,162,173,92,123,68,211,142,220,109,232,203,207,55,254,187,120,101,260,146,205,234,151,231,149,279,155,54,132,43,144,62,41,172,137,162,160,98,158,128,102,206,72,146,122,235,132,156,195,175,220,114,115,198,156,49,91,88,142,121,135,167,148,229,293,172,119,144,135,56,111,109,152,179,68,89,183,92,106,195,134,152,174,150,204,246,101,162,204,209,135,161,79,151,82,117,160,128,208,114,107,155,227,101,152,236,31,238,96,64,78,186,94,208,172,178,153,148,150,104,87,201,61,167,189,192,118,105,139,155,149,103,25,115,86,146,155,110,243,282,175,138,145,210,205,69,186,193,104,126,114,100,128,98,87,114,123,63,141,177,121,123,102,137,191,123,141,171,150,140,194,235,136,115,194,109,132,113,110,265,146,199,157,60,203,90,87,143,86,205,184,145,59,91,102,83,190,90,157,187,192,96,159,66,54,79,266,116,96,135,155,148,284,75,111,195,92,132,118,132,93,125,175,191,106,103,199,165,148,160,189,73,86,147,110,69,119,124,64,179,251,156,89,165,162,220,151,104,149,107,80,317,82,89,174,196,181,116,43,183,102,128,157,291,140,85,106,99,127,63,157,150,164,172,180,150,139,187,99,132,169,169,139,141,51,104,124,299,120,129,94,124,105,164,140,250,127,89,137,120,138,119,125,116,118,164,119,113,120,167,99,161,58,149,163,70,99,132,90,76,102,154,98,129,149,128,127,108,151,150,55,150,96,131,272,101,148,94,173,152,70,201,127,109,161,77,134,264,121,105,96,250,207,172,144,89,170,301,94,169,96,99,97,155,219,214,137,131,160,151,134,147,75,99,212,113,109,162,283,171,75,95,189,42,128,140,143,102,219,87,117,110,157,183,126,168,84,186,114,117,145,74,94,145,96,257,140,178,126,64,78,187,132,141,88,132,175,123,66,80,117,176,238,147,200,51,86,130,96,125,88,59,193,180,119,103,68,336,156,102,161,95,134,194,153,235,143,62,92,170,87,93,63,114,109,41,83,76,184,210,161,260,240,104,148,134,231,169,188,109,171,92,169,112,97,60,139,148,88,216,217,194,94,90,91,143,117,138,101,95,126,73,135,177,181,171,113,159,172,200,177,134,175,142,75,97,83,106,136,109,75,184,89,169,145,93,205,95,178,112,119,108,124,131,124,235,160,149,123,180,156,79,116,167,99,104,90,214,169,109,131,102,91,115,132,181,168,100,147,115,247,108,146,145,55,144
111,148,73,140,160,149,102,151,28,101,128,146,146,113,203,132,186,234,270,202,111,135,103,107,166,229,93,64,157,79,309,134,118,143,148,141,129,130,214,137,178,218,294,156,210,230,84,83,121,100,113,48,149,204,88,112,115,102,161,164,179,172,151,92,134,138,254,110,110,147,159,100,103,144,43,78,89,130,106,123,64,187,93,63,128,150,165,108,135,107,104,97,188,66,207,82,188,161,100,196,138,150,160,149,165,118,192,138,148,121,137,134,83,73,117,143,162,114,117,136,256,88,249,182,73,103,68,89,110,55,135,141,135,184,178,147,128,223,194,201,105,119,90,138,112,205,72,101,140,144,173,146,124,181,150,175,142,153,143,194,128,197,80,83,78,107,214,111,160,113,241,222,183,159,142,120,151,74,103,130,118,228,257,199,210,233,132,103,179,205,157,132,130,145,129,122,154,81,62,190,174,162,174,134,184,170,154,141,109,213,113,70,85,91,238,198,187,55,137,102,268,226,66,121,131,263,63,55,187,240,75,142,109,188,95,188,126,244,90,86,178,158,183,160,172,158,90,78,122,158,86,75,92,40,78,157,187,92,162,169,111,163,127,76,261,191,323,120,36,186,177,63,150,148,233,258,91,79,135,82,89,231,145,213,159,124,158,91,149,93,132,188,147,66,157,143,133,112,92,210,151,243,170,122,102,137,291,373,95,114,122,184,167,73,115,90,114,155,91,188,70,169,206,137,126,140,148,114,108,275,66,70,155,104,75,223,131,189,199,218,106,148,135,150,208,212,127,125,113,256,153,148,102,125,162,153,108,78,105,102,91,38,88,83,83,74,142,70,73,109,199,88,63,156,91,175,130,163,66,125,90,130,58,122,256,168,162,140,122,194,75,108,229,162,141,104,236,152,152,163,97,126,72,137,176,136,205,81,157,100,310,68,149,178,141,151,83,185,176,210,162,219,110,94,94,65,101,85,248,148,194,202,217,95,202,148,151,176,128,181,101,182,126,171,164,171,161,97,119,85,233,160,251,125,241,204,167,54,291,201,149,95,218,168,215,239,153,206,137,265,143,42,130,40,130,64,38,175,140,152,155,91,141,119,82,190,73,126,143,283,176,153,165,192,249,87,101,197,154,58,100,79,142,107,153,169,172,226,281,159,114,144,132,68,104,88,157,188,69,78,218,93,106,203,115,182,192,164,205,233,86,179,188,241,107,172,54,113,72,127,161,129,208,145,108,178,258,143,150,230,39,266,122,59,69,236,99,218,186,171,149,143,130,99,88,191,52,188,203,177,134,117,147,161,176,105,27,111,79,127,164,113,242,266,158,148,161,210,198,82,174,189,87,115,100,113,131,106,79,156,115,72,133,194,97,141,92,161,217,136,135,193,167,139,197,260,136,129,191,109,137,124,97,279,150,244,173,62,220,65,99,190,106,196,177,128,73,103,105,107,165,122,181,198,192,113,165,79,57,99,278,148,108,107,145,150,265,79,102,236,81,148,137,112,92,125,218,165,112,99,192,165,156,160,203,90,117,130,106,74,136,133,75,195,250,116,109,197,143,200,170,112,186,148,70,311,75,77,163,185,186,120,52,172,103,139,150,279,146,70,145,88,150,61,177,176,152,168,167,176,126,184,102,164,172,193,148,137,42,114,129,259,128,107,105,91,147,156,151,253,118,82,142,122,119,116,130,117,114,139,114,110,121,148,102,153,48,154,169,55,101,139,91,67,101,166,107,111,156,149,140,125,184,143,40,135,112,153,286,78,147,117,215,140,82,190,145,111,173,74,141,244,163,118,108,251,179,184,148,84,165,247,68,206,87,87,91,133,237,219,145,131,143,160,160,141,70,98,200,124,113,182,296,212,87,82,179,46,141,133,166,108,230,83,130,116,166,173,133,173,78,182,112,146,148,88,117,152,101,237,142,157,117,73,79,182,127,126,83,141,201,130,64,86,124,151,251,156,203,76,96,133,104,131,93,65,184,197,141,127,67,332,154,126,188,104,147,189,152,241,150,66,87,184,82,99,56,143,105,57,99,66,181,206,150,241,225,112,130,144,233,176,191,114,176,102,160,121,106,76,156,170,74,248,234,187,103,94,59,158,148,122,112,127,123,82,140,181,200,144,106,151,176,238,200,122,177,148,61,106,116,91,164,106,85,161,84,199,169,98,243,107,165,130,122,109,138,122,107,202,176,134,117,186,173,76,104,152,83,96,106,239,172,103,135,107,116,123,122,190,167,89,125,123,256,111,151,138,72,135
69,155,65,172,139,126,117,149,46,89,115,129,145,118,161,123,167,210,259,152,84,111,111,112,178,182,67,57,156,67,352,126,100,147,111,171,101,140,204,132,169,210,286,132,196,216,88,99,129,97,128,49,133,210,82,98,114,89,160,158,206,141,132,85,139,151,221,104,99,168,158,98,88,134,33,58,79,149,105,129,71,165,84,52,113,123,154,94,127,111,81,84,160,53,213,83,159,134,97,221,109,144,129,148,176,120,168,102,159,120,130,133,82,78,118,139,191,112,102,137,271,95,282,192,78,98,65,85,117,53,153,127,137,178,176,130,135,189,199,179,107,108,84,114,96,212,93,90,111,132,149,123,116,149,146,156,136,131,123,226,106,217,75,71,68,145,226,134,133,99,228,215,180,177,118,105,169,73,76,162,138,197,216,185,211,214,125,92,165,164,139,123,102,145,111,103,133,64,74,201,170,161,157,105,186,131,137,121,124,196,105,62,67,105,216,147,181,56,134,100,269,227,57,133,130,244,49,63,180,218,86,114,92,168,88,167,136,223,75,60,161,130,169,152,157,147,69,70,117,129,87,86,84,36,79,158,159,114,138,165,112,143,118,74,249,174,263,131,50,153,164,61,142,157,218,249,71,74,135,79,87,206,130,198,179,121,132,83,148,115,110,163,128,49,146,143,131,92,98,205,171,249,154,129,96,112,256,384,119,114,107,173,167,73,96,108,92,129,82,160,78,168,195,115,131,141,140,130,88,283,78,86,144,105,70,200,150,196,192,182,107,154,155,124,205,192,130,99,129,226,146,122,74,111,141,136,104,74,90,113,87,25,91,97,100,65,113,61,69,101,218,76,58,109,89,184,147,171,66,128,66,131,63,145,249,141,181,120,110,215,59,95,228,171,132,125,251,136,168,133,86,116,60,122,142,117,178,90,122,124,298,62,158,164,112,148,86,149,171,182,157,232,105,74,96,59,105,81,260,158,196,194,219,96,152,148,168,191,104,170,137,184,100,167,174,163,155,98,122,78,212,136,268,101,238,218,175,40,255,211,136,118,226,171,187,203,155,214,146,253,140,46,142,46,143,45,44,148,115,157,163,89,134,102,75,201,91,121,129,251,184,162,162,184,264,125,115,175,148,68,95,83,113,105,143,161,143,240,253,154,133,145,127,63,99,91,130,163,67,78,176,80,96,183,131,136,167,143,181,208,89,189,184,213,103,177,60,135,79,130,186,126,214,138,123,154,218,79,148,259,44,244,91,60,80,214,100,215,151,179,142,144,121,85,90,183,56,178,215,176,134,111,142,177,149,104,34,104,88,113,158,143,265,259,181,134,164,214,194,74,191,157,96,93,105,113,112,101,63,126,108,59,134,166,96,126,104,176,201,135,133,164,128,156,195,215,121,110,213,95,131,104,85,245,159,208,158,58,189,74,85,150,110,174,202,116,62,89,92,82,191,114,180,185,169,102,134,86,55,92,251,127,87,123,157,140,263,80,89,184,73,154,135,99,82,122,213,168,103,99,164,147,123,164,181,90,92,156,102,92,110,120,46,172,244,97,106,180,161,172,145,116,147,115,57,284,59,86,125,152,221,103,34,190,114,122,105,264,123,85,126,91,154,74,142,146,167,145,170,180,136,148,87,139,156,179,158,124,46,111,105,292,105,120,128,94,146,136,142,219,118,97,113,103,133,98,140,91,117,148,89,97,121,139,105,174,43,140,156,50,102,138,88,72,100,168,110,112,158,141,105,123,138,160,58,149,93,141,291,87,129,132,161,150,81,195,140,100,185,92,123,264,138,121,70,263,159,154,136,96,180,258,74,188,71,86,85,111,207,245,130,141,143,151,152,136,75,70,204,142,116,165,275,196,77,82,170,54,153,137,137,70,219,58,142,104,180,181,115,154,92,170,94,131,152,95,96,177,101,226,155,151,124,56,80,210,133,101,82,123,177,113,68,86,119,147,230,155,194,63,90,138,77,140,103,76,149,169,138,113,68,320,149,115,190,107,144,189,169,225,129,40,86,182,73,103,70,115,131,61,91,64,184,198,157,238,229,111,151,104,213,150,158,113,178,85,159,140,88,66,151,169,90,250,224,163,101,88,74,142,129,127,85,113,148,89,133,181,194,153,97,136,197,209,178,123,141,124,58,99,95,110,147,99,69,159,86,237,178,95,206,100,148,128,112,111,105,119,135,223,135,147,123,181,161,66,95,144,88,85,88,207,177,112,123,103,96,126,121,204,165,95,119,97,246,105,126,140,78,127
82,119,81,124,166,124,126,156,44,89,106,122,139,108,170,112,156,204,253,173,93,111,119,105,200,189,84,46,150,77,361,124,105,133,127,163,117,150,219,120,156,185,288,136,206,207,91,79,140,98,120,44,133,232,79,93,123,107,154,150,202,157,122,109,152,156,222,103,101,150,159,88,112,148,27,67,83,128,112,140,80,149,88,55,120,143,134,108,150,91,105,82,164,66,204,67,173,164,87,197,120,135,155,138,149,127,186,116,131,116,136,163,86,63,82,144,183,128,100,143,261,97,251,201,92,100,71,82,111,59,150,133,127,179,206,136,145,191,185,199,106,101,108,100,118,210,76,84,107,111,137,128,110,162,147,169,136,149,125,174,123,186,71,91,78,164,243,132,145,97,227,229,187,151,120,103,163,80,77,147,137,227,215,195,212,209,127,86,189,171,148,102,106,152,130,93,131,75,75,182,181,179,164,90,176,156,167,124,95,208,105,75,73,93,215,152,183,72,145,90,293,206,66,111,154,248,65,56,207,209,74,133,92,169,112,174,123,200,92,77,163,159,168,167,174,136,87,77,117,126,81,86,100,66,78,159,184,113,149,170,106,138,108,77,250,196,262,158,45,177,176,38,139,138,197,233,86,74,145,78,80,194,139,245,179,117,138,92,156,108,111,140,107,62,169,147,136,118,93,206,131,263,132,124,98,118,285,387,112,104,106,205,143,108,114,111,118,155,91,162,66,165,201,116,135,145,135,127,87,295,97,74,144,111,86,228,138,189,194,230,128,128,161,122,206,201,128,117,129,220,150,120,91,112,141,163,108,71,108,97,107,35,85,71,76,71,149,60,70,99,201,87,64,139,93,184,135,184,77,129,64,120,60,136,234,134,195,166,96,219,77,113,246,178,138,124,223,144,158,136,74,126,62,120,149,137,149,109,139,135,350,68,167,172,111,146,90,173,138,175,180,214,132,89,126,62,103,76,227,161,200,220,200,97,186,133,167,190,112,176,140,186,111,170,196,176,138,126,118,90,232,133,221,110,257,193,170,53,281,185,131,91,223,162,206,244,135,191,146,254,134,45,155,36,141,46,47,162,140,128,171,81,129,108,69,190,78,157,143,229,177,160,163,172,270,110,134,192,142,61,102,79,129,104,168,174,159,260,295,152,134,119,131,58,91,106,159,180,57,78,205,97,111,197,137,147,187,161,184,231,78,186,183,222,99,140,52,111,70,129,184,146,201,135,122,186,208,101,134,254,45,242,96,80,72,228,103,209,150,211,124,134,124,90,78,176,54,181,198,167,128,112,128,156,175,106,25,113,80,99,141,140,222,237,163,108,159,211,220,80,177,170,107,108,89,104,104,88,85,123,128,54,143,187,99,131,101,163,235,124,133,168,149,140,208,243,130,112,200,121,118,92,74,249,153,227,160,49,202,73,106,142,120,178,157,118,67,91,100,82,198,105,178,173,162,114,131,66,58,108,261,134,107,101,148,144,261,83,87,191,87,143,136,101,76,97,214,178,96,111,168,139,138,166,187,94,93,150,103,80,116,133,71,188,230,89,120,187,142,188,136,104,156,139,46,307,58,64,160,155,208,102,32,179,99,131,123,266,133,78,127,82,148,69,149,164,133,156,145,152,130,131,74,152,193,190,154,131,56,115,130,285,113,122,118,108,151,150,157,250,127,92,123,122,123,112,144,119,120,187,93,124,112,165,80,164,56,143,167,73,118,148,80,71,88,175,137,107,173,134,117,121,179,155,59,135,99,140,288,87,158,132,180,168,70,170,156,80,170,89,119,239,156,107,68,260,162,172,131,88,175,242,79,184,51,69,72,128,210,239,142,154,179,148,143,154,82,100,235,142,97,178,277,196,80,91,163,36,166,120,167,90,209,62,143,126,165,149,114,163,86,189,115,147,150,85,104,167,114,220,140,166,119,65,81,193,148,102,67,155,194,130,62,85,125,138,225,157,186,85,92,135,75,150,104,77,189,181,135,128,69,300,144,120,193,95,139,207,151,227,128,46,54,150,78,83,78,129,127,48,87,69,155,222,172,219,213,139,133,101,226,124,181,107,200,78,156,128,102,64,174,152,89,264,205,168,84,108,97,163,133,142,74,110,118,88,151,158,222,168,106,114,203,229,192,97,177,158,41,104,109,90,146,92,71,171,98,221,146,113,227,121,149,108,122,111,119,110,110,235,128,149,122,166,142,52,111,153,92,99,105,214,149,107,144,96,96,112,107,216,169,97,129,98,266,140,142,120,74,130
77,145,75,127,165,115,127,137,41,78,101,119,130,105,178,160,144,195,291,190,111,105,113,105,198,184,82,51,126,74,404,123,97,127,127,150,107,148,208,122,143,198,270,115,170,234,97,85,137,99,137,52,133,223,80,82,136,94,161,122,216,165,116,95,138,138,210,100,102,135,163,97,103,140,36,81,68,142,113,158,63,157,94,56,93,144,152,104,159,104,102,104,168,43,216,68,140,104,88,209,108,134,130,131,167,138,145,102,128,111,125,136,98,66,88,148,163,112,119,126,246,79,259,211,76,113,52,87,131,64,140,114,129,185,201,126,169,208,171,192,97,103,93,99,102,221,91,104,127,107,138,104,115,134,101,151,149,134,142,191,122,192,86,90,66,157,179,130,134,95,235,224,198,149,122,97,157,79,59,155,115,217,240,180,205,219,142,85,207,158,149,94,115,144,127,76,153,72,71,163,165,173,157,123,175,132,166,124,95,214,92,59,78,94,206,135,191,55,148,91,278,219,47,127,146,238,69,46,200,214,76,124,81,195,85,170,104,225,77,73,166,145,158,157,168,118,95,75,123,131,103,73,83,51,80,146,163,91,126,178,111,150,114,57,228,163,247,116,50,153,152,50,140,161,218,212,69,80,142,85,88,199,135,212,174,141,148,98,155,82,134,132,133,60,168,174,148,112,87,212,150,228,140,127,93,90,244,387,127,105,102,138,164,90,100,99,128,156,95,175,68,179,193,123,121,147,142,112,90,302,69,74,157,115,68,223,159,202,191,219,110,142,141,120,169,173,122,124,115,228,136,131,92,109,116,135,123,55,112,139,79,49,74,67,80,63,130,58,57,82,180,90,61,109,105,186,137,172,75,114,61,128,54,156,260,132,220,143,88,231,76,93,228,164,158,123,227,134,146,126,74,115,62,129,141,136,176,106,125,145,343,93,169,164,111,167,86,195,155,180,178,225,104,83,98,60,78,81,229,151,232,201,234,109,173,134,167,211,131,177,127,204,106,185,185,153,131,130,138,98,245,134,242,94,235,182,172,50,270,201,135,99,218,149,224,247,138,170,151,242,163,49,144,25,137,41,35,146,156,146,163,82,124,77,55,216,95,134,111,216,177,150,158,157,248,113,137,178,155,58,116,66,140,116,170,164,153,204,289,155,139,112,139,83,83,77,158,168,52,77,187,111,91,195,137,132,176,165,177,219,87,162,164,218,92,155,53,118,80,140,168,128,191,138,114,167,226,101,142,282,38,221,107,83,80,233,96,184,161,189,121,144,111,94,78,189,51,165,203,182,142,103,127,158,160,102,37,128,84,104,162,124,263,225,140,107,165,207,212,65,189,183,94,106,100,104,123,95,66,113,112,55,138,174,96,149,109,165,221,110,144,161,163,126,183,226,139,94,203,110,113,89,68,219,163,232,161,45,194,80,126,157,113,189,170,120,90,90,84,76,200,118,190,205,158,126,149,70,65,89,264,108,110,100,155,144,252,80,103,199,79,159,120,92,74,97,214,146,100,130,180,129,119,160,162,74,107,151,108,87,100,132,57,200,217,82,140,187,157,178,139,110,159,143,50,308,55,61,142,144,195,85,34,161,95,118,143,287,150,67,136,81,130,71,159,153,135,175,171,170,123,136,68,120,185,199,139,116,61,113,133,296,97,117,120,79,152,145,169,269,133,94,126,118,119,109,159,146,110,156,88,108,115,153,82,168,42,156,124,67,116,145,104,67,82,173,114,109,146,128,118,135,161,144,56,141,88,119,278,83,141,141,176,138,78,159,145,85,172,94,146,263,134,112,70,258,156,179,138,104,192,226,89,204,79,69,82,122,223,223,117,134,164,158,165,141,85,117,216,137,99,154,275,177,94,97,184,47,163,135,173,98,196,62,164,106,149,181,84,155,89,188,106,131,135,95,92,154,99,174,147,153,111,55,100,197,141,92,78,152,194,110,65,86,135,148,222,131,225,81,104,156,61,120,78,66,180,186,115,121,87,302,138,119,180,94,157,185,143,274,132,48,80,166,77,84,51,123,114,59,93,69,156,196,145,227,232,154,134,113,252,127,195,101,216,95,150,131,89,50,171,154,84,275,203,167,83,94,90,161,129,156,78,121,145,100,115,148,181,172,102,96,194,212,181,123,172,151,42,119,120,111,152,112,75,184,84,230,178,104,212,109,162,113,116,111,99,101,138,224,143,146,132,170,134,72,105,163,84,96,88,233,156,110,126,100,94,107,121,167,166,84,139,88,262,118,123,125,69,125
77,118,77,142,144,109,123,137,35,86,108,124,150,95,156,163,133,207,252,174,97,115,118,95,170,173,86,53,154,75,357,109,90,129,119,151,96,141,210,115,142,213,300,118,180,212,108,69,111,93,152,45,117,212,71,83,111,77,156,129,187,155,107,80,137,142,191,102,120,148,159,73,113,112,38,68,80,162,95,134,56,133,71,55,105,146,124,80,149,108,111,97,140,39,192,80,146,129,94,216,87,130,124,143,169,121,147,104,124,104,128,113,67,60,73,116,142,121,89,135,256,77,240,188,63,98,76,73,104,45,129,93,92,171,186,107,150,191,180,169,108,88,76,89,102,224,81,90,115,113,132,111,113,161,116,168,133,156,133,203,112,193,75,97,83,158,177,112,122,90,215,212,208,149,132,112,169,87,72,123,95,191,185,174,177,211,116,69,175,136,129,88,93,147,102,59,141,57,57,159,142,161,148,90,168,160,162,128,78,176,107,63,70,89,201,131,166,34,142,93,263,197,51,103,130,207,55,69,170,223,71,117,96,203,99,140,96,192,79,81,181,137,155,128,164,112,79,91,118,121,63,98,81,54,88,149,141,92,121,172,101,149,93,57,236,163,244,135,55,133,160,36,123,155,200,234,76,79,120,80,84,217,118,194,162,130,136,82,144,102,122,121,150,58,149,147,128,129,65,198,138,220,143,124,99,98,219,370,128,98,104,162,137,84,91,118,122,140,90,174,62,174,171,107,146,124,142,119,86,217,77,65,145,91,92,220,143,212,175,210,127,135,131,119,187,184,114,106,114,225,152,107,79,97,110,114,115,57,109,112,100,50,84,71,64,57,119,57,43,100,202,84,63,103,94,197,149,195,79,97,58,111,46,151,244,131,220,141,100,215,88,90,224,164,135,125,215,118,134,129,70,111,59,123,142,122,132,130,138,146,298,57,154,151,122,116,74,201,166,177,176,204,93,86,101,60,76,63,217,157,212,202,212,84,182,138,145,180,115,188,125,159,106,171,180,139,130,125,125,95,212,114,228,109,188,185,185,49,273,155,130,90,173,141,202,210,154,183,99,225,135,46,122,34,127,49,38,126,141,118,152,88,109,117,43,205,61,155,119,190,185,163,163,152,276,102,134,159,147,51,96,79,124,99,143,135,147,193,263,153,143,107,124,76,77,77,133,171,55,58,192,96,83,187,120,128,141,112,158,217,105,148,165,218,103,136,55,107,57,140,160,106,196,112,117,165,216,96,118,210,34,209,68,92,79,217,83,196,147,165,141,120,128,101,75,199,43,169,175,133,139,130,121,134,150,85,33,120,69,93,144,122,241,216,153,104,132,191,202,59,123,161,100,121,83,111,105,81,69,118,134,51,122,171,86,128,101,152,191,123,135,139,163,134,161,229,135,96,189,113,103,78,69,210,132,208,147,34,167,64,104,156,109,152,164,118,72,101,87,72,213,99,165,197,146,108,145,61,58,92,264,115,101,112,124,127,221,84,112,171,77,131,129,75,70,86,216,148,86,122,157,158,129,143,170,77,110,118,123,85,105,138,70,214,201,79,116,162,134,180,124,92,171,152,54,289,46,52,134,155,197,91,34,170,91,85,100,277,121,85,108,64,129,69,147,120,135,153,159,136,102,102,75,138,184,177,149,107,45,112,104,262,78,93,127,88,152,139,146,251,142,85,105,127,127,116,143,116,118,156,77,89,109,157,61,141,55,94,122,48,95,150,88,73,80,174,111,93,143,167,111,120,153,156,51,105,90,126,271,63,150,121,175,139,66,150,135,80,168,85,140,229,142,94,65,259,174,187,127,110,173,239,92,203,66,60,69,106,197,222,125,131,166,159,153,133,80,100,227,128,88,172,271,192,65,92,183,46,126,105,155,102,212,60,155,86,135,153,107,160,100,202,112,132,123,83,105,168,87,174,136,129,129,61,102,190,135,105,75,154,183,120,42,88,113,146,223,125,221,75,90,144,89,125,95,83,150,166,124,111,78,283,154,129,141,101,129,178,139,227,136,60,74,174,83,60,45,119,83,52,90,55,153,200,188,208,233,108,144,97,223,116,190,75,212,83,136,130,99,53,165,152,64,241,232,172,92,80,79,128,113,136,53,114,122,83,112,130,171,175,103,116,201,210,146,111,153,175,43,88,116,111,117,113,61,195,93,227,151,92,203,114,147,104,107,98,105,107,105,199,123,136,121,191,128,62,84,161,95,111,78,225,132,94,145,115,104,101,108,185,154,79,104,104,252,125,136,118,79,134
87,114,78,122,168,113,159,130,42,79,96,134,162,107,175,152,145,190,262,216,94,115,139,100,177,175,94,52,128,72,347,110,98,122,129,156,108,139,220,122,156,217,313,117,204,213,79,76,143,105,153,44,136,192,80,88,101,93,165,123,152,196,90,79,150,124,202,85,130,140,180,64,103,120,42,76,72,132,115,132,48,134,90,48,91,147,145,104,124,104,105,92,165,44,202,86,133,116,91,215,110,113,99,132,152,121,152,102,122,119,141,104,81,70,77,122,160,122,97,143,255,79,250,177,69,85,52,61,131,41,121,98,87,175,231,100,176,207,146,176,123,96,87,105,92,238,64,98,102,100,114,111,109,139,98,165,142,138,144,194,73,174,68,93,91,146,192,119,107,68,214,234,181,144,129,111,144,86,70,123,108,201,176,180,205,215,128,76,167,146,150,98,85,130,106,83,150,52,65,192,159,143,174,103,171,142,173,109,101,215,102,59,78,81,195,139,172,48,159,82,309,180,36,110,125,238,81,50,184,210,89,122,101,222,96,159,88,216,70,76,184,145,168,149,171,123,81,80,145,112,76,97,89,47,74,148,170,100,104,191,87,144,122,72,213,168,262,129,56,133,145,52,142,165,230,199,75,78,136,79,92,214,124,193,153,111,127,110,120,78,130,129,144,68,157,150,122,132,82,194,138,246,128,107,78,102,226,405,135,97,93,165,155,88,102,102,97,154,72,158,61,177,186,98,163,113,128,130,93,232,69,51,148,109,94,187,167,185,214,238,113,142,128,129,187,200,127,104,112,238,153,146,85,82,121,92,102,80,118,116,84,50,88,66,70,59,123,52,52,101,204,103,59,102,86,194,139,206,98,111,67,103,51,162,261,147,222,129,91,195,83,93,195,167,143,124,234,142,139,122,66,144,63,130,129,126,129,126,135,146,345,69,153,148,95,156,88,172,129,191,184,236,94,69,110,61,70,79,223,158,254,199,204,99,169,137,141,199,128,191,134,177,111,169,201,137,151,115,121,101,202,130,252,96,204,197,179,49,280,166,137,91,178,128,209,229,179,171,104,251,174,48,117,29,137,34,37,145,151,120,153,83,111,111,48,225,72,156,129,220,188,173,159,153,279,135,145,155,140,60,96,74,139,111,178,145,150,199,266,145,132,122,155,82,76,91,118,173,57,72,167,110,94,218,96,130,155,138,187,196,83,174,146,214,106,160,67,115,67,148,184,140,165,143,111,128,231,107,146,228,33,204,84,74,99,234,79,169,146,156,141,119,117,112,64,173,52,153,179,144,127,97,111,144,164,106,33,136,89,105,166,126,251,227,176,103,114,194,212,64,126,170,86,104,81,104,135,92,79,121,155,42,120,161,87,150,86,135,214,111,131,142,197,113,172,218,142,121,183,104,111,83,76,228,181,218,162,51,179,56,114,144,107,175,173,131,86,92,82,67,201,113,148,177,130,102,154,77,52,103,266,102,140,97,141,142,204,78,108,200,87,130,133,64,61,96,245,164,83,146,151,135,123,154,177,79,115,149,115,70,87,123,60,202,227,98,123,186,139,177,112,106,168,171,63,253,32,60,133,148,171,85,35,166,100,84,137,262,146,95,101,57,141,66,131,128,148,161,139,155,111,122,89,149,181,214,143,125,49,113,129,292,81,113,130,93,144,155,163,313,153,77,117,115,123,99,153,116,109,144,88,88,112,142,70,141,49,144,128,67,94,152,107,77,92,148,105,107,133,148,113,143,160,179,56,147,97,109,288,57,129,122,162,148,61,160,125,68,158,105,128,242,150,130,55,264,162,208,147,100,194,209,96,206,74,59,65,110,223,222,128,154,197,142,155,128,85,115,238,138,91,146,242,190,79,93,178,52,113,111,185,106,197,65,149,97,147,151,101,159,96,179,94,108,122,74,96,150,98,170,134,130,119,71,88,180,144,106,65,167,187,139,61,98,113,149,225,132,207,79,90,155,84,139,95,78,150,172,136,125,68,275,109,124,172,108,137,169,133,231,124,55,78,194,99,74,69,105,88,53,83,71,166,231,177,209,239,139,126,114,253,102,178,73,222,78,144,126,69,41,171,158,70,277,205,162,70,90,87,123,119,147,75,128,135,76,123,142,171,189,85,99,181,231,171,96,144,169,51,112,138,86,136,123,53,162,113,222,150,111,195,91,139,96,93,102,116,100,134,200,128,125,126,151,120,83,99,150,79,101,74,213,132,99,144,115,92,96,116,179,152,75,127,92,261,117,129,117,67,140
80,110,73,141,159,95,156,128,33,72,76,140,163,96,170,133,132,185,272,190,110,89,147,104,167,154,89,42,122,53,359,108,87,101,124,139,111,128,164,100,130,218,307,95,207,197,72,81,120,101,151,37,131,211,82,71,113,108,155,119,162,148,121,70,148,123,169,81,122,131,149,100,117,93,40,62,86,156,114,131,57,126,79,52,78,151,127,98,136,102,104,89,133,52,166,76,157,129,88,203,104,86,83,126,165,111,151,92,118,117,121,122,70,71,85,132,158,122,93,140,257,68,254,179,70,83,53,67,132,39,125,71,87,177,210,107,172,216,162,168,100,85,73,113,103,193,69,87,113,95,102,109,112,130,80,150,119,145,135,190,108,161,55,94,82,144,149,94,108,91,175,206,173,146,96,111,172,89,76,103,98,182,155,173,212,198,137,77,187,153,114,87,81,112,110,44,147,45,43,157,143,120,161,92,165,126,178,123,95,197,89,74,68,81,176,127,155,40,137,83,325,178,49,94,124,196,63,57,176,218,84,117,82,211,109,137,103,211,85,59,155,142,146,147,159,137,66,65,119,85,62,78,91,44,77,137,139,100,86,152,74,137,104,78,221,144,235,118,49,145,156,52,128,157,207,214,72,75,119,84,80,209,126,220,143,101,116,94,111,77,119,123,122,48,154,154,109,130,60,220,148,197,132,115,81,84,212,360,131,92,90,153,151,81,80,83,103,119,75,173,53,172,152,81,161,110,118,140,72,208,74,60,133,101,59,183,153,172,198,173,129,148,150,104,168,178,96,114,107,229,138,119,90,110,136,106,94,72,103,108,97,44,70,68,51,62,117,59,39,98,185,102,59,108,63,190,157,223,76,89,51,94,40,144,240,138,225,130,97,204,55,107,193,151,152,114,243,101,152,116,59,115,61,114,121,135,108,121,116,161,295,68,128,105,87,125,82,159,128,173,163,195,93,88,101,52,90,69,203,155,224,180,212,76,146,131,147,171,110,172,120,168,121,145,170,110,137,110,113,86,206,116,210,91,182,188,142,62,259,161,91,86,174,140,186,203,149,179,95,252,144,41,122,38,120,38,46,151,144,106,140,86,132,110,51,214,72,168,117,219,166,170,141,142,256,97,94,149,122,66,102,71,109,126,176,135,143,158,236,150,144,102,138,67,66,86,114,179,76,59,153,109,91,203,107,131,156,118,207,184,100,140,153,218,105,144,66,111,74,133,175,158,176,153,117,129,222,124,121,217,34,199,86,77,80,255,88,175,125,158,144,102,119,109,60,150,38,160,153,152,105,92,132,156,167,114,38,149,96,107,161,128,235,217,141,85,141,201,220,63,129,172,82,99,88,82,129,69,65,140,121,44,119,158,75,126,94,153,225,122,132,120,182,109,172,203,117,116,178,83,114,81,77,226,160,194,146,43,174,55,100,119,105,155,167,121,74,72,80,80,208,114,140,195,125,115,136,68,54,109,247,111,99,97,121,136,216,80,93,186,91,108,116,66,55,98,218,169,72,131,150,121,126,152,169,101,117,114,121,64,85,125,43,207,206,88,98,197,126,190,120,97,143,182,70,275,38,64,145,140,182,100,34,162,97,79,94,279,141,93,92,67,155,55,128,125,129,131,128,147,110,104,101,147,176,182,137,125,41,111,141,257,98,111,139,80,116,116,125,288,144,97,112,139,107,89,130,101,124,118,57,89,114,149,61,149,39,112,122,67,72,145,116,88,90,144,106,103,149,134,86,136,173,152,62,148,81,102,309,82,147,109,147,148,74,145,115,86,162,95,122,244,140,98,63,256,152,194,147,85,209,212,96,173,82,54,61,85,212,188,95,147,158,151,154,147,71,107,246,151,73,146,208,198,72,81,163,44,108,112,169,102,166,80,151,75,147,151,106,153,77,187,85,98,112,77,102,153,78,181,125,89,131,56,69,159,160,109,76,164,198,116,59,89,131,140,205,125,208,62,86,155,68,115,81,57,150,168,113,95,58,280,125,108,171,120,133,153,122,220,114,62,71,187,79,56,48,107,83,51,79,65,151,222,177,211,222,116,120,81,223,123,163,74,212,79,149,116,68,49,166,159,68,236,255,158,67,77,77,137,106,143,59,115,117,89,113,133,168,179,111,101,201,219,173,88,146,194,44,101,161,98,135,113,61,167,82,209,152,115,204,99,125,83,115,122,90,103,89,163,122,139,111,161,116,87,81,160,91,96,69,235,147,102,127,136,99,101,121,151,163,90,120,103,251,155,108,117,60,109
73,121,87,121,141,108,145,136,29,77,69,179,153,96,129,137,149,195,238,215,71,115,152,102,152,178,95,41,127,51,369,115,87,100,144,165,107,136,172,103,161,217,325,122,204,208,90,93,126,106,142,37,119,188,80,89,108,97,153,123,170,185,128,68,135,112,154,88,126,144,161,78,116,106,44,63,81,136,113,116,53,128,94,38,84,162,150,102,127,101,92,94,167,48,208,91,135,154,97,195,81,95,111,127,173,119,169,92,112,115,142,136,82,43,81,128,164,116,98,153,264,79,265,200,75,90,48,38,109,50,119,93,103,207,206,106,172,218,171,172,107,71,76,128,105,246,66,95,100,114,106,93,142,138,77,144,134,124,135,174,105,200,70,96,76,160,170,125,114,68,164,208,169,160,98,105,163,90,71,101,118,202,174,188,217,207,108,70,198,160,123,81,91,106,101,46,138,50,43,192,143,151,163,94,157,134,149,121,103,216,85,80,82,75,180,113,149,40,152,81,288,197,39,112,147,233,74,30,208,250,87,125,86,220,86,135,110,206,73,58,189,147,161,156,210,120,79,70,86,87,59,97,96,33,78,145,150,85,106,153,76,157,118,99,237,150,249,127,62,142,126,59,126,138,224,199,71,96,154,85,101,190,104,250,145,104,166,137,119,75,149,126,131,51,137,155,129,126,59,218,159,221,148,102,83,93,204,370,141,90,93,162,167,62,88,95,118,134,78,178,55,142,176,109,148,97,113,131,79,208,67,51,153,112,96,194,172,176,230,196,145,140,151,113,203,162,129,106,104,227,134,131,100,101,134,105,108,81,93,124,87,43,73,61,44,50,113,46,46,100,167,97,49,122,76,183,162,179,89,80,66,91,54,158,276,134,207,123,82,207,59,84,237,143,134,131,241,113,154,109,62,124,70,103,139,121,99,117,130,158,334,64,164,127,81,134,79,176,113,194,156,235,82,84,92,82,80,67,198,131,223,192,186,81,186,150,122,189,121,195,133,155,118,126,136,116,140,128,143,76,205,125,218,84,195,233,170,59,262,126,110,92,186,117,221,206,185,175,109,242,176,37,131,41,118,33,41,145,124,117,157,71,124,102,59,216,68,184,142,241,159,200,182,164,257,100,127,151,128,61,103,81,150,107,177,137,135,172,239,170,148,93,146,89,85,107,110,172,74,73,170,125,95,215,115,143,156,123,213,202,124,167,158,223,105,178,72,118,70,137,175,155,193,137,119,128,220,111,139,216,33,203,84,80,90,238,89,166,128,123,137,98,118,98,71,159,34,192,167,136,99,94,106,141,166,95,38,151,97,91,155,116,246,243,148,84,128,185,253,58,132,217,93,110,99,86,112,81,62,143,122,37,132,162,88,123,99,132,201,121,106,126,198,123,159,229,133,134,166,113,111,83,92,219,181,227,151,59,182,53,107,125,102,154,133,120,66,76,94,83,196,95,155,185,138,97,148,67,41,111,255,105,118,113,130,137,209,88,90,174,83,108,104,49,56,118,268,151,65,119,154,122,136,163,170,79,113,129,105,88,96,130,65,218,220,90,122,161,133,177,111,102,175,139,62,306,34,57,144,124,147,102,33,164,101,84,114,276,141,81,92,60,132,57,123,131,124,151,111,156,121,107,85,156,185,205,140,112,39,126,140,243,95,109,132,88,119,165,148,303,144,81,110,123,114,91,130,107,130,138,70,97,126,129,65,127,37,104,122,43,85,153,112,82,86,140,117,97,134,147,104,134,164,168,71,125,105,104,294,65,140,120,152,166,71,136,121,85,188,110,173,243,141,115,80,228,147,189,149,88,221,218,124,193,88,69,63,99,191,214,129,157,185,131,159,139,79,119,237,132,67,166,215,196,71,87,161,53,133,123,190,120,187,79,115,86,144,134,119,151,70,195,83,78,116,94,87,180,83,181,151,107,111,56,79,165,143,91,61,170,177,111,66,97,108,124,243,121,204,58,84,163,94,115,82,86,139,136,104,112,51,242,87,101,181,97,138,166,124,184,98,65,90,168,77,54,52,126,85,49,72,54,159,234,180,254,215,131,131,86,236,107,182,81,235,87,163,130,61,44,154,149,76,238,265,153,84,96,98,146,126,140,56,122,146,64,116,145,171,178,108,90,178,233,182,86,153,188,49,102,152,85,121,121,54,143,92,213,117,113,192,100,104,94,120,128,83,116,97,189,113,122,111,144,119,83,99,151,104,114,75,234,142,88,130,112,77,99,133,176,152,68,105,86,303,124,140,91,48,114
89,109,80,117,146,107,152,120,38,79,75,165,147,102,120,152,121,217,261,206,79,96,147,123,172,202,77,43,115,44,397,95,93,115,147,145,113,139,184,108,134,246,277,118,231,204,83,83,110,97,147,42,96,188,73,72,93,99,148,97,186,149,114,57,156,106,147,83,129,136,160,78,111,99,34,61,70,139,145,120,56,155,100,44,78,165,149,94,132,100,101,102,138,46,197,69,141,138,98,204,105,83,122,133,192,121,124,117,110,117,148,116,73,46,85,155,145,111,95,149,270,74,282,187,65,90,53,64,115,55,124,91,89,171,189,106,154,213,190,200,116,54,80,121,90,237,71,93,113,119,102,121,153,164,91,114,117,100,123,183,89,206,56,95,85,130,158,118,142,83,156,179,175,116,72,128,143,59,84,97,122,186,147,191,193,207,121,62,198,176,124,91,92,114,98,41,133,45,54,188,125,135,116,90,136,132,161,118,100,210,96,97,74,63,164,108,154,44,125,87,297,206,38,99,124,182,75,38,174,221,103,99,79,216,85,146,118,220,79,57,194,129,170,130,177,141,86,72,94,84,43,80,102,46,70,119,141,98,92,146,90,153,105,86,261,147,245,114,72,118,145,41,104,126,242,216,65,96,145,65,108,222,111,244,148,93,158,117,122,81,133,125,115,47,151,162,116,119,49,191,167,228,152,123,75,93,209,353,145,84,94,142,172,82,98,96,145,111,57,172,67,156,185,92,165,102,118,149,75,229,74,46,168,106,76,187,134,160,228,197,164,151,127,119,203,143,126,114,143,225,132,136,90,107,128,102,109,74,90,157,91,39,102,59,49,38,91,52,54,106,137,102,63,126,69,159,176,209,104,82,71,87,56,150,285,125,222,141,84,204,55,93,194,130,150,109,245,107,149,125,57,110,76,104,140,111,111,111,108,188,367,78,161,107,86,136,75,178,112,209,155,241,67,78,91,64,76,66,205,163,249,186,191,97,185,132,146,200,132,200,115,169,117,155,145,118,137,120,131,76,212,144,207,91,170,215,192,60,281,146,135,90,209,135,218,231,168,145,109,239,133,38,128,26,119,35,45,130,126,114,144,79,121,83,69,214,77,166,130,257,144,238,156,138,286,102,128,126,128,55,104,100,143,103,178,150,148,147,266,134,145,99,139,89,84,84,115,179,65,79,177,120,112,212,120,114,145,134,218,187,116,149,165,222,128,153,94,111,71,128,182,138,164,145,92,158,214,116,125,228,23,188,84,87,103,217,94,160,122,163,138,82,153,118,60,158,24,160,166,167,129,83,122,175,178,92,38,155,105,91,151,128,241,218,141,90,128,199,218,56,157,223,78,102,98,80,139,75,76,152,138,45,124,159,77,107,110,139,230,146,131,119,190,121,167,230,118,129,153,92,92,77,90,224,171,184,141,70,184,47,92,128,93,157,135,115,73,89,77,102,192,107,143,229,121,109,150,66,55,117,270,83,98,91,122,130,202,88,94,174,93,117,115,56,45,93,236,161,72,120,156,122,123,144,147,91,94,117,97,115,101,149,64,227,208,88,107,185,109,203,134,87,123,148,70,305,40,53,150,133,173,91,47,145,74,70,136,270,127,96,99,75,121,62,151,114,134,153,156,147,117,95,97,166,167,202,118,111,30,94,146,264,106,132,126,82,129,153,144,294,144,108,93,117,96,104,121,92,144,124,64,111,133,112,64,120,43,100,119,52,81,165,108,89,95,129,111,92,147,146,96,125,175,156,59,151,101,99,341,55,116,138,144,133,76,133,123,68,169,117,137,241,142,90,76,206,139,197,149,106,235,231,143,194,90,54,70,85,188,207,103,157,147,122,149,149,70,115,231,129,83,156,202,196,67,107,137,61,128,94,173,109,191,85,139,79,135,153,108,136,80,196,87,94,112,102,103,159,78,184,137,121,127,60,75,176,155,109,60,164,174,112,52,99,129,136,247,122,236,74,76,164,78,115,72,85,148,159,123,123,50,285,81,110,173,100,128,162,138,174,110,68,87,187,84,51,51,113,64,44,66,51,165,233,161,220,237,137,117,91,228,119,181,71,251,96,158,138,68,32,145,136,86,250,294,148,79,81,99,142,125,141,71,139,123,89,100,128,183,191,111,89,190,245,167,105,147,182,47,102,154,78,119,100,56,139,85,231,135,104,215,107,112,103,119,114,82,89,101,190,134,127,104,151,93,79,91,163,96,101,74,248,156,89,158,129,90,103,100,165,155,69,107,96,292,128,141,109,57,123
70,119,70,109,127,103,148,122,45,89,52,152,147,104,103,131,98,185,190,179,67,89,137,93,139,144,82,48,126,44,344,73,80,93,116,148,87,131,165,98,132,188,249,101,197,160,79,68,97,79,130,34,83,170,66,72,96,78,117,105,156,131,85,56,145,93,126,81,125,132,136,75,97,95,25,63,57,145,126,98,53,141,85,42,85,167,138,78,108,105,96,84,161,33,183,56,124,135,80,174,102,79,103,101,164,100,111,75,110,105,91,96,70,30,55,134,122,90,107,135,223,79,243,197,59,86,59,55,95,52,107,79,83,166,176,103,143,160,165,212,107,57,87,109,96,198,90,86,76,97,101,100,128,121,75,110,102,99,126,150,77,213,50,103,62,129,132,116,127,77,121,147,170,108,78,100,138,67,77,74,121,151,127,187,168,176,95,62,177,144,129,78,65,97,90,35,129,52,39,152,112,104,125,72,123,109,138,103,91,211,67,86,74,57,132,128,159,36,115,85,280,179,45,91,112,188,60,32,157,175,78,103,80,179,81,119,123,194,59,60,183,106,155,145,180,139,74,63,99,63,69,74,104,52,71,114,121,98,89,129,74,133,102,81,194,118,206,95,54,98,106,47,98,133,204,175,60,75,152,57,85,152,83,231,123,74,136,88,109,73,117,115,93,34,122,131,132,119,42,171,158,196,145,89,49,70,181,311,116,75,97,127,154,61,80,80,103,109,57,158,60,124,165,83,143,107,106,110,69,214,66,32,137,93,84,157,140,138,198,140,139,119,99,96,176,142,125,80,126,182,140,123,77,102,103,87,76,59,82,113,68,48,71,51,33,41,88,39,54,101,124,92,40,112,64,152,143,163,87,74,60,82,54,112,244,108,195,107,63,164,66,86,188,153,111,126,214,100,124,96,42,107,57,103,125,93,110,100,98,164,330,76,135,95,66,134,76,150,121,187,153,211,54,73,75,48,61,59,179,154,223,161,178,86,146,118,123,184,99,192,111,149,107,128,132,89,131,96,120,67,196,106,184,75,153,187,186,63,231,151,98,82,170,129,191,189,180,148,104,193,126,36,126,34,100,26,55,116,97,85,98,83,128,68,53,170,58,134,144,199,138,181,148,134,263,103,102,106,133,46,108,84,139,96,159,106,132,140,221,135,106,78,127,70,55,89,111,167,54,73,179,105,94,165,127,99,167,112,224,147,101,128,161,165,103,152,72,114,52,103,167,133,141,116,84,126,196,84,108,199,24,166,80,63,72,176,75,141,95,154,138,91,138,103,70,126,26,152,154,138,93,87,104,152,180,81,42,125,110,78,93,102,176,183,121,92,100,163,212,56,122,187,66,86,79,65,105,87,56,141,109,50,100,161,58,95,113,133,175,108,106,84,187,110,119,212,127,84,125,84,92,72,73,211,143,189,136,62,168,43,96,107,88,146,135,108,53,73,72,69,158,100,124,179,103,105,145,49,39,90,233,85,102,101,115,122,161,85,91,152,91,100,84,56,54,90,186,118,53,124,144,107,111,143,111,79,101,120,79,98,76,121,60,192,187,85,86,137,98,180,82,84,102,111,65,263,39,48,122,113,122,82,39,137,92,73,126,315,135,87,87,67,108,48,129,108,112,107,148,127,100,89,91,127,156,181,113,113,35,78,134,221,78,104,113,85,101,164,130,230,135,84,67,97,94,64,116,102,130,98,48,95,116,112,60,113,43,83,106,57,58,134,87,69,88,122,98,94,112,114,96,129,137,124,51,126,100,94,295,44,91,105,109,145,62,101,120,68,156,97,141,194,117,82,72,181,149,175,117,66,196,190,100,182,66,56,61,86,159,164,81,142,152,132,114,98,52,111,187,108,78,133,217,190,61,103,128,49,117,101,147,85,207,77,110,94,102,119,108,140,76,159,69,70,100,101,75,148,68,168,119,108,109,56,65,154,123,92,57,153,128,101,48,69,114,125,219,100,191,65,74,161,78,103,60,68,125,169,94,117,53,246,75,89,146,93,121,149,115,159,106,62,88,180,59,49,49,124,49,37,67,45,126,200,149,208,179,96,128,95,216,107,149,68,229,81,119,120,59,39,156,130,62,236,280,144,85,74,86,98,107,115,64,110,142,60,108,119,186,180,82,75,180,209,136,85,138,147,52,76,135,80,129,98,51,130,75,207,110,88,191,102,101,96,115,98,78,91,108,177,105,117,94,119,94,67,79,153,88,102,78,244,132,79,126,97,86,104,119,158,165,71,97,67,267,115,104,96,53,105
80,105,95,106,153,113,158,133,38,109,58,147,135,123,111,161,104,196,220,223,72,90,176,104,134,176,85,38,124,42,366,69,103,102,131,168,108,131,157,88,135,205,262,114,227,179,81,78,91,94,152,38,92,187,74,73,90,106,116,116,161,184,124,55,150,116,115,101,144,153,146,70,118,115,26,57,59,163,143,83,71,158,106,72,111,187,162,95,145,103,94,94,158,50,174,75,148,158,112,165,99,102,111,105,168,101,144,112,91,116,121,104,79,40,76,139,134,102,109,145,273,85,276,212,61,91,62,60,128,52,98,89,83,159,176,108,148,163,183,190,134,73,105,112,116,197,98,96,89,109,97,105,126,141,85,129,107,107,140,158,92,212,49,103,69,145,148,116,123,71,130,167,187,105,76,124,135,84,74,97,139,186,133,189,199,200,109,74,218,182,141,67,71,105,112,47,128,38,44,170,122,154,127,79,140,122,156,123,108,217,75,78,87,47,172,127,157,50,126,89,318,204,49,107,128,200,66,28,190,210,86,105,69,206,103,131,146,231,62,68,216,137,172,158,210,148,82,85,98,75,49,94,102,55,65,121,147,85,84,134,76,148,117,81,236,124,290,107,66,106,151,54,108,118,230,200,73,90,148,66,98,172,99,258,126,101,145,98,107,67,107,125,105,48,129,142,134,120,48,172,161,233,148,100,73,79,205,336,125,77,97,132,177,76,96,94,120,115,54,152,60,132,184,68,139,130,111,142,68,225,78,49,143,104,84,178,121,141,244,167,153,99,115,77,202,141,149,100,144,219,131,143,89,125,119,94,64,65,89,122,79,51,101,65,56,33,116,55,76,90,154,71,48,118,61,180,176,165,74,74,65,91,63,132,301,126,181,112,86,210,55,103,192,169,123,117,190,106,158,95,39,100,65,92,129,101,102,111,107,170,336,91,142,109,75,156,83,159,125,216,193,226,75,96,95,57,70,73,178,169,265,172,225,87,178,137,130,181,135,218,126,176,99,149,131,121,138,97,151,74,214,131,225,79,168,194,194,80,262,159,107,87,167,108,219,189,171,152,99,233,123,30,129,27,119,20,52,128,110,106,148,96,135,92,63,229,63,164,143,230,142,209,181,150,289,108,121,108,107,53,105,63,139,91,155,142,142,151,269,131,134,109,135,78,45,86,124,191,74,70,159,127,139,166,144,111,155,117,221,174,125,138,159,220,117,169,87,127,64,130,186,127,144,147,82,146,226,114,113,182,18,194,78,84,95,190,95,139,99,143,146,94,133,108,71,132,35,155,155,165,111,74,100,168,193,90,54,115,104,82,104,101,209,196,156,87,118,183,210,50,169,195,78,95,96,89,102,107,80,177,106,40,119,175,63,101,118,138,194,133,129,125,207,123,142,222,140,108,158,113,88,88,105,236,145,201,136,72,193,52,96,119,88,160,142,132,65,90,69,108,206,88,133,199,90,115,166,67,51,122,246,92,98,105,143,134,213,90,101,145,116,123,88,50,50,120,217,118,52,121,166,106,103,160,144,95,85,115,73,103,79,129,53,206,173,85,101,160,110,164,107,81,121,115,65,316,46,57,164,109,155,97,32,167,103,72,150,339,140,83,72,66,128,51,149,129,116,118,173,136,109,96,110,156,167,220,120,107,35,109,143,245,82,118,148,95,133,143,129,246,161,89,76,109,102,77,123,112,138,113,59,101,149,120,76,141,46,77,133,53,67,160,94,80,107,122,98,95,128,132,108,132,141,136,58,150,101,123,306,58,117,91,127,140,77,150,128,93,167,119,151,245,114,110,84,210,126,182,148,76,244,230,122,192,73,55,73,79,204,185,68,160,144,133,125,102,59,102,221,108,93,127,214,216,64,83,131,52,124,90,163,113,187,79,130,70,92,141,122,148,66,185,93,92,110,96,97,141,75,174,143,117,138,48,92,192,140,102,65,169,152,91,74,88,137,157,228,114,223,57,75,175,93,110,70,93,143,169,117,117,68,247,71,112,150,123,130,161,120,197,134,69,101,174,83,31,53,111,56,34,65,48,156,182,169,250,229,122,139,98,222,118,169,87,257,82,148,135,73,29,157,135,81,259,306,157,75,83,94,139,108,142,58,150,130,75,124,118,212,173,82,66,213,245,165,86,117,177,52,76,154,97,125,105,64,143,83,241,139,93,258,105,98,100,144,122,97,108,111,208,110,111,86,138,92,84,87,163,97,118,79,268,138,78,144,115,87,99,102,160,136,84,110,88,300,144,131,108,53,117
69,112,70,125,149,106,158,176,56,87,59,100,175,131,117,143,116,171,229,204,61,97,139,94,141,171,78,39,132,35,346,81,70,108,124,142,138,151,153,93,164,213,272,102,189,168,89,72,81,104,163,42,94,180,68,70,91,104,137,115,159,149,92,64,135,93,118,83,136,152,170,61,122,104,43,54,62,132,121,81,53,129,90,48,79,177,146,90,125,98,81,77,129,33,182,80,129,121,106,186,97,88,136,102,175,106,122,82,86,84,137,104,60,37,75,133,136,95,105,143,266,82,278,240,55,100,56,60,110,56,93,93,62,129,191,108,147,161,207,204,111,55,114,92,90,212,93,83,95,115,83,91,149,132,78,112,119,100,134,161,87,245,44,93,53,154,146,104,110,85,118,174,169,109,68,122,119,63,89,100,153,185,142,190,185,184,110,55,201,182,132,80,72,73,103,48,114,42,52,189,99,133,116,72,127,110,144,130,94,240,72,81,101,53,151,125,161,49,118,75,335,192,23,120,131,189,76,32,168,195,90,119,84,175,102,127,134,220,76,59,197,126,143,131,192,123,72,77,104,73,46,89,95,57,51,121,126,91,75,137,83,148,113,56,248,109,234,110,61,110,133,47,91,131,224,223,52,115,136,68,91,172,103,225,154,95,113,97,94,76,135,133,91,43,113,137,137,129,37,159,174,228,144,87,71,65,208,322,119,83,104,114,163,85,97,66,104,119,55,168,44,135,164,73,149,98,103,122,77,227,70,51,143,95,76,149,126,118,225,153,141,89,113,94,188,142,109,83,120,203,122,119,90,125,105,119,72,80,92,118,74,31,89,68,49,42,93,49,72,94,165,66,52,99,70,163,148,170,83,70,61,85,63,130,269,135,185,89,78,168,68,122,208,174,110,98,173,85,127,103,38,103,72,82,119,94,98,100,102,197,311,73,150,93,65,145,95,145,107,195,167,226,58,80,99,47,57,56,185,156,270,165,166,69,199,152,116,188,114,232,127,146,91,165,106,95,129,107,141,60,224,121,209,70,159,157,168,77,259,143,105,85,155,115,193,155,182,151,102,213,118,34,138,29,112,12,63,133,128,110,135,64,132,70,55,176,54,155,159,223,124,204,156,155,264,94,93,84,133,51,110,55,185,101,155,126,127,100,238,127,154,69,111,99,56,101,101,174,58,85,151,112,109,201,135,118,154,125,224,179,106,130,151,201,100,170,95,124,69,118,167,127,148,130,79,132,223,97,97,174,32,152,78,65,82,161,82,114,102,137,156,107,141,112,79,116,33,154,141,125,110,72,93,182,185,96,49,117,107,74,99,96,204,200,140,85,118,155,204,63,165,202,72,96,80,71,93,92,82,134,109,43,133,174,60,93,99,126,183,120,113,121,196,124,136,235,142,97,150,104,91,86,95,224,148,184,120,73,165,53,115,114,88,145,131,111,72,84,69,82,172,93,133,186,99,97,130,65,47,106,215,97,85,84,148,118,177,68,81,138,117,108,82,53,38,98,203,114,49,92,143,106,101,127,137,112,91,112,65,96,83,142,48,194,192,84,80,152,97,198,91,69,111,130,53,287,42,55,143,127,148,113,35,136,89,61,127,356,147,88,69,60,114,46,134,104,129,107,158,141,128,93,93,157,177,223,111,120,35,96,131,213,72,112,128,107,146,135,136,240,156,86,66,83,107,61,107,109,123,99,63,92,129,103,68,144,46,94,97,48,47,155,78,70,93,128,109,84,123,132,108,108,151,163,61,141,91,98,307,80,115,104,137,174,63,122,124,75,177,131,154,213,104,88,86,202,134,156,155,76,249,206,124,194,85,53,74,66,200,162,67,159,140,115,146,89,62,98,224,92,88,130,192,197,77,85,123,61,127,104,169,111,219,70,127,91,98,155,121,155,71,184,94,104,117,99,100,154,60,156,122,87,110,66,93,155,112,93,76,169,158,107,65,84,127,137,203,88,230,56,102,164,83,127,62,89,142,158,118,122,65,236,73,85,147,130,126,158,101,181,120,74,107,177,60,34,44,105,49,38,71,57,138,173,196,212,189,101,136,97,208,99,178,76,209,55,140,143,65,43,158,124,73,219,321,179,66,60,70,115,102,135,68,123,108,74,111,108,194,149,84,56,196,231,146,98,124,141,54,76,169,96,120,86,50,121,76,224,140,69,220,99,97,91,124,87,88,103,114,183,107,123,81,128,87,69,76,143,103,123,70,284,133,62,109,121,91,91,77,156,169,84,120,86,286,108,115,88,49,102
74,107,62,99,135,112,164,170,50,97,48,105,159,130,121,141,106,163,234,230,68,102,149,87,132,163,73,42,126,43,362,95,80,91,142,134,122,161,168,98,131,206,279,101,191,176,93,89,105,100,182,55,100,182,66,86,106,94,135,117,171,142,92,50,145,94,118,93,140,161,161,70,150,135,32,45,72,139,122,74,62,134,91,48,94,188,158,95,146,103,88,73,128,46,173,70,140,130,104,169,94,103,145,99,197,113,133,104,102,95,145,114,55,37,70,139,155,114,101,136,262,63,272,215,55,107,59,72,115,54,120,91,75,173,173,107,132,150,216,204,108,65,94,107,112,211,88,68,96,124,85,105,139,148,70,115,101,99,129,175,72,228,53,100,80,139,149,113,114,70,132,166,161,111,70,124,114,74,84,87,125,164,155,188,183,186,92,53,177,169,134,66,66,77,106,57,111,48,27,192,112,127,143,80,113,116,142,113,84,238,58,93,124,55,157,132,163,50,134,74,353,190,29,109,126,207,81,23,155,222,99,105,63,162,118,135,138,224,76,66,181,143,159,143,180,115,80,77,128,72,49,105,103,54,50,125,136,84,72,139,73,173,129,66,247,136,222,117,72,82,154,48,98,141,214,193,54,89,140,68,108,136,115,230,134,91,125,84,99,85,129,122,96,45,138,138,137,119,35,190,164,267,161,95,69,70,200,336,106,74,85,124,161,79,108,70,114,113,72,172,56,145,173,62,150,130,119,122,81,247,66,55,152,96,80,180,106,123,216,167,146,118,121,94,163,144,140,100,130,258,137,133,71,136,126,101,91,82,99,124,70,39,81,67,51,52,119,49,72,94,149,71,60,103,54,163,132,160,94,66,73,95,75,134,308,120,183,80,67,171,64,94,208,215,106,97,207,90,153,103,44,97,74,78,115,92,87,91,88,173,279,77,153,107,51,164,98,170,145,225,183,212,65,76,98,44,67,58,158,156,279,140,189,89,188,139,143,159,122,213,133,172,120,152,111,115,137,86,134,42,209,118,232,95,135,199,168,56,297,127,109,93,147,99,212,182,173,170,112,199,103,33,156,31,111,10,61,118,137,116,151,97,139,69,64,203,53,146,159,231,137,199,155,169,288,99,111,101,119,50,112,63,149,88,194,123,144,114,183,115,155,76,128,86,39,116,127,201,62,84,154,133,106,211,152,90,153,121,242,161,121,145,136,177,131,160,73,120,80,128,185,139,184,117,81,152,218,114,110,180,28,184,73,96,69,165,73,121,84,129,135,106,145,118,86,124,37,171,127,150,116,76,108,140,182,92,57,114,90,73,118,110,212,212,124,86,103,191,190,58,163,181,89,103,100,91,90,105,53,148,102,40,136,151,70,111,108,117,199,116,120,107,195,114,134,235,141,118,150,98,98,86,98,194,133,197,129,69,177,57,118,113,87,154,133,117,48,57,81,86,203,115,118,184,101,99,113,60,47,112,261,81,104,101,142,124,234,67,107,157,84,105,81,52,41,114,194,107,64,103,166,108,87,163,161,111,107,109,77,97,85,155,49,202,174,89,90,174,76,192,123,78,126,118,51,299,39,35,126,135,156,106,40,168,95,56,148,352,138,61,54,73,110,54,152,123,132,111,179,128,115,102,87,149,163,206,125,117,33,112,156,214,72,103,159,116,137,136,170,195,185,85,68,100,109,62,105,126,131,115,51,109,149,114,73,147,71,97,123,55,56,175,77,58,98,138,99,107,129,125,115,117,125,139,54,149,108,121,304,74,102,103,128,146,84,125,138,74,178,145,168,219,99,115,74,208,126,166,173,97,253,219,104,180,73,57,66,83,207,163,71,188,155,123,137,83,67,102,238,80,89,163,212,202,78,87,152,48,140,101,164,119,234,64,138,98,81,126,120,150,73,188,111,103,146,114,90,159,74,164,153,102,104,50,82,166,107,83,84,157,166,106,67,71,123,156,183,97,215,70,108,143,102,123,59,112,144,170,134,111,57,227,87,66,124,153,116,187,104,179,121,66,87,179,67,47,56,110,54,40,69,55,130,162,172,213,188,115,127,93,231,90,174,66,208,74,155,137,67,28,149,121,82,229,311,182,62,68,79,120,95,142,59,111,136,54,110,110,198,146,75,53,196,280,165,95,115,135,63,73,184,100,117,101,80,124,61,220,135,68,240,108,92,100,129,99,92,106,125,181,94,116,98,122,98,85,81,135,97,147,67,271,127,77,110,99,88,88,93,170,158,94,113,88,299,147,113,94,46,94
56,89,62,96,142,102,143,162,46,85,59,103,142,116,131,122,106,165,206,218,73,89,136,108,121,176,62,51,118,48,336,93,64,105,126,117,110,156,163,108,146,213,247,93,170,165,80,71,108,98,152,56,102,194,62,62,84,77,116,84,143,174,87,55,133,112,111,92,136,174,158,63,123,101,32,50,68,149,93,94,43,110,99,48,105,186,166,88,115,95,98,74,119,35,185,70,151,152,116,175,64,97,126,92,167,118,113,107,89,82,128,111,58,35,58,140,163,90,92,157,265,61,299,217,56,91,54,59,104,45,90,103,72,153,172,94,133,114,221,185,124,71,108,111,90,216,84,64,104,115,97,80,126,119,75,132,92,101,127,155,81,228,45,91,78,143,124,82,113,46,108,169,159,104,72,135,140,54,65,84,118,192,139,174,148,167,76,49,203,148,136,65,59,73,110,48,139,47,38,178,116,129,117,78,118,106,135,130,87,176,73,76,98,46,186,96,164,35,114,85,348,211,44,112,131,182,72,32,164,202,94,119,52,168,106,116,146,202,68,60,191,137,152,136,167,100,54,74,121,86,42,81,93,54,38,132,136,96,65,127,87,149,118,49,244,117,218,111,75,83,154,49,86,140,209,194,50,89,127,61,86,143,113,244,128,76,122,81,82,83,153,142,101,34,138,121,123,121,23,174,160,243,162,75,54,64,179,316,91,77,83,106,155,82,86,69,109,114,63,149,50,140,159,54,166,103,121,137,74,234,71,39,136,83,63,165,108,115,214,172,103,123,121,75,202,130,118,78,134,229,89,113,67,148,112,100,82,97,84,128,62,49,71,56,53,42,91,46,69,73,151,69,63,97,40,167,131,137,97,79,61,67,74,131,283,130,213,98,65,145,59,94,220,201,104,97,164,96,157,105,52,80,76,71,116,77,95,107,68,142,284,80,133,93,39,135,76,140,121,194,192,237,63,89,106,51,60,41,198,149,250,122,192,79,179,135,112,187,114,201,115,129,92,137,99,97,153,96,120,63,231,130,208,62,145,185,167,63,265,138,79,107,185,90,197,173,152,177,100,192,107,46,125,37,107,10,70,133,123,95,144,79,117,59,53,200,66,125,154,231,137,197,132,139,278,114,122,81,127,43,76,47,156,85,154,120,148,109,181,141,148,65,130,78,29,98,114,201,46,73,154,134,102,205,142,128,179,116,256,173,113,134,146,187,107,141,84,116,75,131,162,105,125,102,75,129,196,106,118,170,27,170,88,93,93,179,79,115,98,137,129,87,132,136,64,105,45,146,117,135,96,76,92,137,181,87,50,136,103,80,97,114,183,185,123,84,98,160,186,83,173,189,62,114,65,70,86,94,63,139,98,39,146,155,70,92,117,108,217,122,116,141,200,111,126,242,171,101,141,89,94,85,82,207,159,196,119,63,143,47,111,126,70,137,122,122,45,50,90,65,174,106,117,194,111,115,135,44,48,113,224,90,104,98,129,132,161,73,105,133,79,99,82,47,35,101,190,111,59,91,144,118,87,160,171,100,77,102,69,92,83,164,60,192,151,73,79,156,71,153,103,87,119,129,49,259,32,55,136,116,153,94,39,158,81,75,128,319,115,53,43,68,99,54,143,111,138,108,204,118,91,89,91,156,168,202,102,104,45,89,131,225,75,106,129,112,134,139,147,217,156,85,64,74,96,52,88,101,109,91,60,98,148,92,69,122,62,75,121,48,52,157,69,54,72,132,91,117,119,118,100,99,137,158,54,158,113,108,288,62,91,85,127,144,65,142,121,78,170,112,147,216,112,98,90,241,126,176,127,71,236,188,93,183,61,64,61,71,188,149,55,159,149,113,128,76,73,88,208,60,96,148,183,188,76,55,132,41,156,105,170,110,243,57,130,76,68,146,116,132,71,165,96,81,146,68,106,176,67,149,142,123,103,39,77,159,114,91,79,150,144,118,72,69,116,128,179,104,208,56,111,165,84,123,58,88,120,168,124,127,34,225,84,82,151,134,100,179,112,183,112,67,88,178,87,32,55,85,35,52,62,53,125,137,142,211,208,114,125,109,215,84,152,72,218,86,132,140,60,29,126,93,83,243,297,148,55,72,56,122,82,134,48,88,125,59,122,109,179,148,77,53,162,280,138,108,104,126,46,70,171,83,106,122,59,133,66,208,155,58,226,110,104,85,126,101,75,113,109,165,90,96,105,129,95,67,83,142,91,108,90,291,128,78,131,99,79,83,80,147,171,67,91,93,249,137,96,87,68,111
69,101,71,102,167,129,124,179,39,91,59,100,173,101,138,128,110,120,210,233,61,91,115,108,108,131,57,45,119,54,374,95,85,96,130,133,124,133,156,98,150,190,257,73,176,147,86,69,114,126,150,40,113,182,64,82,93,71,142,83,154,167,118,60,136,101,100,80,148,178,155,73,115,103,30,58,74,150,115,103,47,103,114,48,107,187,144,91,129,114,97,81,121,26,176,78,187,168,119,162,69,93,141,90,179,103,111,122,95,65,133,110,52,33,74,166,165,85,89,151,269,65,250,226,40,97,67,76,111,53,105,100,66,169,178,90,149,134,219,188,124,62,108,94,112,208,71,58,102,140,84,102,131,126,71,128,102,89,125,166,77,238,60,93,77,136,142,93,134,62,123,173,160,121,70,119,128,55,67,77,135,189,139,187,149,169,58,48,188,158,144,67,70,96,91,39,137,57,34,169,107,130,143,70,126,105,107,159,87,210,67,93,125,42,165,127,171,42,122,81,322,218,32,116,121,147,87,26,181,235,119,108,62,164,97,117,128,208,75,71,183,147,135,156,183,114,71,73,134,83,43,92,111,56,48,111,144,79,66,142,89,140,125,36,214,146,211,110,84,96,145,49,80,113,220,165,65,100,133,57,112,137,104,274,134,80,116,70,84,80,158,155,105,31,142,167,133,120,30,161,167,263,157,86,69,78,183,335,91,73,90,120,166,91,109,73,118,104,64,150,41,132,169,64,163,101,93,127,82,235,55,65,134,88,66,141,114,134,231,181,113,128,109,69,164,135,124,84,129,190,102,101,92,145,125,85,102,73,84,137,82,36,93,54,58,38,74,41,75,73,171,89,56,109,55,180,136,151,95,72,66,55,71,130,317,127,179,72,68,166,53,64,211,230,128,114,182,76,172,111,58,95,70,59,119,93,80,99,77,147,301,71,155,93,41,137,77,184,118,199,169,254,78,88,88,46,60,46,175,156,245,131,196,95,191,109,117,212,120,197,119,156,104,137,98,121,118,103,112,38,210,121,203,84,145,172,170,58,287,144,102,102,151,72,199,200,162,178,110,179,114,51,135,47,96,18,49,123,126,116,157,115,124,57,59,229,55,120,178,267,129,197,142,141,274,116,128,82,120,56,57,53,177,69,163,123,142,104,171,128,137,79,124,80,37,110,114,217,60,74,162,121,112,202,152,112,167,101,266,169,103,148,128,202,111,158,62,124,77,134,190,146,129,104,78,127,191,117,124,178,37,155,86,86,83,181,91,115,89,150,156,95,135,127,69,128,39,191,108,148,126,71,82,159,195,94,66,141,106,52,128,126,190,173,118,66,92,189,202,80,164,176,92,106,71,69,101,85,71,154,115,37,132,153,61,111,105,116,232,122,111,138,186,110,122,195,158,89,143,73,88,88,95,206,152,185,118,69,124,58,97,121,72,136,156,121,72,51,79,67,196,113,121,170,144,110,130,39,39,96,263,72,86,106,167,133,153,59,109,140,94,89,103,35,28,101,174,101,74,98,148,140,70,181,173,126,99,87,73,110,90,148,51,196,132,75,94,160,64,186,97,90,149,117,51,255,41,73,132,120,145,95,51,132,100,68,111,322,130,74,36,74,103,65,123,130,155,107,176,114,98,81,81,143,149,210,116,135,29,127,169,228,64,104,121,125,121,126,149,208,181,82,77,63,100,58,100,86,131,101,41,94,144,96,59,96,72,81,119,53,58,203,67,58,104,150,113,120,139,135,108,93,123,181,57,164,107,103,318,54,100,78,143,137,58,140,107,68,183,130,153,219,88,88,97,235,108,200,132,81,225,201,104,176,81,66,53,66,206,150,70,163,154,96,128,96,83,91,216,72,95,158,205,191,68,65,111,45,153,84,177,113,257,71,131,87,81,118,121,147,92,210,108,93,147,94,100,155,76,157,171,115,123,43,80,182,110,94,85,140,141,92,60,85,125,133,165,124,198,59,93,153,95,114,74,115,128,145,114,120,44,196,97,71,153,142,107,152,111,178,129,69,91,170,89,41,39,89,35,45,76,57,154,153,154,196,194,110,124,110,269,86,187,63,241,70,138,136,75,18,128,108,88,228,285,147,64,75,57,114,96,124,50,100,106,56,115,105,182,153,69,49,172,260,139,105,104,149,47,68,199,89,92,117,66,112,54,217,183,45,232,119,78,64,126,89,78,111,105,184,75,109,101,102,96,75,78,129,99,116,73,288,140,84,121,87,65,86,92,153,157,65,110,91,239,153,90,83,71,98
55,112,76,102,156,106,123,164,46,91,78,106,185,97,170,128,122,154,196,226,69,70,124,108,114,184,62,44,135,38,348,109,73,106,123,147,115,131,131,117,136,211,265,79,183,132,72,77,120,100,158,35,91,157,63,73,68,72,144,80,134,127,120,64,123,117,85,75,175,165,179,44,112,90,45,51,79,163,137,97,47,88,106,59,104,155,137,87,105,126,101,65,128,32,177,71,185,148,106,161,61,88,168,60,151,98,89,117,86,71,121,106,42,35,66,167,166,88,77,129,276,64,275,222,45,93,54,81,124,37,121,97,55,166,202,78,123,128,202,166,122,65,130,100,106,215,77,75,107,112,84,95,140,117,77,140,110,104,134,144,91,238,58,89,72,141,116,112,133,46,96,171,186,106,79,134,138,53,74,68,117,190,130,181,163,184,64,61,199,137,140,65,58,73,93,45,124,49,30,163,116,146,127,75,109,93,106,137,82,200,54,78,103,44,150,92,154,44,112,82,339,223,34,117,130,138,84,36,164,209,97,121,63,144,98,127,134,200,67,74,188,146,151,174,180,105,66,68,120,65,43,97,125,51,50,102,156,86,69,117,75,126,118,32,289,117,224,118,68,98,138,31,78,173,219,189,74,85,130,55,92,116,95,296,131,81,126,82,74,72,145,126,113,27,130,156,152,143,28,151,180,249,153,77,61,76,193,311,99,80,78,127,193,74,103,68,81,95,70,139,44,135,152,64,166,107,119,123,101,240,54,45,122,86,58,171,98,143,184,163,101,120,117,59,139,128,132,72,120,212,111,109,103,150,112,90,96,96,72,136,76,49,79,46,58,39,63,32,42,98,140,92,50,112,46,179,119,151,86,67,69,60,76,107,327,130,183,81,67,147,67,75,225,211,104,89,190,68,188,112,40,95,58,51,116,106,92,112,82,143,282,95,141,67,42,141,84,171,143,187,183,234,66,87,96,38,56,56,191,166,266,140,176,115,170,126,129,202,123,207,115,142,116,151,113,129,119,85,135,42,230,108,199,53,150,158,174,77,278,145,92,110,143,90,214,174,158,180,98,190,109,42,118,40,107,14,61,113,143,122,135,93,125,53,61,201,87,112,159,244,126,207,152,135,300,93,110,93,146,49,58,50,185,81,152,109,145,93,165,141,159,85,110,91,44,101,117,172,35,64,174,105,108,197,143,119,164,108,273,173,107,136,135,185,104,167,83,117,80,136,188,121,127,112,74,110,190,123,117,165,27,170,76,79,90,193,83,96,104,134,129,94,146,144,74,114,41,180,112,136,125,75,108,139,200,100,52,166,104,46,120,122,217,177,119,59,97,184,199,99,197,185,80,95,71,63,122,86,54,145,102,40,124,156,80,110,99,105,194,127,89,142,193,107,117,228,212,103,132,67,85,92,83,180,158,189,107,59,146,59,98,118,89,119,144,122,54,53,88,65,176,91,81,166,136,105,131,40,53,82,241,83,100,89,175,141,184,87,141,142,99,99,104,39,34,121,161,88,80,82,141,119,79,184,171,123,93,104,70,97,110,157,44,175,136,72,69,149,67,196,110,74,108,131,39,229,51,62,143,123,139,107,48,144,115,79,111,297,132,68,41,77,100,68,141,109,137,103,179,114,88,97,80,184,138,191,118,108,44,110,150,196,62,102,141,117,96,124,148,203,167,74,61,67,96,43,94,95,99,94,55,97,147,103,49,96,69,78,122,51,62,207,61,50,109,132,140,133,114,112,104,78,140,169,53,161,113,99,327,64,105,80,142,132,63,103,125,64,164,120,121,207,78,90,98,219,127,189,134,83,254,188,104,155,67,69,58,48,195,132,52,144,154,102,137,100,81,92,225,67,77,150,206,208,92,60,107,42,142,87,166,117,266,61,131,74,84,130,146,124,86,219,116,91,140,92,91,159,68,166,132,95,104,43,79,200,101,83,86,165,164,104,58,76,106,150,155,126,237,71,98,166,116,121,55,107,108,161,119,106,46,185,94,79,145,142,106,163,103,188,136,76,104,190,88,43,38,69,29,53,69,63,130,156,124,200,175,87,117,123,239,88,173,93,213,95,126,145,68,22,111,113,88,204,312,158,58,90,78,118,97,126,56,76,119,55,122,106,180,146,63,36,194,254,125,86,99,125,52,61,185,102,89,96,67,116,45,196,183,58,232,98,75,73,136,95,78,109,108,177,91,107,112,104,105,59,85,146,116,112,84,290,145,76,121,116,88,94,63,149,152,84,135,86,264,163,77,76,65,105
42,113,71,100,131,101,119,147,43,94,81,116,167,116,156,101,87,122,208,214,69,70,104,100,122,147,69,43,146,43,366,99,63,109,102,145,122,119,115,100,103,182,256,84,156,172,77,75,121,91,151,32,114,180,61,84,81,74,148,69,125,131,107,50,117,100,84,89,135,173,188,46,115,108,54,46,82,130,120,103,60,83,114,45,93,179,127,85,118,96,98,64,118,31,172,65,155,147,109,136,68,102,174,65,155,115,89,109,89,76,99,123,43,42,62,160,144,93,82,128,281,52,272,198,36,100,63,65,121,34,120,94,65,148,181,87,151,120,201,156,101,59,130,105,106,214,77,65,87,107,86,97,149,105,88,131,123,88,134,134,84,204,59,78,68,150,120,78,118,59,78,162,159,114,78,133,133,37,65,69,110,187,131,190,165,196,62,51,165,165,137,88,57,65,86,46,125,52,35,149,86,134,134,81,90,98,74,119,97,158,56,82,90,37,140,95,157,40,110,56,321,211,52,110,116,143,92,27,172,201,120,115,65,161,80,114,131,183,66,61,168,129,133,138,177,93,61,70,134,79,46,98,109,46,59,108,150,78,57,118,80,143,134,40,263,109,235,110,69,94,131,31,76,132,205,175,74,82,95,52,99,93,95,275,125,82,122,74,78,74,150,145,88,38,111,172,121,116,29,143,183,252,150,64,65,78,161,291,84,72,70,135,177,65,107,71,90,115,48,134,42,129,136,58,135,92,95,130,76,233,46,32,126,65,60,183,102,122,226,157,91,110,104,63,134,115,117,75,125,223,100,122,87,149,107,83,83,77,74,105,61,42,53,47,55,40,67,37,68,97,133,98,38,86,44,172,107,152,69,67,75,66,72,89,323,111,189,68,57,179,53,69,207,176,88,108,174,69,158,98,45,92,53,40,87,109,78,96,74,132,269,87,136,72,48,146,74,165,129,184,152,206,53,76,98,45,30,42,144,142,232,126,144,91,175,100,133,213,118,206,99,149,106,130,101,102,131,98,117,38,205,117,204,57,128,164,172,77,290,131,77,93,120,88,201,177,144,163,102,166,110,36,123,50,109,12,50,112,141,93,140,98,99,56,64,205,75,120,157,230,133,178,114,122,295,107,117,75,135,56,52,40,159,51,135,112,122,92,177,125,177,94,112,68,45,113,82,183,54,72,148,115,78,167,108,117,170,90,276,177,145,109,123,168,96,136,68,135,69,126,189,129,124,103,78,97,150,103,116,151,32,164,61,64,113,170,76,84,95,116,142,99,137,125,73,117,33,176,121,132,121,68,110,115,212,121,51,146,92,41,89,122,185,169,100,73,100,198,206,69,160,194,80,79,59,60,100,83,51,157,99,44,123,136,77,97,76,104,195,112,102,144,156,108,129,216,151,82,124,62,68,85,65,165,142,213,90,58,111,44,97,152,77,116,136,102,44,50,84,70,160,99,95,151,136,81,132,39,43,95,225,89,69,93,145,125,151,64,118,107,81,91,76,34,32,115,152,77,51,85,169,109,61,177,165,117,95,106,79,88,102,167,50,173,118,69,85,160,55,169,108,78,129,122,47,212,49,68,139,106,105,103,58,106,117,69,113,301,134,70,34,53,95,75,143,117,144,84,176,109,85,99,85,154,149,171,114,107,37,116,166,199,62,99,136,112,96,134,127,182,157,72,62,63,84,43,115,86,96,96,37,82,161,90,50,94,69,67,119,53,58,183,60,51,93,162,121,120,115,139,109,90,133,147,54,137,105,84,298,56,92,87,110,110,52,88,138,43,147,99,125,219,92,104,94,220,106,163,121,75,235,192,94,154,72,52,68,60,241,138,54,125,148,100,119,96,75,90,210,58,80,128,216,195,78,70,123,40,141,78,162,114,296,50,105,68,70,135,137,137,84,180,110,72,152,88,90,133,85,169,142,83,97,27,63,182,117,78,62,124,161,106,52,57,116,148,146,115,203,71,96,142,92,125,60,88,120,144,118,113,44,195,100,68,140,143,108,155,94,204,136,71,81,144,76,37,37,70,33,34,80,72,127,137,127,182,195,110,102,123,258,77,157,84,221,69,127,138,61,26,98,97,73,197,325,138,57,79,80,110,89,126,62,80,81,46,104,75,143,136,78,39,184,256,132,70,116,142,42,57,191,97,76,88,68,112,57,218,175,42,260,118,70,84,149,102,83,94,83,159,78,99,112,118,68,66,88,122,101,100,98,299,154,78,119,120,76,84,61,159,137,77,116,83,258,163,72,81,73,93
46,126,88,94,138,108,131,147,34,100,79,120,166,132,147,103,82,115,195,227,70,77,99,93,123,146,74,43,112,38,349,106,72,101,120,148,152,130,136,120,110,191,231,86,145,154,78,65,124,107,147,29,105,192,60,59,73,80,164,77,121,121,103,57,114,115,83,80,144,156,170,62,125,111,59,59,74,122,111,90,55,78,117,51,112,154,127,86,109,107,91,65,122,40,171,60,165,154,105,142,66,107,184,66,152,112,85,116,88,52,136,126,34,41,59,151,152,89,73,123,281,44,293,243,35,84,61,61,123,41,110,76,61,147,190,85,157,116,216,148,92,66,132,118,105,195,80,75,93,106,96,89,185,102,89,151,100,95,133,144,80,238,59,94,55,129,120,91,137,53,77,146,153,108,88,146,129,55,79,62,117,202,125,156,149,206,65,65,193,147,166,104,66,57,100,48,150,53,44,142,110,126,125,75,120,110,91,156,92,136,59,96,98,52,149,116,149,43,102,59,361,206,39,111,113,110,76,33,160,216,120,110,64,157,91,106,122,196,61,62,170,130,173,150,176,128,89,71,139,56,56,103,115,49,70,101,147,90,47,141,73,133,104,52,284,100,237,126,61,114,141,34,67,153,198,185,55,66,90,60,94,89,98,277,127,66,112,91,58,55,116,134,89,35,126,169,116,114,22,135,183,258,148,75,86,78,168,334,92,60,59,139,189,71,103,59,99,99,54,129,38,132,168,61,161,87,85,145,79,224,52,46,148,75,46,166,104,117,212,172,84,135,106,57,134,115,113,61,115,220,85,104,108,158,115,119,85,73,64,124,76,49,71,50,59,39,78,42,67,102,129,92,57,90,36,145,119,142,73,65,83,70,67,93,353,118,183,58,64,176,68,68,219,197,109,114,159,82,174,113,51,84,61,45,98,126,110,96,80,125,291,64,130,75,54,134,75,173,124,199,184,237,65,89,94,41,40,45,171,159,245,135,154,114,218,92,117,217,138,196,128,176,100,128,105,122,137,85,127,45,216,95,211,50,122,174,185,72,274,143,95,93,137,81,204,168,153,168,103,170,97,34,134,38,104,17,65,117,124,111,124,110,94,71,54,222,73,121,151,211,127,179,140,127,281,102,111,101,164,46,51,43,160,70,140,102,130,91,170,133,149,87,115,77,34,119,96,165,63,75,149,104,110,205,111,104,170,95,292,161,146,120,145,192,111,173,55,147,74,128,183,118,112,122,77,81,189,102,133,188,29,170,63,75,119,170,60,81,99,111,142,88,140,148,53,98,43,160,111,150,128,70,116,136,188,103,57,150,99,43,118,102,159,159,102,67,86,184,205,78,149,162,87,81,69,51,119,83,54,135,114,37,150,156,75,92,81,111,190,105,86,142,176,118,132,245,172,84,124,58,63,78,77,177,127,208,98,50,113,51,99,136,60,112,131,109,55,46,66,67,179,89,94,151,133,98,140,39,46,90,201,94,93,77,163,127,173,76,110,124,93,91,101,39,28,94,173,115,58,78,166,121,63,191,180,127,104,109,61,84,115,142,38,183,142,50,65,132,54,197,92,71,122,137,53,257,54,55,141,134,126,114,59,132,122,97,94,293,146,66,43,63,104,66,159,134,131,74,162,96,78,94,75,154,145,182,123,91,41,107,143,185,58,109,142,133,87,143,142,194,183,77,46,55,75,37,115,96,97,79,33,86,139,96,38,79,72,80,122,52,55,202,56,57,81,124,126,127,90,122,111,98,128,158,42,137,106,86,351,58,99,86,112,137,64,94,135,41,156,121,109,229,98,116,120,214,118,155,125,70,243,196,107,188,81,70,71,47,225,141,51,137,147,102,115,105,90,95,198,49,70,122,207,192,69,76,126,46,132,85,158,113,298,41,134,76,79,136,142,114,70,189,107,99,148,54,102,138,61,144,120,78,104,29,62,166,110,92,62,151,131,86,54,68,119,137,152,109,233,45,92,131,110,127,49,97,117,177,119,123,45,187,99,75,126,141,96,116,70,205,143,68,103,158,88,44,39,77,29,41,84,69,117,140,127,194,191,118,105,136,268,59,165,96,209,57,143,133,51,17,116,93,81,228,307,136,54,93,84,123,79,123,54,92,91,45,111,84,183,158,86,30,164,246,142,93,125,117,42,57,177,104,71,76,86,112,33,196,176,45,242,92,83,79,159,82,85,107,115,181,85,103,98,99,75,72,88,154,111,116,91,285,153,81,106,101,73,100,74,162,158,92,137,77,257,147,64,67,78,84
26,123,66,86,108,107,133,145,47,74,77,116,152,129,168,91,85,129,187,214,44,69,90,91,122,126,60,47,129,39,318,120,62,84,121,134,134,103,127,123,85,184,225,88,159,182,94,64,136,109,145,31,96,198,67,61,68,79,169,77,105,108,119,41,101,114,59,89,126,152,163,59,115,126,65,48,75,124,108,100,63,68,96,60,88,160,101,94,112,92,103,48,100,29,164,76,147,151,102,138,82,121,210,68,157,108,71,102,94,54,116,122,32,37,52,122,165,84,87,139,252,52,276,215,33,108,59,56,119,40,108,75,66,165,167,100,148,138,197,146,80,85,124,105,111,189,65,72,77,118,79,105,162,98,105,156,98,87,128,151,73,210,56,88,58,136,138,72,138,52,69,143,168,107,62,132,111,41,73,37,115,198,134,193,165,214,59,54,161,149,147,124,64,71,88,36,132,44,38,148,117,129,124,69,106,116,78,152,95,149,62,90,75,59,142,84,115,41,97,61,365,150,52,107,110,129,69,20,132,210,118,112,52,171,77,98,121,190,62,64,186,145,119,146,173,109,69,74,118,68,50,81,103,46,67,121,133,86,60,149,71,120,130,47,276,99,231,119,61,103,137,27,61,121,192,173,59,92,98,47,97,94,115,256,125,74,96,89,63,68,119,133,76,33,92,154,120,96,24,131,174,242,136,51,68,87,148,306,78,65,79,117,187,73,113,50,86,91,43,121,47,117,145,61,164,93,91,119,87,195,49,33,137,91,60,164,96,103,196,162,77,124,100,53,121,121,101,61,123,210,80,113,108,146,113,115,72,71,84,114,70,46,65,48,49,37,73,41,49,85,123,71,50,102,47,158,101,125,90,54,83,51,67,91,352,115,181,65,46,169,52,66,194,187,76,118,131,61,185,90,54,99,61,35,106,116,104,109,78,115,243,72,137,79,52,111,68,166,122,176,151,226,66,80,98,40,36,45,143,136,237,122,115,95,189,89,119,211,135,223,117,156,99,112,120,111,125,75,117,43,215,101,181,54,130,161,145,65,268,137,87,85,156,73,196,181,152,144,89,159,84,36,164,34,102,16,67,123,138,130,126,119,105,53,72,187,84,111,134,194,124,181,147,120,310,92,93,76,158,36,44,45,156,60,132,89,105,94,150,120,148,86,119,79,36,113,81,175,62,94,157,108,99,187,103,83,192,87,272,161,151,131,113,204,111,153,48,146,79,114,207,116,116,102,79,91,189,95,115,161,32,146,57,79,103,147,48,81,80,109,125,84,130,148,78,96,32,162,113,143,131,42,114,138,172,119,53,127,75,31,114,94,166,186,106,63,93,156,183,78,154,143,89,67,76,51,121,70,44,134,85,36,133,144,58,84,87,115,205,88,69,148,156,122,122,194,171,92,106,53,63,91,76,161,122,180,103,43,131,47,89,128,78,110,129,93,48,59,68,66,171,79,92,126,141,89,126,55,49,81,227,86,76,79,149,147,156,86,128,116,66,82,82,31,32,100,156,80,65,72,164,120,63,190,196,121,88,90,68,102,114,129,52,141,97,58,70,125,50,181,78,71,115,117,53,226,44,59,166,131,119,121,65,93,120,92,116,285,165,64,33,53,100,55,140,111,134,62,133,83,85,106,85,148,125,170,90,108,45,112,134,157,58,110,115,100,87,125,139,161,158,81,52,44,57,34,120,102,84,63,24,91,138,98,47,65,70,94,129,47,68,159,42,41,83,140,127,109,97,123,91,110,101,164,42,135,111,79,356,63,84,77,112,122,68,98,112,44,156,102,126,202,91,121,99,174,111,150,112,61,218,192,91,185,68,76,68,51,226,123,56,109,161,111,105,95,88,91,210,39,81,129,220,177,75,96,133,28,126,92,162,116,260,34,111,66,60,135,153,99,75,155,109,88,134,64,111,136,47,134,130,82,90,37,71,160,96,71,41,144,113,88,47,69,116,127,141,102,216,41,86,144,102,141,56,88,125,161,117,129,40,179,78,63,107,136,101,124,82,183,138,69,107,140,77,51,34,46,32,38,94,78,129,128,109,192,164,109,85,125,240,42,138,87,189,60,138,144,73,13,104,95,74,215,277,135,49,94,84,106,92,126,56,79,85,49,109,71,151,162,77,37,151,234,125,77,105,124,54,58,176,106,66,74,71,106,40,211,180,44,203,95,88,52,155,75,82,119,107,184,104,93,102,94,61,74,71,122,108,94,91,267,136,78,139,106,66,77,80,137,139,95,111,98,255,138,73,72,70,78
23,129,64,72,142,96,140,137,49,84,83,127,137,135,170,97,70,104,165,239,48,67,109,107,126,133,63,32,124,34,339,119,74,89,118,139,130,120,141,96,84,196,220,90,145,171,105,63,121,104,135,30,85,183,68,61,52,72,150,97,114,126,130,40,116,104,79,94,134,136,147,50,126,116,55,46,72,96,108,99,55,74,105,70,95,141,100,68,106,82,92,51,124,25,191,72,141,159,86,146,81,119,196,80,156,104,82,109,110,55,124,126,49,42,49,130,151,105,73,130,230,48,248,191,31,124,73,63,130,38,116,78,81,174,139,71,159,164,216,156,101,73,147,115,124,174,74,67,77,116,70,92,186,86,80,166,78,78,156,140,72,219,46,72,57,154,139,88,116,50,85,164,191,102,84,119,125,61,74,49,111,207,142,176,133,221,69,40,175,121,174,116,50,80,87,54,112,50,36,134,102,121,149,58,122,86,83,152,92,127,71,120,79,41,152,111,120,42,116,50,366,160,45,106,126,135,75,40,151,227,134,110,73,183,77,94,99,205,51,62,170,144,156,160,165,114,76,73,117,85,54,79,123,52,83,105,147,97,58,142,84,123,104,48,262,93,219,128,64,109,131,28,58,145,193,162,51,89,93,60,86,97,107,288,116,66,101,66,67,67,133,140,78,26,115,178,130,104,32,130,196,261,144,44,79,71,154,315,85,70,82,132,187,74,113,56,109,82,40,134,37,122,154,61,138,92,111,127,79,209,38,37,113,66,50,154,95,109,170,129,55,124,110,55,150,116,104,60,124,221,79,90,107,152,135,123,95,95,70,123,63,41,60,42,48,38,77,48,62,78,135,76,57,98,45,147,93,92,85,59,85,57,62,105,324,104,208,80,36,165,60,73,188,155,96,122,166,55,163,88,35,94,61,43,105,115,93,98,72,138,270,64,144,78,47,111,75,157,128,174,159,219,65,89,109,43,49,47,145,170,246,159,158,101,198,100,101,193,148,231,115,173,97,100,115,102,132,69,121,40,207,125,242,53,107,168,156,59,293,137,95,83,136,64,226,160,156,169,91,169,107,35,155,36,98,26,55,124,160,102,141,109,133,54,66,260,90,110,171,217,126,186,143,120,299,96,106,77,168,48,42,34,165,78,156,100,129,104,181,121,133,89,124,70,40,134,75,159,59,86,161,118,107,180,93,79,170,80,266,139,153,110,121,219,104,156,58,138,73,111,168,115,101,101,65,68,167,86,116,169,26,144,63,72,114,183,44,84,93,117,134,87,108,156,74,97,31,156,109,147,125,53,116,112,174,86,67,127,79,30,118,105,145,175,110,60,91,146,209,78,157,145,85,97,76,56,111,67,41,133,81,39,173,146,66,103,87,120,181,118,68,140,169,105,146,236,148,87,134,51,71,82,86,168,139,196,88,41,127,71,109,133,73,96,114,104,42,52,70,48,175,74,89,116,122,88,143,49,46,88,252,90,104,69,163,133,175,70,118,117,84,95,86,32,36,93,150,99,55,75,193,152,54,179,181,108,107,102,60,73,126,143,56,182,110,55,56,165,52,190,79,43,131,132,49,216,40,60,143,155,130,137,71,93,108,89,110,280,156,56,36,43,107,68,127,139,127,68,168,82,68,85,85,177,130,168,84,96,39,121,127,159,66,111,114,123,98,130,147,152,165,91,47,49,45,38,119,110,83,59,20,84,142,84,55,64,63,84,133,53,57,174,30,53,106,133,132,125,96,130,92,103,125,143,52,156,111,104,325,70,88,87,96,121,65,99,122,44,168,111,112,203,85,126,110,180,105,137,126,54,204,211,109,197,92,60,68,49,222,136,69,131,139,115,94,93,83,89,203,41,92,133,198,167,63,89,130,41,124,80,174,102,306,43,152,78,56,135,163,125,83,165,112,101,154,67,96,148,58,153,147,93,116,33,61,188,99,88,47,145,112,82,49,67,137,132,126,121,195,30,89,124,107,126,60,94,138,155,101,138,38,199,86,77,118,125,81,123,84,186,137,46,115,153,78,53,46,60,31,42,86,62,110,142,141,203,185,127,85,134,254,79,152,98,220,52,149,155,75,20,106,89,53,218,307,174,56,101,93,116,89,140,58,69,89,42,118,80,188,184,77,29,158,263,137,89,122,157,34,68,165,98,66,93,78,105,42,217,178,50,255,89,82,93,160,95,77,112,102,170,86,101,81,98,60,62,73,181,104,105,97,317,158,80,113,119,75,96,77,142,133,94,137,83,232,141,74,84,62,75
34,124,72,79,132,92,110,166,67,69,75,139,130,146,176,94,65,115,181,209,60,81,88,93,109,157,80,41,125,30,328,106,81,80,106,120,157,100,128,103,78,192,235,105,154,184,95,61,101,112,158,21,87,187,84,55,54,79,149,110,132,132,130,29,98,130,93,103,122,149,164,62,127,119,61,44,78,91,95,96,59,67,94,70,78,165,90,85,96,102,82,45,113,38,195,79,161,148,96,145,74,104,188,99,170,75,89,101,82,67,142,136,36,41,51,134,152,91,62,134,235,64,274,231,20,107,71,61,119,46,111,75,86,155,137,101,149,155,204,139,93,91,161,89,129,182,54,61,90,99,81,98,180,93,76,162,81,81,141,118,72,229,57,81,71,133,153,74,123,52,53,133,154,139,68,111,98,56,82,60,113,210,103,172,125,228,67,50,176,143,173,96,58,86,82,49,135,44,45,156,111,126,133,65,108,97,56,142,78,123,62,92,72,46,164,96,136,45,112,54,359,168,60,121,110,132,76,36,166,216,148,87,63,180,71,91,111,195,57,58,157,132,145,172,138,98,77,69,93,71,59,72,109,43,88,121,148,91,62,135,83,127,135,55,263,114,218,103,62,112,122,18,50,146,201,165,44,79,92,52,88,90,118,258,118,68,81,53,59,88,140,144,73,25,122,168,121,125,29,106,175,251,121,45,61,66,156,316,80,52,108,134,233,61,106,42,109,93,35,122,42,125,126,76,147,88,97,131,81,195,41,42,119,90,69,142,92,96,200,123,74,134,83,47,160,111,115,64,127,203,72,110,92,136,108,156,90,73,77,123,66,33,67,35,49,27,65,46,66,82,138,71,48,113,47,149,81,109,84,50,80,41,43,101,338,108,164,70,43,157,66,82,201,178,74,123,148,79,172,80,35,75,65,48,102,111,87,93,79,143,284,59,138,81,52,106,70,163,118,141,186,231,82,95,86,56,54,48,151,152,224,143,154,100,213,84,86,203,161,203,134,149,70,98,119,103,131,83,111,35,210,100,247,49,113,144,141,61,261,152,91,75,142,85,226,167,142,144,94,167,100,33,161,42,101,22,59,109,153,86,118,118,126,63,64,222,72,98,161,173,100,198,132,137,337,84,90,65,176,44,32,33,153,74,164,85,109,93,158,141,128,92,124,77,35,132,74,143,56,72,162,112,107,205,94,77,186,72,274,140,151,111,124,201,115,177,47,139,86,96,175,117,95,91,59,70,172,84,144,165,25,151,51,61,110,170,40,96,79,101,135,79,118,180,73,119,33,148,134,126,121,45,89,127,171,123,80,134,82,47,138,103,165,182,108,56,93,119,187,82,139,123,80,95,77,56,96,76,44,167,75,49,158,141,62,101,86,107,214,110,66,133,179,95,125,221,164,76,120,44,62,89,94,165,119,198,124,40,129,58,107,120,65,90,138,115,54,70,87,57,157,62,86,119,134,97,135,58,38,82,236,93,91,77,172,160,169,52,108,115,58,81,117,35,36,93,135,98,47,71,189,150,51,204,175,107,95,111,63,82,93,133,55,147,115,41,54,147,49,192,82,52,128,136,41,222,53,55,135,190,124,138,77,108,98,103,104,325,153,66,39,49,109,66,164,142,136,68,170,62,85,90,80,169,153,188,78,96,33,133,105,158,63,109,109,112,83,123,139,130,178,78,42,59,52,44,133,136,82,61,28,67,157,80,78,74,68,91,103,61,56,184,33,53,88,133,114,116,96,109,105,102,115,126,49,155,103,84,357,73,104,85,98,137,93,83,86,53,181,115,79,198,98,134,111,181,120,140,124,70,200,188,108,216,87,66,72,55,212,140,65,118,143,117,99,111,95,104,194,51,72,137,201,179,75,85,128,40,110,63,153,105,348,39,131,57,50,127,161,94,89,169,105,88,161,66,78,165,73,141,140,97,99,35,80,163,78,80,42,152,112,60,44,86,136,101,128,106,178,26,78,137,100,121,72,88,156,177,98,110,39,168,89,87,112,122,78,148,76,188,123,57,115,167,88,42,47,53,30,37,84,67,123,128,162,204,192,133,89,141,254,52,150,87,198,62,147,160,65,10,95,79,48,231,303,155,52,102,82,122,96,140,46,85,94,46,107,74,195,154,59,43,156,280,111,81,108,122,32,69,184,95,56,91,68,91,35,238,179,41,225,79,102,71,160,108,64,106,100,154,88,109,100,91,87,68,88,148,95,99,80,306,137,78,93,91,80,96,81,129,153,100,103,88,218,141,66,55,79,67
27,101,49,52,109,81,130,145,79,75,81,112,108,144,163,76,71,94,163,186,34,74,85,93,100,112,53,51,104,35,294,98,74,81,94,124,116,97,100,95,82,188,222,85,151,162,85,48,87,80,143,25,78,163,73,57,32,83,127,84,93,112,101,35,78,120,78,94,133,109,146,59,93,95,49,39,56,72,96,88,54,67,91,68,84,112,80,78,83,103,78,42,91,31,165,64,133,140,86,120,72,72,165,81,153,79,97,98,76,71,120,115,27,37,50,140,127,81,63,116,204,61,232,168,20,101,75,57,69,44,99,84,64,125,122,65,104,151,209,129,75,86,139,94,113,161,59,51,91,104,66,79,153,72,56,134,70,64,154,115,63,209,55,75,43,116,125,74,116,31,63,118,145,110,72,113,93,56,68,52,103,212,105,160,123,187,52,33,154,120,170,94,41,78,72,53,133,43,40,158,83,118,132,57,120,94,58,135,71,129,63,103,82,30,132,90,97,45,108,52,315,129,49,80,108,105,82,29,155,216,119,80,70,147,59,71,97,150,54,40,133,151,146,160,146,82,63,51,83,51,52,60,114,43,61,86,135,90,58,144,76,131,103,70,228,97,199,109,54,101,109,19,42,144,167,145,44,83,71,46,90,94,100,242,91,59,67,55,47,71,131,127,66,32,93,180,114,96,28,118,164,220,111,27,57,70,132,269,59,54,106,131,209,65,80,44,93,82,30,82,36,113,144,46,129,92,84,107,71,163,54,40,125,75,49,154,63,78,142,112,66,113,78,40,139,88,115,58,100,174,60,96,75,120,119,119,62,77,60,103,63,22,48,38,33,20,74,44,47,79,127,68,44,111,37,116,91,101,80,61,58,50,44,64,307,108,162,65,26,163,49,77,170,176,95,110,160,58,144,84,29,69,81,37,90,101,89,87,75,127,277,45,130,91,41,96,72,157,91,143,155,179,62,71,70,38,31,57,93,145,190,142,154,101,171,87,78,171,141,190,100,121,67,76,105,90,116,51,119,41,169,88,207,49,106,145,119,59,243,120,76,64,113,70,219,134,130,138,69,141,79,31,134,38,69,15,52,99,135,75,108,108,113,46,55,203,52,93,125,130,123,186,113,122,312,86,92,62,154,45,22,21,140,69,148,89,119,69,141,117,128,68,114,59,38,117,71,129,50,76,144,102,80,182,93,67,170,71,279,132,123,90,115,205,126,173,47,122,69,117,147,114,99,84,44,70,168,68,112,156,30,128,47,43,78,152,37,59,55,87,102,78,95,131,89,93,39,130,111,159,106,48,84,100,163,112,55,100,71,41,109,77,123,134,99,49,88,115,166,70,144,98,78,83,78,45,83,80,31,141,69,52,132,121,74,92,94,107,179,107,55,98,157,73,131,197,135,51,104,48,69,74,75,129,103,206,90,39,98,63,98,119,59,92,121,94,53,67,65,34,138,72,87,127,122,94,119,38,39,90,213,65,80,65,153,131,153,50,106,91,73,94,88,33,43,76,116,82,39,70,175,139,56,176,135,94,107,117,50,70,108,111,26,129,111,54,52,126,37,169,43,33,117,137,37,218,51,51,131,146,102,129,57,102,88,97,93,291,131,52,39,39,98,57,146,125,123,59,140,54,69,74,83,133,120,156,86,72,43,108,129,148,51,89,124,99,75,100,105,128,167,62,47,46,41,40,132,101,86,42,39,89,145,70,69,58,65,76,91,43,55,137,29,47,86,134,109,113,105,106,81,71,109,145,40,136,87,89,292,61,93,88,96,140,74,89,84,61,154,107,75,187,92,131,82,163,93,118,103,45,178,198,87,187,84,63,61,42,187,133,38,121,108,96,90,124,74,88,178,61,57,122,209,156,66,79,107,36,97,56,136,100,272,50,146,61,43,115,144,70,72,168,79,73,143,74,64,135,52,121,127,79,80,36,58,131,76,80,38,145,95,68,48,85,130,94,124,82,173,29,80,114,64,102,51,84,122,130,80,111,14,150,70,81,92,124,60,134,79,169,105,40,98,125,61,35,36,50,15,34,89,58,114,130,146,200,160,113,65,118,221,75,116,89,179,57,109,141,60,11,88,89,39,167,255,139,53,79,57,99,90,101,48,75,82,44,89,76,161,153,41,31,144,246,114,56,89,129,29,52,174,66,53,56,76,93,40,169,167,46,208,69,86,69,160,107,81,91,83,129,88,110,89,76,74,55,60,147,81,79,78,295,127,73,82,94,82,87,81,123,112,97,103,72,177,124,69,41,56,77
30,141,60,60,115,78,144,156,74,57,75,118,138,162,200,66,75,92,205,226,42,83,100,109,132,131,64,36,132,31,321,103,74,82,97,114,133,102,90,88,77,199,265,102,155,197,103,52,86,88,171,26,83,168,76,50,41,74,127,94,124,140,93,33,84,123,73,124,116,119,171,59,89,100,52,35,67,80,102,99,57,84,90,66,72,158,94,97,103,107,85,35,92,32,191,71,172,172,95,141,64,97,175,76,143,69,102,92,112,65,142,133,41,37,66,133,154,90,74,129,259,83,229,203,18,131,70,74,85,36,120,113,72,118,138,84,110,183,252,143,78,106,143,94,108,138,61,54,95,91,80,103,135,103,67,162,55,66,138,139,75,223,55,98,37,125,139,78,135,42,84,139,156,128,68,115,102,55,62,58,107,218,124,171,150,222,68,42,164,119,188,109,46,74,88,57,128,42,53,151,111,134,135,62,136,95,66,139,96,146,60,96,68,45,159,92,130,59,137,63,344,133,53,84,118,130,84,39,141,203,127,83,75,163,80,87,78,193,54,54,159,177,139,192,144,92,60,56,84,58,58,57,100,35,73,129,129,99,75,141,80,135,116,76,248,97,234,91,63,102,114,21,47,143,177,129,55,72,85,62,97,105,105,255,128,52,78,67,54,88,151,163,66,29,93,199,149,114,28,114,181,243,114,30,76,76,157,313,66,69,88,145,221,61,118,42,92,83,32,87,37,134,121,51,148,85,75,110,73,156,42,37,156,93,69,161,80,90,169,128,66,121,81,38,166,91,93,59,114,223,61,110,102,116,119,124,85,81,70,116,61,34,61,36,51,28,62,47,49,78,135,84,54,120,46,119,96,97,101,65,85,37,48,83,353,109,196,77,30,168,60,93,209,169,104,132,175,69,148,84,25,97,83,38,100,118,82,88,70,152,294,49,129,69,35,107,60,147,126,156,159,176,57,93,72,43,30,68,111,157,226,145,177,112,186,92,82,219,184,230,118,142,67,93,113,96,112,82,116,41,189,107,257,42,117,127,111,68,289,156,71,70,118,77,231,147,116,148,80,148,87,32,155,46,81,21,37,114,127,100,128,116,125,56,76,206,74,90,138,154,121,215,128,133,348,77,97,70,161,38,29,31,154,85,151,82,135,81,152,142,128,78,116,75,38,160,73,149,46,81,153,106,108,194,99,77,173,60,314,149,144,114,147,202,130,151,52,128,84,118,143,133,98,97,65,73,174,82,128,184,23,142,42,47,93,181,40,85,58,74,136,72,116,178,91,107,45,133,136,147,116,51,80,113,192,124,73,123,67,39,122,96,142,168,97,66,100,106,209,78,121,137,65,105,84,54,99,84,38,160,109,42,162,119,61,122,102,126,202,122,61,135,190,83,164,207,175,72,123,37,66,82,87,123,114,235,102,43,129,52,111,132,85,109,120,90,69,79,87,37,144,72,95,111,128,103,119,33,33,85,228,75,102,60,173,171,180,51,105,114,70,86,98,46,45,98,114,100,61,75,173,154,56,194,153,86,102,119,44,78,104,137,44,131,93,48,63,162,36,166,63,34,118,150,28,202,70,47,130,179,106,127,55,111,102,81,95,304,129,68,36,34,113,53,147,127,139,73,167,57,97,83,91,162,125,175,93,81,45,112,139,160,67,105,134,122,83,95,142,127,165,70,40,50,50,45,137,124,104,56,35,75,157,89,62,90,66,69,98,69,65,167,31,45,101,131,119,116,111,113,95,99,100,167,55,154,88,107,340,60,100,93,121,139,77,76,95,73,166,110,89,195,98,122,89,192,98,124,114,54,191,182,86,211,89,52,70,30,187,138,53,105,137,134,101,143,72,102,177,46,68,131,217,151,63,98,117,52,123,61,161,100,296,49,131,57,48,139,173,98,73,181,97,88,132,89,62,150,68,133,119,104,97,28,80,189,79,66,52,160,109,71,46,76,132,108,153,98,182,25,66,122,92,137,56,92,139,156,104,132,34,171,89,79,99,149,66,156,95,187,118,40,94,150,54,52,57,69,20,41,66,59,136,143,190,195,167,109,72,142,257,68,132,92,189,52,104,153,77,9,84,91,39,194,265,158,44,107,56,109,91,109,38,89,100,52,88,97,184,144,43,33,150,260,101,73,106,135,20,78,217,76,75,77,91,70,34,200,170,43,223,68,81,89,184,101,72,91,95,140,97,114,103,104,90,52,66,164,79,103,96,312,137,82,83,96,109,100,74,139,139,90,98,89,155,141,56,53,76,79
26,103,54,38,144,81,121,143,84,56,79,113,113,155,175,74,69,108,196,223,42,78,108,103,119,118,55,45,127,40,309,91,62,65,113,113,136,94,84,94,76,205,221,92,140,163,87,34,94,84,184,26,79,173,67,50,41,56,116,105,117,106,108,36,78,128,76,124,111,103,172,60,100,91,57,50,68,66,99,116,65,77,69,53,62,139,104,102,69,95,91,37,82,41,179,54,153,123,89,132,74,83,156,72,160,56,97,92,96,58,128,142,38,36,59,151,123,77,67,107,231,65,255,204,22,107,67,51,81,32,99,87,78,115,121,68,96,151,238,149,78,92,125,88,122,152,64,48,110,92,62,89,136,78,72,160,51,81,142,104,74,252,67,84,43,134,140,60,111,36,79,133,154,120,76,132,93,50,52,67,109,215,110,166,125,185,56,34,148,104,170,100,27,69,82,61,125,42,47,137,95,129,121,48,114,105,61,138,99,127,53,96,71,36,161,109,130,66,108,53,313,122,49,76,101,121,86,36,151,221,132,73,97,160,68,94,86,170,52,46,135,164,117,177,137,93,68,49,75,70,52,52,105,50,73,97,113,114,54,127,69,121,114,70,267,98,239,93,54,101,109,26,43,169,174,138,45,94,85,44,84,122,94,256,108,73,71,64,39,95,160,157,66,24,89,204,167,105,48,95,164,215,115,32,61,67,154,269,49,58,93,133,243,59,78,34,93,84,30,97,36,112,140,46,139,71,65,125,73,155,43,31,146,81,81,160,79,79,177,114,53,136,89,45,163,97,101,52,130,193,69,114,88,106,130,115,77,81,64,128,55,33,63,35,41,25,67,50,36,75,123,77,55,111,53,125,86,111,89,71,78,41,47,79,323,110,183,63,23,182,63,85,195,207,82,147,177,75,145,81,27,100,82,31,104,99,97,81,74,145,280,42,121,68,35,88,72,127,109,190,177,183,63,79,76,41,32,49,106,152,228,114,175,102,193,111,73,188,176,208,101,128,61,86,97,90,102,80,104,34,195,94,275,55,106,121,95,62,257,160,77,76,121,67,200,126,107,171,97,159,83,24,141,48,69,20,41,100,126,79,137,114,123,57,63,245,74,77,128,140,149,192,117,114,332,90,98,77,170,57,29,27,157,79,142,69,121,82,122,121,135,83,119,73,32,146,78,141,49,77,155,101,116,180,98,79,218,63,281,118,144,122,114,185,126,169,51,129,76,123,125,126,107,124,49,93,195,75,120,135,37,136,57,38,85,160,28,69,70,85,100,87,111,151,93,89,42,126,126,123,136,60,65,95,182,124,70,133,56,37,104,97,145,157,100,62,85,116,181,89,150,87,67,126,68,54,76,92,40,153,93,55,144,103,63,101,97,116,173,97,75,105,151,68,141,175,154,75,116,31,74,99,91,138,119,229,108,38,109,60,93,144,81,96,105,94,56,61,78,44,117,60,90,130,111,88,114,31,56,79,240,73,105,50,159,160,156,56,89,104,65,78,90,46,46,94,104,91,48,80,155,158,59,195,109,76,84,106,53,69,108,154,44,136,77,47,52,147,29,153,49,33,110,142,36,238,70,32,122,169,118,130,70,135,105,93,103,286,129,68,42,36,90,73,160,137,130,73,180,67,81,88,69,163,115,148,100,85,35,126,123,149,61,86,128,117,64,100,127,117,150,66,46,57,37,38,138,109,89,47,27,62,133,89,64,72,73,75,103,68,51,164,29,40,85,137,120,126,95,94,108,90,109,171,49,137,79,91,319,63,108,83,93,141,64,83,82,60,177,123,92,211,99,118,79,203,85,127,106,45,189,185,72,172,91,58,82,48,172,129,53,108,140,96,84,131,81,95,147,38,79,152,200,153,79,87,105,37,104,71,197,71,262,36,121,50,49,130,161,94,85,193,82,96,128,85,53,132,65,113,111,89,110,35,64,167,69,72,39,145,105,64,55,84,131,106,146,70,165,22,69,129,78,101,57,106,119,135,102,110,31,148,91,91,99,127,62,136,87,182,120,33,68,139,55,41,44,57,25,43,75,52,143,135,185,190,153,126,62,116,265,61,130,85,165,62,111,173,68,10,81,73,22,174,267,161,35,109,47,108,95,111,40,79,99,64,80,87,181,151,43,34,145,273,107,69,82,125,34,82,204,96,72,68,109,74,35,165,137,40,187,70,79,89,178,116,61,72,79,131,97,113,81,72,76,61,51,164,114,73,80,320,138,82,87,93,99,116,83,143,147,115,91,95,163,136,53,39,56,59
26,110,62,54,151,79,134,159,71,64,77,149,109,187,187,100,61,115,203,223,43,80,117,73,108,108,57,59,124,36,324,99,71,74,91,109,140,85,104,81,89,179,249,96,166,173,90,29,109,82,165,38,114,198,83,62,52,68,114,106,97,122,117,33,81,119,46,135,92,100,180,56,98,103,66,32,54,69,96,106,54,74,78,66,62,134,101,93,91,103,77,61,96,46,186,50,173,150,105,148,72,74,183,83,161,69,92,86,105,53,139,147,31,37,53,157,142,77,67,99,242,76,261,188,20,113,62,71,74,41,103,92,64,115,135,73,100,176,245,145,78,106,134,80,126,121,68,47,100,86,86,87,157,102,77,162,62,94,121,108,65,238,48,105,31,121,163,64,132,43,67,127,162,114,66,111,98,47,49,64,134,223,109,145,124,215,63,28,148,92,176,94,32,76,54,44,144,49,53,154,94,131,116,59,121,105,58,157,82,151,77,83,69,53,158,117,113,61,109,53,350,136,56,77,116,140,83,33,126,223,129,83,100,170,50,89,93,177,47,44,146,135,132,204,147,94,54,45,93,69,58,48,105,35,76,91,110,92,63,143,57,158,126,65,269,112,219,93,67,106,122,21,51,140,176,137,45,79,103,59,83,123,86,265,105,69,76,73,54,94,125,156,80,23,92,203,156,111,42,115,177,260,99,30,47,71,121,309,55,54,104,157,272,64,67,34,63,104,45,81,32,107,125,43,162,98,56,100,87,162,50,33,147,89,56,139,58,104,187,119,57,111,92,38,148,105,109,49,112,188,65,94,103,114,143,123,67,77,76,151,58,24,56,30,58,26,61,30,33,104,124,53,41,129,61,116,74,111,116,65,91,45,63,79,332,118,166,79,34,182,68,106,211,189,72,134,173,66,138,76,27,91,94,28,86,124,111,72,77,124,304,52,124,62,41,91,69,143,94,177,199,159,55,91,85,36,37,74,113,165,222,139,185,98,186,103,79,196,174,216,102,145,80,88,114,122,98,94,97,44,187,101,274,39,108,135,104,70,340,178,81,71,106,78,199,133,121,155,73,175,83,24,146,46,68,17,38,107,143,80,132,125,104,52,70,212,61,78,116,151,133,189,112,123,335,97,100,63,182,56,47,46,119,88,135,74,126,92,128,145,141,98,116,100,31,130,59,145,57,74,140,79,123,203,92,78,203,72,276,124,136,117,103,217,148,138,59,136,83,105,113,121,69,109,45,94,181,86,118,166,32,135,67,36,102,177,36,48,75,73,113,76,138,155,75,85,44,108,104,118,120,57,71,102,197,126,72,111,58,41,108,93,164,168,94,63,104,111,199,107,136,105,62,121,91,49,80,100,29,155,101,66,159,87,61,101,96,118,204,116,74,106,162,83,153,205,153,65,108,34,73,76,91,141,108,225,81,55,122,68,113,145,90,91,123,97,68,57,68,37,112,60,82,128,124,79,111,41,48,93,230,64,89,61,158,166,169,55,111,117,71,98,113,55,45,120,109,83,50,74,158,159,66,193,109,87,91,118,65,86,113,147,44,143,81,49,57,162,32,183,55,30,97,165,30,213,75,36,172,171,120,140,73,133,92,96,96,265,110,66,32,41,89,71,145,116,148,67,185,63,82,88,87,170,118,154,103,84,31,116,118,145,49,86,111,110,67,88,102,113,195,77,50,42,38,32,148,106,74,59,34,65,114,82,59,76,89,81,94,58,65,199,22,37,83,150,111,130,96,106,106,119,146,177,68,132,97,96,320,68,98,84,99,135,61,74,105,82,165,123,97,207,107,101,75,194,94,136,105,54,216,205,75,181,86,60,89,40,186,154,61,91,132,108,103,137,70,90,149,27,69,176,214,160,66,104,122,33,100,78,194,86,302,47,147,46,36,157,161,104,59,167,97,100,160,80,62,128,74,135,134,104,87,27,74,176,79,65,47,137,120,67,57,92,125,98,136,103,157,21,84,128,62,123,65,87,146,134,121,119,29,161,113,74,121,140,69,127,96,188,103,30,76,134,44,41,52,42,23,43,93,58,131,126,168,186,177,111,74,124,292,79,120,96,173,44,124,163,77,9,84,89,39,148,260,146,36,100,59,113,96,118,48,65,97,57,84,84,189,187,28,31,171,259,103,68,115,108,18,77,206,92,54,62,101,92,44,186,155,41,185,51,91,86,209,97,72,80,85,140,127,125,83,79,101,64,73,158,104,73,93,326,134,57,97,85,101,108,77,120,125,128,89,75,151,118,53,48,58,69
26,119,68,51,118,84,121,136,71,54,81,113,105,185,181,66,56,98,206,216,42,66,105,82,97,120,79,59,124,29,334,94,60,81,125,104,111,112,73,87,102,196,236,97,153,183,77,38,108,84,188,46,80,175,80,50,39,49,105,92,100,123,115,39,65,105,50,124,88,102,173,56,87,96,58,53,60,69,101,114,53,63,73,56,88,150,101,113,98,84,69,55,86,40,185,40,170,140,109,144,63,66,149,70,155,63,77,82,85,54,109,168,26,30,65,146,125,83,87,124,222,73,257,168,22,93,55,61,84,37,126,86,65,138,138,76,91,151,246,116,70,103,137,79,109,117,72,67,108,92,78,86,137,80,75,150,52,85,139,105,76,246,57,108,36,139,148,69,126,44,66,148,160,100,70,88,107,50,36,62,106,227,93,148,115,217,68,35,125,111,161,86,23,60,61,52,127,38,45,135,86,95,107,52,120,108,68,128,76,129,55,98,57,51,158,109,139,60,112,44,331,108,41,68,112,115,56,28,141,195,118,70,106,157,53,83,96,177,56,36,151,131,95,193,127,113,52,60,94,57,47,40,112,48,81,104,90,104,82,132,55,117,116,75,278,99,212,78,57,122,85,21,35,162,175,124,49,84,104,47,79,129,93,254,113,86,76,76,48,79,136,148,65,30,87,202,150,76,36,116,193,231,80,25,46,75,128,314,52,64,81,149,272,66,66,25,61,95,54,72,32,107,131,32,156,97,77,96,87,172,45,32,159,82,63,132,67,104,179,137,57,111,77,25,131,106,102,45,121,178,52,92,101,100,144,93,75,73,65,139,62,35,57,26,60,34,48,33,38,105,116,58,60,115,45,117,72,117,111,47,63,28,42,68,288,90,154,80,44,195,60,89,165,197,70,115,163,66,137,84,20,87,75,25,91,93,88,70,71,138,271,53,129,66,39,94,65,136,95,161,183,149,59,87,88,32,44,81,92,140,237,133,188,90,176,92,74,191,156,200,114,150,70,83,110,96,109,91,116,40,175,73,268,43,115,130,87,67,298,173,79,70,108,58,201,135,90,126,61,147,90,26,148,46,61,12,35,103,117,79,136,107,126,45,77,193,43,78,106,143,130,207,107,98,350,83,114,68,213,49,34,35,142,78,117,93,111,75,114,155,145,87,123,87,31,110,74,123,40,71,139,88,115,209,75,75,246,50,254,108,124,92,96,196,131,130,56,134,72,108,122,116,79,130,40,87,203,68,104,150,25,119,58,38,99,170,31,72,81,72,104,77,120,145,83,71,53,107,107,117,110,62,66,117,171,113,66,99,65,44,108,80,144,184,101,63,95,103,212,93,162,101,67,99,75,59,77,107,23,178,92,53,150,94,62,92,104,99,175,112,65,103,165,77,154,211,118,71,115,30,76,81,92,117,136,199,93,50,122,51,107,128,83,89,119,113,67,48,78,42,104,52,74,118,99,89,100,27,30,89,202,78,114,51,139,143,138,45,102,120,55,66,89,56,46,98,92,81,58,76,167,169,56,177,122,76,87,114,75,70,102,134,30,123,89,68,55,169,35,179,41,28,83,177,24,232,73,41,129,176,122,120,51,98,94,93,120,272,98,56,26,36,86,86,130,108,124,57,164,57,77,87,97,165,122,148,109,72,40,130,139,153,51,80,127,128,69,98,105,101,169,58,46,42,39,32,141,88,91,56,25,75,118,72,74,77,97,72,93,57,66,167,22,55,76,133,105,129,96,83,119,104,121,160,62,131,83,77,337,54,136,99,99,139,58,66,97,80,148,123,95,163,117,109,64,197,92,113,108,47,205,215,87,204,77,65,77,44,199,130,80,91,142,115,91,133,90,82,140,36,48,165,173,150,87,59,96,35,98,78,179,86,318,24,125,52,37,163,163,78,81,169,105,93,116,89,59,137,78,114,108,109,97,31,68,132,74,81,54,132,105,59,51,105,122,112,134,78,173,37,77,132,64,128,49,99,113,125,120,114,29,162,95,75,125,126,75,131,89,171,113,28,91,137,44,44,53,53,22,45,82,52,133,94,167,180,211,123,61,111,238,68,127,86,155,56,111,176,62,16,97,101,41,156,276,139,52,109,58,103,84,96,30,71,80,54,73,90,168,133,25,29,152,256,97,63,105,91,21,72,220,71,67,70,81,81,40,162,159,37,167,51,54,86,190,97,75,100,81,144,116,140,60,85,73,63,48,156,102,67,92,312,140,78,102,82,85,84,57,126,122,111,95,83,143,126,51,45,53,66
23,110,58,67,115,90,120,136,80,70,78,123,113,195,189,83,42,115,180,198,45,66,104,99,119,126,69,77,84,40,333,91,72,103,120,98,115,92,82,89,100,191,289,96,151,176,93,38,100,77,174,58,97,172,84,50,41,72,89,81,100,106,104,38,63,113,63,111,100,82,173,46,105,98,58,43,71,62,107,125,56,72,93,68,84,162,108,103,82,95,64,59,96,49,214,40,163,154,118,142,71,85,154,73,152,68,93,85,108,47,130,160,19,29,48,123,124,84,88,112,226,65,278,168,16,103,70,46,67,39,121,85,75,102,131,67,102,170,255,146,80,106,126,79,132,111,65,61,107,80,63,99,148,66,69,140,59,77,151,95,73,248,54,116,39,108,121,70,118,45,60,159,158,125,72,104,111,69,45,67,117,232,76,140,111,216,64,32,145,94,161,84,22,75,64,69,121,44,57,138,76,111,117,66,151,109,60,146,70,135,66,106,65,51,158,95,126,54,121,53,324,127,46,76,114,136,65,32,131,177,113,69,108,168,72,64,102,182,67,38,162,129,116,195,112,109,49,52,94,64,52,45,102,37,84,110,102,107,88,144,50,106,124,79,297,112,218,79,59,106,112,33,34,163,185,145,47,102,110,48,67,118,89,248,112,80,87,70,52,86,161,138,75,42,106,197,150,78,31,120,171,243,73,24,45,75,143,316,43,71,88,138,259,67,84,33,74,92,40,71,32,91,135,51,153,102,69,119,76,199,33,21,166,88,59,136,56,87,183,130,48,107,93,28,121,116,86,49,117,174,66,99,82,114,139,107,81,76,81,119,71,37,56,25,63,32,59,43,24,116,112,54,50,98,46,134,82,103,119,65,65,22,56,65,303,100,157,77,40,182,62,86,198,196,71,135,164,66,150,84,19,85,67,27,105,113,100,62,76,169,279,52,140,74,37,91,87,137,130,168,224,165,61,88,99,33,36,81,87,158,243,136,207,84,156,98,101,203,155,202,103,176,70,57,103,131,120,103,117,47,186,94,284,52,121,118,100,57,361,191,81,64,132,73,193,134,89,128,75,152,73,33,162,32,71,17,31,109,139,79,136,107,136,53,77,216,51,78,105,143,154,201,74,109,372,78,116,61,190,50,39,42,125,101,108,86,109,88,111,114,124,93,128,92,30,119,78,135,44,69,147,81,125,218,95,74,241,65,269,117,126,87,87,245,126,168,61,160,74,116,106,107,85,109,39,93,177,76,122,153,28,148,59,44,88,155,24,69,70,84,107,76,145,170,82,82,54,124,104,106,121,53,83,93,157,101,65,80,71,51,116,89,146,203,92,52,86,113,207,90,168,109,68,112,89,76,73,131,28,146,93,49,141,95,64,103,97,102,180,106,74,146,182,83,159,214,124,67,113,36,80,86,115,126,137,247,78,40,125,50,113,136,76,91,116,100,59,48,75,40,114,58,94,95,111,85,111,43,43,87,203,85,115,63,151,148,163,51,115,125,53,94,93,67,61,123,95,98,46,76,159,179,37,180,128,87,113,112,80,74,108,134,39,160,113,62,60,176,28,142,44,24,81,169,21,207,65,47,162,193,114,124,72,116,94,107,108,270,101,74,36,46,81,95,157,103,139,50,215,50,78,102,78,176,126,144,123,79,34,122,146,145,50,68,112,142,89,88,119,106,163,84,47,62,43,28,173,102,72,57,27,52,167,89,73,78,74,73,104,71,77,169,24,57,65,133,97,131,105,92,114,97,134,150,73,127,87,106,392,71,113,100,100,152,54,75,103,88,155,104,89,191,106,111,61,164,98,109,96,44,219,220,94,179,98,46,77,53,208,135,62,80,152,115,86,121,72,68,149,33,66,160,164,172,86,68,100,47,102,80,189,92,336,25,144,41,41,133,164,80,84,170,113,92,159,104,61,134,95,111,130,118,105,25,54,157,78,62,51,140,116,73,55,115,118,109,138,102,159,35,84,135,56,140,58,80,138,111,104,138,27,157,113,72,119,109,69,122,101,214,114,39,86,161,36,47,49,53,36,45,75,48,124,112,151,171,160,120,69,141,274,79,128,84,184,47,107,178,76,9,96,111,40,181,267,142,51,115,59,118,81,106,33,56,87,57,92,84,152,179,23,26,165,268,98,61,86,101,36,66,212,71,71,67,82,99,39,176,178,50,167,51,72,92,205,99,83,111,78,140,123,152,82,81,87,68,55,165,137,68,89,365,169,71,106,102,94,87,66,129,96,138,102,79,166,119,49,46,57,61
20,128,42,58,96,97,112,126,93,67,57,134,113,209,171,67,51,101,186,196,50,57,93,90,76,121,55,73,94,34,350,98,49,93,99,107,120,98,73,71,99,220,269,94,136,205,88,37,112,65,181,61,86,199,74,54,38,51,84,85,109,119,121,31,76,97,48,130,80,68,165,47,92,106,60,42,61,60,113,131,56,104,82,62,76,156,100,88,97,91,55,64,85,50,190,49,147,133,141,151,64,83,131,86,151,58,83,87,92,44,132,151,13,31,42,134,148,63,89,128,247,56,296,135,17,86,61,48,69,42,134,95,59,135,151,75,93,184,269,113,80,86,110,90,113,116,62,58,115,80,73,92,175,63,89,130,54,109,157,92,72,292,57,91,42,138,104,66,135,55,50,173,146,96,90,94,112,74,41,67,120,250,80,160,98,206,71,34,151,101,150,90,28,54,73,62,109,48,60,162,101,103,118,77,141,124,54,134,82,133,61,109,84,49,152,93,126,72,118,60,317,138,37,68,100,114,66,45,152,202,132,61,113,167,71,65,122,188,69,42,178,145,134,220,130,104,51,59,86,55,52,48,89,46,98,105,88,96,88,143,63,108,132,78,291,123,214,75,50,126,102,32,30,157,168,114,40,63,106,52,62,126,86,252,112,97,60,70,46,85,155,149,69,29,105,202,152,68,34,115,194,264,94,28,44,94,147,352,40,63,96,143,277,65,82,25,78,88,38,81,34,85,119,42,141,104,76,113,71,185,42,29,161,94,75,144,54,100,178,127,74,125,81,26,127,98,102,58,107,186,80,77,101,105,125,91,71,68,58,118,66,38,65,32,54,36,42,32,26,94,122,70,50,104,55,122,75,112,114,62,67,21,42,69,270,70,152,95,41,185,72,105,186,188,68,118,170,66,149,65,19,101,61,33,89,92,109,52,97,152,290,55,132,65,40,92,70,134,105,154,213,136,65,93,98,35,30,67,102,182,239,115,192,108,183,100,95,194,133,210,127,170,67,58,107,109,104,109,117,33,215,80,298,51,119,115,83,77,327,184,79,68,130,73,206,133,70,135,58,148,77,46,175,31,65,15,31,113,154,91,125,113,132,63,78,222,53,70,104,159,169,207,89,116,368,63,107,51,221,43,43,33,111,98,117,77,90,88,112,151,128,79,109,91,40,124,81,151,44,80,140,70,107,227,98,62,270,58,295,114,126,96,75,220,127,130,72,143,79,103,93,118,81,113,33,89,182,82,103,135,26,152,59,53,81,160,35,63,80,81,114,73,126,150,87,62,50,99,110,112,148,50,67,116,177,133,60,74,50,49,103,80,147,150,112,56,81,111,213,107,143,115,72,114,89,75,86,104,26,164,114,35,154,78,64,98,71,116,176,105,74,109,165,98,174,224,121,79,123,33,85,67,114,126,122,265,82,52,133,37,135,121,79,85,137,110,64,40,62,49,130,57,74,109,131,92,92,37,58,85,210,87,124,51,173,135,151,54,103,116,77,93,111,52,63,110,101,95,60,61,147,172,24,174,120,84,115,128,73,82,91,118,37,119,108,64,56,182,31,142,50,24,69,152,18,222,51,47,150,186,109,125,76,117,76,87,126,290,112,83,36,48,79,71,153,126,142,60,227,51,89,86,92,155,131,129,119,65,40,110,140,131,51,86,127,160,75,73,112,97,162,77,47,51,54,24,156,101,88,80,19,52,143,66,80,72,98,70,98,59,90,177,21,49,73,118,101,149,109,82,117,119,124,161,72,116,100,99,379,69,125,99,89,152,48,58,92,74,134,102,101,188,119,96,65,188,107,96,115,45,211,215,93,164,93,43,64,34,211,103,65,87,177,122,80,116,76,77,156,46,53,173,174,162,95,67,106,37,110,80,165,93,358,24,124,64,36,138,165,74,83,169,90,98,138,101,72,133,101,119,111,120,90,38,50,137,79,63,49,103,126,70,60,119,134,136,156,107,160,24,89,143,58,139,51,108,133,111,94,116,23,162,97,82,112,119,70,155,104,194,110,36,67,174,41,45,55,45,22,37,79,34,154,101,139,192,171,141,63,150,277,77,100,91,150,53,121,198,78,10,99,103,28,146,257,140,52,98,58,131,111,105,27,72,98,63,83,95,158,172,21,30,160,255,86,61,91,94,40,70,217,90,65,63,76,107,27,167,186,40,177,45,70,90,209,95,79,118,82,143,113,133,76,81,68,58,70,140,135,69,83,336,134,85,92,92,91,69,63,120,127,117,82,63,159,122,32,49,55,42
18,112,49,41,115,91,91,116,80,66,68,130,120,207,148,73,53,85,184,179,63,67,89,95,80,126,76,55,73,29,307,67,36,101,98,110,124,82,61,76,97,200,268,93,137,205,87,22,121,75,157,61,89,173,82,51,39,51,76,88,110,114,117,39,63,82,50,125,94,81,170,42,78,101,59,48,49,60,94,117,51,97,93,61,66,149,87,97,79,82,49,51,78,49,175,35,141,116,125,132,59,98,168,68,132,74,77,84,97,33,138,140,19,36,31,135,108,74,83,104,206,63,296,120,14,98,55,35,63,47,119,80,64,123,151,81,72,153,269,125,76,82,118,74,113,111,66,76,111,72,77,74,139,86,57,116,49,86,108,98,74,275,42,118,51,109,113,69,115,61,52,177,140,97,89,86,121,64,34,63,130,236,92,170,120,185,65,40,156,77,155,72,20,55,59,51,91,50,65,143,94,102,102,76,146,95,90,125,79,129,51,95,52,55,141,102,110,62,125,61,312,125,37,57,94,127,61,43,131,208,118,49,94,195,76,66,129,194,62,39,192,116,107,213,119,80,42,53,76,53,45,47,88,41,96,76,97,93,93,161,48,101,128,96,267,107,220,89,52,108,103,33,23,145,158,126,46,64,101,42,71,109,78,260,112,95,64,72,30,73,161,118,63,32,108,174,147,43,49,75,151,235,72,30,65,62,124,290,49,71,94,167,286,70,68,37,68,87,26,83,34,66,93,38,146,82,67,111,73,182,32,26,166,89,59,150,59,98,155,107,52,121,87,30,110,95,99,58,100,170,55,92,85,98,133,112,62,63,46,108,53,25,51,28,64,29,40,38,18,93,89,53,46,94,56,144,63,93,112,64,66,22,52,63,284,81,155,76,31,197,47,81,175,171,51,128,150,56,147,61,15,98,68,41,77,107,83,63,77,150,295,70,141,75,27,95,65,128,119,185,196,129,68,93,101,43,44,86,95,154,240,112,190,98,181,100,98,205,129,201,113,155,68,57,112,91,112,117,123,44,213,81,276,39,108,99,84,70,338,193,65,64,120,80,180,128,73,123,69,132,96,33,175,27,77,4,31,102,135,88,103,120,128,57,77,214,49,75,92,123,127,230,69,105,323,76,85,68,193,31,36,37,146,92,100,89,91,110,97,134,121,77,113,106,37,107,71,132,44,75,127,88,108,239,80,64,230,70,311,121,115,93,76,248,123,111,63,121,49,94,102,99,86,102,31,86,165,78,107,119,35,171,47,60,80,143,30,71,67,98,88,76,120,153,73,57,64,92,120,124,131,53,64,100,155,134,48,65,40,46,102,76,129,191,88,69,84,111,203,100,177,114,53,93,66,87,87,118,28,153,98,37,167,88,63,87,80,109,177,78,68,120,182,99,150,197,118,79,105,29,105,70,124,132,110,292,90,52,114,42,115,129,83,78,137,107,70,67,48,51,113,51,98,105,132,86,105,31,47,84,200,84,151,66,148,143,141,49,94,102,50,91,117,62,47,87,86,77,65,58,140,153,24,198,119,75,84,108,69,80,63,116,39,121,114,63,70,152,33,135,40,28,67,146,18,218,50,44,145,176,104,131,68,102,81,95,91,281,134,65,30,45,93,85,139,106,135,59,214,44,80,65,97,161,115,124,92,64,34,97,139,133,44,64,98,128,82,82,111,67,173,78,43,39,36,37,143,79,92,47,29,56,145,63,69,75,104,61,96,80,85,188,26,41,61,140,72,119,91,97,107,113,117,129,78,109,68,64,372,61,123,87,81,148,55,70,83,57,165,114,94,198,129,113,52,167,91,83,121,35,187,207,97,153,70,49,75,48,185,132,59,71,137,118,101,103,98,72,158,41,51,138,162,143,78,64,94,36,90,79,162,67,287,23,137,61,32,134,158,98,69,139,103,105,136,101,65,135,108,126,120,107,83,37,48,123,70,59,42,102,139,66,75,110,131,131,143,80,173,32,90,134,73,155,47,88,127,111,91,125,20,161,104,78,118,121,50,125,92,196,104,34,74,137,47,48,66,50,29,32,66,38,135,106,176,163,161,111,58,127,255,64,108,81,140,65,119,179,55,13,98,80,22,162,290,135,45,111,56,114,84,88,39,68,71,60,77,94,152,162,18,47,173,245,80,49,62,76,41,94,180,84,53,68,75,95,31,192,165,36,168,31,57,87,216,101,67,150,69,134,91,167,84,79,73,67,69,141,127,61,67,316,142,84,94,112,73,83,72,109,115,124,89,66,131,113,33,47,68,51
25,144,44,44,114,73,98,110,99,50,46,137,124,215,146,66,48,82,196,187,59,72,90,83,79,89,71,74,83,39,308,72,27,117,115,107,115,77,72,73,102,240,263,107,147,231,86,22,114,80,157,73,109,178,80,50,40,70,62,71,109,110,137,30,81,93,41,128,95,59,170,48,81,116,49,49,41,77,93,122,56,110,94,64,62,162,77,77,67,77,54,52,55,42,178,44,142,123,140,132,53,81,164,77,157,54,70,80,89,38,114,171,21,40,37,137,106,61,79,116,221,68,285,122,23,109,49,52,60,41,119,90,43,118,159,69,88,150,252,140,98,75,97,67,128,120,75,74,113,62,61,77,133,59,56,107,39,119,137,112,63,262,43,108,62,122,110,65,117,59,48,175,144,88,112,91,124,67,33,52,106,247,103,162,96,184,76,32,145,87,133,75,22,56,56,50,92,54,54,141,109,111,88,74,157,101,79,126,75,130,57,100,84,49,150,84,113,67,124,70,303,131,31,55,78,119,70,40,134,220,149,59,87,161,56,87,121,195,60,37,190,126,111,208,130,107,39,62,74,56,70,57,76,34,92,91,106,86,88,148,55,130,127,96,309,103,254,78,61,135,113,35,20,144,170,111,36,66,82,44,62,106,69,236,109,81,53,47,32,88,171,103,56,34,108,221,141,55,57,89,173,244,71,21,70,62,151,299,55,60,88,165,300,79,78,34,72,95,31,76,41,79,134,49,136,93,83,106,77,212,43,23,155,76,65,149,68,91,200,109,65,101,70,26,101,82,100,56,90,189,83,99,85,67,141,90,71,71,43,129,53,38,45,24,57,37,48,35,22,86,104,66,40,109,56,107,70,111,121,40,77,28,59,58,290,74,154,94,38,197,51,80,165,177,51,134,149,63,150,53,16,83,57,37,101,119,100,66,76,137,320,70,143,80,33,115,57,126,104,188,216,136,57,107,98,38,42,48,116,180,257,99,194,112,162,94,69,195,155,202,104,159,70,58,97,95,110,113,121,37,193,82,273,41,107,120,93,80,355,192,55,75,131,78,218,149,71,115,62,117,105,42,172,30,63,12,45,105,140,76,99,103,126,59,77,240,48,85,92,117,172,191,92,86,346,68,87,54,219,37,48,34,154,77,110,87,109,100,103,140,137,94,102,99,36,105,66,137,51,74,127,78,93,238,87,70,274,80,294,86,128,87,60,213,122,103,73,125,79,106,78,102,73,108,36,96,175,85,99,145,22,172,55,56,82,158,31,52,68,83,88,71,112,187,86,61,58,103,124,122,135,51,52,99,159,123,41,68,54,48,103,70,118,182,95,51,68,112,189,129,152,122,66,102,68,77,83,95,25,148,96,26,172,103,70,73,87,127,157,95,56,113,181,90,140,185,105,62,117,36,87,66,100,118,108,294,102,67,112,47,112,118,83,69,134,91,73,66,48,40,134,44,104,99,135,84,70,38,65,66,209,81,111,45,162,134,172,39,110,121,62,101,108,63,57,106,105,85,60,54,191,155,22,205,97,91,88,123,79,74,70,115,33,111,100,75,75,144,33,141,32,35,63,167,24,217,62,33,180,165,101,118,66,114,82,98,84,249,125,101,34,43,92,70,134,123,119,74,210,59,98,71,88,146,115,110,111,82,44,111,140,136,55,66,89,126,88,47,127,66,173,86,41,45,46,38,154,93,93,53,40,58,125,80,63,63,104,44,100,67,80,153,23,41,81,159,78,127,101,75,119,128,107,138,62,114,106,86,355,56,118,87,85,169,59,57,91,50,152,115,92,213,114,98,56,178,75,76,107,45,201,223,91,192,103,51,62,42,249,105,61,72,145,106,81,108,94,68,169,40,53,158,153,149,92,59,103,31,95,72,159,63,304,29,159,73,29,144,164,89,51,166,103,91,123,126,61,119,126,127,126,103,70,31,59,143,65,59,42,92,134,60,78,118,118,132,146,92,204,27,79,140,72,140,44,79,117,133,80,124,16,124,123,68,100,120,48,139,97,225,102,42,56,129,32,62,58,51,43,43,74,37,95,103,156,155,180,107,64,126,270,54,105,74,146,69,123,207,75,10,91,68,22,161,274,129,40,118,62,132,84,101,41,58,74,62,82,94,156,181,22,36,180,257,84,54,70,68,23,86,189,99,64,66,68,93,27,178,169,42,181,35,63,98,222,111,77,143,84,127,98,140,80,77,74,72,68,146,101,54,72,322,144,72,81,110,89,99,82,126,98,118,101,54,164,116,35,50,68,54
11,107,53,43,83,85,81,99,99,70,38,123,131,219,186,63,56,93,203,175,56,60,83,86,90,93,63,73,80,29,311,79,28,106,98,91,107,65,68,64,88,246,350,68,135,230,69,17,136,79,149,70,86,142,58,49,45,58,70,70,106,96,128,39,76,69,37,127,69,67,157,25,95,86,48,52,55,74,120,120,52,94,84,48,56,145,68,83,74,75,72,60,56,29,169,32,136,113,132,107,48,91,170,98,136,68,58,63,103,43,110,145,10,44,45,120,111,57,97,111,212,95,273,147,21,99,57,29,55,53,113,77,60,112,163,72,74,146,251,125,84,75,100,71,109,134,58,71,83,53,68,87,146,69,50,94,53,121,129,86,80,271,40,87,53,111,109,59,94,51,65,188,117,75,82,89,121,49,28,61,109,235,98,160,97,184,56,36,150,83,161,64,18,35,56,48,90,54,54,152,94,105,87,62,140,104,62,98,79,99,49,111,77,54,141,91,79,82,137,62,314,138,37,56,70,112,72,35,124,195,117,46,95,169,75,63,105,176,52,46,192,130,96,216,104,110,44,57,74,55,57,74,70,37,77,84,103,98,91,136,48,105,114,85,296,101,272,60,56,125,104,33,12,121,166,133,25,72,94,40,59,119,68,269,106,88,59,65,32,83,124,91,62,31,102,202,143,50,46,83,171,265,66,24,65,65,135,247,59,44,96,169,314,75,69,34,72,95,29,84,35,69,100,58,119,80,92,101,78,193,44,31,149,83,49,125,58,89,168,108,55,110,72,27,90,95,96,51,112,209,73,82,68,79,116,103,63,74,61,117,69,42,32,30,63,39,53,32,18,82,110,64,39,87,62,132,56,88,115,66,80,33,45,54,298,54,147,80,32,203,45,88,122,189,57,120,126,75,160,53,12,84,47,36,76,97,103,65,84,135,308,51,155,60,35,104,56,113,77,160,206,137,65,88,109,40,33,51,121,158,249,88,210,103,174,104,78,170,157,186,103,159,71,45,95,97,97,103,134,35,181,64,267,48,105,96,66,76,332,220,49,66,116,63,182,124,83,113,72,120,91,45,159,47,82,9,22,110,157,70,96,118,131,54,90,204,58,80,93,87,165,199,68,86,338,77,94,61,192,39,20,32,114,84,81,93,116,76,109,136,137,64,96,104,36,106,59,161,60,77,137,74,103,214,101,63,212,67,331,109,117,84,65,207,143,106,63,125,88,115,96,105,52,95,38,81,137,72,91,157,32,135,63,48,76,148,28,42,70,93,77,64,123,180,69,36,49,89,98,105,126,43,63,113,147,113,44,81,45,26,88,71,109,179,106,40,77,85,173,113,180,118,60,79,92,64,102,120,23,156,72,41,185,98,51,74,72,84,142,85,53,118,179,93,151,217,121,60,120,34,76,61,102,100,103,285,97,56,126,40,113,103,82,74,126,87,70,61,49,33,115,38,113,117,131,66,67,26,58,82,216,90,109,44,165,124,140,56,97,115,58,107,114,51,52,92,120,88,42,47,181,143,14,224,89,91,80,110,74,76,63,106,33,122,119,62,49,144,34,120,48,29,78,160,19,222,43,46,167,174,85,95,65,94,57,83,81,284,145,83,23,45,77,88,133,130,107,82,170,45,100,57,91,166,108,99,86,75,38,94,126,108,50,62,87,123,86,54,106,61,170,73,40,36,53,43,145,83,92,49,22,66,136,66,74,76,120,53,105,90,67,193,30,56,68,155,76,118,94,68,95,107,118,140,76,117,84,73,353,49,111,74,66,139,49,46,95,57,146,98,90,173,124,103,66,179,86,74,95,43,195,220,94,171,80,42,55,38,206,76,39,64,149,92,74,100,82,53,147,47,70,178,163,113,77,60,84,36,84,79,179,69,315,32,132,70,31,156,163,70,75,155,90,78,113,117,53,128,112,99,133,88,73,32,63,126,74,68,58,99,105,73,66,127,133,138,163,77,198,19,50,125,71,139,49,86,120,99,87,125,28,107,127,66,105,123,58,128,73,218,103,35,51,121,31,50,69,56,39,39,51,43,118,102,177,132,209,102,65,131,249,63,95,75,136,63,115,174,62,16,83,73,27,155,263,124,59,106,60,128,92,80,36,63,67,56,72,86,162,164,22,37,160,265,107,49,62,88,32,113,160,90,45,55,70,103,33,195,150,38,183,31,65,102,252,102,82,125,68,117,74,160,69,77,81,58,83,164,119,60,71,297,153,54,79,99,86,117,84,123,106,104,87,40,151,132,37,49,68,45
15,140,57,51,116,76,100,130,88,80,37,110,162,225,184,66,53,70,211,179,66,72,79,91,81,105,68,87,77,28,359,81,22,116,104,97,114,62,57,57,110,232,319,105,147,249,96,11,132,71,130,64,98,132,67,49,60,64,80,75,99,112,143,39,91,91,30,123,79,51,141,24,78,87,37,45,50,73,102,133,51,90,82,51,63,156,74,80,65,91,61,38,56,39,175,62,132,97,138,113,63,81,160,86,139,67,71,69,85,35,131,178,14,45,46,105,123,65,103,145,221,110,283,145,16,112,59,40,69,48,120,83,38,123,176,53,75,143,244,117,80,74,123,73,86,119,73,67,82,48,55,95,135,67,74,117,51,118,114,121,86,258,38,110,53,100,118,50,106,50,67,220,128,81,104,85,119,58,30,62,135,248,96,170,96,197,58,27,158,86,172,55,17,41,61,57,72,59,54,152,97,105,125,59,142,101,79,112,75,131,47,105,78,55,118,96,87,96,123,66,317,135,29,53,63,127,70,39,124,214,126,70,88,147,76,78,102,191,66,45,190,118,118,223,103,97,42,42,86,57,54,59,68,44,83,93,87,106,105,139,57,99,112,77,324,87,262,59,57,134,114,42,16,132,165,159,29,69,90,39,55,110,82,242,85,84,67,61,42,79,142,107,70,33,109,207,131,61,42,77,161,237,73,20,74,58,142,245,58,50,77,185,274,56,64,44,72,101,46,86,41,55,97,52,132,79,66,106,94,194,46,19,149,73,60,123,47,91,199,113,50,113,87,34,96,75,93,76,94,222,80,67,91,74,118,96,78,67,76,124,54,62,50,19,70,39,50,24,13,94,94,58,26,114,59,123,74,92,119,52,95,28,56,50,314,60,149,80,48,206,45,105,125,189,52,130,99,71,149,69,20,85,49,32,77,92,80,57,76,136,319,60,140,64,41,109,58,92,88,182,238,130,70,94,92,56,35,51,127,188,275,92,186,109,182,105,76,201,176,188,84,138,64,50,113,90,98,97,116,36,193,66,257,49,106,106,55,79,323,215,62,66,122,57,187,131,78,129,65,131,110,48,159,43,77,21,35,118,155,73,95,128,131,73,73,210,47,64,97,90,178,197,82,101,348,74,98,59,218,31,33,39,148,86,102,83,105,91,88,124,154,81,105,104,29,120,68,179,70,77,133,67,80,223,105,80,227,62,286,101,135,86,69,217,150,88,59,151,59,90,104,112,49,95,31,89,134,72,86,147,25,181,72,53,67,134,32,52,68,78,76,60,117,173,68,40,55,91,116,115,163,41,73,113,178,109,47,76,48,28,89,71,100,178,98,43,81,81,168,113,202,130,47,78,76,50,82,117,23,180,56,32,169,105,71,79,81,112,124,89,61,120,207,100,124,214,112,75,136,33,77,59,105,127,104,296,102,72,134,50,135,108,52,84,134,92,77,76,69,25,113,40,104,104,123,62,62,38,50,80,188,95,105,42,157,136,129,48,110,117,73,126,113,63,49,92,110,83,49,42,172,150,20,217,89,98,93,131,81,72,81,95,45,116,111,54,63,137,36,108,39,28,64,182,25,221,61,38,181,160,85,103,68,87,67,82,81,263,156,75,35,50,89,105,161,125,120,86,221,45,100,62,100,177,98,128,103,57,50,95,120,159,50,61,96,114,92,49,109,75,167,62,33,28,60,41,168,89,92,52,34,56,114,75,76,72,114,57,97,88,75,187,25,54,68,158,86,130,93,71,112,127,97,138,77,129,84,75,370,49,109,72,79,149,44,55,82,58,131,95,108,189,114,114,54,176,77,61,106,49,215,218,79,184,103,47,44,33,206,89,50,69,168,105,90,100,92,54,147,36,75,179,147,128,90,59,73,31,93,69,160,67,343,38,149,76,34,142,150,73,64,170,79,78,126,108,73,126,111,112,128,79,97,33,72,112,63,78,62,82,114,60,64,126,123,110,151,70,197,32,56,144,61,181,42,85,124,97,91,136,26,133,133,60,85,122,49,131,93,237,102,48,56,124,36,61,69,54,42,54,51,37,107,112,182,136,192,114,65,156,284,66,90,91,145,58,116,175,63,23,77,53,24,186,265,126,55,112,51,144,76,81,44,62,74,72,103,96,153,184,28,53,160,246,81,40,65,79,31,86,178,100,50,56,68,98,31,201,165,35,192,34,57,126,211,102,77,122,79,115,88,129,65,78,91,66,74,195,126,55,77,323,155,65,91,111,106,116,89,116,98,123,93,35,169,119,37,50,74,61
12,134,62,49,106,78,78,128,87,76,41,119,152,215,186,73,47,80,195,177,54,65,76,81,81,95,54,71,79,37,344,85,31,107,91,92,128,61,58,66,87,236,329,78,143,243,72,10,130,60,146,50,74,131,64,51,50,64,81,88,96,106,143,40,68,75,35,109,81,51,156,37,84,64,25,51,46,65,85,108,52,93,67,41,53,138,54,68,45,98,48,53,54,32,160,69,112,114,139,106,50,64,153,71,143,68,78,75,83,52,130,138,19,55,28,120,130,41,97,130,249,111,290,141,24,82,65,37,62,42,121,69,49,98,181,48,84,130,252,98,64,73,106,80,90,142,95,85,73,50,44,82,123,78,54,95,53,133,143,99,90,256,41,94,56,102,121,61,97,61,59,189,135,93,82,100,137,42,39,58,107,256,101,175,90,187,62,31,152,72,169,68,18,44,64,43,92,64,58,139,80,86,109,65,137,100,59,95,93,99,47,106,77,60,123,86,73,92,122,66,318,144,34,63,87,114,77,51,123,202,113,69,90,176,60,80,101,173,57,47,206,129,120,172,114,91,42,60,92,58,72,66,77,52,89,105,99,69,101,134,58,99,105,80,343,97,263,68,42,151,94,39,18,127,194,162,36,72,99,46,48,130,70,295,95,88,89,53,41,67,157,114,82,19,106,205,116,62,39,80,163,245,66,21,69,63,143,281,60,46,88,178,283,48,60,29,68,114,39,89,29,53,136,60,143,76,66,93,80,147,50,24,152,81,46,129,51,91,195,118,46,127,63,33,107,75,84,64,107,210,59,80,82,84,121,107,79,62,82,86,63,40,42,28,90,39,46,40,25,76,84,58,34,102,58,134,68,85,132,55,95,29,63,52,342,72,135,80,57,205,51,101,122,187,73,151,101,76,161,46,7,79,38,33,80,82,82,69,69,128,351,57,141,60,29,128,74,110,75,146,229,115,58,89,107,55,34,56,114,161,276,90,213,113,172,94,82,182,171,195,92,147,88,51,117,104,99,90,121,43,174,80,260,42,113,98,63,83,330,211,43,63,116,77,171,139,77,121,60,114,103,50,177,39,84,13,28,139,162,74,81,114,121,56,74,212,42,77,73,92,160,199,80,81,291,72,102,59,232,38,36,41,122,81,81,100,111,77,105,107,129,77,113,93,27,139,73,170,52,91,149,77,89,232,100,59,225,56,300,97,123,75,71,230,141,95,71,127,82,103,95,115,47,99,31,85,115,92,93,146,28,165,56,44,87,149,33,39,70,94,72,68,103,149,68,70,50,102,123,112,146,38,61,112,169,88,49,72,30,30,83,75,94,186,102,41,80,86,176,130,187,139,43,89,62,44,81,112,16,180,54,33,165,103,67,59,62,103,113,96,42,111,170,120,124,197,109,79,123,36,108,52,118,124,93,270,126,54,130,38,134,99,59,84,121,83,73,55,70,34,103,43,101,109,144,87,71,43,42,90,195,92,108,32,152,112,118,44,102,127,63,103,107,56,63,73,104,86,65,43,182,175,22,226,82,74,79,98,78,76,63,92,34,112,113,57,56,128,40,105,40,38,57,148,15,234,61,33,196,146,100,88,76,105,81,74,87,293,194,81,31,48,111,102,181,110,93,77,198,47,93,61,111,177,78,120,102,58,54,109,138,126,48,42,90,106,92,48,110,63,187,56,39,41,56,33,161,86,89,46,48,59,123,61,70,58,109,43,103,78,78,168,22,55,60,163,96,133,95,83,117,137,117,148,62,121,93,63,355,44,118,80,71,142,36,52,83,64,160,111,89,192,111,85,54,170,60,69,99,49,238,269,67,178,86,32,45,41,199,101,50,77,186,119,87,101,82,60,154,36,63,167,171,142,81,61,90,30,76,74,153,75,395,35,150,90,44,171,165,79,85,166,101,75,112,111,82,124,93,88,116,87,86,49,65,119,46,79,47,77,121,68,49,121,119,128,163,81,180,35,48,141,59,177,46,82,141,105,83,127,19,112,127,63,77,116,47,141,101,260,104,44,50,113,22,60,67,56,50,41,53,32,110,99,165,113,217,109,59,127,274,55,84,92,155,71,112,178,59,17,74,65,29,184,271,144,62,98,56,130,86,97,34,50,70,89,95,90,173,163,26,27,145,243,96,61,59,87,23,96,189,93,55,63,50,105,39,194,162,34,180,45,76,114,242,80,84,132,89,112,84,144,49,74,91,57,72,164,127,69,65,322,141,51,92,122,90,118,91,108,86,148,85,36,153,94,42,43,87,63
7,127,63,31,85,65,68,105,85,74,31,103,147,215,141,61,40,77,202,156,45,64,72,72,78,84,53,48,75,26,329,62,23,89,92,87,90,46,61,51,85,203,322,81,125,194,79,17,120,34,101,61,72,95,56,55,42,63,45,81,94,99,163,39,65,74,26,88,64,43,138,25,67,63,34,44,39,44,87,95,51,73,69,53,56,125,58,56,35,76,55,47,34,38,138,58,93,91,113,96,51,55,160,83,129,54,51,71,84,46,105,122,16,38,29,98,101,48,106,135,215,82,269,139,27,88,59,28,63,51,97,64,51,76,161,52,54,141,207,80,71,70,108,70,67,138,84,75,70,46,37,85,115,82,39,102,51,123,116,95,85,236,38,106,50,93,97,65,96,59,63,175,120,80,87,68,110,45,33,50,76,226,78,134,84,168,53,28,153,69,145,43,18,36,36,52,75,58,38,109,77,87,136,63,113,98,65,89,57,98,37,82,65,64,107,78,77,88,100,65,296,114,30,48,58,79,46,49,91,190,111,58,81,141,55,51,109,156,46,36,181,133,106,184,103,97,55,43,88,63,44,57,66,42,80,86,79,64,87,111,44,105,93,60,265,94,200,60,38,112,86,40,10,106,150,119,32,66,105,39,47,110,73,239,90,99,67,52,53,57,134,92,74,25,111,193,84,59,36,61,151,212,59,10,71,61,125,255,58,47,78,140,271,52,68,31,76,113,47,63,39,55,106,57,122,63,65,84,61,128,39,27,140,47,42,129,37,89,198,86,58,112,65,37,74,92,76,60,102,189,55,73,75,63,126,68,67,59,81,87,46,46,31,22,69,37,49,28,25,70,82,41,26,105,59,103,55,88,135,46,78,29,47,43,273,59,107,80,53,194,40,90,97,175,45,109,82,69,157,35,17,60,36,13,58,82,72,56,52,92,329,57,112,63,38,102,46,86,85,138,243,94,50,89,74,52,32,42,122,158,225,83,189,88,167,88,79,164,184,152,100,127,72,51,109,110,95,90,87,38,171,69,253,46,80,62,48,79,287,181,39,61,106,73,146,117,72,85,57,94,99,48,146,35,65,14,24,116,161,65,77,109,126,58,64,205,44,77,75,70,135,193,64,71,288,50,84,47,209,36,29,33,106,69,61,91,87,72,86,103,126,60,88,77,31,123,70,165,39,62,127,56,81,206,77,67,191,47,287,110,107,63,65,192,124,89,61,116,65,89,93,103,44,94,47,92,97,81,78,162,19,171,55,30,73,134,25,24,61,83,87,55,101,126,59,56,28,83,104,114,134,22,62,85,148,96,33,70,38,16,65,53,78,153,83,48,64,95,150,112,152,125,44,71,53,43,80,115,16,158,47,23,166,96,57,60,57,76,98,82,45,102,172,94,114,187,93,63,99,28,68,58,117,122,97,229,102,51,102,38,137,100,55,81,93,68,75,47,66,25,118,34,101,94,138,67,70,47,32,76,145,70,95,40,132,120,105,49,84,119,50,95,83,69,54,68,84,75,54,37,205,161,20,229,60,76,72,93,75,65,69,61,44,127,109,39,51,124,26,94,39,29,63,175,23,208,67,26,159,122,76,102,54,76,54,73,69,262,163,66,28,54,83,78,161,113,88,64,186,33,83,59,122,154,72,100,79,57,31,115,114,138,51,47,79,100,97,48,88,74,160,51,29,29,45,36,167,91,96,27,39,47,124,64,60,55,95,53,69,86,67,161,30,49,59,138,84,135,75,88,108,102,118,131,57,122,83,60,308,45,108,72,67,135,33,45,81,48,128,82,92,171,109,82,41,138,72,60,125,41,196,203,58,145,93,44,36,42,161,81,48,72,179,109,71,80,62,56,148,27,64,146,131,134,81,36,74,26,78,65,164,47,340,21,123,69,31,128,174,63,59,199,95,67,113,103,60,115,89,94,92,63,56,34,65,113,44,64,36,74,121,49,45,105,129,129,138,74,158,17,44,113,53,151,35,73,117,77,67,93,22,100,116,64,66,86,40,129,72,222,98,36,33,160,22,54,63,46,46,49,49,23,99,77,152,97,195,91,50,146,268,58,73,87,133,73,92,148,44,26,66,52,27,164,293,113,53,98,49,99,55,80,42,36,53,88,83,58,155,166,20,19,140,227,112,42,69,64,29,82,145,72,67,50,45,116,33,185,150,28,173,30,50,112,247,67,64,111,82,110,78,139,39,68,83,49,59,150,115,55,59,285,129,56,75,95,71,115,65,86,83,107,65,41,136,94,27,34,80,57
12,133,65,53,79,69,81,102,84,81,33,118,154,222,168,85,56,64,188,171,39,85,60,85,84,99,51,75,94,40,356,56,32,100,84,92,114,53,64,63,86,212,331,92,151,257,80,9,122,49,130,51,68,116,73,47,48,66,61,97,92,106,157,43,63,50,28,91,58,50,121,30,85,72,24,45,35,44,106,109,63,64,75,61,66,139,45,63,45,87,62,50,48,42,183,62,94,88,158,139,77,55,175,67,121,71,73,73,79,47,91,150,19,56,28,116,96,50,117,117,223,104,332,166,23,121,75,36,70,55,111,75,50,85,195,48,67,147,215,126,77,73,111,80,99,154,112,68,73,44,52,81,132,70,44,101,53,140,129,115,90,249,51,92,61,88,105,64,106,65,83,191,157,90,93,116,134,49,38,87,116,228,92,176,77,185,67,27,166,88,161,54,12,33,57,63,83,69,47,134,87,101,141,60,144,96,64,102,80,108,35,103,75,59,117,83,89,95,99,52,360,131,32,66,55,83,61,45,110,220,122,55,90,168,68,71,109,190,67,45,243,141,104,205,111,93,49,53,102,59,58,73,71,36,82,98,118,73,91,123,38,98,101,91,327,91,242,54,32,127,93,52,21,123,182,143,41,80,103,57,61,108,63,291,88,86,72,55,57,73,136,98,63,21,130,212,125,57,32,78,154,234,84,19,74,62,127,246,39,46,96,182,275,56,64,28,58,119,56,67,38,55,120,50,130,80,72,100,91,124,38,26,157,94,44,91,41,100,213,98,50,138,82,37,91,85,96,79,106,190,66,81,79,79,128,74,92,55,109,95,70,47,32,22,67,54,52,32,21,94,106,60,32,89,53,106,67,82,126,48,93,33,59,46,314,79,134,79,63,203,64,107,126,177,43,120,105,60,173,65,7,75,36,22,63,90,93,66,68,97,349,61,148,56,32,121,76,102,92,191,240,89,39,89,87,65,30,68,124,146,254,87,187,108,179,84,70,191,180,183,106,148,64,73,122,112,113,91,104,49,181,69,276,47,99,93,51,97,339,216,49,78,112,50,168,124,91,110,55,100,108,60,169,43,86,9,21,142,147,64,66,112,137,58,58,249,40,84,91,74,158,200,76,64,285,53,114,58,209,37,26,39,110,76,74,109,129,79,99,125,133,74,95,86,20,108,63,159,62,63,157,84,80,261,86,66,222,71,320,106,96,55,89,221,145,92,62,138,69,100,94,118,58,116,57,72,99,95,82,172,15,188,49,45,81,149,23,34,74,92,86,54,117,142,67,56,42,93,124,112,136,32,86,108,159,106,23,63,35,24,77,71,90,191,124,41,72,93,145,119,172,153,49,63,79,58,82,104,11,167,46,39,168,105,56,49,70,84,117,98,49,103,209,97,142,211,108,67,116,42,76,59,149,139,88,243,117,60,136,38,127,101,57,78,99,70,96,66,71,25,119,44,89,101,134,66,69,35,31,86,199,87,112,53,166,122,109,60,110,131,48,101,98,85,46,89,94,88,59,41,215,179,18,223,64,90,79,79,62,64,75,60,52,135,116,46,73,143,30,102,59,33,59,148,27,242,81,44,197,131,97,89,65,94,77,76,83,315,141,71,21,62,76,79,192,125,89,69,209,45,82,74,122,163,89,91,101,43,41,109,129,142,51,56,94,124,111,46,116,91,176,65,37,59,46,34,147,79,102,45,55,56,114,71,68,66,120,58,72,87,67,157,44,52,53,172,92,143,90,93,128,132,101,153,63,148,91,59,350,46,134,65,72,138,50,53,76,75,162,109,109,171,88,97,55,136,74,71,116,51,224,277,67,170,86,32,29,38,226,83,44,88,181,88,87,83,76,60,156,32,60,168,161,147,81,48,86,17,88,72,194,54,365,20,160,73,35,135,163,79,78,164,94,80,140,94,63,155,86,95,98,73,73,36,78,131,58,84,48,92,121,64,43,113,113,144,168,73,150,32,49,122,75,179,53,70,121,53,61,113,27,113,132,72,70,99,66,119,90,256,113,25,41,165,22,68,50,47,51,39,46,23,121,99,190,119,249,96,55,161,272,55,104,74,155,78,106,161,41,26,95,60,34,190,330,135,48,84,45,107,73,125,45,49,90,86,89,85,174,182,22,22,154,258,123,49,61,76,22,85,156,91,87,45,50,123,37,222,156,38,184,36,63,105,233,72,80,124,74,86,84,146,62,82,78,49,54,195,123,76,53,326,129,63,76,124,75,129,65,104,92,100,77,49,175,94,27,43,67,66
18,116,50,57,105,57,81,127,63,82,30,93,155,193,155,57,40,92,201,180,39,68,86,78,83,89,52,69,98,28,324,58,34,73,93,90,100,39,55,62,80,204,320,82,138,210,73,9,126,29,110,36,67,82,57,50,49,76,59,79,94,134,139,49,51,57,19,105,62,51,119,34,81,77,24,56,40,39,84,97,43,81,105,51,56,136,44,47,47,87,56,41,39,37,165,47,96,78,147,103,63,54,163,68,138,69,53,82,71,45,83,132,30,39,27,122,120,46,108,162,233,103,337,150,25,112,62,40,59,61,91,65,53,108,201,47,65,161,231,109,72,87,102,85,87,144,92,66,77,52,50,79,128,62,57,102,48,120,125,91,87,245,45,85,64,81,92,60,76,58,72,163,165,67,80,115,97,44,38,66,91,209,79,164,101,164,63,18,136,73,172,63,13,37,48,73,74,56,43,129,76,102,151,73,145,108,70,104,66,116,39,86,62,54,126,84,88,90,93,58,313,98,33,80,52,72,50,46,88,198,100,52,82,153,52,57,102,179,48,45,226,108,98,191,114,102,49,54,98,68,52,77,68,33,71,88,120,52,102,145,39,104,100,84,283,93,219,51,35,107,105,47,18,116,140,141,45,80,102,56,66,96,59,219,76,86,66,58,61,99,116,91,80,17,135,219,121,55,34,89,148,246,85,15,69,57,121,278,60,40,106,155,269,54,65,27,77,106,59,67,40,46,96,49,114,63,87,113,101,151,38,17,143,97,44,114,46,105,193,96,51,140,67,27,87,79,84,74,92,203,44,81,100,69,96,92,86,67,83,94,45,42,38,25,84,43,47,24,27,73,96,54,31,105,51,114,69,98,114,47,87,24,55,35,306,85,109,85,60,192,46,96,117,210,45,115,95,68,167,51,13,69,54,13,56,79,89,65,62,110,321,50,151,63,29,116,79,90,98,147,233,102,37,84,111,46,19,49,129,167,233,91,173,99,161,78,71,163,181,170,101,142,69,63,140,121,114,121,89,44,175,63,293,60,106,83,52,79,299,208,31,71,124,69,163,149,86,105,46,93,131,50,180,46,78,8,27,124,150,57,69,114,128,44,74,252,50,67,102,66,166,203,74,71,326,52,85,53,202,29,23,52,112,64,74,95,111,69,91,116,109,72,84,102,30,124,63,138,41,45,130,82,77,257,80,57,227,59,301,104,87,69,73,204,119,77,63,127,77,82,106,95,52,96,59,68,109,109,76,167,20,213,46,37,95,131,18,27,71,81,81,59,108,160,42,47,36,96,111,94,134,30,77,109,164,96,22,47,35,20,64,71,79,176,114,33,58,92,134,108,163,129,43,68,62,62,91,108,16,163,50,31,152,125,73,61,82,88,102,81,50,99,215,97,154,223,140,61,102,40,62,42,139,118,68,258,106,62,119,40,142,116,65,89,109,65,91,59,79,23,135,46,82,81,122,60,64,36,27,80,175,100,109,52,161,117,100,48,91,125,59,112,99,72,47,52,89,74,45,47,215,161,12,184,63,71,67,87,68,59,59,58,41,125,97,41,73,145,31,98,38,27,73,166,21,205,64,41,178,104,90,97,71,82,69,60,59,281,142,92,21,47,56,73,206,115,83,76,205,38,77,66,105,151,85,96,106,42,44,93,125,116,53,51,78,89,103,46,114,78,150,52,34,39,43,37,139,86,101,36,42,44,153,67,71,66,105,51,53,76,84,159,36,54,43,162,78,178,78,94,126,128,105,146,65,157,80,48,374,45,98,81,53,137,31,49,78,68,157,103,95,180,110,89,42,134,82,61,110,43,211,250,63,158,89,32,25,36,194,75,54,88,222,94,80,85,77,79,169,40,55,172,122,142,59,47,61,17,84,50,189,63,374,28,138,75,27,124,132,98,74,157,97,77,130,111,59,146,76,85,87,70,58,38,80,149,57,94,43,72,92,67,48,113,104,121,165,80,163,38,51,119,88,192,52,58,125,71,73,113,27,115,116,74,78,88,44,123,76,242,123,34,47,144,17,62,50,41,43,39,49,31,89,78,146,107,236,118,76,130,258,71,81,76,151,75,94,152,39,20,70,58,46,197,297,143,48,99,41,103,81,100,42,38,70,75,80,79,145,188,27,24,124,243,116,55,55,79,25,71,148,72,80,37,39,129,47,200,153,40,168,36,57,89,245,65,67,101,81,89,56,115,62,77,67,53,55,167,117,72,58,321,154,54,66,117,62,126,61,87,106,87,68,53,161,97,31,40,81,55
13,138,53,64,93,67,75,100,62,78,21,88,139,181,159,75,54,83,205,120,42,63,92,69,84,99,51,82,68,38,340,54,34,82,85,81,94,31,69,46,66,202,317,70,138,213,76,8,125,44,132,52,79,88,73,43,62,70,68,94,94,121,162,45,51,45,27,80,58,55,102,37,74,75,36,55,48,47,83,110,56,55,105,50,64,149,41,45,39,87,56,49,42,27,173,56,90,77,162,108,79,58,179,64,127,58,68,80,85,57,76,148,23,49,34,116,129,42,82,163,223,123,335,146,18,129,69,35,60,72,105,71,65,102,215,65,68,138,204,104,70,68,144,86,88,138,101,68,76,58,45,86,126,72,68,111,61,109,141,107,97,234,60,104,55,88,101,49,82,63,78,211,136,87,111,137,114,38,43,72,112,233,103,159,85,155,66,34,120,93,142,65,18,30,47,70,75,59,29,133,67,103,170,63,141,101,71,116,89,121,48,103,77,58,124,83,84,93,97,47,324,140,21,80,56,83,40,40,116,199,94,46,90,164,70,54,111,174,54,54,223,129,93,221,122,98,56,50,118,60,47,86,69,43,70,81,133,61,105,127,39,112,95,100,332,86,248,54,26,92,111,51,18,127,182,134,41,81,99,54,51,91,56,243,93,100,72,45,47,92,116,100,68,16,128,251,124,57,31,73,168,241,77,20,78,61,119,296,59,36,108,148,288,53,60,37,52,121,60,76,46,45,96,46,114,71,62,101,119,140,33,22,136,93,41,97,62,99,201,106,61,122,78,25,100,82,74,72,87,197,46,83,88,65,113,84,81,66,105,93,42,35,42,24,73,54,47,34,31,86,94,55,33,97,52,103,76,105,102,43,114,30,46,38,311,72,118,75,68,188,86,97,118,202,64,117,78,75,169,62,4,81,58,19,64,80,104,55,73,110,362,51,172,67,36,125,75,82,96,167,263,105,26,90,99,68,34,45,118,171,252,86,185,109,173,77,71,195,148,160,127,156,69,53,135,112,131,113,102,48,181,59,239,48,103,91,47,78,276,250,51,73,120,51,147,133,86,91,49,106,117,56,170,33,94,7,30,140,176,67,75,129,141,52,68,267,51,73,90,69,161,193,64,71,321,57,78,43,201,29,21,49,115,58,77,111,144,77,88,146,130,80,84,110,26,120,60,168,52,51,148,71,82,289,65,71,212,53,305,110,99,91,68,201,134,84,71,132,71,92,117,101,65,99,64,64,96,106,81,143,12,216,45,45,86,161,31,31,68,70,68,56,96,168,50,51,45,94,121,112,125,44,79,114,165,103,16,61,34,22,63,71,60,207,111,44,60,98,157,97,143,149,48,77,64,59,97,138,13,186,39,29,158,114,44,53,66,71,100,68,45,111,217,95,154,192,104,74,94,58,75,58,122,132,69,284,93,73,130,44,145,106,56,107,110,75,70,59,76,22,152,45,111,91,130,57,73,32,34,89,209,92,106,52,153,103,113,57,117,106,52,132,88,72,47,80,111,63,55,46,221,194,20,198,69,106,50,80,73,56,62,76,45,135,113,48,69,172,30,133,57,22,60,171,32,211,59,42,165,123,112,94,58,81,69,72,61,311,155,90,14,35,53,69,182,105,87,73,178,33,86,90,90,169,95,71,70,38,42,94,130,140,52,49,104,118,121,74,122,76,155,53,33,40,36,39,154,102,113,31,57,45,135,62,51,54,113,49,67,81,88,157,34,50,58,184,97,187,73,78,141,111,96,153,50,160,86,67,370,36,95,73,66,153,41,45,83,71,162,105,106,179,89,110,42,140,78,72,98,42,206,239,50,150,94,26,37,50,176,83,61,64,221,84,93,80,84,90,183,31,58,147,128,165,60,37,67,15,83,65,171,61,393,20,128,68,36,135,122,65,74,164,81,74,136,123,58,160,81,79,106,59,56,27,83,127,50,77,55,93,112,61,52,91,115,134,177,86,154,30,53,119,72,192,52,67,141,60,73,101,30,120,130,81,80,105,59,122,92,277,123,43,36,164,22,59,65,34,53,35,43,24,88,76,150,103,268,114,75,164,264,56,108,75,163,64,64,156,51,16,85,57,54,204,300,135,44,103,38,112,70,97,43,28,66,82,79,74,165,199,26,20,129,280,112,45,54,72,14,85,157,86,83,28,29,123,54,205,158,40,192,32,72,92,257,65,72,109,72,88,78,146,66,84,68,45,58,188,133,55,57,332,142,46,76,126,92,114,65,83,95,83,67,49,152,84,25,31,79,54
13,114,53,58,94,66,78,99,59,73,37,90,141,154,168,77,56,73,198,156,60,60,59,66,69,90,45,85,76,37,341,53,24,89,68,87,97,54,52,56,74,210,306,68,139,186,58,11,109,44,94,26,73,91,68,35,53,68,66,86,76,105,167,49,62,25,32,72,56,70,94,33,67,73,36,36,42,49,101,103,58,64,77,44,55,147,41,32,30,79,48,46,58,33,174,64,89,56,130,90,61,66,185,58,124,53,60,86,79,64,79,120,41,43,15,143,117,43,94,154,219,88,326,155,24,100,72,42,69,61,117,71,61,105,206,68,66,120,198,117,79,67,120,78,109,125,96,54,68,48,45,72,135,85,56,107,61,113,138,101,103,250,60,91,50,81,90,44,74,61,56,162,138,76,116,118,117,31,60,73,103,230,88,145,88,154,53,28,125,68,162,64,22,29,59,73,86,50,41,138,78,121,152,57,152,88,76,120,83,105,43,87,62,64,126,75,95,94,110,53,299,113,32,81,51,78,42,49,90,204,98,41,89,146,59,46,132,178,66,52,210,137,98,240,121,79,38,64,112,59,36,91,72,47,79,99,116,67,105,114,38,91,67,63,314,82,207,47,38,98,80,43,17,139,144,149,48,71,101,46,60,82,41,215,100,71,83,46,50,98,111,80,83,28,126,251,118,67,28,84,132,243,66,15,58,62,112,325,50,49,112,138,279,60,61,28,80,123,37,66,39,35,100,48,94,75,57,115,108,145,36,23,121,102,26,118,48,95,194,72,64,98,69,28,101,62,78,70,95,191,54,97,83,59,93,76,85,70,102,99,43,38,46,36,75,46,52,28,22,72,99,70,40,89,53,86,63,106,92,58,110,38,42,46,341,78,120,71,61,180,54,95,122,193,65,126,74,59,158,46,5,77,54,15,52,64,107,59,71,110,302,63,179,64,34,106,72,79,83,135,249,100,23,101,88,79,28,64,91,165,254,98,182,125,187,81,80,196,142,171,132,144,78,76,117,105,123,116,129,39,177,78,242,47,105,100,49,90,240,200,45,71,128,58,179,142,77,99,43,81,103,66,177,31,81,9,32,128,158,62,60,132,113,47,84,222,47,64,92,61,167,201,68,81,296,57,90,38,198,34,18,34,121,56,87,112,118,83,76,134,122,63,88,97,22,106,58,157,57,43,130,60,69,280,65,66,217,56,306,122,106,89,73,240,113,74,86,124,78,84,121,101,50,93,43,74,103,88,83,186,14,197,44,44,76,136,31,31,77,58,56,62,83,156,56,36,56,97,95,113,89,47,69,118,135,80,11,68,42,12,71,73,58,172,95,44,50,65,132,116,165,136,51,59,58,58,94,113,15,196,41,32,176,130,57,53,57,66,95,90,61,93,205,81,155,209,90,67,98,54,54,64,93,135,62,240,97,57,97,52,146,102,56,112,106,61,61,62,70,30,152,41,108,76,121,66,70,54,27,107,202,92,96,52,142,111,103,62,96,96,64,123,108,72,34,48,102,60,55,44,192,191,16,216,74,86,63,66,74,64,59,57,36,119,114,42,62,148,33,119,45,36,61,157,29,218,55,47,174,116,89,108,51,81,69,64,68,295,131,81,26,54,59,74,188,104,81,62,190,36,84,95,105,184,86,67,77,36,44,113,131,123,48,50,82,129,115,61,108,96,160,51,35,39,44,29,161,90,104,26,56,53,113,54,56,61,88,34,78,67,71,157,54,48,59,161,76,191,87,86,110,107,90,146,53,138,76,66,386,55,87,81,51,149,27,32,84,72,145,121,87,150,66,112,53,141,62,69,114,33,210,247,49,129,78,29,25,43,182,96,60,64,226,77,72,70,85,80,155,42,70,156,130,149,73,37,70,17,67,68,151,60,385,21,121,69,31,131,101,63,76,138,99,72,125,103,51,168,72,92,97,65,65,19,74,113,63,60,62,69,104,55,64,96,120,169,157,105,153,30,49,119,75,209,45,49,123,71,51,95,32,102,105,86,54,98,48,130,81,294,123,52,53,145,21,74,65,34,41,34,38,29,66,74,156,128,281,120,58,162,281,61,98,87,165,65,90,152,46,21,68,47,61,171,266,115,41,94,31,115,57,103,47,32,47,73,78,60,153,220,33,19,116,292,123,63,42,73,17,73,147,60,75,33,28,120,41,184,149,26,170,40,62,94,261,72,72,113,82,95,75,133,46,85,76,60,58,190,106,54,52,352,153,39,67,110,84,108,73,61,104,96,63,42,137,75,36,22,79,45
12,133,46,61,91,56,63,113,41,72,40,105,150,161,179,73,57,70,203,150,50,37,66,73,90,100,41,83,65,42,315,51,25,65,66,101,98,50,53,54,77,190,315,73,141,221,55,13,111,55,106,33,96,104,67,36,63,83,62,84,91,93,162,39,71,37,27,83,61,55,109,34,65,77,37,53,31,55,104,112,65,64,86,42,60,149,44,48,34,77,51,49,52,28,180,76,90,87,152,103,70,53,221,63,141,64,65,87,59,58,94,143,32,50,25,141,128,41,77,172,231,113,331,124,23,96,78,49,79,57,113,52,63,104,214,62,78,128,206,111,82,75,121,94,105,121,111,70,86,58,40,73,120,80,74,95,55,87,135,104,104,260,64,102,44,90,96,48,72,60,63,198,109,71,134,105,123,45,44,74,107,218,91,131,96,140,72,40,120,90,124,87,27,34,36,76,75,63,29,140,68,115,142,87,106,93,70,117,75,111,41,94,70,65,116,75,109,94,100,49,280,118,17,74,52,65,41,47,114,182,96,29,87,177,47,41,147,169,59,46,226,140,117,243,118,67,38,62,154,54,47,104,53,55,90,82,113,62,100,117,32,81,97,84,350,83,264,58,27,98,83,60,10,134,142,182,45,92,112,45,65,80,52,205,79,87,86,57,43,87,120,92,77,37,146,250,127,58,23,71,167,254,76,25,68,60,122,295,55,55,106,145,256,67,66,32,60,143,47,59,38,40,86,67,130,79,69,109,112,150,56,25,133,87,31,129,70,103,175,94,49,97,51,35,91,60,82,78,94,197,44,96,83,59,97,61,83,83,101,97,28,39,52,38,77,61,45,31,26,82,97,73,45,95,46,71,54,118,102,61,111,55,55,37,375,72,108,53,66,176,63,100,126,219,58,124,82,70,161,59,4,80,46,21,51,88,102,55,71,117,330,58,181,66,25,89,63,72,72,130,245,93,29,91,108,61,15,56,101,195,230,102,186,130,195,91,83,228,127,161,142,153,64,83,106,126,118,101,89,43,192,63,218,43,104,104,40,72,284,232,56,91,125,63,210,133,77,93,62,105,124,54,171,29,78,13,35,164,157,59,63,100,105,66,75,281,50,68,111,72,144,209,59,80,300,59,96,43,238,28,21,44,132,53,74,116,124,73,93,118,107,66,90,100,30,125,65,164,53,45,106,64,70,271,49,68,246,65,324,129,107,105,64,230,90,75,100,134,92,110,115,107,61,112,49,75,89,93,75,185,21,194,54,43,66,151,28,30,90,75,66,58,106,179,52,35,60,77,109,116,101,44,82,109,170,125,8,73,53,24,68,65,53,140,110,53,56,85,123,107,141,138,64,76,41,43,104,112,19,169,40,38,176,130,60,46,57,68,73,71,75,106,238,96,156,193,99,65,103,65,57,47,109,135,70,242,99,62,107,45,151,94,64,123,122,78,78,57,72,23,163,50,117,83,137,51,78,54,31,98,193,87,99,63,146,97,120,39,98,86,57,109,94,82,44,46,111,50,69,41,196,176,19,216,91,79,61,66,90,54,64,52,40,109,116,49,79,164,32,136,55,33,54,139,28,216,67,47,166,118,84,111,48,102,88,62,73,272,118,84,22,35,65,84,218,123,86,66,189,34,108,91,101,183,97,80,85,30,47,101,121,121,59,45,89,91,122,82,108,77,149,63,31,46,27,39,182,92,106,22,43,49,104,60,59,50,97,33,66,61,70,179,47,66,56,167,103,211,75,79,115,114,83,165,58,160,81,68,398,40,115,74,46,144,43,32,99,64,164,113,107,171,83,118,55,108,78,76,144,39,187,251,51,136,86,34,22,49,168,70,63,80,179,76,85,80,73,84,170,26,77,181,126,166,72,34,76,12,79,75,141,47,404,20,142,69,34,127,122,68,85,161,92,81,120,120,72,175,73,85,103,58,50,22,69,122,62,58,62,72,101,46,58,93,119,162,193,85,157,32,46,110,71,189,39,38,115,71,59,127,32,114,143,88,61,100,64,134,83,261,104,60,43,152,22,89,56,44,57,32,49,24,57,69,129,119,272,136,60,164,270,61,85,94,154,90,87,156,36,26,59,47,71,207,271,127,52,111,35,106,70,100,56,25,51,66,78,74,147,224,31,27,103,274,122,72,48,77,22,86,167,54,80,37,52,106,40,205,161,35,175,40,71,94,238,63,76,127,90,100,70,144,55,94,70,50,41,179,103,48,53,360,175,45,75,128,89,126,73,75,96,89,73,38,140,78,28,24,66,54
10,116,55,49,94,51,78,117,59,63,37,101,135,183,140,67,53,74,219,162,48,55,74,80,67,97,27,69,52,40,321,49,35,77,58,89,89,49,68,46,74,204,340,75,129,186,72,12,120,51,103,39,82,110,78,30,49,71,64,100,96,79,182,45,67,39,38,85,65,47,113,29,79,75,48,48,45,46,114,104,52,46,94,23,62,122,48,45,29,76,44,54,49,29,192,54,88,63,151,78,61,52,168,58,161,74,73,69,83,49,86,129,37,38,18,125,139,38,72,144,201,105,328,129,24,116,76,39,78,60,132,63,67,120,202,54,62,132,207,104,79,64,115,81,119,121,131,52,84,63,39,78,108,103,60,92,62,111,123,99,105,261,64,95,44,91,84,30,86,63,66,204,118,96,125,116,127,45,46,64,110,229,78,138,109,141,71,43,136,76,138,96,24,29,49,72,68,51,26,115,68,106,144,81,144,86,81,115,94,92,41,104,73,73,120,75,92,98,93,65,268,124,21,88,53,86,45,65,105,210,110,44,102,168,51,48,165,186,71,52,242,107,112,227,111,76,49,49,113,57,46,120,52,44,93,106,120,60,99,102,54,87,85,70,369,71,237,68,28,89,89,66,17,113,149,149,59,87,123,31,43,89,73,239,86,100,93,58,57,102,121,91,59,24,129,245,110,51,18,74,176,244,79,23,65,62,119,324,50,49,114,130,313,62,66,33,58,121,41,65,44,46,99,61,148,62,64,89,105,136,39,31,108,74,45,111,57,112,181,83,36,83,52,34,101,64,83,61,72,176,48,86,89,71,75,53,84,92,85,77,43,32,47,41,83,63,56,31,27,82,88,65,34,68,61,82,56,133,105,42,110,66,32,45,351,71,126,83,63,172,84,116,140,198,39,150,80,83,161,47,5,73,60,28,36,78,82,49,64,117,333,71,181,57,26,90,59,65,89,136,253,85,36,93,90,70,36,55,116,169,269,86,180,133,228,78,77,232,152,181,142,140,78,77,109,143,120,106,110,46,222,63,246,39,99,76,41,78,242,220,53,90,124,77,162,138,67,87,47,95,113,53,152,29,84,12,36,148,160,67,57,102,136,61,87,269,54,62,70,70,176,227,53,70,297,74,107,45,260,29,16,49,124,53,68,101,104,74,74,100,122,73,71,109,27,125,63,162,63,37,126,64,67,290,60,56,224,58,304,136,101,111,67,250,102,69,88,125,70,107,117,108,62,118,32,56,106,89,76,156,24,187,58,38,67,141,31,46,81,64,68,52,99,180,63,39,67,88,104,98,82,45,83,140,145,111,14,79,57,20,62,74,50,183,110,37,55,87,101,133,148,137,57,72,49,39,96,105,16,192,48,40,163,127,65,49,72,76,79,70,71,89,246,79,144,177,93,67,76,65,57,40,110,156,64,225,92,63,116,53,138,77,48,104,143,71,82,43,69,29,164,43,118,68,144,51,69,29,30,84,193,92,98,63,154,96,129,66,99,109,56,121,102,75,38,41,117,64,86,53,187,189,22,248,75,87,63,64,89,61,49,40,38,109,111,48,69,147,36,137,43,38,67,161,31,244,49,49,156,106,92,102,59,107,71,79,79,305,125,73,19,38,43,82,232,127,88,42,201,25,95,74,94,168,99,66,71,35,47,97,116,128,57,50,93,118,109,69,119,83,166,59,40,30,30,31,151,84,134,22,73,33,123,58,47,43,116,32,78,59,54,162,55,72,53,168,110,204,77,84,114,84,101,161,76,170,75,58,389,49,121,75,56,149,39,25,95,73,172,95,99,168,78,117,61,109,101,77,110,34,204,244,50,142,75,28,33,49,181,85,54,68,235,63,67,66,78,67,183,50,62,171,126,142,93,45,75,9,71,83,155,43,359,17,138,79,39,116,124,71,77,162,87,83,106,128,44,171,89,100,88,56,46,22,95,102,43,64,65,64,92,56,66,96,105,175,165,87,146,28,45,107,77,158,27,41,116,73,64,120,34,87,97,86,53,83,53,125,73,287,108,64,41,140,15,72,62,37,58,33,70,17,49,73,128,92,287,128,52,175,273,67,94,102,144,73,96,159,41,21,68,52,49,201,289,127,58,132,45,96,85,93,58,36,57,70,89,73,170,205,26,27,98,291,96,66,40,77,40,67,150,67,94,40,37,112,45,208,159,44,165,39,79,83,269,63,78,117,93,113,86,135,44,92,76,59,38,181,108,47,42,387,178,44,64,127,87,124,68,80,95,103,57,51,139,85,25,36,62,49
14,133,52,45,95,51,63,122,63,68,45,105,134,180,168,65,55,60,204,137,60,54,65,93,68,98,30,69,62,35,301,47,34,67,71,108,104,52,55,49,66,217,335,67,120,212,52,9,110,62,86,28,75,106,61,40,53,67,81,87,95,69,173,35,42,32,30,79,54,50,106,24,87,75,41,46,36,34,100,128,49,56,79,28,54,109,42,54,31,68,48,51,45,25,178,44,83,69,122,79,62,50,204,55,149,68,75,61,63,46,85,119,41,38,19,124,154,44,71,126,208,89,351,129,25,109,83,46,51,63,108,58,54,125,213,69,71,117,225,95,68,59,103,82,113,114,125,41,46,65,36,59,128,80,50,90,55,92,114,99,95,258,56,88,35,80,94,49,75,50,53,207,88,83,119,123,133,39,37,86,90,241,86,136,89,140,72,35,133,68,113,81,23,25,54,66,69,57,36,91,45,109,162,79,144,80,80,106,84,91,43,82,74,70,121,82,87,101,65,66,267,104,14,76,54,78,36,50,104,173,68,29,80,160,60,56,138,136,70,50,201,131,118,220,116,83,48,56,124,43,44,122,50,47,74,108,135,44,73,113,48,73,92,71,363,102,242,56,24,79,66,59,21,113,155,162,54,82,109,28,59,58,63,238,66,86,98,66,53,90,122,86,67,34,110,209,109,45,20,68,142,273,81,13,52,49,138,299,37,45,106,142,302,59,69,33,43,149,32,77,42,39,98,54,122,62,54,118,115,118,50,24,114,69,44,115,47,112,199,61,33,81,52,44,92,53,70,63,89,173,35,87,76,51,76,56,83,80,104,85,25,25,49,47,75,39,59,31,37,77,110,63,45,72,53,79,54,140,117,44,83,48,34,40,345,57,115,76,68,168,69,106,140,213,54,138,83,91,135,55,0,63,57,22,38,73,68,35,59,98,312,74,189,62,23,86,66,70,69,123,238,79,37,91,100,72,29,46,114,183,238,77,174,119,248,78,65,208,145,169,128,123,68,75,102,144,109,101,86,45,213,49,254,38,105,90,39,71,229,208,47,89,108,70,182,141,71,90,57,89,97,55,161,13,73,10,27,148,140,62,49,93,101,56,80,259,37,57,77,77,145,199,56,72,259,63,83,39,261,26,18,59,131,44,72,90,101,77,82,77,116,73,100,107,20,132,55,153,54,48,119,61,61,302,51,55,224,62,318,130,101,104,59,233,128,74,81,125,81,100,105,96,66,88,63,49,94,84,68,151,22,195,53,26,77,139,39,44,89,61,61,42,108,171,56,33,60,92,91,106,70,38,68,124,147,105,14,72,45,22,56,67,42,155,106,44,52,82,82,117,149,143,56,71,66,43,90,92,23,179,53,33,146,99,65,41,57,62,75,56,75,95,223,77,137,194,97,60,72,84,59,41,86,123,74,220,72,61,108,45,136,70,53,125,130,57,82,61,46,18,149,45,130,92,111,48,51,45,38,81,184,80,110,59,158,103,127,46,101,106,61,101,102,70,38,42,78,68,88,40,169,172,22,235,72,89,64,41,82,60,60,28,35,98,106,40,62,174,38,133,47,40,57,154,33,219,51,41,186,111,81,90,69,100,57,57,82,301,141,78,14,35,39,47,245,121,83,37,188,26,86,87,89,155,71,88,69,28,50,88,120,109,48,36,83,113,121,61,132,79,139,51,30,29,31,25,169,85,136,23,48,31,111,70,47,41,99,29,65,72,67,157,52,70,53,147,117,182,86,76,105,94,98,167,58,146,66,56,364,45,128,62,40,132,48,21,79,62,180,95,90,156,92,124,55,113,86,70,105,42,201,209,33,132,73,16,28,50,186,67,40,69,201,74,61,62,75,80,184,41,63,161,115,157,68,49,72,9,72,87,143,44,371,16,139,56,30,114,119,66,60,183,71,76,133,133,48,190,88,122,104,61,42,19,92,109,48,59,41,56,105,44,34,94,124,169,156,81,137,22,39,108,66,153,39,35,133,73,58,126,29,81,93,81,54,99,51,126,80,285,128,54,40,128,11,82,63,39,48,30,43,26,55,70,118,95,249,134,60,178,232,76,73,79,112,69,88,124,31,16,54,41,47,192,275,109,71,130,21,111,72,98,61,35,67,77,82,79,139,208,30,19,91,253,110,47,41,73,31,63,143,57,90,39,42,96,32,201,191,45,194,40,67,69,211,60,72,123,98,110,73,130,32,96,63,68,35,177,104,56,43,379,171,48,64,138,107,130,78,85,92,87,57,42,135,81,20,30,69,36
13,138,48,28,79,51,74,128,57,69,47,99,136,198,145,52,64,52,220,161,44,44,65,79,74,102,28,60,67,26,347,65,30,76,65,106,92,30,80,42,86,227,307,71,123,181,55,9,103,54,130,25,65,92,46,28,35,78,74,104,98,76,185,38,40,36,44,66,76,39,111,22,76,77,40,38,47,44,121,126,57,52,83,28,76,149,47,31,43,74,51,48,48,24,211,45,75,69,120,75,64,41,178,55,161,68,86,64,63,39,88,123,30,45,15,126,136,33,70,172,203,102,323,131,22,146,68,39,57,64,125,69,69,123,226,62,63,125,207,117,55,47,112,102,121,99,129,39,72,79,36,66,125,80,58,87,75,103,121,104,102,286,65,95,32,95,108,63,93,64,53,210,114,82,147,114,114,41,36,73,112,230,68,100,90,130,69,34,131,66,142,91,31,22,50,54,75,66,42,105,61,114,144,85,123,80,91,108,74,85,53,105,74,64,110,71,104,96,82,79,272,105,19,57,54,80,36,37,128,200,77,45,91,194,62,63,181,167,69,35,217,109,96,254,134,74,46,48,119,64,55,130,57,47,82,121,120,46,106,101,45,84,93,63,379,76,242,59,32,69,74,72,20,113,154,147,61,91,117,25,51,62,59,242,66,84,92,58,59,92,147,76,72,49,122,217,93,51,23,84,143,322,89,26,59,58,117,296,36,45,120,134,309,69,78,25,45,140,30,56,49,43,87,49,110,60,59,123,99,129,45,23,128,68,43,109,40,138,186,61,27,85,49,41,97,63,82,65,89,169,49,69,73,66,82,49,82,81,124,72,35,31,50,51,62,48,54,35,47,87,89,66,51,65,39,96,69,149,126,49,99,68,34,37,377,69,136,87,63,161,84,111,150,193,57,123,81,90,150,49,3,47,58,22,29,66,79,45,69,96,326,62,202,58,21,68,68,76,69,125,252,74,32,80,88,72,38,51,129,173,266,98,181,103,239,75,75,213,177,174,162,132,63,76,134,142,114,114,91,35,226,46,286,35,101,93,41,66,227,224,49,89,103,78,175,138,81,101,51,74,103,72,136,21,99,7,35,149,139,60,48,90,112,71,75,219,33,64,90,65,176,221,67,89,289,68,88,30,240,32,18,64,155,60,103,109,104,85,73,98,114,75,79,137,22,99,54,174,66,57,114,71,63,317,52,52,219,74,320,131,86,101,61,242,131,75,72,148,110,117,119,97,80,98,53,62,85,92,84,170,21,198,59,28,78,117,41,41,80,60,53,43,108,194,42,43,74,93,76,121,79,34,56,122,128,93,16,69,46,18,62,59,53,159,104,50,54,94,93,115,150,149,45,53,52,29,101,103,27,166,46,38,152,107,60,51,48,84,89,61,74,88,194,83,141,173,105,62,68,58,41,49,76,143,68,241,87,71,108,54,166,66,51,110,130,51,75,38,56,23,154,41,107,97,124,60,61,44,34,84,165,59,101,65,154,108,110,45,107,111,51,109,101,79,46,31,81,52,79,50,151,170,19,219,58,79,69,37,101,59,57,45,28,109,127,36,60,146,38,131,45,34,74,206,33,205,50,59,176,112,84,107,52,102,60,65,77,315,132,83,19,50,39,63,232,131,64,38,179,24,78,59,77,184,87,75,68,26,48,118,117,134,46,37,92,115,122,61,136,77,187,49,27,26,38,22,172,90,140,27,45,25,128,69,36,62,95,27,61,76,63,149,58,87,59,161,142,179,86,67,118,82,99,163,89,142,77,58,369,52,127,71,36,175,45,36,84,62,182,110,96,161,94,115,73,87,86,73,105,39,197,212,38,142,78,28,30,60,175,88,50,74,247,67,57,58,70,78,177,33,57,160,105,124,69,49,68,11,79,91,146,35,361,22,147,57,35,119,89,78,64,145,92,81,116,113,65,202,98,116,127,53,41,23,78,108,30,62,58,71,92,35,68,99,111,176,143,84,129,22,56,108,80,157,60,31,141,67,83,131,12,74,117,94,54,93,64,145,65,271,112,64,42,136,15,80,67,47,62,31,54,28,54,69,120,81,265,134,54,177,277,60,81,77,134,72,94,148,24,16,44,42,41,188,260,145,68,150,30,138,49,87,79,35,72,88,87,85,183,185,45,21,76,297,110,49,28,93,24,65,147,55,82,35,26,121,31,201,183,45,168,31,77,86,215,52,68,128,108,111,72,122,43,98,91,60,26,187,137,46,37,365,166,47,63,142,116,122,68,88,88,87,48,35,145,94,21,24,63,45
11,140,42,24,68,49,51,134,58,74,42,85,132,196,145,60,63,60,204,159,53,48,68,84,67,134,25,76,58,37,302,60,20,84,65,93,77,37,69,42,85,189,290,68,126,188,50,6,86,47,110,22,67,108,49,40,37,61,65,71,103,64,176,49,51,29,27,82,80,31,114,22,78,72,44,34,40,40,101,114,52,52,72,39,61,127,52,30,37,84,41,50,47,22,194,39,69,80,126,69,58,31,177,61,130,67,68,48,56,25,89,108,40,48,15,125,154,33,61,127,201,92,339,133,25,116,85,37,51,67,112,58,57,112,212,67,71,119,222,119,42,58,101,89,117,91,111,39,75,67,35,58,130,67,50,101,52,102,141,92,94,260,62,93,28,100,72,51,68,55,61,206,111,80,117,128,99,47,33,77,97,249,81,118,98,134,58,34,122,57,118,93,30,17,52,46,60,57,45,130,64,108,133,84,139,71,102,100,81,87,53,133,65,65,115,61,93,93,66,85,269,80,15,70,64,72,37,46,101,158,75,40,84,206,54,56,156,140,62,36,214,113,81,238,116,78,41,53,141,40,74,125,56,39,72,82,120,33,80,98,44,67,92,56,364,77,237,56,19,62,66,73,22,125,162,170,60,67,106,25,41,44,57,222,60,84,87,57,61,81,124,78,71,39,124,217,90,39,24,67,156,337,86,23,63,52,103,312,28,48,111,123,273,70,63,27,39,139,25,77,39,37,87,44,130,53,53,127,94,118,35,18,112,63,58,93,33,138,182,68,34,71,34,38,86,69,79,71,97,171,44,85,67,60,71,53,78,77,134,70,24,28,51,40,59,41,56,30,44,82,98,68,54,66,38,68,75,125,110,36,113,58,45,33,368,69,107,82,66,177,68,95,137,175,34,133,83,87,136,44,5,35,69,18,21,79,75,40,69,88,370,55,214,53,30,91,72,77,56,98,223,74,43,78,104,64,27,48,128,184,239,65,166,104,237,74,73,220,166,157,141,113,80,79,101,125,94,92,67,35,253,48,253,39,93,92,29,65,234,214,60,79,98,69,206,133,75,75,43,71,100,71,107,22,86,6,42,148,127,66,47,80,126,55,78,242,36,56,85,64,186,193,57,77,284,76,68,41,246,33,19,38,136,62,106,95,94,58,79,116,121,66,78,127,25,120,61,152,68,50,106,67,42,289,42,61,187,67,315,124,90,100,46,229,135,62,66,161,93,99,108,88,65,79,43,42,73,79,79,169,23,217,48,22,68,130,40,35,67,59,62,32,92,187,45,31,68,87,79,105,71,43,54,122,136,80,6,84,34,20,49,56,47,151,93,46,50,94,78,153,165,143,42,54,65,41,118,83,23,187,50,27,178,86,67,48,45,87,73,60,73,86,212,68,130,186,105,67,63,64,49,51,79,144,78,198,80,83,100,61,160,44,47,114,120,53,73,36,53,24,162,54,114,98,122,57,46,46,32,77,167,71,92,57,182,109,113,38,103,105,52,92,123,74,46,30,76,60,85,39,169,148,28,245,63,65,61,42,100,75,52,39,34,116,125,29,75,149,42,120,37,31,59,171,32,207,44,46,164,115,71,102,49,97,49,63,69,299,118,74,20,42,37,60,198,152,71,49,170,31,78,65,72,148,79,86,79,35,42,117,109,121,48,39,98,129,133,62,149,81,155,49,23,22,44,27,175,76,116,23,49,35,118,64,50,59,96,29,52,68,65,133,74,78,50,164,159,172,79,65,97,88,94,148,69,135,78,65,349,46,121,66,58,142,57,28,87,68,151,122,108,141,81,108,60,99,73,66,84,40,213,225,33,115,78,23,24,52,186,76,59,66,252,60,74,51,59,94,183,35,57,156,107,123,72,45,66,13,67,87,170,38,376,11,131,58,34,116,73,73,48,170,80,74,133,110,78,200,85,99,115,53,31,18,75,102,42,69,58,64,92,39,57,82,106,127,170,87,128,11,51,98,96,162,61,26,121,74,59,137,25,90,87,95,38,81,70,115,59,251,123,63,37,128,21,66,70,29,44,29,31,14,55,59,117,106,268,127,51,189,260,64,77,77,124,77,77,165,28,21,39,32,48,178,263,125,58,154,23,112,42,90,61,24,81,68,105,96,181,199,50,13,78,312,118,48,47,71,28,57,191,55,94,39,34,114,32,182,189,42,191,33,110,66,223,62,76,106,106,105,70,125,33,102,67,88,22,173,120,46,28,412,159,44,63,150,98,88,66,84,97,64,62,39,135,100,17,16,60,39
8,170,43,32,68,57,66,134,57,86,52,104,132,227,146,54,69,62,234,139,56,51,69,81,84,121,27,44,69,36,313,58,21,73,52,92,87,31,84,35,80,237,321,84,157,184,64,7,69,55,117,17,77,107,44,27,35,60,58,94,116,47,186,34,55,29,36,79,52,42,124,20,75,67,36,41,44,40,120,107,52,69,84,40,53,130,45,31,59,71,44,48,56,18,226,33,77,75,111,66,65,40,153,52,152,55,83,73,56,36,108,114,34,48,21,140,149,33,55,141,196,96,396,133,37,112,72,37,57,45,117,68,66,97,187,52,59,119,211,108,55,59,121,102,112,83,122,28,53,58,30,47,121,83,59,82,55,77,142,111,83,244,72,113,35,103,95,44,71,57,57,242,96,97,125,142,107,43,26,75,108,222,75,114,96,129,72,38,123,59,136,96,20,17,54,52,61,73,24,117,43,105,137,87,153,80,101,89,79,68,44,102,71,54,102,71,105,93,73,75,277,91,12,58,60,53,28,39,132,182,80,32,80,180,57,60,164,165,60,39,262,102,85,267,114,83,33,55,146,52,83,137,44,36,80,104,133,35,88,95,35,83,102,47,352,58,234,62,15,81,70,65,19,124,168,148,53,75,143,21,42,45,66,200,59,124,86,70,55,83,149,76,70,37,122,217,91,36,35,62,146,331,87,36,59,63,117,295,31,51,112,105,279,80,75,22,31,121,21,83,39,38,84,48,109,56,61,118,106,132,40,19,97,55,62,105,47,133,184,59,32,85,31,30,92,69,75,67,78,148,60,83,73,63,79,43,81,81,139,78,30,32,54,33,69,27,48,30,47,88,74,79,54,65,41,70,63,141,105,32,103,73,50,43,383,65,111,93,93,158,74,112,148,214,57,124,97,93,153,50,2,37,55,25,23,79,74,35,77,92,386,72,239,63,39,81,82,78,77,121,258,70,43,80,82,56,28,44,116,180,246,69,187,86,260,75,69,242,160,186,158,123,90,84,112,136,113,87,85,39,247,36,297,46,101,117,24,65,199,210,65,85,105,73,191,126,81,64,43,65,118,79,119,27,102,5,34,159,119,53,58,70,135,50,74,262,35,39,87,49,180,187,64,72,288,74,72,27,283,23,29,67,137,75,104,96,106,42,82,115,105,81,89,120,23,107,55,170,66,54,103,78,51,312,39,47,205,61,337,165,124,117,52,250,125,73,87,161,90,101,99,111,77,79,44,50,85,91,91,158,13,225,53,21,57,145,37,35,89,77,65,32,112,216,52,42,74,85,81,93,75,41,63,103,127,84,10,74,38,19,56,71,51,166,99,53,48,98,84,129,152,144,45,39,55,45,113,79,25,157,47,19,212,91,72,43,46,72,86,72,76,97,219,73,127,160,110,67,86,56,51,55,103,146,68,235,73,85,102,70,184,51,47,125,122,52,94,36,54,20,164,41,93,103,134,57,64,42,22,74,178,56,105,72,175,101,114,37,115,107,61,80,109,78,39,19,86,61,78,40,184,159,35,237,72,58,68,31,98,73,52,50,30,104,123,33,65,144,48,112,26,34,72,172,30,206,43,66,180,139,69,105,41,100,55,64,84,292,137,94,13,37,36,60,240,161,63,43,179,33,76,70,84,163,84,83,75,38,60,121,99,134,65,29,81,137,134,52,161,76,159,58,35,36,44,33,135,87,117,27,45,36,120,57,46,43,139,33,65,60,86,153,58,76,48,169,163,167,96,82,113,85,79,173,67,149,77,68,369,47,156,74,31,145,43,23,87,62,157,95,98,141,108,107,75,102,62,73,81,49,190,208,33,138,71,25,33,59,192,76,59,68,263,66,71,62,49,75,187,38,71,158,110,153,66,35,70,21,94,76,185,39,384,18,130,42,31,116,101,50,45,173,76,51,131,125,84,209,74,105,163,69,46,22,63,108,41,84,54,62,84,32,45,107,146,169,170,106,125,16,46,106,95,167,58,40,137,77,65,124,35,89,81,87,55,66,63,134,54,266,118,67,35,127,21,85,70,16,52,32,43,23,57,45,127,105,309,124,59,193,260,66,91,80,113,63,83,166,35,27,55,37,48,182,280,138,62,167,18,121,48,102,72,31,78,73,94,99,190,224,45,19,100,282,92,54,41,67,33,65,175,62,104,42,39,119,27,162,168,38,214,34,86,74,248,67,71,143,125,98,73,143,36,90,69,72,26,188,112,46,32,406,140,33,68,149,97,100,67,92,81,59,54,43,159,102,14,29,68,42
14,170,37,39,48,57,66,134,41,69,43,110,159,245,133,54,70,52,225,151,57,64,61,79,60,129,33,72,68,36,291,74,25,64,44,63,84,34,74,26,70,203,333,73,130,201,65,8,90,49,121,15,52,101,44,42,32,54,78,95,91,62,179,40,41,31,38,80,56,27,121,29,76,72,24,45,42,36,105,112,42,60,100,38,56,129,38,29,47,85,39,32,51,30,236,41,73,69,134,76,61,41,179,46,127,63,84,54,67,42,98,98,26,76,14,114,124,31,60,144,158,98,387,126,39,112,67,46,66,45,121,53,64,127,247,53,72,117,168,113,40,49,101,76,111,93,106,35,45,55,33,64,144,74,55,85,51,76,137,107,88,285,73,111,48,112,85,53,83,57,58,224,95,88,134,132,115,38,40,81,96,216,90,127,94,132,80,43,119,57,118,94,23,20,53,51,60,61,30,119,56,111,113,77,134,91,102,77,88,77,50,112,81,67,126,63,116,98,79,83,261,78,14,83,72,61,31,39,132,175,79,46,80,170,48,63,173,141,57,32,254,104,107,277,122,90,28,57,138,59,58,128,47,38,70,106,118,50,62,78,42,88,87,42,360,82,255,56,18,72,60,63,30,135,159,150,44,81,128,17,39,47,57,215,51,75,92,52,64,75,142,85,62,39,116,221,87,30,29,66,158,303,67,38,66,85,82,327,31,59,131,134,259,75,70,24,33,145,40,96,39,32,88,65,128,70,74,109,97,103,32,13,130,39,50,104,51,127,174,40,33,81,26,34,83,73,84,60,86,179,57,68,77,68,77,51,83,78,153,68,28,30,47,29,66,35,49,27,58,95,72,66,46,71,46,79,72,123,99,41,133,53,55,37,415,71,79,93,98,176,64,112,130,192,43,132,97,85,173,40,9,40,51,24,22,84,62,20,71,85,352,81,224,41,30,99,56,76,89,96,259,82,43,74,90,60,37,42,129,181,260,72,183,83,265,73,64,249,179,178,139,122,77,95,95,118,122,68,68,39,223,48,281,38,82,93,36,69,228,245,66,84,79,90,174,117,70,69,57,69,91,65,107,23,104,7,34,168,120,49,50,77,140,47,87,272,33,51,112,37,167,182,76,83,319,51,95,42,259,23,28,51,141,72,78,112,101,43,84,99,107,104,92,131,22,121,63,177,61,40,103,84,56,318,34,70,231,63,351,153,115,116,43,237,113,69,77,162,86,95,112,103,86,76,42,59,95,56,92,165,19,212,48,22,79,154,35,34,89,54,66,26,88,193,47,39,81,70,84,126,73,38,56,120,128,83,11,66,25,28,69,74,52,150,95,32,45,95,94,145,128,131,42,74,54,46,118,81,23,144,52,16,167,97,74,60,57,73,76,56,71,79,212,70,134,166,115,51,89,48,58,58,102,153,71,186,82,90,104,63,209,72,39,122,124,54,83,25,50,18,158,67,90,113,126,52,72,41,33,69,159,84,102,50,174,108,102,26,90,95,48,101,105,98,53,34,64,65,84,42,184,151,21,238,58,72,55,29,116,85,52,55,37,111,140,27,67,162,49,114,24,38,57,190,38,235,46,65,184,131,91,91,51,100,53,65,70,292,118,91,9,39,24,60,233,162,63,56,169,29,75,61,73,151,80,69,78,40,53,117,109,142,58,40,105,153,126,59,145,69,159,53,30,27,36,30,152,74,118,32,47,25,140,45,33,34,105,29,71,63,84,128,55,64,46,135,152,185,93,71,121,87,71,166,61,128,103,75,377,44,137,88,40,128,50,27,84,56,163,138,94,161,83,86,81,111,79,91,64,40,177,202,35,134,76,26,26,57,176,76,58,75,229,62,79,50,70,106,162,32,66,171,123,145,71,30,79,19,61,53,192,28,369,21,148,45,32,141,97,55,62,209,77,77,139,122,80,182,72,106,132,58,32,23,59,94,41,81,70,68,82,42,46,94,104,130,171,102,156,16,40,87,99,197,64,39,139,66,61,131,37,88,100,71,52,67,55,111,46,270,104,59,28,139,11,96,59,24,55,29,50,22,47,42,132,108,289,112,54,182,286,61,85,68,116,65,98,181,23,24,44,29,50,195,272,122,65,168,18,104,58,108,69,28,63,69,84,89,206,253,51,10,90,240,112,53,29,71,31,57,146,57,84,41,40,115,36,160,187,29,174,29,76,80,258,69,70,139,113,117,69,133,33,83,91,89,25,159,149,57,33,401,142,36,48,167,91,103,60,83,103,66,58,34,144,129,24,25,74,36
12,140,37,34,56,32,63,134,39,81,51,106,134,206,113,56,69,41,199,137,65,61,55,68,60,112,27,60,66,53,277,65,24,50,51,55,64,26,79,33,69,218,311,57,139,196,49,13,82,39,102,16,61,87,52,43,40,61,86,90,94,59,144,27,47,24,35,81,49,30,114,18,60,63,33,41,37,36,118,109,41,62,82,31,42,108,43,34,49,90,45,59,58,24,193,27,65,55,134,70,53,54,123,27,104,57,62,47,65,34,84,101,35,53,16,127,115,36,59,116,168,87,355,124,39,114,77,44,62,39,87,46,40,127,188,50,65,98,168,118,45,57,89,88,103,94,113,22,47,54,39,66,114,74,43,86,46,70,115,106,106,265,57,106,35,95,103,48,81,57,54,222,90,93,138,100,109,50,24,71,99,187,96,103,95,116,60,26,108,52,111,89,19,19,52,62,59,82,18,114,41,101,89,88,141,71,97,71,79,51,38,85,62,57,106,49,114,115,54,74,265,87,13,62,41,46,34,40,117,187,82,38,86,169,50,51,176,163,36,49,228,80,98,243,136,71,36,45,145,37,46,118,47,36,58,93,100,35,53,84,30,82,64,46,356,68,257,44,20,77,57,80,21,97,128,138,58,73,142,23,27,60,56,231,44,75,85,50,61,68,151,90,66,43,89,204,92,27,28,63,128,261,64,26,44,74,103,275,25,44,110,98,274,78,70,19,31,136,24,74,36,32,81,61,108,57,63,121,79,104,28,17,113,40,42,84,66,122,184,42,27,75,26,36,67,69,73,74,80,159,51,72,75,53,66,47,65,64,162,65,19,32,46,32,60,41,44,24,53,87,76,66,39,62,33,67,48,93,107,42,134,58,47,42,394,64,84,84,105,144,54,98,105,178,53,104,73,73,140,38,5,44,46,27,23,79,58,30,61,77,362,70,214,57,31,91,63,88,76,128,267,97,43,74,63,59,34,46,90,154,220,67,191,93,254,83,57,235,149,154,121,117,72,81,80,128,121,74,69,34,220,39,284,55,82,83,20,43,207,228,59,81,80,68,178,107,62,66,52,65,106,67,106,28,89,7,28,136,120,59,51,60,130,57,90,220,48,32,95,27,140,181,67,74,318,48,56,38,229,28,30,48,117,82,88,98,89,44,68,91,86,82,86,138,29,126,59,158,70,46,89,57,41,320,26,61,192,67,300,137,133,114,48,204,107,80,67,136,101,95,94,92,89,75,42,50,100,62,84,145,15,184,49,17,67,138,20,34,76,45,67,17,96,184,51,26,52,79,78,104,73,37,53,112,118,100,9,70,42,18,64,66,43,142,101,34,59,96,70,130,128,133,36,59,52,44,103,64,22,138,50,18,145,99,79,45,53,70,64,73,62,71,217,65,107,156,84,41,65,52,72,39,92,148,69,172,69,76,89,55,195,52,39,132,118,61,88,42,33,11,143,47,83,81,114,60,73,35,20,66,158,74,96,52,159,101,81,20,99,82,41,97,111,69,31,21,61,58,73,41,200,144,32,221,42,73,65,32,91,79,40,40,43,92,122,38,79,159,44,104,22,33,52,174,34,200,35,61,181,105,83,89,47,99,41,47,66,291,115,58,9,36,29,64,176,156,58,52,167,27,63,62,78,146,66,58,81,42,42,107,121,140,65,30,94,141,115,67,157,80,154,55,30,28,36,37,143,84,140,23,55,25,112,44,41,27,97,35,82,58,88,139,48,66,36,147,140,145,96,64,129,103,80,132,61,115,77,69,390,52,108,66,38,130,36,24,80,44,151,115,104,131,103,72,61,92,76,61,54,36,163,197,21,128,64,21,21,54,201,53,53,64,209,50,68,38,60,96,186,37,74,146,113,116,76,41,63,21,55,69,172,31,333,14,113,45,29,140,92,45,63,180,71,63,122,92,94,183,57,99,143,39,36,19,59,107,39,62,58,53,77,28,49,89,129,117,163,92,144,17,48,98,84,156,57,49,136,64,46,110,15,87,82,53,70,70,68,126,50,241,115,37,32,125,13,80,52,18,47,30,51,20,35,32,123,92,270,110,57,187,251,58,86,57,110,65,91,123,38,21,44,25,49,143,229,103,63,145,20,117,38,88,80,38,49,66,91,75,176,220,37,10,73,253,92,43,35,47,39,65,172,55,91,27,30,127,34,148,170,30,186,44,78,69,218,53,65,147,88,107,70,129,31,66,84,96,25,167,129,61,32,374,138,36,48,150,97,73,66,56,94,54,51,37,153,113,19,16,63,34
8,143,41,45,59,38,63,165,43,72,44,105,131,222,90,71,89,46,252,152,76,47,67,77,60,124,36,63,64,68,308,84,21,72,59,73,84,23,112,36,82,181,311,63,136,214,53,37,70,38,123,14,66,93,53,41,31,55,81,111,89,69,169,32,58,33,33,74,73,34,114,19,75,82,31,26,40,43,118,105,36,64,96,41,64,138,44,31,45,77,47,49,57,27,192,35,84,54,118,80,63,44,174,30,110,63,66,53,65,23,80,102,37,53,18,126,108,40,49,125,164,121,384,113,33,122,72,40,68,43,116,58,55,138,185,60,63,118,171,109,41,62,109,71,95,106,120,28,57,64,32,74,131,80,50,96,58,78,128,113,85,246,75,89,39,125,100,59,80,51,77,245,102,70,135,137,116,43,36,69,107,194,112,82,110,126,92,29,109,63,133,86,20,24,55,75,47,62,25,96,43,115,72,92,135,90,114,80,92,75,47,98,58,57,100,64,128,123,65,74,264,92,18,73,46,68,32,46,133,176,84,69,77,177,54,47,182,145,51,35,262,102,112,266,154,110,32,53,138,38,74,110,50,47,57,111,111,32,59,93,38,80,68,48,378,73,269,32,16,64,75,60,21,106,141,146,60,68,122,36,34,52,61,210,63,62,72,54,53,79,157,99,63,37,131,216,79,26,21,70,171,303,72,39,53,100,85,332,35,54,100,108,288,87,52,22,40,140,27,79,50,29,72,55,104,78,58,116,104,122,34,15,131,42,51,80,74,106,184,40,36,77,29,29,79,71,79,57,69,171,64,54,87,60,62,34,72,75,147,68,41,34,36,30,47,41,42,33,70,81,84,68,42,68,36,78,56,115,89,27,129,67,56,36,396,89,70,91,106,179,66,104,99,178,50,116,83,77,154,40,8,48,51,29,19,82,54,25,66,87,369,88,205,56,33,90,74,83,79,93,312,62,37,74,64,65,46,55,108,185,254,49,192,99,320,81,58,222,190,164,113,132,60,75,99,105,109,83,70,39,222,41,320,46,90,91,23,60,187,245,59,61,90,77,185,122,60,72,48,70,120,69,105,20,93,12,29,163,124,65,58,55,153,45,80,239,40,28,101,34,164,195,82,78,326,56,56,56,233,24,22,51,120,72,80,89,103,39,81,95,104,85,90,139,19,106,62,156,70,36,122,70,61,334,24,58,212,91,350,143,117,111,71,210,126,72,75,170,93,70,80,103,85,79,53,56,109,75,83,144,12,228,49,17,80,151,31,38,80,64,65,26,91,198,55,36,68,90,74,97,75,41,47,102,138,95,10,87,36,22,51,74,46,160,108,47,54,77,81,103,122,147,31,71,47,62,159,79,22,140,56,14,143,112,90,55,46,67,64,77,70,81,253,77,116,157,102,48,75,38,54,42,100,150,73,168,77,82,110,49,206,78,38,120,131,55,94,41,31,14,141,41,101,106,130,66,92,41,25,72,181,99,106,61,184,96,105,31,96,84,49,112,120,77,45,22,71,55,88,34,213,140,26,235,43,54,65,28,103,86,66,63,32,87,132,24,78,175,47,95,26,25,54,198,46,237,26,54,183,123,65,79,54,102,45,52,77,284,92,72,9,36,33,48,215,154,65,60,161,33,80,57,86,154,76,68,113,47,50,127,105,151,71,49,106,151,132,60,132,91,160,49,37,28,30,43,160,107,133,26,41,33,112,42,48,34,95,29,88,61,65,116,43,63,25,139,149,174,121,47,120,100,71,152,67,115,91,74,403,24,126,76,33,150,39,35,90,52,143,145,90,145,91,96,80,108,75,61,42,40,201,218,33,133,73,19,19,70,172,55,65,57,233,44,64,38,63,106,181,36,88,161,124,120,77,50,81,23,62,60,212,20,353,9,124,49,24,117,89,65,51,193,88,71,145,97,74,198,56,104,129,42,36,26,87,97,49,67,54,60,77,20,44,82,135,140,154,89,145,11,53,86,93,162,68,35,120,74,51,105,21,92,99,54,81,70,66,148,44,276,143,61,32,145,10,96,60,26,60,31,72,19,51,50,133,114,302,110,45,201,261,47,87,61,122,76,85,170,39,17,50,29,53,183,224,128,66,167,15,109,59,112,80,35,63,86,92,82,199,204,62,10,64,238,105,44,32,63,34,77,162,58,73,30,41,130,42,164,172,34,181,44,89,88,246,61,83,159,97,121,95,138,35,70,91,94,22,189,130,50,40,385,122,42,59,166,99,80,65,68,121,54,63,38,134,116,21,17,67,43
9,146,47,37,49,36,55,142,28,83,38,99,153,219,98,73,85,58,217,150,66,46,64,58,83,142,32,59,84,48,286,84,22,58,65,60,78,22,83,33,87,189,289,55,127,218,57,24,82,50,119,18,69,80,58,46,27,38,74,106,81,90,145,18,54,26,38,75,55,40,103,26,59,58,41,33,39,33,112,87,32,61,82,50,56,112,48,31,41,80,34,63,41,22,200,28,68,53,129,68,39,52,165,35,110,55,56,32,82,36,79,85,35,65,16,150,108,33,55,148,151,115,366,122,19,133,57,38,65,47,92,72,58,142,160,66,73,115,162,91,34,55,92,62,114,99,112,24,64,71,33,80,97,80,37,93,55,94,120,83,92,237,80,89,39,123,73,50,86,48,78,253,108,61,139,144,115,50,21,61,109,196,68,86,75,118,79,45,123,77,115,117,25,27,34,73,56,78,24,98,38,93,87,89,136,86,110,91,91,57,31,100,51,54,116,58,113,127,68,52,251,49,15,76,47,54,35,45,117,175,87,41,78,156,56,56,170,133,49,41,233,84,95,294,136,93,33,53,125,40,56,99,33,49,75,97,93,52,59,81,48,71,89,47,377,63,287,24,21,61,73,67,21,96,106,133,43,64,123,31,32,57,39,221,61,68,78,53,57,72,129,94,55,38,130,244,79,25,23,67,142,316,66,28,51,74,91,337,24,55,97,110,302,76,65,28,43,136,39,82,38,31,56,57,102,75,58,108,108,96,36,9,125,34,51,84,85,104,174,57,23,80,31,46,52,73,68,69,74,186,68,57,77,53,75,35,75,68,150,62,22,29,37,39,54,32,42,27,60,92,84,81,48,60,29,81,67,103,103,24,136,78,60,37,408,85,78,79,104,152,70,111,82,190,44,114,81,78,172,43,14,37,40,36,20,97,60,38,80,83,340,74,209,54,31,77,70,82,73,114,241,66,31,52,61,64,43,55,80,159,218,51,174,85,277,81,62,193,146,183,109,142,63,71,96,118,115,91,72,47,230,40,287,53,91,77,24,45,184,254,65,72,82,80,176,96,50,79,44,63,121,67,108,10,82,17,37,151,113,60,52,41,165,50,91,258,41,33,91,38,138,205,66,74,299,58,50,50,216,22,23,43,108,85,74,92,110,25,60,82,95,90,100,113,30,117,61,149,63,35,100,62,41,299,27,67,195,67,330,115,110,100,84,200,115,65,75,154,103,74,99,77,88,78,49,52,95,63,73,159,10,214,36,20,74,153,25,32,77,53,75,30,104,195,64,27,66,65,65,118,61,45,50,107,135,111,18,72,47,13,67,86,52,149,94,59,48,98,79,92,125,141,48,68,51,56,156,66,22,141,72,20,135,104,70,38,38,82,55,63,66,65,211,74,117,168,85,48,84,39,59,38,109,167,57,147,59,87,103,49,192,76,26,116,108,73,119,27,27,11,122,28,88,76,115,62,94,32,20,77,169,65,105,45,167,89,91,27,94,82,51,97,113,77,40,20,66,52,73,35,189,123,33,233,33,44,65,33,103,67,55,41,36,84,129,33,107,157,41,110,31,27,63,189,37,189,31,61,169,101,82,85,49,112,55,50,85,289,98,65,12,28,27,57,197,161,60,55,155,37,65,52,82,176,75,72,87,53,59,124,120,144,65,48,96,141,113,64,129,78,139,36,44,35,32,35,161,92,170,44,43,31,112,46,55,42,92,24,80,64,63,108,30,64,30,135,162,147,91,76,100,108,73,136,53,76,79,77,436,42,127,74,40,149,44,22,75,42,185,127,73,137,88,93,68,102,71,47,33,32,165,249,39,119,86,15,30,65,193,56,51,64,212,51,46,54,54,99,186,37,84,172,97,103,69,41,63,18,47,54,183,23,381,12,127,78,30,120,96,55,50,198,81,83,139,100,75,199,54,96,135,38,22,20,78,97,47,59,64,70,73,26,37,72,121,119,155,100,121,13,44,85,81,189,72,28,121,66,64,105,27,86,85,55,66,68,64,121,38,269,129,59,25,130,19,94,75,26,56,35,57,22,43,36,137,86,275,108,41,209,236,52,89,81,108,59,87,150,25,19,49,29,48,167,237,106,40,167,16,128,58,91,81,39,49,77,85,84,197,212,43,17,80,208,83,40,30,51,31,91,153,53,69,30,35,128,37,137,171,32,191,52,86,96,235,47,72,163,95,112,112,102,34,47,80,118,28,160,150,49,34,421,127,35,57,148,100,81,69,36,103,58,70,32,140,116,24,16,54,38
16,123,59,38,60,36,67,177,43,98,39,121,146,246,107,62,85,38,218,171,79,46,59,71,69,134,21,59,84,50,293,52,14,80,50,63,79,17,87,37,84,194,287,65,128,241,47,29,63,42,112,30,73,77,49,48,27,62,75,121,77,79,137,34,62,26,39,81,71,37,113,18,50,68,46,37,55,37,92,106,53,63,84,41,65,117,63,32,38,69,52,63,42,32,217,22,66,74,129,66,40,42,153,29,86,74,77,51,89,32,100,87,48,59,12,174,89,27,42,125,170,128,383,153,26,118,77,44,67,49,120,61,39,129,169,50,79,134,179,94,43,50,110,58,84,97,107,35,54,79,31,82,105,87,39,111,50,89,149,115,78,272,73,85,39,107,86,62,75,59,67,245,109,48,153,131,124,55,33,65,99,174,97,76,85,114,100,36,106,81,130,105,31,30,54,64,44,61,27,89,39,102,76,77,125,90,119,72,105,83,35,89,68,54,114,58,129,122,64,69,295,54,15,78,40,54,28,38,112,166,90,46,77,152,65,56,202,143,31,39,269,93,99,274,166,113,30,39,126,49,74,107,39,44,64,102,101,49,64,86,39,74,90,43,383,67,260,36,17,64,77,50,27,123,141,143,49,55,121,29,27,41,45,221,61,59,73,53,72,82,141,104,55,41,139,249,76,31,24,51,168,325,62,36,47,82,88,367,25,64,89,100,329,82,54,18,43,163,41,87,43,28,90,76,105,71,49,92,124,112,37,9,124,27,50,89,83,86,211,54,32,77,32,44,78,106,92,81,86,203,59,38,77,61,80,53,63,88,133,67,27,36,43,36,60,28,43,28,72,84,95,59,53,68,24,93,75,121,110,33,141,78,69,36,398,81,103,81,120,159,72,144,95,208,65,136,85,80,176,40,23,42,48,34,18,92,76,21,74,63,368,90,213,41,34,66,68,87,93,121,270,56,30,68,63,67,37,58,86,190,224,55,206,90,279,81,57,193,135,194,107,124,58,70,80,129,130,82,72,45,250,39,295,47,75,94,26,51,232,279,50,85,82,93,171,110,50,78,37,71,110,66,121,21,90,19,24,147,125,52,56,42,176,54,84,278,40,28,96,31,169,184,61,77,333,70,73,72,238,12,21,43,92,99,81,76,104,31,62,106,80,99,83,122,29,117,84,183,64,47,108,78,59,359,41,56,209,77,311,131,136,86,96,191,124,84,66,147,109,74,78,87,89,85,57,53,91,69,81,156,11,239,54,12,79,162,26,30,81,66,65,30,103,203,60,28,80,78,56,114,69,47,60,104,121,126,14,72,45,18,71,71,40,137,119,56,43,88,101,90,135,170,28,73,38,51,171,70,19,148,83,21,147,114,98,48,35,82,54,76,52,69,190,60,140,209,100,44,95,43,63,33,106,159,69,174,61,111,106,62,208,70,30,94,124,69,89,29,36,12,126,41,91,81,125,64,94,37,21,80,155,75,104,64,169,99,93,20,97,71,45,96,109,83,37,17,91,44,93,41,209,144,26,241,26,27,64,30,88,87,59,50,30,114,109,37,104,161,57,126,31,27,56,181,33,240,30,49,170,104,64,91,58,110,53,40,110,281,92,67,8,30,29,55,218,164,66,38,172,26,72,56,76,188,85,68,113,37,60,141,127,158,80,44,96,138,123,58,137,82,145,55,31,50,34,42,165,76,136,37,46,37,112,61,53,37,97,32,76,63,58,96,39,60,30,135,154,156,107,75,120,106,74,134,58,95,84,68,447,46,119,77,49,145,38,41,77,57,169,164,106,107,90,96,74,103,74,50,38,42,157,248,20,125,68,24,27,55,220,46,64,56,209,41,73,46,54,97,190,37,90,161,81,106,65,57,63,18,51,47,193,38,414,9,142,62,25,143,93,63,46,209,97,79,134,98,64,206,63,91,135,34,35,24,88,105,47,60,54,60,57,24,39,87,136,136,159,84,140,17,43,80,83,177,76,31,111,68,63,110,26,76,97,50,72,66,78,123,43,246,147,60,27,134,14,99,63,21,73,41,63,19,67,38,132,88,305,115,34,180,247,51,91,92,106,65,83,142,43,27,63,28,39,192,220,120,48,192,18,122,48,103,61,36,51,74,104,81,234,224,41,18,94,243,102,30,26,47,44,73,143,51,69,39,44,112,42,122,167,38,176,43,77,84,226,57,77,178,104,102,84,115,34,59,89,94,26,164,134,40,29,443,165,41,70,170,101,79,67,39,109,59,58,43,117,114,17,21,63,35
15,120,47,44,40,46,82,192,25,76,43,130,148,228,103,80,85,44,242,168,66,39,67,62,62,123,29,73,55,60,281,67,25,57,58,69,72,18,91,21,88,165,286,57,107,209,48,25,80,36,116,32,62,82,64,34,27,44,85,80,93,64,143,32,52,11,34,91,50,53,113,23,48,55,41,30,50,34,108,79,61,51,87,56,49,107,55,41,36,69,46,71,49,32,201,30,68,65,120,48,32,58,136,21,108,57,65,42,89,34,100,92,34,50,12,174,103,33,53,133,160,126,385,150,28,135,62,44,87,54,116,68,44,145,176,47,54,135,192,108,48,41,105,68,80,98,106,30,63,66,27,76,100,76,31,87,26,79,127,102,71,255,51,72,48,101,79,60,58,55,60,223,87,44,152,130,117,65,25,63,105,178,101,65,70,107,108,58,120,71,120,117,26,33,51,68,52,53,38,110,36,84,77,107,115,77,116,85,97,77,47,74,59,43,121,63,120,118,56,47,266,57,15,67,49,44,30,47,135,157,71,34,84,148,59,58,181,159,40,34,297,54,94,287,135,100,23,38,98,45,65,104,38,53,82,113,92,46,62,87,44,67,81,48,358,52,271,37,17,80,70,48,23,108,144,143,48,68,115,29,33,38,37,174,64,45,64,53,46,82,132,92,59,32,137,208,65,29,25,66,178,322,54,28,52,75,111,383,26,62,87,112,312,75,48,14,25,133,32,82,53,27,74,69,95,66,64,82,117,119,28,7,137,23,51,108,94,94,227,62,25,67,38,48,62,94,99,68,78,202,55,51,68,56,80,53,73,75,149,59,43,43,44,35,41,25,40,18,60,88,104,49,51,67,23,98,72,110,94,25,173,88,72,37,347,83,80,82,102,150,93,123,79,202,52,112,82,63,180,52,16,36,38,27,20,74,61,22,73,86,345,75,196,34,41,57,81,98,91,125,286,58,27,67,71,73,37,63,91,168,221,53,167,86,237,99,33,213,130,190,122,136,51,76,70,133,78,81,88,46,237,42,281,44,82,82,17,50,178,235,48,60,93,86,172,107,34,64,36,69,113,68,99,12,88,22,26,149,133,56,60,34,171,51,82,240,34,25,71,29,178,212,77,64,287,72,79,49,210,8,17,43,87,88,78,92,107,33,61,110,68,86,107,116,34,85,67,177,58,32,124,72,66,312,29,65,195,87,287,115,123,73,114,166,133,58,104,157,122,70,87,77,87,82,66,65,90,75,72,156,11,264,44,12,82,146,26,39,69,59,68,26,88,164,49,23,53,65,57,133,72,56,66,105,99,119,12,70,47,14,57,75,27,136,92,65,34,84,111,103,118,166,45,69,47,42,185,66,14,137,67,30,138,98,68,33,40,66,54,66,53,55,211,65,131,213,93,43,99,46,54,37,104,128,64,157,81,106,89,43,186,65,19,96,133,64,101,29,37,12,120,28,83,80,123,63,95,24,28,65,158,61,88,61,193,97,85,22,75,69,37,110,119,66,26,19,82,54,95,34,177,165,35,220,31,35,69,21,86,73,72,57,30,114,122,33,90,165,59,115,21,23,57,201,42,222,39,62,178,102,74,95,49,109,45,37,108,297,83,72,8,29,35,71,228,144,53,40,151,30,67,55,79,192,52,72,89,35,56,133,110,139,65,54,96,134,117,50,126,87,133,51,27,43,36,40,166,62,124,33,50,42,123,66,44,40,86,37,86,73,65,92,39,75,41,130,160,158,105,64,120,105,59,153,69,85,82,87,391,44,131,79,48,140,37,28,83,58,165,146,83,143,97,87,55,96,74,38,41,33,173,251,40,130,71,19,27,54,219,53,52,68,222,36,53,43,60,83,190,32,63,145,94,102,78,51,73,18,57,56,182,27,379,10,119,67,40,115,63,69,43,205,80,81,148,109,60,175,57,91,135,53,22,26,85,90,45,68,47,66,55,15,41,67,99,120,165,61,141,21,34,71,82,173,60,27,95,64,52,107,24,94,93,43,54,53,72,101,28,242,126,59,24,160,16,83,66,29,56,45,47,23,58,41,127,90,266,116,47,169,226,49,76,88,99,56,99,137,34,23,55,23,34,165,221,123,50,190,16,107,59,81,59,38,47,75,92,77,243,201,43,23,88,230,95,29,30,64,32,75,138,41,70,39,30,125,22,121,177,38,142,52,66,79,217,55,80,166,98,94,81,112,33,77,73,109,16,142,116,34,41,490,158,38,76,137,104,80,68,42,90,66,58,43,106,108,18,10,74,34
28,129,44,48,43,42,68,213,20,102,25,135,149,226,81,59,68,44,251,181,67,31,63,75,69,131,19,71,83,59,294,65,21,60,43,58,74,18,95,31,87,170,294,44,101,217,52,21,71,49,117,36,67,73,44,35,29,28,67,113,107,61,157,32,49,14,27,86,63,40,125,20,54,63,53,33,48,42,91,101,43,47,83,46,52,120,44,36,48,76,40,67,50,32,261,25,66,64,143,49,43,46,150,35,120,53,76,56,93,34,95,72,44,58,18,138,74,31,42,145,145,143,399,154,36,135,66,51,67,56,124,80,47,130,174,44,49,130,196,104,52,61,111,68,74,100,131,38,54,61,43,93,108,78,48,99,28,72,134,95,79,236,57,73,29,114,86,51,53,62,62,254,113,38,173,137,108,57,28,63,99,217,118,74,64,118,98,55,104,81,142,143,32,36,43,60,45,62,28,111,32,94,86,108,138,92,99,64,100,88,51,86,64,60,97,49,114,123,60,41,298,66,16,69,57,48,23,40,135,173,79,36,70,185,60,54,189,153,35,56,267,80,104,282,154,117,32,39,105,47,71,97,41,53,85,115,98,33,60,96,50,66,85,45,384,62,294,34,19,73,89,45,21,121,159,139,52,68,135,26,36,43,46,223,55,49,69,63,53,77,134,101,55,18,133,206,61,29,31,61,167,326,51,32,43,77,93,387,22,71,83,96,306,70,62,17,33,146,32,76,37,27,83,72,83,72,55,81,114,113,36,10,121,23,37,92,90,86,231,67,29,80,43,47,67,112,115,64,82,210,56,43,66,52,85,52,69,89,172,79,37,47,49,48,42,28,30,29,72,69,101,67,36,56,26,90,70,107,113,29,138,84,70,36,362,94,119,81,88,143,72,144,72,209,48,109,84,66,192,46,22,29,45,30,18,78,65,25,68,57,348,90,204,27,32,67,82,59,93,133,309,78,39,64,79,68,45,51,94,128,230,57,180,78,271,95,55,249,135,214,105,115,59,73,63,125,100,91,89,50,235,36,318,33,82,94,23,56,210,251,57,61,77,96,167,96,54,83,54,70,116,95,116,12,82,19,23,165,120,52,75,33,193,53,85,259,41,25,67,38,145,206,67,64,292,78,61,57,215,9,24,25,111,96,86,77,113,25,62,101,76,72,90,106,36,94,77,180,62,41,108,72,60,311,46,46,229,93,282,117,128,64,105,190,126,77,100,173,129,78,74,83,90,100,65,75,86,72,82,170,12,264,49,14,71,125,27,46,95,51,72,33,80,174,56,22,55,67,65,155,74,42,92,102,92,131,13,65,38,23,56,74,27,134,88,52,29,118,110,120,134,191,40,75,55,56,177,66,12,123,86,20,137,127,86,27,27,84,67,71,53,46,181,57,150,210,91,37,118,44,60,49,114,126,53,164,56,121,87,52,217,58,36,95,112,58,106,25,37,11,108,28,89,74,131,60,77,37,35,65,172,68,85,64,202,95,80,29,93,60,45,102,146,72,27,17,76,64,82,52,196,150,34,223,30,35,71,26,78,77,42,60,29,108,139,44,106,171,68,114,35,26,70,183,41,230,41,50,179,111,59,116,49,100,40,34,110,283,82,72,16,24,31,58,235,176,52,37,178,23,69,51,79,175,79,66,105,51,71,140,113,144,69,63,118,149,118,63,145,90,113,59,35,24,29,28,159,57,135,44,50,59,115,65,42,50,95,43,100,62,75,97,36,58,25,124,178,148,126,83,114,111,81,157,68,103,92,74,340,38,121,71,39,154,50,14,77,60,154,168,92,137,105,88,57,112,75,46,30,26,161,274,47,114,86,14,29,65,196,58,50,64,241,45,44,38,99,81,179,23,93,160,81,80,65,67,65,20,60,55,164,28,399,10,136,59,35,138,92,68,42,206,98,98,149,87,63,192,40,71,131,35,37,33,94,111,48,56,47,68,65,18,46,92,106,120,165,75,140,25,40,94,76,162,58,39,101,68,58,105,31,106,99,62,61,53,78,95,39,290,156,53,24,143,26,74,71,22,67,49,65,23,60,34,151,92,266,120,47,199,218,41,73,99,105,52,105,137,32,29,54,35,51,203,221,154,53,193,15,114,66,84,60,20,50,74,73,88,242,203,45,17,98,241,88,30,35,72,39,75,154,53,80,36,38,111,35,127,174,27,168,53,83,90,233,54,83,152,108,102,76,137,38,61,78,98,13,147,119,37,52,454,155,38,60,146,87,83,74,40,101,60,61,31,113,108,15,11,52,45
30,118,42,46,42,54,76,206,31,94,24,137,164,219,80,54,69,45,260,182,53,19,49,86,63,148,20,81,72,58,334,54,32,50,43,59,64,25,75,21,73,165,268,67,106,192,46,22,89,44,125,39,62,59,48,30,17,34,65,96,100,68,187,27,48,12,30,76,51,28,145,18,57,52,41,24,44,57,115,90,59,61,85,47,45,114,61,38,55,76,42,66,57,27,249,35,60,62,121,31,41,39,179,36,124,54,97,45,118,20,115,85,43,35,13,134,82,37,53,133,142,134,431,114,25,155,78,76,70,62,100,74,63,142,199,66,54,118,171,101,51,42,129,82,65,109,140,35,59,85,28,74,74,67,30,91,30,73,136,100,87,254,67,75,33,114,73,70,70,70,61,220,116,31,156,124,117,56,25,70,110,168,87,67,80,101,95,43,107,70,152,117,35,30,33,64,47,48,41,100,27,93,73,117,145,75,85,78,105,67,39,82,70,50,77,56,114,123,41,40,283,57,10,66,50,47,23,39,121,160,73,36,92,164,49,61,180,144,36,42,285,77,100,265,128,128,33,42,112,43,101,101,55,55,85,118,114,32,53,83,40,62,90,49,361,69,323,20,20,63,90,51,28,112,165,139,55,98,146,16,28,33,35,216,36,54,63,64,54,63,136,118,58,24,126,202,77,37,35,63,171,339,47,39,48,79,101,422,29,69,107,94,318,70,78,17,25,146,29,78,32,36,90,62,106,82,79,75,107,113,23,16,119,30,47,104,102,78,228,59,39,57,35,37,64,88,99,77,63,207,45,51,63,67,74,46,70,74,139,51,26,40,45,40,37,24,32,24,69,64,99,55,46,47,21,88,61,95,110,30,152,83,66,23,366,85,109,86,84,165,63,135,83,209,41,97,68,64,171,60,20,22,41,30,22,75,66,18,69,72,305,71,225,33,33,59,82,77,87,119,291,74,25,51,74,72,49,42,77,158,236,44,176,75,270,77,56,226,157,211,108,141,59,65,82,135,102,98,76,48,192,25,321,40,94,86,29,49,194,295,67,61,86,99,153,84,51,82,51,66,106,79,137,11,106,21,17,178,129,52,62,40,183,38,67,280,44,39,67,30,153,214,63,66,302,73,81,39,212,10,16,30,114,88,73,86,114,21,70,115,66,65,92,118,37,84,83,199,57,44,123,62,61,342,26,43,227,76,260,101,111,87,86,166,158,79,98,155,125,61,98,79,88,85,57,80,97,60,73,141,7,249,45,10,63,134,31,54,74,80,67,32,96,176,80,17,51,64,64,124,72,53,84,94,85,120,17,55,31,25,59,70,32,120,91,70,31,116,105,98,106,169,46,64,60,59,168,57,25,112,61,19,146,121,86,17,36,78,64,85,47,42,214,52,153,217,84,36,113,39,58,39,96,127,52,185,64,124,81,34,232,52,34,118,112,75,110,19,43,16,94,29,97,83,148,52,74,27,37,56,189,52,98,70,185,95,98,29,108,70,38,119,141,62,22,21,87,61,72,56,202,141,21,205,30,46,58,32,85,103,53,65,31,128,128,40,91,174,63,112,27,34,80,179,51,272,43,57,158,121,56,107,46,111,41,44,109,291,82,74,12,28,34,54,215,144,63,38,181,20,73,56,74,207,77,67,100,48,76,130,114,137,74,62,119,139,124,59,152,98,139,60,29,28,31,42,144,49,116,44,51,75,155,65,45,43,90,30,102,63,67,87,46,58,46,136,157,159,112,80,130,89,81,137,68,97,91,87,384,48,134,76,37,148,41,27,89,57,181,173,75,138,82,90,42,113,89,47,42,36,177,270,40,95,81,18,30,72,222,58,48,63,221,52,46,36,76,87,185,21,78,152,69,71,74,64,58,30,45,53,157,24,370,12,138,53,45,126,85,73,38,216,73,75,171,92,60,200,66,68,153,37,38,43,94,107,51,95,44,60,63,12,44,113,116,129,176,80,143,15,47,89,77,168,53,38,102,93,52,87,26,86,97,46,68,58,71,90,46,261,155,62,29,123,19,108,57,40,56,44,80,29,58,41,142,89,285,87,38,187,213,40,73,84,83,57,103,119,30,26,47,47,36,184,232,145,51,188,12,113,62,90,57,33,54,65,72,77,232,169,50,24,99,244,99,33,28,50,33,74,148,54,69,32,26,107,25,109,160,27,170,36,73,99,248,58,86,187,116,85,75,109,33,84,74,106,11,165,128,30,45,460,136,45,54,111,87,98,88,49,79,49,74,40,111,104,8,17,56,53
29,115,50,43,38,52,78,220,33,87,29,152,141,208,80,67,74,41,211,172,57,26,69,71,65,118,12,88,77,57,304,51,36,63,43,54,73,22,71,25,72,149,257,56,101,199,39,16,81,43,124,33,79,77,44,31,26,23,52,65,95,65,172,16,49,24,30,75,58,34,145,16,67,56,41,31,47,46,95,101,44,50,76,49,49,103,57,46,51,72,52,66,53,30,269,45,74,60,118,33,51,41,164,35,144,34,100,59,95,17,111,68,34,41,11,115,84,28,42,150,150,150,412,134,22,136,74,65,51,53,96,65,61,142,188,37,56,87,169,102,50,57,117,74,65,107,121,47,62,79,41,71,84,76,46,103,31,65,100,100,79,202,66,71,21,99,73,63,52,68,67,210,97,24,142,153,114,44,34,86,83,178,102,88,61,92,120,82,92,66,129,120,39,20,40,77,36,47,34,91,29,86,60,111,130,64,73,56,103,73,42,74,47,57,71,61,86,121,48,39,338,48,16,63,54,39,16,53,98,145,83,31,74,151,57,65,135,141,36,52,254,68,111,249,132,130,32,32,119,51,67,107,40,44,77,118,124,34,54,84,40,76,78,41,358,68,303,31,29,44,86,45,24,106,154,115,57,69,139,19,25,36,37,208,52,46,52,71,49,67,134,129,47,26,128,174,80,31,30,65,171,327,48,41,52,65,85,415,22,68,78,96,267,67,58,24,31,141,34,76,32,30,86,42,81,75,69,67,118,133,33,11,109,41,40,78,114,80,259,58,23,54,29,48,66,90,95,72,70,179,31,47,72,63,63,36,60,76,120,45,42,40,47,31,39,32,42,20,87,66,84,61,44,50,17,87,87,118,103,31,146,86,86,35,343,68,96,74,83,161,61,144,70,208,39,91,85,63,153,61,16,27,36,32,29,90,67,21,65,65,311,76,217,28,36,68,72,46,84,87,283,83,24,50,62,80,49,34,74,133,206,49,140,63,281,67,41,241,142,191,115,120,63,57,67,107,99,96,64,44,230,25,272,37,67,91,30,40,209,298,63,64,77,86,145,92,46,80,46,52,101,74,105,11,87,22,24,168,138,47,61,34,147,46,82,263,48,43,72,27,162,195,58,56,311,71,71,55,209,8,12,32,134,88,86,95,109,14,89,106,68,85,106,113,31,88,63,185,56,36,104,60,56,364,27,42,191,79,256,133,98,71,84,177,135,93,91,166,101,75,86,66,65,77,57,75,85,53,91,135,15,267,50,11,66,97,30,53,95,54,62,32,88,159,63,28,37,54,52,121,63,42,74,93,72,122,13,72,43,20,44,61,26,118,98,70,39,103,104,115,123,183,25,66,43,45,141,78,13,110,93,21,113,137,70,19,32,69,67,74,51,43,191,54,170,200,95,43,119,42,40,38,108,116,64,180,49,106,67,39,232,63,17,103,88,63,97,27,49,15,89,29,101,91,142,48,66,21,45,59,162,68,97,62,194,104,86,28,110,61,36,92,136,78,32,20,70,67,65,48,220,134,23,270,33,51,78,25,94,71,60,57,33,111,102,32,79,176,68,123,22,25,55,170,49,217,42,38,170,97,42,95,68,94,33,35,123,258,81,58,16,21,25,42,216,151,56,30,173,20,61,51,77,209,75,65,103,55,71,125,102,120,62,40,109,135,112,54,129,89,126,50,25,33,30,46,160,50,110,43,44,65,124,46,38,45,67,29,99,63,72,96,52,50,32,134,158,148,108,80,127,107,76,157,87,85,88,81,369,32,125,50,29,140,63,19,76,58,174,147,69,108,89,97,80,104,70,51,48,41,152,271,50,104,81,18,39,74,187,50,58,66,217,39,42,41,82,75,177,22,69,151,83,58,66,60,54,15,39,46,140,35,388,19,127,56,31,139,79,58,37,193,79,90,151,81,67,213,52,86,140,48,31,27,94,103,44,77,53,57,59,10,37,119,98,119,168,59,144,12,42,92,72,153,40,49,77,63,53,73,24,91,109,35,57,60,78,88,48,263,152,69,26,133,19,109,67,36,46,37,61,34,62,39,128,92,274,133,35,173,204,44,81,93,86,54,98,114,28,29,57,41,38,190,188,154,63,199,7,116,57,80,55,26,52,62,66,64,216,153,29,14,72,222,74,26,27,41,41,77,154,51,84,27,44,84,31,122,155,24,149,33,67,88,230,70,78,199,103,93,77,137,41,89,60,104,12,134,114,37,52,478,165,46,69,131,77,104,81,47,84,40,61,52,80,90,17,23,54,62
33,120,41,52,46,51,79,213,35,100,29,179,127,199,90,63,83,34,233,155,59,20,67,93,77,122,22,79,76,55,328,58,29,52,51,73,96,18,81,15,66,150,257,64,94,213,36,25,71,46,119,30,97,92,33,39,29,30,62,87,102,69,178,33,46,15,37,68,68,22,148,17,82,43,41,20,43,49,106,96,54,67,82,41,49,96,44,42,67,91,51,72,56,17,299,44,73,80,137,37,54,31,146,20,144,39,94,51,124,22,126,69,27,37,5,122,81,30,40,121,140,167,403,138,23,171,78,55,58,60,93,72,58,120,190,32,56,75,198,93,52,67,84,80,72,120,129,57,50,81,45,67,100,71,38,88,26,65,108,108,69,249,62,61,35,125,75,62,71,62,44,219,75,28,167,165,97,49,30,84,108,187,105,73,73,103,97,59,107,66,134,109,30,25,35,57,44,53,43,73,36,100,101,94,130,90,66,68,129,51,53,77,61,39,84,55,91,101,51,33,311,55,18,53,42,31,16,47,86,182,83,32,80,176,65,68,157,147,35,47,267,69,112,306,155,109,29,50,123,45,105,106,46,45,81,125,125,31,49,83,37,89,77,34,374,66,322,31,28,52,105,50,25,97,148,116,53,78,134,15,20,42,47,206,62,45,64,55,60,68,110,118,34,19,120,191,68,23,28,78,168,315,69,33,39,70,96,469,21,72,96,93,291,59,58,21,40,153,35,80,35,16,96,54,90,74,77,70,122,140,43,19,113,33,55,83,118,59,255,62,25,65,34,42,78,100,92,83,55,192,36,77,74,61,58,34,62,61,144,62,48,38,44,30,36,26,33,28,96,76,84,63,49,52,21,100,75,112,119,32,157,83,79,29,341,83,105,64,94,160,75,139,80,247,37,104,77,69,184,66,23,32,38,30,22,83,60,26,89,63,328,80,239,37,28,59,72,54,95,94,338,95,25,62,77,84,45,46,67,137,238,52,143,80,274,96,56,247,168,193,133,128,55,67,72,113,103,98,78,57,204,12,282,36,68,95,31,37,200,294,67,47,83,81,147,117,46,88,58,71,85,76,131,10,93,34,19,183,129,53,63,34,168,37,79,239,53,50,66,36,167,220,64,76,284,79,75,45,222,15,21,30,123,104,77,77,140,28,88,109,70,85,85,110,45,92,78,175,59,33,118,66,50,356,34,33,191,84,248,133,97,68,90,174,169,85,92,163,105,73,69,79,77,85,66,78,90,60,82,148,8,241,64,8,77,138,22,58,85,84,80,37,91,170,62,28,42,53,54,112,80,67,79,91,74,142,19,54,50,28,45,92,29,106,91,67,31,107,111,119,102,200,26,51,57,40,176,79,20,124,74,22,127,133,65,13,34,69,64,88,48,52,214,46,170,250,84,51,122,33,36,46,100,123,57,166,63,115,84,46,237,72,35,124,95,65,120,24,60,16,106,37,93,94,158,49,63,26,37,50,167,52,95,65,201,106,75,34,100,67,46,99,148,83,35,19,72,66,71,48,202,137,22,249,46,40,73,34,88,88,69,62,30,158,120,40,78,169,60,114,23,22,63,150,50,223,37,39,186,105,52,110,70,111,42,35,117,272,73,63,13,35,29,40,227,160,60,25,173,18,67,51,82,222,103,63,82,39,57,131,119,123,70,55,101,136,115,66,118,79,150,57,33,36,20,52,151,51,118,37,67,71,134,56,40,56,82,36,100,76,69,85,54,50,30,130,151,166,96,80,126,85,83,161,78,78,75,97,366,44,113,66,30,129,35,25,89,51,183,165,74,113,103,84,85,77,85,46,40,39,164,238,35,130,84,16,58,62,198,73,56,71,222,40,42,46,68,67,188,14,87,165,83,54,71,46,57,19,31,50,176,38,383,13,135,56,31,139,87,76,40,217,96,86,163,89,96,176,70,80,139,46,27,35,119,98,51,69,39,47,58,18,45,104,91,117,191,62,165,15,52,115,72,156,60,55,96,69,51,68,25,80,115,53,58,64,56,80,40,255,183,57,33,145,20,118,66,26,57,51,67,35,65,49,121,101,253,100,36,206,228,37,85,111,95,66,85,106,45,21,68,53,40,189,177,183,58,192,11,94,63,90,52,35,75,54,62,73,259,154,28,26,102,213,86,26,25,55,38,80,159,46,78,27,29,97,19,124,182,31,160,36,67,92,273,55,70,181,105,89,70,175,53,88,80,112,11,158,113,35,37,478,151,48,70,153,75,110,98,56,81,39,49,36,90,69,14,20,45,61
40,115,43,41,34,40,86,194,43,82,32,167,143,221,77,52,60,34,228,166,49,28,73,118,87,121,18,90,71,60,297,54,30,54,58,74,95,24,93,24,86,150,261,57,122,212,38,30,57,44,128,28,91,116,36,39,26,36,57,102,101,54,209,31,29,20,33,68,83,21,141,15,84,40,40,32,41,51,91,110,67,50,57,35,61,110,44,52,60,93,57,62,55,25,232,55,59,50,138,33,66,35,149,18,128,36,90,44,125,13,112,77,28,37,15,130,77,28,41,127,135,174,388,141,21,154,68,67,49,74,87,87,55,133,181,42,70,69,199,70,49,50,82,81,69,105,148,49,48,59,59,78,65,78,35,93,28,72,100,94,62,229,59,64,29,108,83,58,55,64,52,205,81,20,139,166,122,60,36,63,86,166,120,90,57,81,106,51,105,57,129,108,40,30,32,43,39,54,31,95,35,88,96,96,126,69,76,82,119,56,44,85,52,55,76,48,84,118,45,37,310,53,18,46,41,37,20,49,89,125,101,35,106,161,58,52,137,157,50,46,268,51,117,267,138,127,27,32,137,49,90,100,49,54,63,97,131,44,51,86,40,81,69,40,370,58,332,24,15,48,101,54,29,87,165,107,49,64,138,12,27,41,41,177,46,48,56,82,48,72,129,134,44,20,133,166,68,29,39,83,166,311,63,33,47,74,101,424,23,79,78,93,281,55,64,25,28,154,34,89,26,27,77,33,85,64,71,65,137,126,46,19,111,33,41,87,115,65,251,66,17,53,21,44,73,70,115,59,54,164,32,77,68,66,53,24,54,53,116,49,29,29,34,33,46,27,30,22,108,71,93,58,52,47,14,98,84,107,115,37,136,77,61,22,344,77,91,68,84,123,56,108,68,209,42,84,61,62,172,60,12,34,45,33,29,85,76,26,85,58,340,66,230,31,22,57,74,54,102,85,305,78,24,51,65,89,52,30,76,154,266,51,158,66,268,94,39,246,162,182,111,130,53,52,74,104,75,100,79,48,184,29,295,48,62,117,28,48,210,285,54,45,90,98,166,94,46,88,46,72,81,90,113,7,78,31,20,165,134,65,58,36,168,37,92,267,37,42,69,36,180,193,64,75,263,78,65,38,209,15,24,27,132,89,72,98,131,27,85,89,53,90,77,92,37,95,74,190,68,35,88,61,45,330,27,35,188,72,269,154,95,69,78,151,147,97,91,145,94,64,85,65,85,80,59,81,79,60,68,143,12,244,66,15,64,111,20,40,93,61,59,34,96,162,50,28,49,38,47,109,73,47,68,99,87,129,22,62,48,23,62,79,19,119,96,72,28,118,79,109,91,204,28,45,68,46,148,57,21,108,65,24,130,154,53,15,27,79,47,87,52,47,227,49,153,222,79,41,112,32,33,39,88,100,64,162,61,104,79,42,246,71,35,141,89,49,91,19,54,5,105,27,93,91,145,57,61,31,45,48,168,67,89,49,181,103,82,24,95,89,36,91,137,71,30,22,64,62,52,53,183,124,23,246,34,46,82,27,100,78,67,66,44,125,130,41,90,172,63,113,25,26,51,157,42,233,50,30,183,93,51,98,53,115,28,31,119,278,66,50,16,41,30,40,224,156,46,27,137,23,73,40,71,197,77,60,90,51,65,128,107,113,62,47,87,144,114,66,112,94,147,65,22,39,30,58,150,44,108,33,73,45,127,59,36,59,77,37,86,73,84,97,46,38,22,132,135,145,96,94,119,69,80,143,71,69,58,83,351,40,105,68,20,135,44,22,69,46,158,142,84,111,105,77,91,88,90,38,61,33,150,266,51,110,66,21,49,63,187,68,61,59,200,42,25,32,66,75,162,19,84,153,75,64,66,53,53,10,26,49,132,50,354,14,145,47,29,145,90,74,34,211,83,85,160,70,71,180,71,83,135,57,27,32,101,110,51,78,44,36,56,14,38,109,103,107,165,59,142,15,39,100,81,131,46,51,94,63,59,92,29,86,95,46,55,59,60,70,55,263,166,80,27,110,24,98,58,30,47,55,76,41,66,52,139,92,302,128,29,199,209,48,87,105,77,53,98,113,30,26,61,46,49,225,193,163,64,181,16,99,71,75,59,33,74,77,50,66,225,162,31,23,74,197,73,25,27,43,48,90,127,43,88,22,36,84,21,120,154,30,166,41,70,80,229,61,79,156,92,71,88,147,41,87,63,108,19,146,106,34,38,446,179,54,58,179,70,99,64,45,75,46,52,34,75,78,8,30,49,66
37,95,33,50,23,44,82,238,43,79,22,174,112,214,87,71,51,25,202,140,63,27,81,113,91,92,24,93,80,52,314,56,29,45,57,71,85,22,93,16,64,148,251,67,142,196,37,17,77,46,122,36,87,93,33,40,29,24,62,98,106,42,202,42,38,23,37,58,88,18,133,17,81,57,29,16,50,45,103,100,74,53,63,45,64,102,69,51,64,80,44,59,55,24,229,60,63,61,130,30,55,36,159,20,135,52,84,47,113,16,101,54,32,35,18,131,68,38,35,121,145,169,430,134,18,176,59,69,46,60,74,100,72,152,179,44,64,60,165,76,48,63,98,83,66,119,146,57,44,63,77,78,80,98,24,103,33,75,116,99,64,255,57,68,31,119,70,64,90,60,31,220,80,28,156,166,117,67,36,75,88,174,106,79,74,85,100,54,98,59,126,126,45,23,16,65,29,53,38,77,49,95,102,97,132,67,75,85,157,49,43,91,62,57,72,47,80,114,51,45,341,58,22,54,27,30,23,49,102,131,92,43,117,169,68,59,175,136,51,61,265,63,118,290,148,126,41,38,139,52,80,117,56,61,51,127,115,42,55,98,44,76,56,48,405,67,363,29,12,61,105,53,33,94,142,129,53,69,141,20,45,51,39,196,33,54,75,90,56,67,161,122,42,18,128,196,75,42,30,81,153,300,55,34,46,59,94,403,26,63,81,81,319,43,70,19,32,149,30,94,21,23,79,21,101,76,74,59,144,138,59,13,109,33,32,100,102,73,268,62,21,52,26,58,78,79,82,78,53,197,37,85,79,66,69,29,57,52,126,59,35,34,51,26,32,23,33,20,132,74,103,67,53,59,14,88,71,101,116,40,143,98,62,27,333,76,99,69,106,162,67,118,81,198,45,83,58,57,166,70,11,35,31,37,31,85,64,30,87,46,333,100,234,40,38,54,76,33,112,84,293,79,29,72,61,76,38,47,76,136,268,42,125,63,278,93,30,220,154,173,113,124,52,50,78,115,93,104,92,48,194,25,308,57,76,110,29,43,248,304,53,32,88,102,153,91,46,82,54,86,79,84,130,11,79,38,19,196,144,55,59,39,138,33,107,297,44,41,73,20,180,200,54,92,321,98,74,42,207,20,15,29,133,90,82,106,132,23,85,102,52,98,86,89,57,102,94,175,64,49,80,69,52,353,29,39,177,88,277,153,102,78,94,179,161,85,94,137,109,69,82,63,86,80,47,91,90,60,70,146,13,226,69,13,60,110,19,44,84,90,68,30,107,176,51,28,40,39,47,112,73,59,76,106,84,120,27,83,45,25,55,82,29,130,104,58,27,107,88,110,104,218,36,49,39,52,158,58,26,129,55,30,129,147,61,26,32,64,50,90,62,43,258,45,197,242,74,51,118,24,23,49,103,98,54,143,77,101,83,68,258,80,33,139,90,59,116,17,40,11,108,29,82,89,154,51,69,37,49,45,159,55,103,57,182,86,66,31,140,65,47,110,122,59,42,16,69,66,63,49,205,147,21,258,35,36,68,24,100,69,82,47,53,162,132,46,78,214,67,108,27,29,59,130,48,217,55,43,215,95,68,85,59,104,27,23,132,290,74,52,11,47,24,45,235,149,49,35,163,28,75,31,82,205,80,84,106,40,48,129,94,124,72,62,105,137,84,59,126,108,132,54,30,37,28,47,165,42,104,34,74,54,129,70,46,73,71,38,89,68,75,91,46,47,32,139,138,159,107,102,115,79,74,171,87,70,78,88,398,44,97,61,23,131,51,21,75,67,157,154,73,96,92,79,82,104,49,29,74,48,175,262,56,114,86,19,59,64,210,75,56,61,233,34,43,30,64,71,186,23,109,173,73,67,70,41,56,12,32,36,141,62,363,16,157,40,24,147,98,71,36,228,90,104,184,74,63,185,81,80,149,46,18,33,109,133,75,73,45,30,49,15,42,102,119,100,174,58,136,13,44,99,82,189,72,42,100,59,61,87,27,79,101,51,69,64,63,66,41,257,164,82,37,127,21,105,54,25,46,52,61,52,69,49,107,78,271,122,36,219,212,34,77,113,76,85,84,104,34,39,73,55,48,174,196,154,64,178,10,105,83,70,61,36,70,88,46,60,230,176,38,19,82,190,78,27,33,56,45,89,146,39,61,34,26,59,19,100,164,26,167,31,88,84,264,43,69,178,81,78,79,150,48,91,60,120,17,151,130,26,38,438,174,38,63,154,77,112,83,57,77,41,46,37,81,89,8,37,47,60
42,116,36,45,29,56,75,224,57,73,21,157,141,211,105,57,61,35,220,161,52,39,73,83,82,112,25,92,66,57,324,67,26,49,70,68,80,24,102,27,65,152,230,67,150,202,35,21,69,51,124,41,80,93,38,38,37,23,51,100,101,45,217,32,40,33,34,61,107,25,138,19,103,43,30,23,63,51,105,96,71,42,66,28,54,95,82,61,66,88,44,61,42,24,240,51,60,72,126,26,48,39,162,16,127,44,70,35,104,15,108,74,41,33,21,116,69,32,35,109,145,202,425,138,13,154,65,60,45,54,69,89,55,142,182,35,63,77,171,79,52,57,96,81,73,117,125,55,49,67,67,75,80,94,31,89,26,77,100,113,75,259,63,83,26,139,83,70,72,67,31,207,79,29,148,172,115,64,32,79,98,163,115,92,65,105,99,66,100,57,142,113,41,38,28,51,33,35,32,87,41,98,104,114,130,57,74,80,153,59,38,89,57,60,79,48,55,99,62,56,351,61,20,55,36,23,21,51,116,135,97,43,139,168,63,63,164,136,50,42,267,66,130,280,123,127,28,41,138,56,64,123,64,61,48,141,130,36,61,80,56,62,71,34,418,72,395,28,26,57,74,64,40,96,147,106,52,75,110,22,39,57,38,203,39,43,66,75,37,49,165,134,43,21,131,161,68,22,29,77,157,323,41,33,56,54,107,458,20,67,84,91,342,45,65,25,39,129,34,110,27,21,79,46,117,68,63,72,138,114,51,12,101,40,31,90,117,67,266,55,18,46,25,38,64,87,84,62,61,180,41,94,74,71,52,30,44,56,104,58,29,44,36,27,28,21,40,15,110,85,112,55,46,48,11,89,82,113,121,42,146,92,60,21,327,75,101,61,86,160,55,100,80,203,48,83,57,82,182,68,11,25,29,31,15,95,73,31,85,43,338,82,251,37,27,51,70,46,91,81,313,91,27,69,73,93,36,33,84,144,304,42,136,61,290,107,33,212,146,181,89,117,49,49,84,107,73,91,57,50,180,24,298,53,66,112,22,45,215,298,45,42,80,102,162,107,54,75,52,72,76,102,125,9,87,41,14,198,133,53,65,47,161,38,98,289,44,40,72,33,158,172,62,83,290,78,77,37,201,23,14,23,124,81,67,123,124,22,81,108,65,103,77,72,38,89,109,198,66,40,77,48,57,353,31,32,201,69,256,141,131,77,89,194,142,86,101,125,128,55,94,60,101,92,59,80,91,56,75,142,14,256,80,17,57,126,20,41,105,84,74,28,91,159,50,30,49,31,26,117,76,64,87,82,91,106,26,75,41,23,65,73,23,136,87,66,23,103,99,111,89,201,29,33,52,52,158,55,32,124,54,43,137,140,42,23,23,62,62,72,44,55,216,43,181,236,82,43,113,27,25,48,107,87,60,163,77,129,86,64,260,70,24,133,103,55,92,16,54,12,106,29,96,75,173,66,75,38,46,42,151,67,101,61,214,86,80,37,115,66,40,111,147,65,40,19,76,65,45,57,201,124,17,267,36,48,52,29,128,67,82,59,32,169,144,38,66,216,57,110,34,41,48,140,49,228,51,35,182,108,59,90,48,115,30,17,116,255,59,54,21,49,32,41,219,163,41,26,136,20,101,34,71,196,80,63,100,47,53,115,83,111,68,51,102,144,98,44,134,108,125,59,27,46,30,40,150,38,100,31,71,52,131,66,27,63,66,40,65,58,88,89,53,43,22,141,120,165,112,77,114,85,77,175,73,88,57,99,366,48,107,50,21,124,48,18,78,54,150,151,94,98,89,68,84,85,63,28,75,48,164,270,47,107,70,20,61,53,219,68,54,62,211,48,33,30,43,67,199,20,103,165,95,67,48,27,60,11,28,39,142,69,357,20,134,54,25,149,106,50,48,252,109,94,193,57,63,189,86,77,147,43,27,27,110,103,69,71,37,30,65,12,39,105,111,113,184,56,151,16,25,85,61,173,81,39,111,81,41,93,24,75,101,57,63,69,52,78,43,264,161,79,35,126,25,124,59,31,56,44,89,33,68,48,112,94,287,118,36,201,214,34,66,113,59,67,96,105,25,25,62,55,54,220,188,164,87,182,10,103,72,58,65,42,61,104,39,64,276,168,21,21,81,194,74,14,28,48,45,100,159,48,61,26,34,64,20,131,164,31,164,29,75,89,307,48,62,152,70,77,74,135,54,74,60,120,12,136,133,28,44,431,192,48,72,145,95,111,85,37,77,43,37,34,74,80,12,43,42,60
33,111,32,36,28,60,71,224,36,70,25,152,114,196,80,59,59,37,191,133,54,35,62,88,55,100,32,71,78,43,311,54,23,54,69,48,77,26,95,21,52,130,224,66,140,190,40,19,64,36,111,22,80,87,39,34,27,25,33,87,80,28,186,37,29,19,26,67,101,27,133,19,71,38,23,15,59,43,84,80,78,52,61,31,61,87,44,60,70,62,36,47,58,24,214,36,67,57,117,17,52,41,165,16,127,48,62,30,101,23,95,57,33,25,24,111,72,31,27,109,120,180,347,116,15,128,65,60,43,47,66,94,33,129,168,42,58,65,148,70,51,51,79,71,66,112,92,45,41,74,62,56,81,79,35,77,25,51,86,81,85,236,65,78,22,117,84,56,79,49,34,187,81,26,127,141,117,73,28,66,97,162,108,89,42,74,96,64,99,48,138,106,43,38,21,67,28,25,37,92,40,92,104,101,118,49,55,72,148,48,20,74,55,45,67,28,73,94,64,42,307,59,15,53,34,19,17,45,98,134,69,32,100,132,64,49,157,108,36,51,229,51,120,287,125,111,17,31,142,60,65,117,52,55,49,130,110,36,43,82,52,54,57,37,343,67,325,36,14,51,60,39,26,88,150,94,45,72,111,12,38,54,35,181,33,49,63,67,34,59,129,111,46,18,133,131,62,33,23,67,140,314,48,35,49,45,70,417,17,75,71,90,301,41,63,23,38,111,32,81,33,15,50,44,85,57,39,51,135,112,47,10,110,34,33,89,103,87,243,57,17,44,18,37,57,66,80,65,56,142,38,83,77,49,49,18,39,61,110,43,15,38,35,18,27,19,37,16,103,72,104,52,43,49,11,73,80,94,122,28,132,97,65,19,275,60,93,52,92,147,47,82,71,192,30,71,57,65,168,63,14,23,27,25,12,66,56,20,84,30,279,69,230,23,11,57,79,39,64,74,275,78,30,54,63,76,38,38,86,115,278,37,115,46,281,87,34,212,129,156,100,92,41,50,67,96,80,62,64,35,157,25,253,39,59,106,26,41,206,224,49,31,93,115,125,92,62,87,46,68,86,85,121,8,72,40,23,149,130,43,67,40,148,32,94,290,46,29,69,31,133,168,60,63,260,53,52,41,195,18,16,26,116,69,57,102,106,19,62,104,45,118,77,60,44,107,104,159,57,26,81,42,53,337,23,34,176,53,240,128,115,59,69,167,117,78,99,123,108,66,74,59,63,89,43,76,62,60,61,147,18,261,58,13,38,109,22,39,100,79,58,22,113,137,56,26,39,33,28,122,78,75,69,81,96,89,15,56,33,16,64,74,28,120,87,65,27,95,97,98,78,176,19,31,46,48,151,46,26,105,50,48,120,127,52,18,26,44,58,61,38,43,219,39,179,210,78,31,111,33,37,41,100,81,63,178,64,94,81,57,252,91,28,103,86,56,67,12,52,22,99,25,82,65,138,40,55,27,33,45,126,52,92,52,211,80,65,36,110,51,33,106,138,60,32,21,68,81,52,50,180,131,19,224,34,48,61,31,105,64,83,43,37,131,136,24,53,170,70,87,24,35,42,119,36,199,40,28,159,86,55,71,54,110,26,24,117,216,63,52,15,32,21,31,180,131,41,19,145,29,73,33,64,174,83,72,92,56,50,108,73,120,50,42,80,123,92,47,139,84,112,63,33,38,22,47,144,22,103,40,44,46,128,47,38,52,70,29,69,65,78,97,43,39,22,126,125,155,106,75,103,70,66,155,66,93,54,86,353,43,101,50,28,117,52,9,50,41,149,125,75,86,76,61,71,69,40,40,67,59,129,217,39,105,47,18,48,55,202,68,42,62,229,40,22,26,53,73,184,14,96,147,78,65,42,35,62,8,23,39,111,50,363,14,136,37,15,138,89,49,34,244,96,97,186,58,52,181,53,78,130,40,12,32,106,90,77,70,46,28,63,4,48,81,93,81,150,69,136,18,26,93,74,161,72,35,103,67,47,104,19,73,84,45,68,67,71,61,34,243,134,76,24,110,24,110,52,17,47,45,65,41,61,47,91,57,241,109,33,184,196,33,45,104,63,62,86,103,27,22,53,57,44,188,200,149,77,164,15,116,73,64,58,36,48,76,32,61,207,157,19,20,74,179,61,15,38,48,39,100,119,36,54,26,36,62,17,92,159,27,147,31,81,75,257,40,79,145,64,82,54,131,51,55,44,141,19,117,107,37,36,362,147,46,60,138,66,107,69,39,81,37,32,27,65,63,12,38,33,71
39,111,31,41,25,56,79,263,51,72,28,191,116,232,90,64,61,43,191,132,55,26,62,85,64,117,27,86,56,56,354,53,36,43,58,61,91,30,97,17,71,141,249,54,150,204,39,24,81,65,122,21,98,98,34,24,35,24,40,91,121,45,205,43,39,30,29,57,98,17,161,18,100,48,28,13,61,42,95,87,96,58,61,39,44,95,63,56,70,70,59,51,58,20,249,36,58,64,137,22,46,46,215,15,117,58,63,53,111,18,102,93,39,32,21,139,75,37,23,150,123,200,387,127,9,144,54,58,53,63,84,105,48,137,190,45,74,70,168,43,68,78,100,58,64,111,93,57,59,76,72,64,93,102,48,71,26,69,117,108,78,303,74,77,21,132,73,75,84,71,38,203,79,39,126,149,89,86,33,80,99,148,122,87,64,89,103,68,96,56,139,126,54,42,23,74,34,47,39,81,28,113,86,109,131,56,86,75,146,52,30,97,59,55,84,27,65,84,69,44,354,83,15,59,39,16,31,48,95,142,105,41,121,147,53,75,186,132,51,55,291,46,124,309,152,121,25,41,152,55,57,144,71,52,43,141,127,43,44,88,47,62,61,26,434,84,392,35,18,51,74,52,30,110,166,117,51,88,117,11,47,49,27,184,43,49,74,78,33,59,158,138,45,25,135,115,71,45,23,69,190,323,52,35,46,78,78,461,23,82,75,80,332,39,76,33,42,122,26,108,47,15,55,51,88,49,41,68,156,116,53,11,109,25,40,90,130,87,251,63,26,56,24,49,57,67,86,75,77,172,31,88,74,60,51,15,50,65,99,61,34,32,45,21,46,25,38,18,136,84,101,47,53,53,7,86,78,90,131,18,139,87,87,18,306,70,85,43,81,145,38,93,61,223,30,77,64,86,167,80,13,31,26,32,14,56,68,23,86,35,306,86,228,36,22,49,78,40,77,86,278,87,21,58,61,98,32,48,69,100,307,32,143,65,308,98,39,247,159,149,110,97,40,64,84,99,81,77,64,48,179,25,272,50,55,122,24,44,212,255,48,33,74,121,126,126,60,72,43,64,85,74,122,11,100,35,20,206,130,54,65,37,164,57,96,320,54,37,75,34,154,150,67,66,313,70,49,36,229,14,14,32,140,70,81,107,109,14,66,118,57,94,89,78,54,86,96,191,83,39,97,46,65,371,29,43,199,57,268,145,152,70,67,204,151,88,95,147,121,58,90,69,80,87,57,61,66,61,72,141,9,279,59,17,60,129,20,43,120,100,74,31,111,144,44,15,34,36,35,123,70,73,71,63,107,92,23,57,40,26,54,96,26,137,84,61,22,114,104,109,95,182,23,42,43,48,177,45,28,110,59,43,146,135,52,37,31,63,70,72,49,62,245,40,172,236,76,34,88,31,28,49,101,80,59,164,77,113,90,57,264,116,21,124,83,56,64,26,50,17,115,33,89,77,193,60,59,41,34,35,146,74,108,55,204,77,65,34,122,55,32,128,158,56,38,22,74,67,51,42,189,117,14,267,34,52,57,33,131,74,94,50,49,156,140,24,75,199,78,79,36,33,51,128,36,221,38,42,175,90,60,82,47,116,31,15,123,233,65,56,16,36,25,40,213,137,35,33,179,22,95,42,66,201,76,69,124,59,61,121,59,126,60,34,76,136,107,46,129,91,119,60,26,44,33,34,156,36,98,37,55,57,130,47,21,48,79,43,65,50,62,105,57,33,32,166,118,192,79,81,117,105,65,191,66,92,60,96,424,46,104,62,52,123,73,9,47,31,168,128,85,99,88,90,67,90,59,24,87,56,145,215,54,101,67,26,62,66,228,73,54,51,221,52,33,29,49,61,176,18,89,149,90,62,57,29,66,12,28,31,134,61,390,23,153,44,21,157,89,44,49,271,107,103,193,67,71,195,71,82,190,44,11,30,137,120,90,57,47,21,73,14,36,93,94,124,161,67,148,20,26,90,73,192,93,55,130,85,50,107,20,93,85,42,94,68,86,64,33,253,170,77,19,120,24,114,61,33,41,48,68,35,68,51,123,97,280,117,35,204,199,32,48,97,62,73,107,100,23,18,50,60,41,186,198,169,89,134,13,96,88,68,53,45,62,83,33,79,244,173,27,19,87,205,73,15,50,61,40,111,151,44,66,35,34,56,22,116,140,36,141,28,81,99,309,30,83,129,67,89,68,120,74,63,60,156,14,125,133,37,29,400,156,43,89,148,66,116,92,36,106,36,52,40,71,94,7,44,46,56
34,109,22,38,17,55,75,246,54,61,36,169,99,198,94,59,72,42,178,163,66,38,76,71,63,101,33,61,68,43,332,49,37,48,61,60,88,26,74,25,69,124,218,61,146,210,29,35,72,59,110,27,87,76,33,23,32,28,36,102,106,47,207,42,43,26,26,49,101,28,142,11,76,48,27,14,64,36,92,71,89,62,66,38,56,84,63,59,54,74,65,56,72,31,248,43,71,45,115,26,61,53,199,21,125,66,58,46,117,27,96,70,51,25,32,148,61,24,20,126,111,201,364,100,5,139,59,57,36,55,72,94,44,138,186,30,57,70,159,47,66,69,83,68,62,87,92,54,45,49,62,60,81,102,39,68,24,64,100,95,91,234,71,70,21,112,62,67,68,59,36,204,72,25,145,150,108,88,34,74,77,164,101,67,57,76,111,54,96,61,138,125,49,41,18,77,31,39,33,82,32,121,100,84,107,49,81,82,157,57,26,72,42,34,86,26,84,92,59,33,304,81,17,46,40,19,16,64,108,128,104,36,118,140,51,69,160,126,59,49,255,50,126,289,111,119,19,35,175,43,56,113,59,64,48,154,111,25,34,107,47,44,53,14,414,74,353,41,15,47,65,40,26,121,168,109,53,81,114,13,35,52,27,187,36,50,64,78,28,68,142,123,44,24,136,140,56,50,28,68,141,330,57,36,53,65,89,462,21,74,75,99,328,34,60,45,26,106,23,76,40,14,62,46,87,40,41,59,150,112,39,10,120,26,32,101,111,85,223,49,16,43,17,56,67,86,96,73,75,164,27,88,79,42,52,20,55,85,87,66,23,30,56,27,41,24,39,15,112,76,113,58,60,40,8,85,96,88,134,27,137,83,80,20,295,61,72,49,105,134,46,71,61,230,32,67,58,83,161,61,23,21,27,23,17,59,66,25,74,29,319,70,233,35,22,42,74,49,80,87,264,72,25,50,62,103,31,29,79,112,301,26,111,69,323,94,38,250,143,131,90,77,47,49,83,85,79,73,64,41,170,29,294,47,63,108,31,45,208,237,47,32,78,132,155,132,77,69,37,60,93,86,139,13,85,37,20,201,119,62,63,39,152,52,89,296,57,41,55,23,162,150,80,85,267,65,47,44,217,18,14,23,123,88,70,107,107,14,61,107,47,113,82,78,47,105,88,156,71,48,87,50,63,357,33,32,199,64,288,160,113,69,75,194,153,73,108,118,109,62,86,51,77,77,65,62,72,51,59,131,22,261,49,22,37,125,25,57,110,81,65,40,116,128,50,20,39,33,23,135,76,88,64,73,89,69,14,53,41,26,36,77,30,125,85,45,33,138,99,113,90,194,26,56,52,47,177,54,31,134,70,49,154,171,57,30,36,67,92,67,46,66,224,31,171,193,91,32,108,34,27,37,116,102,78,191,58,104,92,47,304,101,19,147,76,43,62,26,40,18,109,33,103,51,174,41,48,43,38,39,140,73,95,46,225,73,62,31,110,56,32,127,170,55,39,22,81,79,33,54,187,134,16,266,22,50,69,20,143,72,115,42,54,149,142,27,87,170,66,92,22,18,43,135,37,193,36,35,167,89,40,75,47,105,26,27,125,227,74,39,15,34,20,33,223,139,37,36,157,38,75,48,69,200,74,94,109,47,47,102,64,117,39,47,74,122,86,44,111,101,115,58,29,55,26,43,164,32,101,41,82,57,128,63,27,52,72,36,66,56,62,94,52,26,27,166,101,210,110,82,123,96,63,179,69,94,59,82,408,43,75,64,35,132,58,5,48,37,152,131,78,94,79,82,59,86,46,31,80,68,141,244,43,87,73,19,51,64,194,63,45,48,222,51,28,24,60,68,175,24,100,159,68,80,44,27,62,11,26,39,124,57,376,23,136,47,18,157,72,50,53,246,106,113,203,71,73,211,53,68,166,52,15,31,116,100,87,75,43,27,62,12,30,89,116,97,143,61,136,21,24,99,75,159,98,51,122,77,46,113,19,94,87,27,80,84,78,64,38,245,159,79,24,121,24,119,53,32,54,42,71,42,64,58,100,82,275,117,36,191,194,39,43,127,52,66,81,115,27,21,42,64,48,216,184,169,88,140,19,99,72,71,51,43,76,104,25,61,221,173,25,20,93,200,70,18,51,49,32,98,159,38,80,34,34,56,21,122,144,35,145,37,72,71,293,45,88,153,69,72,79,108,61,57,52,169,12,123,127,28,39,350,134,41,72,143,70,107,80,54,100,42,38,33,79,70,12,38,39,80
35,134,23,34,17,50,85,239,50,73,33,161,114,229,105,63,70,38,189,155,86,31,85,88,65,102,30,76,54,37,352,41,33,46,69,70,101,30,74,27,70,137,224,62,145,222,29,25,88,47,108,25,98,86,30,20,40,29,41,86,101,52,213,53,32,31,44,74,89,20,137,15,78,41,31,10,62,31,103,66,102,62,66,36,50,91,66,69,55,62,66,67,68,29,245,26,80,38,124,23,54,51,219,9,122,63,58,58,121,26,80,82,33,21,22,156,68,21,19,152,127,194,364,124,11,165,59,45,53,56,67,100,42,133,192,22,56,90,166,52,88,78,113,72,54,111,96,70,58,63,78,66,80,115,43,67,26,55,113,107,93,259,69,72,20,149,59,56,73,52,42,215,85,44,114,133,102,87,37,71,99,149,104,77,48,86,117,71,109,54,123,140,44,36,19,61,25,38,42,98,27,100,95,115,117,49,90,96,162,59,30,86,56,51,100,32,72,87,58,36,302,72,27,60,29,26,20,60,107,135,121,48,111,139,51,58,169,135,61,49,272,40,119,299,137,147,14,33,149,51,67,111,65,58,48,149,123,48,38,88,48,59,58,29,437,73,395,32,20,43,61,41,30,117,152,99,40,82,129,17,50,76,32,205,42,54,76,61,29,65,147,120,54,19,128,106,70,55,22,64,176,330,59,34,48,65,102,477,30,88,99,89,371,35,92,39,26,109,15,97,46,13,46,42,73,46,35,55,178,129,40,8,119,32,39,99,93,79,234,46,18,32,26,46,72,76,102,72,78,172,25,89,65,62,62,20,53,93,100,84,31,45,81,22,45,30,52,24,109,78,95,68,70,34,17,83,87,84,139,32,136,68,74,18,294,74,83,58,95,152,18,92,49,207,27,67,65,99,187,77,32,23,36,24,24,58,64,25,82,42,299,79,208,30,14,43,91,39,73,91,254,79,12,45,52,83,31,31,65,121,285,25,108,51,323,77,45,247,165,135,91,96,55,33,89,112,70,70,58,48,197,30,296,38,65,106,31,49,236,236,47,31,88,119,150,138,90,63,43,64,76,89,125,14,75,41,19,191,140,51,65,48,138,39,86,319,46,32,70,21,165,154,81,64,314,62,64,36,220,15,16,21,119,72,76,115,106,8,58,109,57,100,98,55,42,100,97,186,96,46,104,49,66,383,33,31,219,79,270,176,142,78,86,220,167,93,115,143,106,44,81,54,79,82,65,70,98,59,70,129,16,245,53,15,42,126,24,49,114,73,73,33,115,145,66,16,38,32,27,133,72,86,80,57,100,90,20,61,50,26,49,81,24,137,75,62,32,140,111,94,99,199,26,50,46,42,176,44,40,115,66,50,145,161,53,36,31,75,104,75,42,67,228,30,165,210,87,38,95,27,31,38,110,87,69,184,69,115,97,46,266,104,22,126,101,43,48,27,69,11,135,41,82,54,198,53,53,54,46,41,124,61,111,46,233,78,66,35,110,49,34,108,176,47,37,23,71,74,51,46,195,120,11,266,35,42,54,29,148,69,128,59,55,179,130,22,69,191,90,72,24,30,48,124,35,216,41,27,175,104,44,83,42,113,27,30,143,240,75,46,13,33,22,26,218,156,49,22,138,32,72,62,96,196,88,83,108,55,51,108,70,116,49,45,62,89,98,62,121,83,114,73,41,53,25,39,151,49,97,54,70,48,112,62,32,41,86,38,65,49,76,99,52,28,23,169,114,196,111,93,133,109,68,172,66,91,69,87,450,48,83,58,40,125,71,12,58,32,156,140,80,104,89,110,69,99,51,38,95,48,159,243,40,93,57,27,43,59,181,80,49,49,239,41,32,29,68,72,163,27,97,153,82,72,38,38,67,14,34,39,110,60,409,26,159,39,24,161,111,42,59,276,115,112,186,81,81,202,78,96,181,49,21,27,120,101,97,66,44,26,60,11,33,86,131,110,146,60,143,20,25,90,88,165,108,40,106,66,47,112,21,77,90,37,63,78,96,59,41,266,141,74,17,128,20,117,57,34,60,46,62,40,54,64,100,104,258,102,37,214,216,45,36,109,46,51,66,106,31,28,57,45,43,183,187,167,79,140,17,108,82,74,53,55,65,113,26,80,263,173,27,29,104,207,68,14,55,48,27,105,137,46,76,27,27,56,25,104,162,36,144,31,74,80,292,44,97,120,91,91,67,123,53,67,64,156,12,134,125,23,32,366,156,60,77,147,80,103,93,52,81,42,46,28,78,90,4,47,44,75
34,107,11,36,21,38,83,248,60,66,27,177,120,222,105,60,67,39,202,117,75,32,77,76,68,114,40,79,42,39,318,38,39,50,73,53,88,19,97,32,54,136,252,71,120,243,45,36,86,49,96,27,94,66,24,24,36,36,28,78,117,50,227,50,28,16,38,58,108,18,133,21,66,48,26,11,70,38,131,71,95,67,51,30,52,91,61,78,60,64,69,61,68,24,248,37,67,41,121,30,40,52,185,19,100,67,41,42,106,41,85,70,39,25,34,139,68,23,28,149,140,181,368,114,12,143,56,59,42,57,72,89,36,146,186,33,70,101,165,34,79,65,95,65,54,82,91,68,38,63,68,70,66,113,36,78,29,47,83,95,98,230,59,78,11,133,62,67,63,60,45,188,72,36,128,153,96,69,30,64,76,144,96,69,50,70,117,46,107,54,118,143,48,30,21,76,22,49,47,91,35,100,108,92,106,46,90,98,172,50,25,69,44,52,75,27,85,72,49,34,293,82,26,56,35,24,12,69,88,133,126,28,126,182,48,60,159,138,75,45,271,45,119,283,117,128,25,34,146,54,75,119,64,67,51,164,107,34,43,88,50,44,47,24,417,67,372,25,13,54,67,26,35,105,160,115,42,78,133,15,67,50,27,221,33,55,70,67,41,70,141,127,60,29,124,123,49,39,27,54,153,324,51,35,44,59,83,422,23,102,69,118,342,21,91,37,33,94,12,101,39,15,65,39,70,46,38,81,164,106,37,9,113,33,40,100,92,82,214,72,21,40,17,70,71,65,92,92,75,140,39,101,70,52,75,18,54,89,94,51,38,30,65,20,39,40,52,19,108,67,94,67,62,42,15,71,93,65,144,31,151,87,78,18,302,72,87,49,102,145,37,93,60,219,15,69,58,86,167,64,19,17,37,34,20,75,61,31,91,27,300,75,209,29,26,34,84,45,79,81,247,79,21,42,55,84,33,53,43,113,264,36,86,63,351,91,61,228,145,111,104,115,47,40,116,99,70,81,69,39,174,26,305,45,57,118,27,33,216,217,55,35,73,114,176,113,80,84,38,66,79,78,114,15,69,48,14,174,130,51,55,39,142,42,88,298,50,38,59,15,168,132,61,74,279,80,60,38,211,9,16,23,104,42,53,110,92,11,40,104,35,116,108,63,44,102,97,173,95,44,88,57,71,338,28,45,204,63,246,180,113,62,74,216,174,90,82,138,106,60,68,51,79,90,62,71,74,67,65,128,19,240,36,36,54,137,32,51,108,77,54,31,96,156,67,19,43,24,23,137,82,70,71,56,103,77,17,48,46,38,45,66,22,112,86,73,32,130,105,106,98,167,37,51,46,32,180,25,25,118,77,36,132,150,44,41,28,63,96,55,42,77,211,22,164,211,80,30,99,33,20,45,92,76,60,170,64,105,77,37,291,108,25,126,82,44,48,28,56,10,107,22,77,75,199,50,51,53,41,39,152,61,112,44,233,81,58,34,118,41,36,124,167,48,48,27,60,72,43,52,172,126,11,224,24,40,49,19,156,66,109,40,38,178,128,27,76,153,77,78,28,19,50,116,27,202,48,34,150,92,51,71,42,127,28,32,120,266,70,45,12,39,28,32,209,151,30,21,127,30,92,43,98,201,89,85,106,41,48,106,65,108,55,51,59,100,93,62,123,83,119,66,31,37,25,31,156,37,122,55,89,53,98,71,22,44,71,34,62,72,47,89,55,30,22,147,98,171,109,85,131,102,85,188,52,90,64,78,372,45,72,73,34,119,65,14,62,26,161,106,95,99,107,98,62,94,40,29,95,58,131,215,49,94,60,28,46,68,174,68,34,61,238,37,34,39,52,71,155,27,113,155,74,62,50,27,68,16,27,37,115,47,401,27,151,33,16,148,93,69,33,288,123,90,207,79,64,185,72,82,178,45,16,26,91,100,97,74,42,22,72,13,36,96,129,88,117,59,139,13,27,77,89,137,104,44,125,87,48,99,33,71,94,24,54,91,87,50,42,272,156,69,12,129,26,116,56,29,58,55,67,33,52,65,118,86,293,96,40,216,202,47,26,127,34,41,83,105,33,26,44,55,48,179,196,158,90,138,10,107,99,80,58,46,75,105,21,77,256,164,25,37,89,213,60,15,57,43,23,73,130,39,78,32,25,43,27,108,164,37,152,33,79,79,295,38,73,132,84,97,76,115,46,67,56,137,12,131,122,22,31,303,163,65,51,160,62,108,76,50,89,29,32,32,79,100,6,51,34,60
37,133,29,38,22,47,95,287,54,64,30,206,106,224,129,52,66,39,195,157,53,41,60,93,83,110,27,64,47,31,319,27,34,45,66,37,99,10,90,31,47,152,284,63,142,249,46,29,83,51,109,20,83,89,24,23,53,38,23,90,125,60,231,80,20,26,28,70,115,23,133,21,56,51,38,11,64,35,121,69,101,61,47,36,51,74,68,76,45,63,65,68,61,19,248,35,73,38,125,25,44,59,182,19,114,69,52,51,144,40,86,70,47,21,31,176,50,28,25,136,152,215,393,124,13,182,56,55,28,59,67,97,49,163,184,27,57,101,136,40,83,74,86,59,40,104,66,74,36,81,55,83,73,104,34,83,30,45,104,104,97,252,49,90,25,164,60,68,59,54,39,186,73,27,153,149,139,65,27,59,93,128,113,80,41,74,123,43,110,44,104,151,43,43,14,76,24,46,61,109,38,103,104,113,148,46,90,108,147,49,22,83,43,39,83,25,72,97,60,33,339,88,23,55,31,40,16,62,104,133,120,38,123,172,61,47,170,121,71,38,251,25,136,276,123,145,21,35,134,55,68,94,56,63,52,148,123,35,33,75,51,41,59,31,472,71,379,35,11,50,49,28,35,100,159,108,49,85,111,14,63,75,29,222,31,67,66,75,50,85,139,114,54,29,115,144,59,32,24,67,155,358,42,30,56,60,89,454,30,90,84,106,335,27,83,27,49,99,8,101,36,25,63,42,65,46,24,80,165,104,40,9,123,32,41,101,89,72,203,57,16,50,19,73,80,65,112,78,70,140,42,107,65,51,68,25,64,111,80,74,30,33,77,28,44,29,70,18,112,77,87,56,54,55,17,79,103,63,147,42,167,97,90,18,302,90,58,53,79,174,34,81,58,225,36,73,73,87,173,51,27,19,35,42,33,68,52,32,84,26,346,81,196,34,24,55,101,32,88,90,280,89,15,44,67,97,31,47,51,107,295,28,96,58,306,80,54,277,133,132,83,110,45,51,115,102,73,76,56,43,156,25,289,47,75,116,31,53,246,211,49,34,103,110,154,123,80,64,41,79,87,79,129,14,61,47,18,194,151,49,71,39,128,42,94,335,53,48,66,11,161,130,68,69,339,89,64,25,212,16,24,24,119,64,67,120,103,5,48,105,56,85,89,68,46,92,103,171,89,50,98,66,60,381,38,48,189,62,244,189,114,61,70,223,140,117,123,126,117,61,102,50,63,83,62,88,76,48,68,133,12,275,52,24,39,114,36,49,94,70,44,52,110,150,59,12,43,26,24,121,84,65,67,64,95,99,13,57,65,39,49,86,19,129,105,56,34,131,120,96,100,189,30,43,36,44,205,48,27,123,88,51,147,166,63,41,20,77,95,77,28,67,230,26,183,204,86,33,89,24,29,23,106,81,61,178,53,111,76,40,278,118,32,114,101,37,42,32,61,18,132,38,75,62,208,52,41,50,53,45,127,68,109,52,221,92,78,34,123,47,39,114,182,42,43,37,82,86,52,75,183,101,4,249,37,45,60,27,132,74,111,55,36,167,127,26,76,167,79,75,36,15,51,121,31,237,42,28,151,92,46,64,46,138,30,36,118,238,63,35,15,35,26,32,221,161,49,25,131,23,57,83,82,223,106,78,108,46,58,107,81,98,44,48,60,93,103,45,123,76,112,66,29,38,31,39,149,38,115,46,91,66,111,69,28,46,72,36,50,70,60,85,55,32,21,190,102,180,108,76,131,105,80,213,51,98,66,80,418,61,90,72,31,127,68,18,69,19,161,106,97,105,89,113,60,96,37,33,97,50,123,244,52,93,68,24,50,68,163,69,47,30,261,46,33,31,66,61,157,38,91,164,96,65,37,42,66,16,23,35,109,50,438,34,152,21,12,158,114,64,40,279,117,101,168,72,66,198,79,94,202,56,21,30,99,123,100,69,45,33,75,16,39,91,130,105,120,58,148,15,23,97,102,175,119,44,115,106,46,114,37,78,68,28,48,92,71,52,47,259,158,78,20,134,26,104,58,29,50,56,51,46,44,66,114,115,268,94,34,211,196,59,46,136,40,45,75,87,36,26,42,61,43,180,203,169,95,147,18,97,85,74,57,47,68,92,28,76,274,185,24,38,111,237,60,9,63,53,26,81,132,50,94,26,31,37,23,110,187,41,151,17,85,70,325,33,66,133,114,95,75,135,44,51,57,142,17,140,114,23,37,351,172,62,56,161,60,131,102,42,96,22,29,19,116,91,4,45,41,58
23,153,18,38,35,35,99,309,69,63,21,178,91,235,126,53,91,31,217,144,60,28,66,86,83,95,22,60,61,35,327,26,29,46,57,45,98,14,82,25,50,148,276,103,156,270,37,33,61,48,101,25,96,95,20,24,48,46,19,82,125,42,265,70,23,15,24,69,107,21,127,25,63,43,27,12,54,29,133,73,114,61,62,28,60,78,58,74,46,76,58,55,64,25,262,37,71,38,121,39,28,61,196,21,109,69,60,32,140,34,83,63,59,18,32,166,64,25,24,145,181,200,367,120,19,197,57,69,28,62,49,103,52,185,213,19,57,70,148,48,88,95,78,64,52,93,66,79,45,67,59,67,60,116,37,71,19,49,91,109,92,231,61,84,14,145,68,76,52,62,39,172,85,38,139,176,117,58,31,75,98,127,96,86,41,72,141,43,114,60,119,144,44,49,25,73,19,40,61,98,38,108,98,102,158,48,98,106,166,59,27,79,47,48,73,37,68,89,62,26,283,96,28,42,40,34,13,61,111,142,108,37,125,209,62,48,139,122,69,46,304,40,152,253,119,123,20,35,169,51,50,114,60,64,50,137,110,34,49,83,45,38,72,22,420,69,379,35,7,50,61,24,27,99,148,100,44,87,138,19,61,64,21,203,36,61,88,69,50,89,139,107,55,36,113,144,32,35,25,68,151,343,55,30,49,47,108,459,19,84,99,109,366,21,81,30,26,76,12,105,30,19,57,41,58,36,29,60,157,113,52,18,116,32,48,96,91,52,234,55,9,48,15,81,78,48,120,80,77,150,53,103,72,51,65,29,43,88,67,64,32,40,85,34,41,36,70,16,107,73,96,59,55,50,17,80,87,54,151,31,154,98,63,11,288,78,74,39,84,163,47,101,51,216,22,61,69,101,168,62,25,18,32,42,29,81,63,30,98,27,353,63,205,38,17,50,105,30,78,88,282,91,9,43,48,69,29,52,57,132,288,33,93,56,321,89,57,277,134,116,104,90,37,46,100,84,94,81,61,42,153,28,292,41,71,115,33,49,230,220,60,38,77,84,159,128,84,65,40,91,84,87,150,19,66,42,18,203,162,51,48,42,128,40,108,303,62,59,67,13,172,122,59,64,313,70,57,38,203,15,21,18,112,54,67,112,74,11,71,95,52,107,98,62,51,91,76,173,101,46,101,54,78,394,18,41,184,78,247,214,109,42,57,223,144,102,109,131,119,44,109,48,74,77,60,72,67,52,61,134,20,234,58,31,45,116,33,37,95,79,45,42,103,140,72,11,58,33,33,123,101,74,69,75,92,79,22,44,67,54,53,77,22,139,112,55,25,124,105,83,107,182,34,44,47,40,204,43,41,115,76,45,138,128,54,38,26,64,92,84,34,76,233,32,188,208,101,40,93,32,42,29,106,66,49,183,55,120,96,41,295,114,27,169,67,36,60,32,74,19,122,23,85,62,233,47,47,53,43,39,135,71,96,45,253,78,75,39,125,56,25,133,172,57,44,32,71,64,45,52,179,127,13,272,33,39,71,19,150,68,117,68,38,166,116,18,73,177,62,77,43,27,59,115,23,202,51,29,159,85,51,70,48,143,22,39,119,264,56,43,13,39,23,24,225,172,37,30,135,21,76,61,88,224,109,90,103,45,57,92,85,98,50,50,62,89,101,71,128,80,107,68,22,37,23,43,158,46,125,55,78,69,113,69,26,35,83,29,49,69,47,73,58,26,24,158,87,175,105,96,111,88,67,210,68,88,56,77,408,51,82,85,38,127,38,15,65,29,170,93,78,98,94,105,64,73,31,41,101,51,145,232,54,84,40,31,73,48,185,86,27,46,256,47,36,25,57,77,147,21,89,159,84,71,31,28,57,18,19,24,96,45,397,31,146,30,17,180,97,48,44,290,120,84,183,87,68,188,69,82,190,57,24,27,78,109,103,73,32,41,81,19,34,99,145,112,144,49,131,23,29,83,109,161,122,54,109,101,62,109,35,61,68,28,51,97,83,38,50,291,158,89,17,148,21,99,41,34,48,65,58,32,50,70,103,118,296,88,35,186,190,46,42,145,31,52,80,92,33,33,60,60,45,210,238,155,98,155,13,87,84,58,39,54,57,90,23,76,258,186,21,31,96,258,54,11,60,59,26,89,120,43,75,27,30,41,23,128,192,42,137,20,78,77,340,39,85,122,119,84,57,120,37,47,66,168,17,169,126,28,34,322,179,43,60,151,69,110,81,55,95,25,29,18,114,108,6,38,38,56
27,134,18,37,20,33,98,271,44,61,24,155,105,213,112,47,93,27,192,148,64,24,61,97,81,120,27,52,52,23,295,23,27,48,70,41,85,9,86,25,53,134,279,80,155,269,43,30,64,38,101,23,107,99,14,23,37,43,19,75,113,28,244,57,23,22,32,61,104,28,115,21,62,28,29,9,63,20,121,56,87,64,53,27,52,64,33,60,45,58,75,66,76,18,261,50,49,46,113,44,34,59,198,17,117,65,66,22,138,34,78,56,45,22,28,149,47,18,17,149,164,202,364,88,13,175,51,72,26,45,51,88,40,165,208,19,54,77,126,43,78,83,73,71,38,71,51,62,27,70,59,71,60,94,36,67,20,38,92,104,84,220,55,79,26,152,63,74,43,63,26,173,90,46,133,165,99,59,25,71,90,114,93,78,43,58,146,48,125,64,111,143,55,38,21,57,18,53,70,114,35,89,118,118,133,55,73,87,141,47,25,83,42,47,64,32,68,83,58,27,312,71,32,47,36,46,15,49,74,151,138,35,121,188,75,45,164,116,67,39,312,32,126,274,114,141,14,37,169,54,65,105,78,66,48,133,117,30,38,84,35,42,62,22,456,70,378,25,16,54,55,29,41,108,145,68,57,77,107,20,52,57,20,195,31,51,67,90,46,75,125,112,55,24,108,143,34,41,31,64,137,301,47,30,52,63,101,426,26,69,81,117,327,21,78,25,38,76,9,95,28,18,59,49,69,35,18,75,152,112,30,11,112,29,38,105,121,50,200,48,13,41,23,80,77,49,120,73,66,133,47,106,42,46,56,28,48,88,70,48,19,32,79,30,36,34,76,19,115,66,80,50,47,57,11,72,85,66,139,38,150,79,74,15,317,77,53,39,84,152,56,89,45,204,19,63,57,73,173,57,35,19,34,52,22,64,63,30,81,34,301,67,179,31,14,41,120,24,72,89,318,85,19,45,54,81,26,62,50,98,317,41,93,55,327,74,54,258,132,119,74,86,36,49,101,95,74,57,49,47,134,26,290,41,76,108,30,51,241,207,60,34,94,101,161,128,79,56,48,74,74,70,130,26,67,27,14,193,115,49,59,33,124,26,110,324,62,46,61,10,165,109,64,67,313,71,51,40,212,11,22,22,133,48,58,119,89,14,76,102,50,117,117,68,43,84,81,161,80,44,95,61,64,406,21,47,184,67,250,175,105,45,55,221,125,108,114,151,104,52,98,46,88,84,54,92,84,47,52,113,12,250,50,26,40,108,31,38,96,61,46,48,98,170,63,7,38,31,30,124,107,66,51,72,100,87,31,26,48,52,51,83,19,117,101,68,26,139,90,86,120,214,34,38,34,46,169,40,32,119,71,49,146,131,58,47,36,69,110,81,28,79,226,27,159,196,99,37,86,33,39,36,96,89,40,177,43,99,97,36,254,112,30,127,51,49,44,26,54,12,128,27,70,58,199,54,46,45,42,38,122,65,101,40,229,78,66,19,133,61,25,113,176,52,34,42,68,61,36,55,197,109,14,263,31,30,64,28,130,60,118,61,35,168,93,19,79,171,66,75,39,36,57,93,24,229,38,25,187,84,53,81,39,128,24,33,135,252,53,52,13,55,33,33,225,140,36,26,139,22,69,58,71,203,110,68,93,44,45,83,82,83,52,50,66,93,90,50,91,64,100,52,27,36,40,34,128,38,133,39,78,64,119,51,22,44,81,36,47,62,35,86,46,20,28,153,73,149,125,99,122,92,65,190,67,89,65,72,363,56,78,83,38,82,56,18,60,34,149,98,65,110,78,116,74,86,32,29,84,39,128,272,54,80,49,21,60,40,179,94,35,29,264,24,27,27,46,67,147,33,90,177,71,68,38,31,70,17,21,27,81,38,437,25,145,35,17,146,84,65,42,271,112,73,175,79,62,181,60,84,173,66,28,18,84,138,87,64,47,30,59,19,37,98,130,113,134,41,110,16,28,99,86,149,111,45,113,104,46,98,38,80,89,23,52,75,78,44,46,264,142,76,24,125,20,106,59,22,80,52,47,29,31,71,101,114,287,93,34,179,172,48,48,150,23,36,57,79,39,25,43,72,40,176,219,171,91,144,10,77,66,61,38,35,60,69,25,62,224,156,18,25,77,234,45,18,57,43,25,82,122,47,85,20,42,49,20,104,195,41,125,23,81,74,328,22,81,137,123,82,79,136,46,48,49,158,10,137,110,28,36,309,188,48,61,148,67,119,74,57,69,20,42,14,124,99,6,49,40,53
19,137,25,35,39,35,109,272,53,60,20,146,103,234,118,56,91,32,199,148,56,31,67,120,84,123,27,63,52,20,325,36,31,52,70,46,68,11,82,12,49,134,302,81,167,274,48,38,54,54,115,22,127,112,20,22,37,41,27,90,111,37,266,60,30,25,24,56,105,25,129,20,56,39,34,16,67,28,111,63,106,88,71,29,67,51,39,46,46,76,68,69,84,15,260,59,50,40,110,33,17,66,175,26,106,74,66,20,125,40,73,51,57,20,32,169,50,23,21,171,179,212,382,120,19,173,61,50,29,48,43,96,50,169,226,19,50,60,126,53,94,97,60,62,35,88,59,54,26,78,53,82,70,98,46,74,13,41,89,117,97,267,57,56,31,164,60,89,43,61,34,169,82,35,157,184,103,63,38,67,96,120,98,73,38,54,134,43,135,43,95,148,37,51,25,57,22,58,53,114,45,81,91,96,155,59,79,96,178,56,22,87,60,58,72,27,73,95,64,26,295,81,35,48,30,53,22,45,102,135,146,37,105,163,69,44,162,98,78,44,346,39,138,303,118,129,17,44,182,59,74,119,73,43,61,138,91,51,32,67,40,41,56,23,472,70,395,27,13,47,58,25,27,115,144,90,52,71,117,12,69,58,15,217,32,51,71,71,55,76,127,110,58,24,101,153,40,46,37,59,118,316,53,25,49,68,94,473,25,82,94,112,366,11,65,20,35,76,11,116,35,14,60,50,39,38,30,67,164,92,32,12,122,36,37,101,98,38,213,58,10,50,22,70,85,46,111,63,88,160,44,111,79,57,36,39,45,72,68,47,25,32,95,14,43,35,83,20,120,69,81,55,48,37,14,81,79,70,130,44,165,89,49,16,286,83,70,32,99,178,47,74,44,191,25,56,69,89,183,55,43,10,30,61,26,59,68,47,98,27,342,76,191,27,20,37,133,21,86,90,356,88,19,63,57,101,21,67,57,101,354,39,110,61,349,86,64,275,125,122,107,104,50,53,103,99,81,76,59,34,132,35,304,50,81,107,30,52,235,231,63,32,78,94,168,122,67,75,40,82,77,65,137,22,66,47,17,161,133,52,54,41,124,30,111,350,61,63,68,15,167,110,54,54,306,81,44,40,206,15,24,28,115,50,84,117,77,10,80,99,37,121,89,76,57,94,83,174,86,35,108,58,70,405,29,39,188,75,243,210,128,37,59,209,139,108,135,152,103,43,107,61,82,63,60,83,98,35,54,108,13,263,47,36,36,154,34,57,93,58,54,67,92,194,61,13,51,30,39,148,112,71,65,59,101,104,18,41,59,66,67,70,16,97,120,63,38,149,95,68,117,225,34,37,22,45,177,55,29,137,89,62,157,141,53,40,28,83,84,92,28,69,254,32,173,209,109,34,82,34,30,29,93,89,45,187,54,112,99,33,269,103,29,141,47,41,49,41,57,4,125,33,84,66,214,55,52,47,36,39,139,69,99,46,229,106,94,20,114,50,27,144,178,53,33,50,71,58,51,56,191,131,16,279,33,29,72,31,146,46,112,65,30,155,107,15,62,166,53,77,47,31,62,111,23,204,53,23,185,75,52,86,46,120,21,43,133,277,53,49,15,49,33,39,239,149,48,24,111,16,54,50,82,199,124,73,101,45,52,99,94,98,59,62,57,118,80,69,128,68,119,66,40,43,35,40,122,56,138,46,75,64,120,50,24,48,73,26,47,72,30,103,47,27,28,133,79,157,113,108,110,95,58,181,81,77,52,74,406,70,80,73,45,115,72,24,61,37,144,85,75,118,101,98,65,92,30,30,98,48,144,257,57,105,41,18,54,41,204,85,33,44,225,32,28,33,57,77,144,31,109,168,75,65,38,28,54,10,23,36,108,42,433,34,139,30,19,163,108,49,58,283,113,101,172,71,73,174,65,65,214,49,22,26,86,131,119,72,56,33,95,22,29,91,139,119,136,44,101,25,21,107,113,173,127,56,111,110,63,112,42,85,74,36,59,85,84,50,68,235,161,77,23,146,20,101,40,40,63,63,47,31,38,80,122,116,306,101,42,190,226,44,48,169,31,44,68,74,40,31,64,52,47,210,223,167,99,151,13,106,76,52,52,32,65,71,36,74,240,170,17,35,91,224,35,18,60,48,19,68,110,41,78,26,36,59,13,122,176,57,111,17,84,75,276,31,95,142,151,71,74,130,41,67,52,188,12,162,118,15,28,296,170,64,70,139,71,130,56,48,102,24,38,12,126,110,6,42,46,65
24,144,20,62,33,28,106,276,40,58,33,153,94,221,118,51,83,33,181,113,57,23,68,103,84,116,23,75,50,28,297,35,23,51,72,66,72,2,82,27,54,141,273,71,179,285,57,24,51,28,107,15,107,111,12,13,47,49,22,76,113,34,246,49,21,32,34,69,90,16,120,16,66,41,25,15,75,27,104,60,115,63,64,31,54,45,40,49,49,67,60,55,73,15,245,54,46,35,101,41,24,63,161,27,80,68,79,24,101,40,67,55,61,19,20,147,65,16,20,178,180,188,360,99,32,165,62,47,35,46,42,117,33,156,264,17,57,60,122,52,90,94,57,64,26,69,55,64,25,76,49,74,65,90,37,78,20,35,83,125,73,268,50,51,19,145,56,71,51,60,22,173,79,48,148,187,104,62,26,49,94,115,97,86,46,51,128,59,118,42,101,152,46,60,20,66,30,47,41,124,28,92,121,98,162,67,80,80,163,42,26,91,66,43,62,33,65,77,53,35,305,62,31,63,44,47,20,51,107,121,137,44,113,181,63,39,140,96,61,37,319,29,150,314,97,116,14,38,168,88,62,109,64,51,57,114,107,44,40,80,36,44,53,18,455,79,401,24,10,44,48,30,30,106,146,74,45,74,104,15,43,51,8,223,24,58,52,68,48,72,149,108,76,12,97,170,37,36,22,65,131,327,56,33,56,63,92,428,33,84,93,103,387,14,65,26,43,71,17,104,40,20,68,56,55,32,27,57,182,93,32,17,121,27,26,102,93,30,192,46,15,42,22,70,97,51,107,70,79,139,39,127,51,40,61,38,46,106,62,51,20,30,77,34,42,51,75,24,117,62,76,45,40,45,19,61,86,61,139,35,180,72,51,21,269,87,56,27,108,161,51,79,52,193,21,53,51,78,191,49,34,19,24,45,22,58,74,37,77,35,303,84,190,25,13,37,114,18,81,86,323,88,16,47,40,84,18,66,62,114,330,40,102,48,314,78,82,231,117,119,98,79,47,56,113,100,63,75,70,34,128,23,312,54,63,135,33,70,225,215,63,38,80,104,134,94,69,72,33,80,57,55,131,28,57,51,25,151,141,40,63,46,109,28,104,325,57,31,56,20,160,104,51,35,271,76,37,37,227,12,23,38,132,41,69,110,78,14,83,93,31,105,104,70,41,90,93,169,83,35,72,54,66,338,20,37,179,69,219,218,123,34,62,229,134,94,134,161,103,47,94,51,85,61,63,72,99,32,63,133,18,262,32,34,30,136,27,56,65,63,41,49,82,208,62,16,40,39,29,147,111,64,61,62,84,96,26,34,69,60,61,74,22,105,110,60,38,144,92,73,108,195,31,34,30,55,147,45,44,119,66,37,134,125,50,37,32,90,80,81,24,72,248,28,167,183,106,32,53,29,28,40,101,76,25,197,38,94,99,34,250,115,23,129,34,42,59,29,71,10,117,27,97,70,186,40,43,59,46,52,116,66,88,38,236,85,73,18,111,55,39,143,192,51,35,47,64,78,42,46,155,130,14,258,26,32,68,26,139,41,130,54,47,169,86,14,68,163,60,81,51,30,75,109,24,217,35,18,173,84,39,89,35,113,14,39,145,276,44,44,8,33,37,22,199,146,48,28,102,15,60,62,70,184,108,77,81,43,39,86,112,100,68,53,60,111,98,70,122,63,105,67,41,36,32,37,126,43,108,42,97,69,116,36,23,42,80,26,51,68,32,92,41,24,23,146,68,180,138,107,118,109,49,170,72,70,49,65,416,60,82,93,28,94,66,8,57,28,123,92,85,109,86,108,83,69,31,34,78,32,119,219,58,100,48,15,58,36,195,90,38,50,231,23,36,30,40,82,145,27,105,161,67,68,44,23,44,18,19,25,87,43,390,33,162,28,19,141,98,52,61,273,115,85,142,63,57,172,74,82,184,54,31,29,71,120,104,54,49,20,64,16,31,87,112,105,123,55,106,28,26,105,102,177,136,51,131,113,82,114,51,90,90,45,52,89,98,44,60,259,137,82,21,145,19,117,50,49,57,61,40,24,40,81,92,109,314,98,46,194,195,50,45,154,25,52,67,80,43,30,53,64,44,209,210,178,89,152,9,97,52,67,52,27,47,70,31,78,211,170,17,27,94,196,36,13,63,34,14,82,120,39,55,17,33,50,12,110,183,46,112,28,54,61,256,25,96,129,132,68,72,130,32,56,62,151,12,163,126,20,27,311,184,44,73,108,71,151,61,56,85,21,38,12,125,112,13,38,35,58
13,145,19,47,32,33,98,268,49,60,25,134,75,231,109,58,79,36,256,103,56,27,76,87,74,120,19,68,56,18,305,30,34,43,73,35,73,1,81,16,54,124,263,101,195,266,57,36,42,44,112,34,104,113,22,28,45,56,15,71,136,31,268,60,23,30,44,79,89,14,122,20,78,43,21,17,63,31,112,71,107,75,59,27,57,44,36,51,50,68,57,56,91,20,246,53,50,27,113,32,24,66,176,30,97,79,70,17,108,72,57,55,48,29,36,168,50,27,18,173,167,199,374,109,23,202,61,44,50,50,29,99,39,189,230,23,51,50,106,53,110,82,67,72,32,75,57,47,28,76,56,71,75,102,27,77,27,30,87,115,81,265,62,58,32,144,61,83,41,65,32,166,69,40,166,178,108,78,31,63,106,152,90,83,37,68,113,54,122,34,114,146,42,48,18,66,22,49,53,122,28,99,104,110,186,63,82,77,155,50,29,92,93,44,75,26,78,93,39,39,283,86,41,49,40,48,19,59,105,179,134,39,114,184,76,31,136,87,58,33,352,30,164,324,87,114,17,36,182,72,61,96,57,56,55,128,105,49,40,66,44,49,54,16,469,88,408,30,11,52,50,27,21,111,129,93,47,81,102,19,56,43,12,233,25,56,54,88,55,79,164,116,58,9,92,166,29,42,34,73,143,317,66,32,37,62,99,499,33,105,88,87,390,26,62,36,38,76,9,135,47,15,68,51,43,33,24,75,174,99,29,20,115,23,34,80,90,29,184,62,12,44,20,64,96,62,86,61,111,168,46,131,41,43,57,49,34,104,64,46,22,30,102,32,59,33,69,18,98,74,79,45,44,38,19,80,71,77,147,20,150,68,60,21,286,78,68,29,94,182,43,79,55,197,20,45,66,79,180,43,29,24,29,49,28,57,73,38,101,39,276,68,215,22,37,35,143,16,94,86,328,118,10,44,38,81,21,62,55,105,359,39,93,53,312,72,66,241,124,117,90,93,51,56,99,76,75,90,74,32,130,36,323,44,75,126,37,64,241,258,76,19,83,101,146,105,71,76,52,93,52,42,142,35,52,52,31,173,136,44,80,38,131,38,107,345,63,45,75,17,159,123,59,48,288,80,45,35,219,22,23,33,129,48,63,102,89,21,76,95,33,127,91,76,41,92,110,202,91,34,94,51,53,383,18,39,184,57,200,241,133,38,65,208,170,97,143,145,101,52,88,66,71,86,61,70,96,42,45,119,14,280,47,38,29,162,36,55,66,77,53,57,86,220,55,17,59,36,34,138,108,76,66,56,103,73,28,21,68,62,74,74,19,105,112,64,33,112,102,79,97,265,37,42,29,57,195,46,36,122,77,54,126,117,64,35,38,77,81,95,23,70,270,34,187,211,110,47,62,36,38,34,95,68,33,188,28,89,86,29,295,107,27,143,60,51,57,34,64,9,111,44,95,72,183,52,46,66,54,40,100,61,100,44,257,79,73,11,103,66,28,157,185,53,40,44,70,59,44,36,213,130,13,276,28,42,63,25,130,49,131,60,45,184,105,20,81,172,53,95,51,31,82,110,18,218,43,28,156,89,56,78,36,139,7,44,131,283,43,54,10,41,28,22,220,138,45,25,111,19,62,76,69,205,123,74,83,51,51,101,94,119,54,50,63,112,82,58,101,64,121,71,35,37,33,34,103,47,125,35,79,62,121,40,25,36,69,30,42,60,26,92,45,20,21,146,75,200,122,109,133,110,70,206,47,73,52,87,423,62,88,75,36,85,66,13,48,36,115,85,78,81,87,122,66,81,31,39,94,37,135,240,52,116,60,17,60,41,194,125,32,48,241,20,27,22,39,74,141,34,126,153,58,69,36,11,46,17,22,23,72,32,407,45,155,30,22,144,106,62,51,278,111,79,166,74,53,176,63,65,186,62,29,22,72,148,93,78,75,26,66,14,32,99,125,125,122,56,98,27,29,103,97,176,107,54,122,114,82,151,54,87,78,35,51,81,93,46,61,273,138,59,20,135,25,116,41,63,54,66,33,26,50,78,107,106,329,113,38,193,226,50,44,149,32,41,69,68,38,35,80,61,40,200,197,202,92,163,13,94,86,57,46,23,60,76,27,83,203,179,22,31,85,209,31,20,65,56,14,67,123,39,80,15,37,44,11,126,169,54,121,18,64,94,289,23,94,127,114,59,87,143,34,61,61,164,10,161,113,14,30,361,177,54,66,139,89,157,57,68,92,24,31,15,150,96,16,49,25,60
13,149,18,46,22,24,93,320,52,67,35,139,96,279,109,52,93,26,263,98,61,31,91,102,94,123,24,67,52,25,302,37,28,47,70,35,81,3,102,28,76,127,307,77,199,241,54,31,65,34,121,26,112,102,26,25,44,53,16,69,134,35,260,68,25,41,33,77,97,13,116,19,73,45,26,22,74,30,114,88,91,95,64,22,61,46,46,50,54,62,54,59,89,18,286,52,65,24,110,37,23,69,174,30,112,76,85,22,93,79,67,55,60,24,32,166,59,30,15,167,151,184,397,105,21,176,67,57,34,50,35,110,47,157,255,24,49,54,90,54,120,77,78,70,19,92,63,61,21,70,58,79,50,92,38,84,31,25,89,139,70,269,66,54,33,156,60,94,32,51,20,180,60,43,159,159,97,82,39,60,111,127,80,95,50,75,129,53,114,32,112,156,52,68,8,88,33,55,57,124,28,107,114,113,177,79,64,65,155,51,27,87,84,35,78,35,79,77,29,38,315,90,47,49,44,30,22,55,123,144,159,33,122,173,81,26,129,86,66,30,351,24,153,303,100,122,23,36,167,81,64,102,69,42,57,127,113,27,40,67,37,57,44,14,460,100,389,40,13,56,57,20,35,90,105,101,46,81,115,18,56,54,6,219,25,54,56,93,52,74,183,114,66,9,108,173,32,48,35,67,147,323,67,33,58,67,104,522,30,83,99,90,404,17,62,25,44,77,17,144,46,20,72,50,45,32,41,62,188,101,26,8,132,24,30,82,93,21,189,56,17,44,22,52,93,49,102,61,99,169,45,119,54,50,71,46,50,86,60,48,24,28,67,25,48,43,70,20,112,69,103,51,57,46,17,83,74,73,155,28,142,68,73,17,293,87,55,22,105,191,48,71,42,201,25,53,51,88,194,56,29,16,39,44,26,53,55,33,84,31,360,68,196,31,37,39,131,16,90,90,326,128,19,42,39,76,21,74,60,105,396,38,114,46,321,96,69,259,128,121,97,85,48,58,101,82,94,92,61,31,129,31,311,62,90,124,25,78,217,254,64,28,86,105,141,102,72,61,47,81,66,48,165,36,56,58,30,187,142,33,71,43,146,31,96,347,69,30,48,16,152,118,66,39,287,69,62,31,229,21,31,31,111,59,73,110,68,32,97,90,40,126,113,69,56,104,145,197,112,59,110,60,60,351,17,54,144,63,251,234,128,51,58,222,147,96,163,151,100,66,84,74,103,76,47,70,107,30,41,134,11,281,47,30,27,169,44,50,53,69,37,49,85,223,44,11,51,39,30,144,118,55,89,52,103,80,29,31,75,63,87,85,15,91,126,65,47,109,89,100,95,220,31,34,36,45,182,42,55,118,70,48,123,153,74,30,33,101,83,109,14,76,263,34,191,214,109,33,56,27,55,33,82,71,31,215,46,112,78,27,232,112,25,152,49,34,61,43,74,13,102,29,92,59,183,48,49,70,48,41,106,55,81,40,291,82,79,17,109,74,34,160,184,35,38,61,69,74,31,30,216,145,11,248,31,31,46,32,152,51,120,51,59,156,98,28,74,163,63,103,46,37,81,122,25,191,33,22,153,87,45,72,29,103,13,53,133,277,49,55,8,34,30,30,219,135,51,23,129,22,59,64,59,203,107,68,91,53,40,84,85,95,42,43,67,107,83,66,92,64,89,74,34,41,34,32,120,58,84,32,69,61,125,45,29,53,80,29,50,72,27,87,29,29,20,125,67,206,136,108,126,118,64,191,59,70,48,76,430,70,79,84,39,78,55,13,50,42,123,100,65,80,98,112,79,77,29,20,104,40,128,239,49,111,57,9,60,39,190,125,23,44,232,18,25,26,40,70,146,36,123,157,69,90,34,17,58,19,24,26,77,29,404,57,180,21,15,152,132,60,53,244,117,95,153,55,62,172,52,65,204,65,33,30,71,131,110,60,64,30,84,11,19,88,112,120,128,40,109,14,23,98,92,170,146,56,136,107,65,142,61,73,92,53,66,74,96,38,56,267,143,49,14,126,16,108,45,55,60,66,39,24,45,64,87,134,329,109,48,244,220,44,51,135,28,28,59,64,49,37,76,65,57,209,195,190,102,180,18,106,65,59,49,24,61,69,52,74,206,162,15,27,105,169,38,11,61,58,17,70,128,55,68,16,33,52,12,122,177,44,112,32,71,109,248,29,85,120,123,59,73,144,41,55,66,165,19,164,128,11,33,328,180,61,69,142,77,172,53,63,92,22,38,20,140,82,12,39,35,65
21,113,10,40,24,24,72,268,29,49,24,121,88,244,87,39,71,22,243,90,43,26,68,95,56,107,27,73,67,23,268,44,22,30,70,44,73,3,86,14,60,130,252,96,160,228,36,36,45,22,121,25,105,91,19,26,38,47,15,52,128,18,193,44,18,42,34,69,93,19,100,17,69,39,21,32,67,41,103,67,95,95,59,21,48,39,34,47,39,70,49,60,86,11,246,42,50,32,107,35,11,43,165,27,103,52,62,17,98,56,70,46,51,25,34,171,60,24,14,177,126,169,388,105,31,153,66,46,38,52,35,99,38,141,176,19,45,51,88,51,101,83,55,59,21,84,61,48,31,82,48,55,61,86,24,78,21,26,84,115,76,241,65,52,42,130,52,73,32,52,30,177,54,34,158,174,110,77,31,51,116,120,98,88,49,52,90,40,109,31,103,151,55,46,10,66,26,40,39,124,19,87,107,131,179,64,75,50,139,43,24,87,83,37,71,34,61,77,36,34,252,76,48,52,30,34,18,58,120,114,111,31,116,157,59,19,125,76,57,40,311,28,126,285,106,118,17,22,161,67,46,113,44,42,37,103,99,34,38,59,30,39,41,22,436,88,351,31,17,52,38,22,14,94,114,91,48,88,75,10,38,34,8,188,29,40,51,84,54,75,163,114,56,8,87,156,31,40,28,73,130,276,49,35,44,49,97,456,29,76,89,67,348,33,43,34,43,79,12,138,48,19,83,30,41,24,34,60,159,79,31,14,103,23,21,71,90,28,168,71,5,33,23,69,90,53,78,47,78,148,55,107,46,39,48,42,55,80,53,29,23,27,79,29,40,31,63,18,82,67,80,56,39,37,14,83,65,52,159,30,127,57,60,17,258,79,45,16,85,152,42,62,33,159,29,49,55,53,181,39,21,17,37,38,35,47,50,30,91,37,287,61,193,17,35,33,120,10,76,89,317,125,13,32,30,71,16,66,59,115,310,18,126,50,279,74,52,233,114,101,93,84,37,56,100,94,60,84,57,24,130,22,284,66,53,136,27,63,210,272,73,23,81,99,121,91,64,66,36,75,51,34,144,32,58,51,20,136,101,45,48,28,106,28,89,297,79,30,46,10,131,97,53,38,263,66,63,31,210,17,24,35,113,47,68,112,78,23,80,105,37,103,112,85,40,76,99,166,82,53,92,57,60,317,18,50,140,47,232,215,118,34,48,232,134,114,133,129,87,38,68,60,80,67,57,71,91,32,37,122,10,295,44,25,27,135,43,40,51,57,46,54,75,210,50,11,41,33,40,130,109,44,78,60,99,61,24,20,61,59,70,77,12,107,120,49,32,101,76,69,90,209,33,43,27,39,169,33,39,81,66,32,101,143,64,24,31,88,56,110,20,78,258,23,181,167,91,25,55,29,50,24,75,61,24,184,25,106,81,21,256,131,17,138,55,30,46,41,60,8,99,32,76,55,173,45,38,60,41,43,110,53,66,57,228,66,60,17,105,61,26,141,144,45,28,48,68,58,37,25,195,112,11,228,37,28,54,29,121,58,108,39,56,151,95,9,64,147,49,82,51,44,84,99,19,195,40,22,134,77,38,46,25,109,7,46,115,233,38,51,8,23,27,23,174,126,39,22,110,22,58,70,43,169,73,61,103,24,48,75,90,88,46,32,61,84,83,59,98,61,90,69,34,35,30,46,100,43,97,31,73,55,124,34,19,42,65,33,54,46,19,83,29,24,26,125,76,212,115,93,99,91,54,161,47,60,43,78,406,69,64,69,38,74,46,13,37,32,123,90,66,69,76,122,51,79,33,27,99,38,124,221,53,90,47,7,54,29,147,97,18,30,204,14,26,24,41,65,126,26,128,145,73,66,19,15,46,16,23,24,76,26,381,48,188,16,14,149,88,53,57,231,86,85,138,65,46,162,57,46,183,50,25,19,74,121,100,59,62,34,47,19,15,79,113,106,122,29,96,15,34,76,70,144,111,56,125,105,52,120,49,66,72,42,57,64,92,30,57,258,154,50,12,116,17,104,53,59,51,52,28,9,28,71,92,107,303,107,28,200,197,41,46,135,20,43,54,67,32,20,87,56,42,183,159,166,82,153,7,80,58,66,35,26,36,56,30,77,170,159,24,25,83,151,38,14,43,68,17,67,108,51,69,25,36,49,17,137,152,35,76,18,61,105,236,27,72,112,112,37,76,132,23,55,72,151,17,200,125,13,21,322,150,49,54,122,74,150,44,57,87,19,27,22,136,74,15,52,19,72
15,160,13,47,21,29,86,262,41,63,31,150,115,290,109,56,80,25,266,76,56,34,71,99,82,104,20,88,70,36,312,40,39,42,65,56,94,7,93,27,53,133,271,92,195,247,54,33,55,36,132,20,110,101,21,37,37,42,17,48,140,21,279,54,18,33,42,59,81,16,97,31,73,38,36,41,73,36,113,71,115,95,51,24,75,46,43,52,59,61,67,55,99,14,254,42,53,41,128,51,20,61,208,23,117,59,70,18,87,61,59,46,70,33,43,159,57,18,7,195,150,194,423,104,22,179,81,47,53,55,44,114,39,189,234,33,36,51,92,59,104,72,73,67,21,92,69,70,33,72,54,56,59,76,23,77,26,29,88,130,89,250,67,60,46,168,43,88,21,49,32,198,73,42,200,158,89,69,30,56,123,156,100,77,42,56,122,48,108,36,114,166,45,58,15,72,30,48,42,121,23,112,109,132,188,73,64,61,186,57,32,105,77,21,75,45,63,86,33,41,324,87,64,68,37,37,21,54,130,138,136,50,136,210,82,24,125,70,84,42,356,28,145,337,140,116,16,17,158,87,45,105,52,48,68,123,102,38,52,73,37,51,44,13,510,91,371,39,16,54,64,26,18,116,113,108,45,96,93,26,50,39,7,218,27,42,50,99,58,62,190,132,67,6,126,212,27,53,33,57,172,286,56,25,50,66,104,504,34,77,92,79,403,32,44,32,56,68,29,170,52,21,98,40,41,33,44,72,194,107,38,12,108,16,50,77,112,25,223,68,9,41,28,60,83,47,91,55,88,161,60,160,44,53,53,56,57,67,74,33,17,39,70,20,52,42,51,19,99,73,89,51,51,32,15,86,71,73,189,18,145,54,68,13,307,78,54,30,100,187,52,47,37,201,28,53,47,67,213,63,22,18,44,41,28,55,53,33,109,44,285,62,213,29,42,38,162,8,97,93,351,115,13,44,26,76,18,75,63,112,392,40,149,54,344,67,67,289,86,118,82,99,52,49,105,91,91,99,98,25,144,38,309,72,70,144,35,98,227,261,75,31,97,129,145,110,78,68,27,94,72,44,178,40,49,54,26,148,144,32,53,51,122,27,87,328,75,32,79,18,149,109,53,45,295,73,64,26,254,27,20,40,123,56,80,133,63,30,92,121,44,134,125,63,50,75,114,161,103,62,100,44,55,369,17,50,156,69,236,230,130,32,52,250,156,111,126,122,101,40,88,108,87,80,48,81,110,29,37,147,13,300,60,17,38,154,55,44,67,76,51,51,83,223,54,13,53,49,39,108,113,39,88,48,107,82,20,29,54,70,65,100,18,108,123,75,32,117,84,91,80,222,32,37,34,39,188,39,40,114,85,36,121,156,61,35,32,78,84,131,33,79,294,29,189,203,107,43,59,34,64,27,86,74,38,201,27,123,65,25,264,105,32,158,55,43,55,45,71,11,86,25,80,64,168,63,42,71,31,45,120,60,76,40,244,72,95,17,99,71,43,165,187,42,30,52,87,72,49,41,250,153,10,282,34,31,46,40,128,63,131,45,69,156,116,14,69,162,54,62,58,35,86,103,34,176,35,21,159,102,37,48,14,102,9,52,150,285,42,43,10,30,14,32,236,156,48,19,120,21,46,65,58,180,93,62,95,32,44,97,92,87,56,39,64,99,101,55,116,65,100,88,49,42,35,37,110,48,91,34,69,57,169,41,28,50,67,28,72,63,24,83,45,15,20,153,85,207,129,92,119,79,54,183,49,82,42,76,441,62,78,82,39,95,43,17,45,53,120,107,75,104,111,106,86,86,25,36,74,62,140,251,58,95,45,9,68,32,203,109,21,46,240,18,24,30,43,80,110,42,142,158,65,74,24,16,45,18,23,25,76,40,431,41,159,25,21,162,108,76,48,262,107,98,172,69,44,181,69,66,227,63,35,32,59,138,116,49,70,31,68,9,22,72,114,113,110,37,87,9,28,94,104,157,154,43,145,102,56,131,55,79,100,55,68,81,82,41,67,260,169,51,20,124,25,129,55,65,49,46,34,13,45,62,75,145,371,112,45,189,186,42,45,155,20,44,55,88,32,45,86,60,63,225,197,192,96,163,16,116,68,65,42,32,54,59,32,70,236,183,19,26,89,177,38,12,73,65,16,83,129,66,70,24,39,48,16,121,141,52,129,26,68,140,237,39,84,122,114,49,103,157,34,46,63,166,16,200,109,8,32,405,194,57,73,129,63,134,55,56,98,26,50,15,128,58,16,34,23,66
17,170,14,51,22,29,84,281,31,72,36,121,101,294,98,62,74,24,266,89,55,36,78,102,71,96,18,74,66,27,318,54,33,40,60,55,80,6,82,30,77,126,286,92,199,256,50,43,52,25,120,22,98,106,15,36,42,43,14,59,127,24,273,66,18,35,41,62,77,15,88,20,69,30,24,30,77,38,110,68,139,101,44,24,52,52,45,36,57,74,59,65,81,19,247,54,38,39,133,42,16,51,179,38,99,67,66,18,99,56,53,49,60,24,40,151,62,25,13,169,127,222,431,118,25,179,53,40,40,40,29,127,36,179,224,28,28,54,103,59,95,71,61,64,19,74,58,56,30,89,59,73,49,81,25,100,15,38,75,112,76,279,58,56,45,151,46,101,27,63,30,196,67,27,180,174,68,80,35,60,149,127,90,75,47,67,93,45,107,31,120,160,45,60,15,74,20,48,48,114,12,89,116,140,202,78,60,56,167,52,26,87,69,35,70,39,65,83,38,40,320,79,43,54,32,49,13,70,115,139,126,36,116,198,70,26,109,61,69,43,354,40,139,318,108,114,16,22,196,84,48,102,52,47,48,128,90,38,37,86,34,39,45,16,488,77,365,56,21,53,50,19,25,100,127,106,50,81,81,25,48,26,3,211,26,44,48,93,45,80,176,119,73,5,116,195,35,50,34,61,156,296,56,28,41,58,124,500,35,78,85,62,358,32,48,28,51,81,27,175,51,22,103,35,31,26,45,63,190,93,51,11,96,16,47,78,93,21,179,74,11,35,30,57,93,62,86,57,78,165,56,129,42,56,52,37,53,65,75,40,23,50,71,30,45,44,49,18,89,93,85,44,47,34,17,107,74,77,182,15,134,55,48,12,269,79,57,18,106,192,42,66,29,183,29,44,62,63,181,71,21,19,45,47,25,47,54,23,90,51,281,64,203,30,47,39,139,6,115,79,334,122,12,49,19,70,14,90,53,104,354,38,150,53,292,89,52,281,108,143,76,86,55,54,86,80,102,74,88,23,163,24,308,59,59,135,32,83,247,248,70,25,93,110,124,119,125,74,34,81,48,53,171,38,38,53,16,161,130,47,54,34,112,18,81,300,72,47,65,20,153,112,39,34,294,72,63,23,230,16,25,32,124,52,57,111,63,31,89,114,40,104,122,57,39,81,126,164,89,58,91,42,57,337,16,46,159,48,222,247,145,37,63,279,131,102,119,114,94,41,63,79,82,80,54,66,107,38,48,134,17,297,71,17,39,137,43,49,59,62,52,55,82,243,40,7,53,38,35,96,102,30,95,61,82,83,37,23,67,68,69,106,22,121,115,70,30,117,83,81,81,200,33,38,36,44,170,37,37,102,101,24,95,143,61,37,24,86,84,129,21,60,245,28,188,184,98,36,57,30,58,27,88,67,33,213,30,113,61,20,272,108,25,180,68,34,49,46,76,10,98,26,94,77,169,53,51,54,41,41,115,66,67,49,252,68,67,17,83,62,28,150,171,40,23,39,73,51,43,38,208,153,12,264,28,31,46,23,154,48,98,60,51,190,112,18,53,118,45,60,55,43,73,109,28,181,47,26,160,85,44,55,24,107,17,48,147,257,42,47,9,29,17,27,195,153,45,21,132,20,50,66,58,176,83,70,103,40,38,111,81,94,52,37,72,89,90,63,119,59,80,77,42,34,28,42,90,38,99,35,82,50,136,43,21,37,70,36,69,67,17,74,38,30,21,139,86,225,123,94,108,75,58,158,60,64,46,84,378,63,76,83,44,79,60,16,39,42,137,105,73,82,121,86,56,89,21,28,86,51,157,223,69,106,55,7,55,34,213,100,16,48,250,9,32,30,40,73,108,36,128,141,50,63,20,12,36,24,27,28,67,36,400,45,154,26,16,201,110,58,59,246,122,114,175,75,53,184,58,64,215,55,29,31,53,124,114,44,68,37,73,15,14,43,117,96,105,34,87,10,28,108,77,148,143,45,131,95,41,128,63,68,76,41,63,70,79,31,82,250,168,56,23,109,19,92,49,67,58,48,32,21,39,53,117,123,347,103,33,193,193,33,33,160,21,39,49,91,37,27,83,70,38,223,164,154,114,200,7,92,59,59,46,36,63,61,31,64,201,163,23,25,84,169,40,14,64,74,31,72,154,62,60,24,47,47,14,128,134,41,113,19,77,119,230,31,69,134,131,41,75,154,19,54,61,177,8,212,85,9,23,381,193,55,57,137,67,122,60,54,95,26,43,16,133,69,10,41,27,67
20,179,7,70,23,27,79,268,34,73,33,119,106,291,118,56,78,20,285,85,79,42,82,96,83,116,20,73,73,30,322,54,41,40,88,50,86,16,83,25,65,135,257,97,205,249,57,29,51,25,151,20,106,114,20,36,43,51,17,61,131,33,308,62,22,39,39,58,82,12,87,21,72,32,32,37,84,30,116,76,136,94,59,22,63,58,45,47,71,83,60,68,92,10,276,44,40,36,127,29,23,55,178,28,126,71,62,16,97,65,57,48,75,18,44,156,54,26,14,188,157,202,409,103,27,157,67,54,39,53,36,103,51,178,239,29,25,42,100,58,103,70,69,76,25,84,74,60,30,104,69,73,63,84,28,103,17,34,69,125,104,275,63,50,40,141,41,95,24,55,33,201,64,36,224,176,76,75,27,49,125,118,109,89,46,48,101,39,105,35,112,166,46,58,21,80,27,47,53,127,16,72,106,164,187,90,57,55,173,71,28,106,93,18,63,37,70,87,44,33,314,95,64,64,40,43,12,62,113,144,133,46,129,223,66,18,143,59,86,44,360,40,141,284,101,137,22,24,176,96,45,93,62,52,61,123,98,49,44,57,35,37,54,14,487,89,405,45,20,48,50,19,25,113,135,112,43,92,82,28,31,39,9,196,19,45,41,112,57,61,176,139,58,4,123,197,42,71,44,52,168,313,42,55,57,64,117,488,34,71,85,68,369,43,56,27,45,81,13,171,50,24,111,38,49,27,48,58,181,96,37,15,119,15,48,74,114,30,213,78,10,28,24,66,111,77,110,73,56,175,70,130,64,64,59,43,57,66,66,31,23,45,84,17,48,47,46,22,99,75,85,36,47,33,25,99,77,88,191,17,169,72,45,12,305,89,52,28,98,212,37,65,22,182,38,46,83,56,193,53,24,12,47,48,33,55,59,28,92,49,274,68,237,23,44,35,173,4,111,78,353,126,13,42,23,74,12,84,55,101,344,48,139,66,319,83,64,271,107,151,89,101,33,49,98,86,97,81,81,28,182,33,300,70,71,158,23,107,236,283,74,24,73,101,115,122,108,77,34,87,37,54,176,22,38,39,21,143,138,47,53,37,141,29,86,343,60,56,64,16,162,97,45,28,260,72,69,21,257,18,29,39,122,50,81,139,73,40,78,115,33,121,103,67,63,72,128,189,80,66,93,49,47,339,20,50,179,54,203,246,146,41,54,279,164,130,104,113,94,47,82,110,87,80,64,71,83,29,25,148,15,292,87,21,36,162,41,38,53,68,65,51,88,233,51,14,63,40,30,100,115,34,91,52,109,93,37,24,72,59,59,83,18,105,119,67,30,133,64,63,68,202,43,41,25,58,199,48,40,104,96,26,111,154,56,32,31,64,86,133,26,72,306,33,172,169,77,38,58,25,48,43,58,54,48,219,29,120,62,13,276,115,17,182,64,33,41,26,66,7,111,26,103,81,173,43,47,36,42,41,124,59,64,50,269,80,63,17,97,67,26,133,167,40,16,38,73,58,38,44,239,151,18,218,46,34,43,29,140,53,102,51,49,174,98,20,36,184,46,89,49,41,78,103,27,186,50,33,138,105,54,37,16,118,8,52,165,270,43,59,14,21,9,22,220,152,50,33,120,25,63,61,45,181,103,65,122,38,43,89,66,107,57,31,77,81,78,76,136,61,97,71,32,34,32,43,109,51,119,45,78,49,163,46,26,54,64,26,68,49,26,82,58,17,26,133,132,224,115,79,117,82,66,170,63,68,32,74,400,69,61,84,30,66,52,12,38,44,116,126,74,99,115,109,45,85,20,40,90,71,140,262,67,122,43,9,65,49,192,117,19,43,219,9,25,15,53,77,131,43,142,147,55,60,18,20,32,14,20,24,83,36,422,39,170,21,12,198,102,61,48,226,125,105,170,86,52,193,53,59,194,69,36,26,48,120,109,51,88,32,79,21,16,57,123,72,107,42,77,6,24,112,87,153,138,45,149,94,68,125,68,83,70,35,76,60,88,24,90,283,140,47,15,134,23,122,61,70,33,40,35,16,40,61,110,124,338,111,42,195,179,52,43,160,20,42,59,86,37,26,76,81,47,222,183,194,113,160,15,105,56,55,46,44,63,55,26,84,236,184,19,19,97,156,39,13,72,66,23,59,155,66,61,35,35,39,13,129,117,43,127,42,73,116,227,20,68,129,128,45,94,152,20,35,82,192,7,212,107,15,25,417,165,52,66,145,76,114,60,58,91,18,35,17,133,93,14,33,30,75
20,164,10,56,21,20,97,289,38,65,27,168,97,296,98,72,69,21,282,76,71,35,97,88,79,101,16,83,71,31,332,52,24,35,66,45,77,13,68,32,66,117,285,85,207,265,50,29,81,23,111,23,94,115,12,41,35,35,10,74,132,39,271,60,23,25,33,51,81,13,94,28,59,30,41,30,64,22,108,56,151,86,55,26,53,78,44,50,77,65,72,55,96,16,274,46,42,39,128,32,18,42,195,31,107,57,61,13,78,59,46,50,75,20,33,133,44,17,7,170,140,218,392,121,18,141,57,60,32,37,34,112,41,178,237,22,29,61,107,57,107,70,69,69,20,86,82,55,39,89,57,66,67,116,32,96,26,33,48,105,86,276,66,64,43,152,50,108,39,55,33,189,45,31,235,179,71,78,30,39,118,111,97,76,50,53,94,57,93,27,119,172,58,53,17,81,23,48,53,123,13,73,117,162,189,65,66,56,154,78,39,105,81,35,69,35,73,66,34,28,327,84,59,48,53,45,21,58,96,138,140,35,133,219,80,26,131,58,82,39,355,28,115,309,107,119,9,26,207,82,43,89,60,47,40,136,99,45,34,98,23,47,59,20,492,77,412,43,16,49,54,14,27,102,131,86,35,91,85,19,43,42,5,205,28,54,35,80,50,52,185,133,64,4,127,183,30,51,32,61,149,298,56,39,65,45,85,460,27,76,87,66,362,35,55,40,43,75,18,163,24,41,94,48,27,38,39,46,186,94,48,10,101,19,48,74,111,35,186,61,6,24,25,62,97,63,126,74,59,179,67,153,47,51,34,25,70,56,76,28,19,49,62,21,49,42,42,28,97,62,92,39,46,32,23,90,72,79,178,9,147,59,41,16,249,91,44,20,94,229,43,64,34,198,40,46,75,37,201,67,26,14,42,51,30,45,58,24,73,49,311,60,172,27,43,38,165,6,101,74,330,124,18,45,18,69,20,79,54,97,340,32,129,58,316,89,57,235,102,144,68,95,32,49,93,77,92,90,70,26,183,33,333,48,72,168,34,95,247,260,83,24,75,101,140,132,108,74,31,63,39,35,186,32,33,39,13,118,135,39,50,31,123,27,102,321,71,62,62,12,131,113,42,35,232,50,43,23,242,17,24,29,119,48,68,123,70,34,84,117,54,104,107,60,59,62,115,147,78,58,87,44,50,328,32,47,162,59,216,226,158,31,73,277,139,116,121,117,102,32,69,94,87,81,47,66,94,16,37,171,26,288,72,8,37,141,44,49,62,55,53,57,83,231,55,9,74,37,34,98,116,35,70,39,91,75,41,12,67,68,69,69,21,109,129,60,29,128,63,72,94,212,35,31,30,51,198,43,44,87,87,18,107,158,60,33,23,79,82,123,13,64,272,39,180,159,74,40,48,25,46,38,79,57,45,177,32,114,73,8,280,113,19,153,49,35,42,26,61,3,95,36,97,99,157,51,41,27,46,36,109,57,83,37,301,73,79,8,110,59,41,133,167,42,15,43,59,65,40,57,220,153,11,221,56,33,41,30,134,47,111,64,59,168,107,17,45,150,47,66,65,43,68,96,29,194,60,32,147,102,51,50,20,112,15,38,144,258,28,52,9,27,11,25,225,145,54,20,107,10,65,71,51,171,106,54,116,36,42,123,84,111,61,25,46,79,84,67,137,54,87,59,32,33,29,52,102,46,119,31,76,42,158,50,28,49,72,27,74,46,22,71,55,15,25,118,118,220,113,83,119,81,66,150,53,41,43,57,398,45,81,75,18,60,52,12,41,33,125,126,56,98,148,71,62,93,22,27,77,53,153,225,70,112,30,5,58,40,187,105,22,39,233,8,14,16,57,44,121,37,124,140,55,57,28,18,41,17,24,42,61,30,387,44,164,24,13,178,122,55,41,248,100,104,170,59,50,189,53,68,160,61,38,32,60,109,122,51,63,35,74,23,15,70,126,95,120,39,82,11,23,112,90,152,124,46,131,119,55,122,75,66,79,34,71,69,71,22,76,223,145,69,19,120,32,104,55,60,39,42,28,10,28,63,102,122,301,124,33,186,180,39,43,163,30,38,52,92,30,26,72,78,46,227,171,189,104,191,11,112,55,48,45,31,65,38,19,80,231,177,19,18,93,156,44,8,77,60,25,75,154,58,74,28,37,32,9,140,128,49,125,22,70,142,215,34,71,109,127,47,76,134,17,44,85,181,6,210,108,12,28,385,143,52,64,136,75,113,75,50,93,25,35,15,111,70,12,37,39,64
21,174,7,67,22,20,72,284,36,58,21,178,100,308,98,51,68,30,294,92,87,28,107,92,57,110,17,81,67,32,343,74,43,29,87,33,80,13,78,21,55,146,290,86,212,247,49,43,76,22,120,19,95,122,18,37,35,47,14,95,136,31,314,58,16,38,30,55,84,8,77,26,60,30,36,35,87,23,112,58,171,79,57,30,45,80,42,39,70,66,74,67,90,15,285,42,41,30,118,31,12,42,197,38,117,56,70,13,65,64,50,40,55,19,29,145,51,20,7,190,152,235,458,96,29,145,58,52,38,47,33,119,52,175,198,27,28,45,109,67,104,81,66,69,18,99,83,57,50,97,54,81,57,109,30,105,16,55,61,112,93,307,68,66,45,155,46,106,40,53,28,189,49,17,217,178,89,76,35,47,114,96,88,85,70,53,121,67,116,23,110,190,53,56,22,67,30,59,54,114,13,79,100,148,171,83,77,62,185,61,30,113,105,32,70,39,75,85,42,31,311,98,48,41,42,52,14,87,128,148,122,53,134,232,51,27,139,62,88,46,382,29,105,292,111,128,22,29,204,101,43,103,53,52,53,140,101,44,45,95,33,38,63,16,542,78,427,40,19,53,58,18,33,92,128,97,49,75,87,19,39,40,5,191,26,73,46,85,74,57,177,134,60,4,138,203,29,43,45,56,163,233,40,49,67,48,98,445,33,68,85,55,424,28,57,29,36,60,18,159,44,42,89,40,45,34,52,42,196,98,54,10,106,16,43,67,126,36,189,70,9,17,33,56,110,59,135,69,55,206,84,147,49,69,31,40,54,70,88,16,18,53,65,20,43,40,48,23,98,58,83,41,54,37,24,104,68,103,210,10,144,62,33,17,274,69,57,26,130,228,38,80,36,179,51,52,88,42,217,60,20,6,37,33,40,47,65,23,85,54,295,53,198,22,42,50,193,11,90,92,360,133,15,39,11,57,18,66,64,125,327,41,152,59,362,97,66,272,107,157,86,105,44,64,89,75,91,85,76,15,196,38,328,53,77,176,29,103,254,285,89,23,80,113,123,121,102,80,40,62,51,51,185,25,44,49,19,143,135,37,45,45,141,22,94,331,53,53,55,10,148,120,48,37,233,59,73,36,242,22,29,45,112,62,71,114,66,38,96,125,53,113,121,84,64,63,113,143,74,64,75,48,55,356,41,53,186,57,193,236,185,29,69,298,146,124,113,128,121,42,64,73,59,73,67,72,93,26,33,163,25,303,88,15,28,159,47,48,61,62,58,66,82,235,41,6,71,56,40,95,102,41,81,47,84,57,42,18,94,69,72,76,20,139,116,71,30,123,69,71,83,227,43,38,37,59,211,41,41,103,118,21,99,158,47,37,17,73,87,155,18,65,244,44,164,175,69,33,45,21,46,36,88,69,57,242,30,124,66,13,289,115,13,188,72,38,51,20,61,12,134,40,92,87,160,44,46,36,47,33,121,68,73,49,276,68,69,8,110,61,33,125,144,38,15,42,49,83,31,68,203,164,16,253,39,42,38,39,155,42,100,62,49,166,103,22,42,184,50,70,50,59,75,122,30,194,50,39,157,122,53,35,15,108,5,60,148,239,27,51,19,21,18,27,234,135,48,25,115,25,66,69,45,157,111,72,110,39,32,97,56,112,75,35,66,84,89,76,152,64,100,43,30,30,33,48,108,45,146,16,72,48,176,67,36,48,84,27,70,55,20,89,70,16,33,110,116,247,108,80,122,79,81,153,61,36,57,52,415,64,97,54,25,57,47,6,34,35,123,122,77,93,127,79,52,115,25,28,77,83,146,252,63,102,51,9,57,51,184,112,24,46,238,8,17,30,61,58,146,41,140,190,49,51,32,20,45,18,23,50,53,29,395,48,165,26,26,160,96,62,28,303,119,115,160,65,43,182,50,75,182,70,27,35,62,156,130,62,79,31,75,16,32,71,144,91,107,35,73,12,23,122,71,143,165,46,147,117,53,134,79,68,82,31,77,81,74,21,58,251,159,49,26,139,38,108,56,70,32,40,27,17,39,51,107,120,302,116,22,183,157,46,45,158,38,34,71,82,25,29,76,60,32,211,196,195,109,190,12,91,40,61,31,31,62,44,20,86,246,176,27,21,94,159,53,20,83,77,23,64,154,60,65,33,47,37,14,136,141,46,123,29,73,138,189,37,69,136,150,45,86,156,20,34,66,184,11,230,123,11,34,426,150,44,73,132,81,99,75,56,98,33,31,25,120,76,5,33,40,66
29,206,7,72,15,17,74,284,35,65,17,197,87,282,96,71,66,26,288,110,69,47,90,74,62,96,15,94,75,28,342,70,34,43,64,57,81,13,86,19,58,134,283,83,208,272,55,30,75,22,128,31,82,127,31,34,22,39,11,99,130,30,329,62,24,26,37,60,108,17,99,22,47,43,36,30,72,19,152,71,148,99,53,35,50,85,34,39,102,67,78,63,80,24,292,49,46,42,114,36,15,30,189,36,136,66,75,16,65,60,42,26,56,27,20,147,66,21,8,201,171,209,469,109,23,144,34,59,44,59,39,115,53,182,223,49,18,63,112,70,112,73,83,78,19,90,83,58,42,103,55,74,49,108,31,92,20,47,42,124,102,293,56,57,51,158,59,121,32,78,36,208,33,22,227,257,91,79,38,45,126,127,100,89,69,49,117,65,93,18,111,182,67,50,22,67,29,61,38,114,15,84,112,161,184,88,87,64,152,66,27,97,105,38,54,35,68,75,32,26,325,100,55,46,51,46,15,77,138,120,134,45,96,234,70,27,164,68,97,42,390,30,113,282,109,115,29,31,193,81,47,113,54,45,44,155,101,49,39,79,37,49,62,15,552,73,426,40,16,51,62,25,19,98,136,113,29,80,95,22,30,48,8,188,36,56,51,87,69,61,181,138,63,3,156,198,36,28,48,64,156,247,51,58,53,35,82,482,19,68,69,56,401,27,56,44,40,39,24,155,42,33,79,34,46,44,53,55,195,100,43,6,125,20,46,63,110,37,210,71,9,16,26,74,125,65,151,67,62,197,75,123,47,52,34,32,52,73,90,16,18,57,78,15,43,27,27,24,94,53,76,56,57,28,25,109,71,83,179,8,154,55,29,16,230,81,46,36,124,258,43,87,34,171,48,37,74,58,226,80,29,17,29,52,36,53,55,19,86,52,274,48,177,32,33,47,175,8,88,71,342,129,18,34,10,74,22,87,72,117,343,37,154,41,364,79,78,273,91,146,78,112,43,56,76,73,82,78,88,26,176,31,362,47,94,159,25,104,228,268,87,15,81,104,147,121,108,77,31,51,42,44,185,17,33,41,10,127,160,27,37,54,124,24,100,318,65,47,50,11,144,130,42,30,253,47,76,33,240,31,35,32,84,77,67,116,67,54,91,119,49,128,113,66,77,66,128,156,89,59,83,46,54,320,38,49,193,72,196,225,193,35,63,281,154,105,113,114,140,38,67,76,59,76,76,49,95,24,36,161,22,286,86,12,22,144,41,54,45,45,41,67,81,224,32,8,93,55,41,102,113,43,63,38,83,72,47,28,83,51,72,77,18,148,116,63,39,138,66,55,111,257,39,23,24,63,215,27,34,85,105,23,104,138,64,28,15,70,82,127,16,72,233,35,160,214,70,33,54,28,57,40,87,74,60,219,36,136,58,6,291,121,12,175,56,49,50,22,62,11,121,30,99,82,150,43,51,35,43,42,100,59,80,37,306,84,69,5,121,65,38,137,148,38,15,58,62,85,35,63,232,187,10,239,41,31,42,38,134,56,120,56,55,187,105,25,44,179,51,79,61,62,83,127,21,193,49,41,160,97,55,38,17,107,15,51,112,228,27,44,20,19,15,18,243,137,52,24,135,26,62,69,50,157,104,49,114,52,43,153,54,101,76,37,77,78,86,68,150,70,104,62,21,26,42,34,98,47,139,30,68,43,163,65,52,58,88,31,73,49,22,93,76,14,45,130,107,234,122,81,105,91,74,166,52,33,46,55,414,64,85,83,26,68,49,9,37,54,141,140,56,106,134,98,74,135,16,12,79,72,164,262,59,117,51,3,51,52,166,126,34,49,256,10,23,36,56,59,123,39,134,165,55,60,25,16,59,10,18,43,56,35,431,46,128,28,29,199,119,51,15,306,91,118,151,56,55,211,43,65,188,69,31,26,71,141,140,69,67,29,81,26,20,79,133,84,110,42,71,17,31,103,85,141,148,64,161,117,58,128,95,65,98,23,65,56,61,20,77,270,150,48,32,136,29,112,64,79,34,40,32,11,43,42,107,119,331,100,31,209,149,41,41,164,41,43,66,87,23,23,69,62,29,217,188,183,111,191,25,89,39,45,48,40,66,42,14,75,222,184,23,15,94,141,48,16,80,74,16,80,144,47,67,21,42,50,9,147,153,49,126,30,66,128,202,35,63,131,140,42,71,170,19,40,68,182,10,224,122,16,37,417,129,53,72,125,89,90,53,53,97,28,45,25,121,83,11,33,28,62
23,187,12,58,22,16,87,285,33,53,16,169,95,278,115,66,57,28,300,81,79,38,96,80,65,101,11,79,54,37,374,65,29,37,62,38,72,24,81,10,52,127,269,98,226,269,51,45,79,18,116,25,115,119,22,30,28,44,15,92,124,47,343,51,24,25,24,53,96,11,78,26,63,28,39,31,69,27,145,49,146,88,51,33,66,87,51,41,82,76,78,56,79,18,294,28,43,38,90,30,19,50,178,58,119,76,61,12,72,60,45,37,52,36,24,149,53,23,6,203,119,216,487,110,29,141,35,75,34,57,34,107,44,166,182,28,27,45,82,72,114,75,102,62,18,73,101,55,46,97,47,63,64,116,24,105,15,58,44,107,88,268,45,62,53,158,50,101,28,51,30,214,39,28,211,198,97,54,40,44,115,125,87,82,52,55,121,71,96,21,89,222,50,50,17,61,28,70,50,106,12,84,119,180,170,80,71,68,143,77,27,88,92,43,46,47,74,71,33,30,300,93,57,38,53,38,16,106,123,115,129,38,118,222,59,19,174,61,98,31,364,41,113,280,95,116,31,24,165,86,40,100,49,59,54,151,112,50,35,88,35,47,76,7,525,57,408,32,20,40,59,25,35,87,127,94,30,78,75,17,32,39,7,164,27,66,51,93,69,55,145,143,54,5,140,197,25,24,54,57,146,276,44,61,67,56,81,472,13,67,66,43,388,30,73,39,33,50,21,149,41,43,73,36,40,30,52,45,172,120,51,6,111,20,44,65,129,41,161,56,5,15,35,64,126,64,118,62,63,203,82,105,37,74,40,36,53,71,77,21,19,51,70,29,34,29,50,24,76,56,92,52,59,39,20,107,63,99,187,11,158,69,29,26,259,72,32,19,115,235,39,74,52,163,45,44,74,51,182,62,34,11,34,41,26,51,42,17,81,34,314,51,152,33,45,50,197,12,61,78,359,157,19,32,15,66,23,82,69,108,325,37,145,39,383,88,77,290,132,145,73,106,38,55,66,69,88,83,68,35,171,38,347,38,60,170,30,106,283,250,71,17,73,108,130,112,112,66,31,38,56,50,195,30,24,46,19,115,159,29,36,64,118,20,89,303,61,43,78,13,147,105,43,28,262,51,83,43,237,21,37,36,80,74,71,128,53,69,107,88,39,111,104,64,73,66,122,142,79,60,83,51,46,302,39,56,154,61,203,209,173,24,51,263,146,105,115,113,146,34,60,66,59,89,52,54,96,28,43,151,25,299,89,10,18,126,43,49,54,52,43,69,86,209,35,9,92,52,32,97,103,44,74,48,85,73,50,24,99,53,68,76,13,134,125,70,33,107,66,60,115,239,48,44,29,64,216,23,31,93,122,18,94,143,51,35,18,68,83,123,20,82,243,53,154,176,72,33,49,16,52,42,77,72,61,227,29,115,55,10,272,138,12,195,66,42,47,19,47,6,108,35,102,78,163,45,40,41,41,31,121,71,58,35,313,86,74,9,106,42,42,115,136,42,10,42,66,91,37,54,248,164,15,250,32,36,36,30,124,64,66,93,52,174,102,20,47,136,53,55,67,70,77,123,23,202,36,27,174,107,58,32,17,128,9,71,132,226,31,45,29,15,20,20,230,152,41,34,127,21,66,61,52,168,97,51,114,41,33,114,49,112,62,30,56,91,70,60,131,63,80,56,12,39,39,35,97,56,125,20,62,46,149,62,44,58,87,42,65,47,20,68,80,27,29,126,110,249,132,76,137,82,71,154,52,40,47,73,358,68,72,71,28,50,51,4,40,51,118,134,74,86,122,87,52,115,23,21,88,71,134,263,72,95,41,5,55,54,155,91,25,56,203,16,14,33,54,46,121,45,124,161,44,52,22,6,40,9,20,44,48,29,438,53,133,16,25,170,90,56,19,292,91,86,137,48,49,195,53,59,165,54,32,29,59,112,133,62,75,30,74,20,23,82,132,79,75,35,72,13,35,96,64,132,132,55,155,121,57,130,69,77,102,20,75,57,79,18,64,230,135,36,33,138,29,108,63,71,45,38,26,13,51,42,115,121,291,108,18,179,147,32,37,158,54,38,49,97,22,30,60,69,37,222,223,178,110,206,14,64,34,44,46,42,64,41,12,69,212,161,27,27,88,150,53,20,69,63,24,61,136,49,60,22,54,39,8,134,150,50,134,24,63,138,189,37,70,112,121,47,81,138,17,26,78,161,13,235,106,15,31,400,124,47,77,147,71,97,73,67,70,19,32,22,104,83,8,28,38,60
25,225,13,65,28,15,82,240,38,73,19,162,90,275,120,63,64,25,321,106,70,50,101,68,54,94,17,86,69,30,340,82,35,34,58,41,73,31,96,11,58,124,268,82,202,284,55,51,97,11,118,29,97,126,33,33,26,40,7,97,143,51,335,73,28,23,25,74,111,15,84,26,75,38,46,24,92,18,128,55,162,95,74,35,54,95,35,41,102,57,78,40,74,22,302,32,45,47,109,32,16,47,197,45,120,60,62,18,76,69,37,42,79,26,24,142,64,31,10,273,152,210,473,120,30,146,26,75,39,44,49,115,54,191,201,31,26,54,88,67,122,73,86,77,29,94,113,74,68,101,62,46,63,102,31,102,15,52,36,99,84,268,34,60,55,181,53,108,21,65,26,216,39,22,240,225,109,84,36,32,106,124,81,81,46,49,131,79,98,19,98,235,50,50,13,78,32,74,45,141,14,65,130,171,189,82,72,71,168,63,34,93,81,48,62,48,70,58,36,29,289,104,61,55,52,32,23,107,128,122,118,27,112,248,68,23,152,56,114,46,364,27,123,329,96,113,35,24,166,92,38,113,63,55,53,149,88,50,39,83,37,41,70,19,504,68,451,56,21,38,64,18,34,100,132,101,49,76,73,16,34,27,6,218,31,66,71,75,63,48,165,142,59,4,134,201,34,40,54,42,139,254,46,65,66,46,71,438,20,75,54,44,453,26,68,46,42,72,18,149,32,51,100,48,42,21,74,56,178,116,61,1,120,13,38,66,129,36,198,53,12,14,37,72,126,59,129,67,61,230,75,106,40,70,38,39,59,82,76,22,19,56,65,12,28,26,46,22,103,52,87,61,48,44,27,121,55,92,188,11,147,69,37,31,258,72,35,31,121,233,36,74,41,179,45,44,72,68,229,56,39,11,40,43,27,43,54,17,97,52,318,52,163,29,43,47,188,16,84,69,340,135,24,29,16,74,26,82,72,119,320,47,134,30,367,97,89,301,126,164,81,118,56,42,60,68,89,75,94,28,171,41,309,46,62,176,33,130,258,224,107,19,79,101,150,93,123,79,33,44,40,57,175,22,25,38,10,125,128,35,48,51,122,22,93,314,50,31,76,26,151,120,49,31,258,47,87,27,244,28,44,38,116,71,71,140,63,45,109,107,38,115,104,80,67,60,120,151,87,48,99,43,47,327,29,49,153,66,217,225,165,27,64,285,135,113,129,109,138,43,56,51,78,79,46,48,106,25,61,173,21,327,101,14,21,127,47,36,50,58,30,63,86,238,32,15,98,52,37,119,96,40,84,47,95,75,60,19,89,49,58,70,18,164,118,69,43,99,63,63,130,229,51,35,20,47,246,26,30,106,116,35,90,173,47,30,9,77,74,119,9,82,243,38,146,212,61,35,44,25,61,57,65,80,94,238,32,136,58,14,338,129,17,190,72,52,60,28,45,10,121,39,116,84,191,58,42,36,49,32,97,56,75,43,310,91,71,7,94,48,37,121,125,40,10,45,75,85,33,65,234,184,13,243,37,29,43,32,139,70,79,84,56,177,85,25,42,143,59,64,53,54,57,123,22,226,44,42,178,97,60,33,19,123,8,71,142,253,41,42,15,23,13,22,243,116,48,18,109,36,54,85,87,166,99,55,124,49,33,139,60,90,82,47,48,93,73,58,154,63,83,51,28,37,45,44,112,50,145,13,76,34,165,62,48,52,76,32,63,48,22,60,76,14,32,131,115,266,113,71,119,95,84,131,57,40,52,63,415,66,72,70,21,70,64,10,41,50,163,160,73,83,152,102,74,117,33,21,102,77,142,277,77,111,41,6,68,40,153,124,34,56,251,4,18,40,63,42,139,50,131,175,39,43,28,8,57,10,18,60,42,21,461,56,129,17,22,171,87,53,18,282,92,105,147,51,53,197,40,74,160,45,28,18,87,127,133,66,64,43,76,13,23,78,153,68,83,40,67,29,49,107,81,152,142,50,172,119,62,119,95,70,114,30,83,63,92,20,85,275,141,51,28,117,21,128,79,78,28,33,29,17,35,43,122,123,311,106,25,211,155,43,55,143,36,45,43,83,16,36,68,79,31,206,203,186,100,209,14,82,37,44,53,43,54,47,13,87,186,165,34,16,106,133,49,19,67,66,19,70,130,40,56,30,74,42,3,135,160,44,134,19,64,157,184,36,67,107,118,39,77,152,14,48,82,150,15,205,136,11,32,430,117,55,68,138,83,79,57,55,89,25,39,15,125,76,11,25,32,56
24,193,6,76,29,17,77,253,34,59,20,176,76,239,122,72,57,12,283,104,66,41,91,75,49,116,16,78,64,35,353,56,37,41,67,33,77,19,109,7,50,137,281,81,204,286,51,37,74,14,125,32,108,112,32,42,22,49,14,92,138,56,362,65,23,24,29,79,86,8,86,23,60,31,52,27,103,26,152,38,157,87,60,36,56,90,45,30,98,59,72,51,77,21,262,36,43,29,112,27,17,50,179,47,119,55,84,12,62,65,41,30,54,31,18,143,62,19,10,274,116,194,473,101,30,154,25,66,44,46,42,88,46,179,193,37,50,49,80,69,120,79,78,78,25,87,116,57,48,122,59,53,56,97,23,102,17,51,42,90,112,255,37,60,63,186,44,123,11,56,15,200,34,22,242,216,109,73,41,53,94,122,73,79,45,54,140,70,77,12,93,230,40,39,9,58,28,63,45,106,12,53,148,155,210,56,70,81,172,73,24,84,81,44,50,40,59,64,42,24,314,93,69,48,48,29,11,100,122,126,103,28,97,241,62,29,155,48,101,37,347,24,106,279,90,112,44,24,154,96,36,111,53,47,43,143,95,50,39,68,47,37,72,21,468,57,382,37,23,38,45,27,20,89,113,108,27,60,68,10,21,34,6,202,32,57,50,70,51,51,157,139,49,5,163,186,17,36,41,54,162,249,43,71,78,47,65,451,19,76,59,45,360,27,68,54,45,62,19,145,32,35,66,23,40,23,56,62,182,122,53,4,97,17,30,56,118,50,196,52,11,16,27,85,134,70,126,67,62,201,70,111,29,54,28,36,50,71,70,30,17,61,44,19,26,26,47,19,86,63,82,57,50,39,23,119,56,83,165,21,145,80,39,39,234,82,49,27,109,244,59,65,46,167,49,43,72,56,206,64,41,13,39,40,24,48,43,14,91,36,291,44,158,23,47,48,212,9,73,81,332,114,19,28,12,68,31,67,62,128,325,31,150,41,353,91,81,280,103,136,94,103,53,50,68,53,73,79,76,27,171,33,349,49,59,173,30,133,225,233,75,19,74,88,155,88,120,60,28,48,47,56,175,32,26,42,15,121,109,28,34,45,96,20,94,325,39,37,61,15,146,109,60,34,276,58,85,30,230,25,47,45,105,47,84,123,61,71,117,74,33,109,101,80,39,51,139,183,84,52,76,43,44,322,23,54,160,53,217,196,167,27,54,277,133,114,127,112,141,51,62,54,62,72,62,42,96,24,53,170,33,281,88,14,23,123,41,52,51,46,29,48,86,203,36,17,85,53,41,118,98,43,66,54,96,74,62,23,91,53,43,70,7,153,119,65,31,100,70,50,106,237,53,25,25,42,218,15,31,79,100,23,113,131,53,23,19,74,90,126,12,73,215,40,151,215,60,29,33,24,53,45,65,72,82,229,40,128,59,14,334,101,8,179,56,39,57,28,50,15,109,36,130,97,178,54,32,40,37,28,111,43,70,40,247,77,59,9,106,43,38,116,119,46,10,48,57,94,38,41,204,200,11,254,33,36,41,30,145,43,84,112,47,184,107,18,44,128,46,53,43,59,62,139,30,257,48,26,180,109,68,28,23,126,12,67,121,259,36,53,20,21,13,21,288,115,53,24,103,28,39,66,71,172,81,63,117,39,34,143,53,98,59,32,60,78,76,66,148,50,88,50,24,32,42,40,108,53,160,16,71,33,180,54,46,74,85,26,60,46,18,68,71,12,48,130,90,241,134,81,121,72,76,134,56,48,52,69,354,65,54,76,14,62,48,17,42,57,153,145,68,87,171,81,64,103,25,22,101,83,126,248,65,92,43,5,54,48,147,108,32,58,214,10,20,37,52,48,118,52,148,176,48,48,30,4,58,11,17,59,33,24,438,48,120,9,35,192,89,51,14,302,107,97,117,60,45,210,45,82,170,58,28,27,73,106,129,68,75,61,81,18,22,83,142,81,77,31,61,21,45,109,77,149,143,49,161,110,81,132,93,57,135,27,65,60,77,20,67,220,140,47,31,131,19,83,61,72,33,41,25,11,46,52,117,131,304,106,21,195,139,51,44,166,37,38,37,78,23,29,45,57,31,206,236,187,123,201,9,86,46,40,49,39,55,35,16,91,180,167,33,14,94,145,48,11,75,59,25,68,138,42,64,31,51,46,3,125,169,54,138,24,63,145,186,30,89,108,125,47,83,143,5,38,89,158,11,208,147,9,26,407,138,58,85,152,87,78,66,45,77,19,45,17,135,59,14,27,53,48
23,200,8,75,24,22,85,263,30,57,30,172,88,259,128,65,75,12,320,112,85,49,93,95,62,86,23,60,51,40,322,65,31,33,73,43,86,26,98,8,57,116,312,80,202,290,43,47,70,16,129,38,106,104,25,33,32,38,14,74,161,62,362,65,16,28,12,85,120,13,87,23,62,39,55,29,89,20,157,36,176,93,72,31,53,95,29,35,124,57,66,39,85,33,280,29,46,45,107,22,22,47,168,41,106,58,76,13,69,72,39,40,57,22,23,145,61,28,8,283,116,216,488,117,24,153,32,59,34,48,32,112,43,189,193,47,49,44,94,82,116,91,87,72,18,67,144,48,49,147,48,42,54,102,27,101,19,55,43,71,92,228,49,60,60,179,54,120,18,62,19,202,37,30,253,225,105,66,36,47,97,128,83,84,57,48,101,77,118,8,75,227,40,34,17,71,23,57,51,101,13,54,150,152,210,73,83,63,191,55,37,89,83,51,47,44,59,69,52,23,331,114,75,40,53,39,18,93,112,125,113,34,115,237,75,31,160,68,132,48,328,27,114,283,92,125,48,15,162,80,35,85,69,65,46,120,91,77,27,75,31,34,91,17,493,73,425,50,11,40,55,19,18,92,121,106,40,46,76,15,29,34,3,214,36,57,66,59,57,45,144,159,52,11,153,194,20,52,39,45,175,258,49,60,82,42,69,454,15,71,62,50,390,22,69,46,44,64,30,158,25,39,88,34,37,19,41,53,191,117,77,4,108,14,44,44,98,56,198,62,10,14,16,87,127,55,132,77,74,188,71,109,35,70,53,29,43,89,58,28,14,56,52,15,20,31,45,27,82,62,99,53,47,46,31,103,80,98,198,17,141,94,44,49,280,72,47,33,122,239,80,72,45,162,41,61,68,43,207,67,34,19,33,49,18,53,50,11,100,37,308,61,147,30,46,41,229,18,83,66,361,149,20,46,18,68,18,85,70,130,310,44,147,44,311,95,97,278,103,146,91,97,48,40,58,59,98,80,75,36,176,30,346,30,60,179,38,121,214,243,82,18,77,93,141,86,112,58,25,39,39,85,212,35,22,46,12,122,131,29,30,45,90,19,86,321,47,31,74,26,156,126,50,44,268,64,87,27,212,27,50,52,110,60,85,145,78,77,121,81,40,122,93,70,81,46,123,162,80,56,93,39,34,367,25,57,165,67,222,218,155,28,50,313,142,112,120,106,156,51,62,67,54,66,52,46,94,29,45,157,15,325,110,19,25,131,36,41,68,43,42,45,86,187,32,18,116,59,52,146,90,34,78,41,122,81,53,15,85,40,41,69,12,206,129,84,34,117,77,59,98,215,64,35,25,36,235,18,28,74,114,28,103,146,54,23,16,77,88,134,15,77,204,38,138,220,70,51,40,19,45,43,60,74,77,211,39,114,46,21,348,79,12,204,47,34,50,36,33,17,103,46,170,86,164,53,37,44,44,31,104,74,76,48,289,94,64,5,103,70,39,133,135,43,15,48,36,100,35,56,198,202,12,286,44,32,54,24,144,52,74,112,59,223,120,26,45,165,50,55,62,78,71,136,27,260,31,40,175,106,59,32,11,141,8,70,141,247,33,28,21,19,16,13,296,133,50,20,102,20,37,78,72,169,99,60,134,49,25,146,58,83,77,51,49,95,81,68,151,64,90,47,28,38,43,44,122,57,140,20,66,37,175,65,39,67,57,27,67,36,17,67,65,8,40,125,83,260,136,84,139,63,56,154,78,43,50,71,386,62,74,81,18,64,65,8,47,54,160,159,60,63,168,93,65,122,27,29,97,87,141,280,74,93,47,7,53,51,150,101,28,52,269,16,19,43,62,51,115,63,160,161,46,43,27,9,48,12,23,48,45,21,475,54,121,11,28,192,97,62,14,327,114,117,139,57,39,226,48,86,176,37,30,26,87,120,137,68,70,39,77,13,21,73,126,83,74,32,61,23,49,104,70,133,158,55,148,113,82,127,91,72,123,22,62,70,91,21,83,247,136,45,26,157,19,98,71,80,35,35,22,10,36,62,111,150,329,97,12,195,147,57,40,142,54,40,37,81,17,32,60,48,27,226,254,193,103,192,19,95,33,41,58,38,54,53,13,85,182,171,27,21,90,159,61,16,71,58,19,61,138,50,65,23,59,45,5,141,166,41,126,22,57,151,182,37,79,107,115,45,83,164,9,49,86,177,19,203,125,18,31,452,121,56,77,137,78,93,76,49,69,14,47,14,133,61,14,45,36,53
24,209,7,80,28,25,77,269,34,68,29,214,86,250,126,91,46,19,299,105,80,54,119,87,51,113,19,66,59,45,373,70,36,27,66,40,75,15,95,11,50,130,324,85,199,265,58,43,64,15,129,42,84,84,25,37,23,39,8,93,154,59,412,61,19,35,22,83,125,4,79,36,73,27,45,42,94,20,138,38,178,73,79,31,63,90,34,35,122,68,56,43,68,26,265,43,53,36,103,26,19,38,139,35,122,47,75,12,75,68,39,46,63,18,13,160,65,27,10,265,109,197,499,123,26,153,31,73,28,38,44,101,43,192,234,35,39,34,94,75,115,76,76,96,28,85,129,56,50,157,62,45,60,96,30,91,11,41,40,85,93,239,43,62,48,198,47,105,19,56,24,217,26,31,244,237,86,75,32,45,100,120,78,68,57,49,130,79,104,14,84,242,39,45,7,79,29,66,32,117,8,69,156,163,195,70,69,58,203,77,45,96,82,51,53,33,42,65,39,32,315,117,66,44,60,38,14,100,121,131,110,25,107,230,83,25,138,60,119,64,320,38,134,310,82,139,37,23,147,100,58,115,57,67,37,141,97,91,31,79,32,38,74,25,495,51,393,56,24,40,45,27,15,112,111,117,42,49,68,13,35,47,4,197,49,47,53,66,61,52,170,157,44,14,181,200,18,50,30,44,162,257,41,53,75,54,74,476,20,99,54,67,384,25,86,53,55,58,28,133,20,32,60,28,36,11,53,35,162,114,58,10,113,21,45,59,110,51,187,68,18,9,20,79,143,48,132,80,59,232,79,119,45,58,46,30,60,91,57,27,18,43,55,16,34,22,37,32,95,59,118,47,62,40,39,93,65,95,180,28,141,78,43,37,282,66,45,34,146,249,79,65,41,201,57,54,73,49,195,52,35,11,36,49,30,58,39,18,122,37,323,49,168,21,40,59,237,17,74,74,355,131,11,36,26,60,27,74,52,147,311,40,162,36,353,98,83,315,133,136,78,123,92,51,47,46,87,89,80,33,194,25,398,31,57,184,28,121,251,273,82,20,90,94,186,93,131,65,24,52,31,79,205,36,21,56,17,120,162,28,30,39,80,19,85,313,24,44,78,23,160,135,31,32,270,59,90,36,235,33,30,42,129,67,90,134,78,67,129,86,39,115,104,79,74,55,108,176,89,62,84,32,37,349,27,43,171,55,217,204,161,30,49,284,144,105,136,119,155,56,65,61,58,57,57,54,98,33,47,178,33,338,117,28,28,124,44,46,53,42,29,50,86,175,35,14,107,57,44,126,84,30,73,50,105,85,78,31,84,44,49,59,9,187,123,78,39,105,67,54,93,248,57,34,9,38,241,18,29,93,115,27,99,181,45,25,23,74,80,131,13,66,210,51,163,220,77,55,36,22,50,53,55,79,87,210,34,123,76,19,355,75,17,201,45,56,69,45,36,28,96,55,154,83,158,39,43,51,47,40,113,53,77,41,303,85,61,10,111,64,28,128,162,46,23,53,48,94,51,48,197,205,14,311,54,34,61,26,128,56,75,148,48,221,97,21,45,168,34,51,59,54,69,144,26,255,26,35,175,104,71,45,9,117,12,78,126,252,34,28,27,18,11,17,316,133,55,17,91,26,48,58,82,189,84,59,110,61,20,145,61,83,58,38,58,87,66,66,147,52,87,55,25,26,37,43,113,58,154,22,63,41,208,49,37,54,88,19,56,34,26,57,83,12,46,126,98,266,132,94,134,73,64,161,49,45,52,84,426,55,59,52,26,62,41,18,42,67,164,126,64,67,143,100,47,109,46,32,82,84,125,262,86,99,43,13,57,48,136,106,32,71,296,10,20,45,48,62,115,55,180,146,42,40,31,1,48,5,24,43,53,22,475,46,135,17,29,172,113,63,9,307,109,80,117,51,58,207,38,92,213,41,41,45,96,120,147,54,80,48,78,13,25,82,145,98,76,28,60,39,39,98,68,148,172,64,147,99,84,143,92,69,126,32,62,62,85,17,66,219,125,45,26,139,15,110,52,73,24,36,28,7,58,75,109,105,328,86,18,201,174,49,41,153,66,43,15,82,14,35,61,46,22,248,283,209,132,148,9,86,37,38,54,40,70,48,22,77,170,193,25,11,98,188,53,22,73,51,18,57,132,59,71,17,63,39,4,142,156,56,175,28,74,120,165,40,80,126,123,45,74,144,14,55,89,214,19,209,142,18,26,447,132,60,90,128,98,86,51,39,71,10,58,17,141,72,16,36,53,50
21,193,11,67,37,8,64,215,26,68,35,169,77,240,132,71,60,22,281,85,62,39,98,71,62,74,20,68,38,34,338,61,29,31,48,37,71,21,83,11,49,106,292,80,212,267,54,37,78,7,138,37,77,64,33,32,27,31,6,87,124,55,344,66,27,34,29,76,87,13,80,25,55,19,31,33,97,10,135,42,160,81,81,24,60,90,24,35,100,52,53,51,58,26,206,37,40,29,86,27,10,52,143,55,106,40,63,12,59,61,33,51,61,18,8,124,65,33,13,265,87,189,433,109,28,134,30,67,30,52,31,82,33,182,188,38,40,37,92,70,111,68,66,91,19,75,127,47,49,136,49,38,65,95,21,88,16,50,41,66,87,238,50,51,51,182,47,94,15,45,26,216,28,30,227,221,77,77,39,39,69,131,74,60,60,36,110,60,101,9,77,222,27,39,7,85,33,48,42,102,4,57,139,143,197,59,59,55,166,50,42,75,81,36,41,38,58,61,33,22,277,89,82,53,44,43,15,97,113,131,111,29,105,188,65,15,118,49,118,48,285,24,119,253,76,129,18,20,124,104,48,123,58,51,43,117,72,73,30,73,32,23,60,14,441,69,370,50,21,27,45,21,19,104,89,109,39,54,44,10,37,27,5,215,31,53,41,66,49,40,132,114,38,9,162,182,19,57,31,34,171,227,42,54,78,37,58,410,16,67,53,63,345,31,67,42,41,62,34,145,19,27,81,31,39,15,32,45,188,85,55,9,96,18,58,54,95,42,168,52,18,15,26,66,137,56,151,63,69,191,70,111,37,40,36,28,50,79,43,32,10,46,40,20,18,28,28,28,84,50,101,50,40,43,32,90,59,74,175,24,123,73,34,27,272,57,38,26,114,234,66,60,34,195,44,44,78,36,199,44,33,12,25,46,20,61,42,10,98,31,290,50,149,16,35,50,201,23,72,60,305,108,21,43,21,53,21,73,48,137,294,43,161,30,279,103,79,256,106,116,85,105,69,38,51,36,86,75,74,34,171,22,343,29,51,150,23,119,239,241,80,18,71,71,152,96,138,48,25,53,28,68,182,38,19,52,11,109,143,18,29,36,76,14,94,283,29,45,38,18,148,103,26,25,239,47,75,34,216,22,37,46,116,60,84,128,49,64,108,96,42,98,96,81,84,58,105,135,78,51,79,46,26,289,23,44,141,48,187,180,156,29,40,247,142,98,120,101,129,60,61,53,53,44,60,31,95,17,42,142,21,300,113,19,33,124,39,37,60,50,38,60,64,143,19,6,109,44,38,134,80,37,64,56,95,73,76,26,67,45,50,80,7,163,107,72,45,95,53,46,89,187,57,30,8,32,211,11,23,76,109,19,86,167,47,29,16,64,62,116,14,59,158,41,147,175,47,55,38,17,33,47,51,56,71,215,34,108,66,22,311,90,15,159,40,24,70,39,31,23,85,44,166,70,136,41,44,35,42,30,92,33,63,44,292,65,52,3,113,59,18,125,161,42,12,44,44,87,45,56,171,179,16,245,39,31,49,19,103,59,74,120,50,191,111,21,52,145,31,49,46,67,54,163,18,227,19,20,149,87,55,45,8,132,14,55,126,253,53,24,21,21,11,12,285,101,59,16,88,27,37,66,66,182,74,47,111,47,33,114,51,75,60,35,45,82,58,66,141,49,84,47,18,25,39,55,87,45,116,22,65,37,191,43,26,64,62,21,49,43,16,43,73,9,34,93,79,192,115,85,157,70,53,135,56,35,34,49,361,49,73,71,13,55,46,25,36,44,129,115,58,62,133,78,43,110,35,25,90,86,139,231,53,86,35,9,50,45,123,82,22,58,267,13,15,44,55,45,115,54,173,150,46,37,31,2,47,5,17,47,53,17,398,36,112,20,25,205,93,63,13,278,94,85,124,40,44,209,64,87,183,46,35,31,105,103,128,54,94,53,65,9,19,65,132,78,76,35,53,29,43,80,55,129,136,47,153,83,82,113,86,68,108,25,62,64,80,23,56,231,104,37,21,149,17,95,64,61,27,39,23,15,42,56,104,119,310,72,10,177,144,50,40,124,58,43,22,76,9,26,49,42,20,205,241,166,122,193,19,108,41,30,46,35,67,50,17,80,168,188,21,11,92,147,46,30,44,56,14,47,142,42,69,17,52,37,5,128,136,45,131,16,66,139,150,37,74,98,89,38,78,143,7,39,71,166,18,178,129,18,27,380,122,54,73,109,63,95,53,48,65,15,49,16,127,49,17,36,43,40
39,206,11,99,34,16,71,253,34,90,33,168,85,236,129,119,57,20,335,104,68,42,116,81,71,114,19,75,40,37,408,80,40,26,53,42,77,41,82,18,50,140,318,63,195,293,45,53,79,16,112,47,68,83,28,47,23,41,9,115,153,59,411,81,26,38,36,79,98,14,98,34,68,27,29,24,98,15,137,42,187,98,90,31,66,98,29,42,112,55,48,50,72,17,242,47,42,37,102,34,16,72,164,60,108,42,64,10,74,84,38,50,59,12,13,143,56,38,16,276,105,192,478,103,33,194,27,60,34,56,38,104,49,163,224,51,33,37,88,74,119,94,68,92,29,91,133,34,56,148,67,31,65,93,29,82,13,44,43,75,108,222,51,62,50,200,64,148,15,61,35,238,24,40,241,240,76,81,40,46,82,154,69,78,51,49,130,73,93,18,90,283,32,50,10,73,35,68,36,141,8,64,133,158,230,77,75,63,195,85,45,108,100,58,63,49,61,55,33,38,339,87,102,48,51,39,14,104,133,161,130,20,115,243,65,18,114,48,121,46,359,21,133,302,85,134,20,16,144,110,66,119,56,68,54,134,94,77,30,77,32,39,70,21,511,51,439,54,22,22,51,22,10,121,105,98,39,72,63,20,42,44,4,236,28,56,47,85,62,34,165,127,37,17,162,182,11,53,40,42,153,258,44,54,58,41,83,482,11,92,37,68,386,20,84,41,57,76,28,162,25,55,86,32,39,17,43,38,177,95,66,17,99,26,56,68,101,48,206,59,21,18,25,91,165,74,135,58,75,239,76,123,35,49,46,23,54,105,54,26,31,52,49,21,31,24,43,36,111,47,101,59,55,42,35,100,68,85,210,30,153,100,42,42,323,51,43,21,133,272,89,65,50,206,46,51,68,45,191,53,28,18,26,40,35,64,40,17,114,37,344,51,136,13,38,49,227,15,69,67,364,161,9,51,26,54,15,94,57,139,322,38,187,41,344,86,82,283,132,152,82,120,76,67,58,43,73,54,66,27,178,41,396,26,54,181,26,126,273,257,69,28,71,73,192,128,160,47,21,64,25,57,203,53,22,45,12,104,129,23,29,43,99,14,100,313,29,30,59,24,160,126,29,35,256,66,99,36,254,27,34,47,117,62,101,149,70,85,130,93,40,108,109,65,91,65,96,207,83,69,97,55,35,327,27,36,151,42,229,217,137,24,42,295,178,86,109,128,160,58,73,60,66,46,57,40,99,32,41,147,27,303,109,19,25,137,40,51,70,60,42,71,75,185,31,11,120,53,48,159,97,40,80,48,87,86,79,26,64,58,59,62,10,181,119,87,41,111,70,39,94,245,56,36,8,34,233,14,20,83,105,21,108,148,34,27,17,72,90,134,14,58,181,52,140,200,65,59,49,13,45,50,52,62,69,241,30,107,58,26,369,83,21,203,36,41,71,50,25,30,113,52,188,89,158,52,44,41,44,34,119,43,85,43,308,74,47,3,112,69,29,143,153,44,17,60,47,94,31,74,168,185,13,313,37,34,45,20,120,73,88,156,40,207,103,29,51,133,50,56,64,71,62,184,21,273,32,27,198,90,56,59,7,125,8,43,120,277,56,30,40,28,7,13,288,106,52,10,94,35,51,73,72,184,82,58,127,59,37,126,48,91,73,43,47,94,92,67,151,60,101,46,19,23,45,63,101,48,140,27,65,34,207,43,33,69,78,17,78,46,15,56,69,15,50,134,80,242,106,95,156,72,54,125,58,47,36,72,426,67,82,75,23,65,47,24,30,61,129,149,67,68,132,75,55,115,39,32,98,93,133,261,71,95,39,12,55,37,155,102,33,56,277,7,21,50,57,62,133,60,176,152,35,39,28,2,39,15,28,42,63,12,485,50,143,12,26,229,125,77,8,318,113,86,116,57,45,217,45,103,202,35,42,49,84,124,121,56,88,59,80,11,33,74,150,87,80,34,65,43,49,107,79,141,142,62,183,83,85,137,104,55,127,40,70,59,73,22,92,242,131,39,25,161,19,125,71,94,36,24,36,17,49,58,109,128,367,73,11,214,166,60,38,139,60,43,16,85,12,27,53,56,31,197,280,185,145,172,22,107,36,37,44,32,73,45,15,78,183,178,18,12,102,169,58,40,64,53,8,57,115,54,55,15,50,49,9,153,158,61,150,29,81,161,146,32,94,123,85,49,93,170,14,49,76,187,9,216,125,22,31,459,123,58,74,135,82,85,56,47,87,12,61,25,125,69,20,47,50,44
47,203,13,82,41,7,48,249,44,75,35,159,83,244,147,100,59,14,340,119,67,25,76,82,72,119,15,79,40,29,317,61,35,25,52,28,76,35,70,14,47,148,322,76,203,298,40,42,78,15,109,50,62,80,33,40,34,40,6,112,130,47,365,82,26,33,36,82,97,7,84,33,69,17,42,25,67,18,157,52,197,93,105,18,61,94,18,35,91,61,41,37,68,23,226,49,42,25,99,26,19,74,174,63,123,53,73,16,82,71,43,51,57,13,18,132,62,51,11,305,105,182,463,108,28,155,25,71,27,71,34,97,42,145,190,49,42,42,107,86,114,79,77,92,22,77,114,45,62,154,50,20,53,91,18,104,14,49,43,74,89,216,52,68,50,199,66,137,16,54,35,222,26,28,208,212,93,88,46,30,81,131,81,82,50,51,111,61,89,23,87,240,36,45,11,88,41,58,38,137,11,51,158,165,226,89,82,55,168,65,49,98,84,49,47,45,63,50,34,34,321,89,113,43,60,41,9,94,140,142,139,14,104,226,65,18,122,43,100,62,339,18,117,284,75,113,22,20,168,117,64,98,59,91,38,146,81,84,27,77,29,44,66,16,507,61,375,52,27,18,54,14,19,113,118,110,44,67,53,12,36,33,1,208,38,57,49,74,68,30,140,100,38,19,156,230,15,42,34,40,173,273,45,54,69,25,71,430,15,76,36,70,359,23,84,31,59,70,22,143,28,36,95,24,33,14,54,36,193,83,63,16,84,14,55,49,112,53,193,43,22,24,29,83,163,55,116,55,83,216,93,136,35,50,49,32,52,113,63,26,32,51,48,23,32,25,32,29,107,47,104,39,45,36,34,106,84,107,226,26,131,66,42,33,298,65,51,22,139,253,68,62,48,191,38,38,66,49,199,44,28,11,27,47,28,86,39,13,111,27,291,53,171,16,49,40,222,10,70,60,333,144,28,44,22,62,23,86,76,147,304,20,178,31,320,112,81,295,109,164,68,107,73,70,68,38,74,48,83,42,172,30,373,34,53,150,16,120,232,300,82,22,67,91,190,115,113,50,30,67,20,59,201,38,21,55,16,122,123,21,38,45,90,16,78,301,35,46,52,17,157,97,32,52,269,63,82,31,209,21,23,54,104,63,89,127,59,98,116,105,38,89,117,75,104,77,80,175,96,62,92,52,30,304,23,40,151,51,208,197,162,25,38,269,155,88,129,123,145,48,56,58,80,31,73,27,113,28,47,156,21,344,125,16,22,108,42,60,48,43,36,58,71,193,33,10,110,59,48,128,91,44,85,57,94,87,78,25,71,43,46,47,8,167,103,64,43,94,55,44,117,234,53,37,7,27,236,14,33,80,79,12,114,173,43,24,12,58,74,118,13,65,149,50,154,199,62,54,45,15,44,41,52,47,67,242,36,102,59,20,370,94,18,201,44,33,66,54,39,22,93,38,185,86,154,36,39,35,40,31,90,41,85,32,279,82,60,4,124,51,13,141,139,44,22,33,49,88,43,68,192,189,19,273,34,36,48,24,130,63,57,142,36,220,110,17,53,128,37,42,54,65,78,162,26,253,26,28,153,93,67,57,9,121,8,54,125,282,55,32,41,33,9,17,302,98,57,16,116,25,48,75,60,182,69,44,109,60,53,116,66,91,72,50,40,91,85,62,142,53,99,52,20,28,43,62,85,38,117,24,66,28,163,51,32,68,73,12,54,52,18,41,73,8,46,132,90,225,121,86,161,65,61,134,70,40,37,56,390,64,83,77,16,62,64,43,32,51,135,125,51,72,117,73,59,110,46,28,84,76,120,257,84,102,36,15,64,42,164,95,29,46,279,7,17,49,56,62,107,73,186,149,36,32,29,3,44,9,29,43,52,13,418,47,141,7,18,223,94,78,5,306,109,86,114,50,45,218,58,95,203,35,20,44,92,116,120,54,93,54,69,12,15,71,129,86,70,38,53,35,49,111,57,141,133,45,165,81,72,126,110,78,123,39,80,67,66,24,66,230,124,47,28,166,14,110,82,91,24,38,26,22,58,57,102,140,356,69,14,197,163,50,45,140,50,28,15,66,9,37,47,55,26,191,266,177,146,158,17,113,37,25,38,24,76,45,14,83,188,166,17,17,105,134,49,30,69,54,18,61,115,46,47,17,69,53,12,147,148,51,162,24,66,155,134,29,90,133,80,46,84,155,6,52,55,182,10,199,132,19,18,406,114,43,73,116,86,80,72,47,71,14,59,28,125,50,13,38,47,34
39,222,14,81,41,9,70,239,33,86,26,144,87,249,125,102,54,28,334,114,54,36,93,82,71,109,22,77,41,23,356,79,29,24,53,31,67,25,67,23,46,143,329,75,209,322,27,46,76,13,129,70,57,77,44,52,33,30,8,153,130,49,413,92,22,26,34,74,93,14,83,44,85,26,46,21,93,17,130,50,167,100,97,41,69,94,35,60,105,67,39,47,65,25,226,55,39,26,100,32,28,66,155,87,86,52,63,15,67,88,46,48,49,12,20,147,56,63,11,271,108,173,504,103,29,163,45,63,34,68,44,92,50,170,233,57,56,39,98,75,105,74,71,92,27,81,139,42,57,138,50,34,63,97,24,104,12,65,41,94,97,222,44,57,46,215,65,130,12,57,38,251,25,29,239,230,81,76,43,44,79,138,69,78,39,55,107,70,99,24,84,283,29,50,6,81,31,72,59,123,15,51,145,194,212,77,83,51,215,75,49,95,78,45,67,45,60,60,37,39,307,94,115,49,59,43,17,108,165,158,133,18,118,227,64,10,125,21,112,70,351,17,132,288,73,148,24,21,164,107,64,107,67,116,46,117,73,78,33,81,24,35,81,15,519,68,441,50,24,20,50,20,15,112,119,110,42,70,72,11,40,32,7,246,39,65,38,69,56,34,142,101,49,16,136,242,11,46,27,33,133,256,41,52,64,34,52,459,14,84,28,72,396,18,100,32,75,70,24,170,22,37,82,25,37,7,43,40,190,92,74,13,81,23,53,39,102,69,196,38,29,15,27,92,163,56,130,60,86,195,76,119,34,56,54,31,48,104,59,27,29,57,62,19,27,32,37,47,132,52,96,32,47,49,41,98,68,107,193,27,135,88,30,40,286,56,48,20,163,252,82,85,59,216,42,29,73,34,217,55,28,17,26,43,24,73,49,15,133,25,339,54,163,18,49,41,236,16,73,75,345,142,23,52,22,52,22,103,77,118,290,24,149,23,363,91,86,288,112,156,72,132,65,66,50,59,75,56,78,43,183,28,427,34,73,159,18,144,259,305,72,34,60,116,188,135,169,50,21,82,23,58,200,43,26,55,19,126,123,32,48,34,106,8,88,330,23,43,74,27,160,86,28,42,241,68,102,27,213,15,30,48,114,60,106,141,67,89,140,109,35,108,118,64,86,81,80,184,68,72,106,59,27,331,23,31,158,60,244,217,142,42,39,277,178,83,129,119,157,49,64,61,84,43,62,30,115,27,53,132,29,310,121,21,11,130,40,59,36,46,37,55,79,213,24,11,106,61,41,134,94,50,82,58,79,68,76,26,58,39,45,63,13,193,115,82,46,120,82,37,116,247,48,29,10,21,255,17,31,84,89,7,115,172,43,33,11,74,81,116,11,73,144,58,125,195,43,55,49,22,52,46,53,44,70,249,41,97,75,12,432,86,19,198,46,41,60,59,39,37,108,56,192,67,159,37,48,39,42,27,96,65,70,29,341,80,62,8,115,69,26,158,125,39,16,30,35,100,36,58,177,194,21,309,32,33,43,24,138,65,83,139,45,231,93,15,66,143,51,48,58,63,83,196,16,279,33,25,185,96,49,73,6,123,14,43,133,271,51,35,24,25,11,8,282,98,55,22,114,40,45,68,56,187,71,63,114,65,56,151,58,94,70,55,52,91,88,71,132,50,77,41,12,29,36,57,99,40,136,30,76,20,203,39,35,86,72,14,63,52,22,55,68,18,39,136,72,200,141,86,161,51,66,144,62,48,47,50,416,75,64,72,23,64,51,45,43,58,148,141,53,53,116,90,58,131,32,38,109,94,143,244,82,95,45,8,51,30,157,104,26,52,258,4,22,38,59,76,117,62,222,171,39,39,40,5,37,12,34,29,54,12,441,52,155,14,27,222,103,86,7,308,130,67,93,55,43,224,52,89,168,26,28,55,105,137,116,58,98,42,80,16,39,59,151,77,80,34,54,35,41,127,72,171,137,55,148,95,67,130,105,73,140,43,82,44,87,18,82,260,107,43,31,177,13,90,106,94,26,23,29,15,58,60,106,122,357,69,15,196,179,42,47,126,75,40,23,83,9,35,53,53,26,214,297,176,138,153,18,122,37,35,34,17,62,42,18,82,182,162,19,16,108,150,46,36,65,74,21,57,122,54,38,27,77,54,16,142,141,33,177,20,84,160,136,38,90,131,58,49,88,169,10,39,64,191,17,206,139,19,31,449,124,56,68,125,84,85,86,48,75,9,65,26,121,63,17,30,54,37
46,199,7,73,32,8,59,225,53,94,23,157,91,238,154,96,52,29,303,125,63,29,91,57,66,100,24,78,41,27,379,70,37,24,52,27,82,32,62,20,35,152,328,98,183,329,32,52,65,16,129,62,49,89,28,61,35,37,16,140,125,39,450,75,24,34,31,58,89,19,68,27,81,20,34,19,79,8,128,51,160,70,89,29,72,86,35,57,105,49,36,54,80,35,211,49,34,36,97,21,19,65,186,64,112,57,61,18,69,79,49,57,64,17,12,141,54,45,11,266,82,196,492,94,29,153,42,58,30,67,38,91,37,180,188,56,40,35,103,60,102,65,61,95,25,75,95,30,57,174,40,32,67,85,25,109,20,75,32,70,77,198,41,51,45,206,64,140,17,52,35,240,12,33,227,212,83,86,53,31,85,139,70,84,45,56,107,79,88,19,73,287,32,38,7,57,43,65,40,129,14,49,110,168,217,72,84,66,234,64,44,99,83,51,65,46,68,43,44,41,313,90,112,43,50,39,10,122,150,146,132,22,98,248,74,14,108,44,131,80,353,17,125,301,71,124,20,16,141,108,42,106,49,92,37,110,92,71,34,77,27,30,75,23,528,65,423,50,22,25,34,12,11,105,119,126,47,79,73,9,41,30,8,217,36,56,42,55,71,33,149,92,47,15,147,232,12,31,29,36,162,261,33,47,63,39,68,466,13,80,21,77,381,16,99,39,80,77,21,137,24,32,90,30,41,15,37,37,164,101,73,14,81,22,50,45,95,54,176,42,30,15,28,94,160,54,125,51,71,219,76,110,39,55,49,31,49,106,62,33,30,47,46,28,32,26,43,34,132,68,134,37,50,39,47,92,70,99,206,38,137,82,37,26,286,49,53,13,184,278,84,62,46,168,35,38,77,34,226,45,26,19,24,57,31,81,45,14,127,29,366,60,160,20,50,44,230,23,61,52,305,137,26,61,20,54,27,117,58,122,307,20,160,28,349,101,80,308,119,160,86,123,62,61,61,45,86,53,70,36,189,41,448,22,60,159,13,102,243,300,72,35,51,99,194,130,126,48,15,69,27,63,167,33,26,54,14,79,110,34,29,20,96,13,87,321,41,42,64,28,175,80,26,47,257,69,93,26,207,24,22,45,110,62,80,128,69,98,126,109,43,97,97,69,67,83,95,160,83,67,106,47,39,323,24,31,172,55,236,210,148,39,34,279,164,81,120,86,153,50,70,62,70,24,62,29,99,27,45,109,28,341,146,18,18,115,43,53,45,43,33,65,88,208,28,7,104,44,36,127,89,45,82,49,82,105,66,27,94,38,42,61,20,198,114,71,39,102,55,34,104,227,52,29,4,24,283,10,38,84,73,8,117,163,46,24,16,105,92,144,16,80,177,46,112,208,62,42,51,17,47,47,43,40,64,220,32,112,77,18,324,58,21,188,51,40,52,70,41,29,101,42,185,64,135,44,48,27,44,29,84,57,66,30,349,81,66,12,96,78,16,148,136,30,12,34,57,75,48,60,168,192,21,310,30,39,47,23,125,79,65,187,43,201,86,16,68,135,48,60,71,43,95,158,12,249,31,27,186,93,57,63,11,137,13,35,124,293,45,30,34,27,6,18,282,97,48,18,86,27,38,88,66,188,99,50,111,57,69,121,68,99,81,41,51,92,81,80,131,59,71,52,17,28,47,58,120,52,131,31,75,17,175,42,34,67,69,11,45,54,25,50,86,12,38,156,72,205,150,70,172,46,69,128,60,31,57,49,319,74,70,78,20,71,57,27,31,60,104,135,50,59,124,96,62,118,51,36,96,76,107,245,72,111,27,11,68,38,152,91,27,49,262,6,15,50,49,49,103,49,190,190,30,22,27,5,40,13,22,45,49,17,423,54,151,9,36,227,86,80,8,310,112,57,115,59,47,225,56,90,167,47,32,41,103,131,103,54,110,41,73,11,33,67,120,68,77,33,46,34,39,133,57,150,136,51,162,83,62,131,101,70,99,26,77,35,83,24,68,221,106,55,32,195,26,102,71,96,26,35,19,16,54,70,96,123,371,69,19,191,168,35,29,116,65,39,29,77,11,28,49,52,30,210,302,175,125,163,14,110,38,30,41,20,70,48,22,82,173,153,25,24,90,136,48,36,81,60,32,54,122,52,34,38,70,33,20,113,135,45,163,27,66,136,125,34,78,138,65,52,90,146,10,39,59,169,8,199,128,25,24,406,125,55,60,95,77,80,75,75,80,7,57,28,133,69,17,34,56,33
60,232,9,72,27,8,52,214,54,95,37,151,78,251,154,90,43,22,357,118,59,22,71,71,65,126,32,70,33,21,365,86,34,13,55,29,60,33,54,16,32,155,315,106,202,386,27,42,87,19,108,74,65,87,43,46,31,45,12,130,130,43,417,73,45,35,37,73,97,7,71,35,95,17,41,18,79,8,127,62,203,94,86,23,70,95,47,63,84,57,23,55,63,37,211,33,36,52,70,21,13,62,197,72,121,57,77,17,84,103,56,51,50,14,13,154,56,52,18,302,108,216,562,106,42,194,55,65,33,61,47,99,39,155,228,61,58,50,98,85,83,75,58,108,31,77,145,32,73,184,56,41,77,103,29,123,18,60,28,67,80,202,36,72,54,220,87,127,13,65,34,270,14,31,222,197,72,82,56,41,98,133,72,73,40,60,111,77,88,24,68,279,26,51,11,93,58,72,59,136,14,55,130,167,220,71,76,68,204,65,50,91,88,39,66,66,70,36,30,40,305,83,98,33,55,51,20,99,157,146,123,23,79,247,56,20,115,31,138,94,391,24,136,301,81,141,16,20,165,125,58,106,60,104,33,112,82,76,39,79,30,44,78,11,552,72,432,68,14,27,55,22,5,126,125,136,44,79,74,14,43,30,12,242,50,60,43,37,71,25,151,87,48,12,150,264,16,52,32,40,150,277,40,47,49,38,62,443,15,83,19,61,404,31,94,38,85,73,27,136,36,35,76,31,38,10,46,33,181,95,78,19,67,11,40,49,86,64,166,38,42,15,34,87,151,49,128,46,88,244,77,99,43,62,48,23,53,97,60,37,26,53,48,25,41,30,62,51,119,65,116,35,49,42,57,113,81,80,210,33,151,120,35,33,314,53,44,15,159,253,77,60,56,186,43,28,86,24,211,35,26,19,26,50,24,67,50,18,112,26,317,56,162,16,47,37,231,30,51,53,309,151,25,62,12,58,26,98,71,117,317,15,171,29,336,97,69,306,113,155,63,127,76,44,67,52,87,63,55,40,188,31,414,29,50,150,17,149,263,305,45,30,65,107,201,115,136,28,18,95,26,64,173,29,25,73,8,93,121,24,34,46,100,13,120,308,40,53,85,20,173,81,27,46,258,62,76,38,194,24,21,46,134,53,100,167,75,86,121,108,36,109,134,71,78,73,88,159,92,77,126,46,30,320,25,29,138,61,270,220,148,40,45,279,191,89,121,103,163,57,63,58,77,41,61,32,97,25,72,118,28,347,170,19,12,140,42,49,37,60,45,62,78,227,31,12,121,46,52,131,105,47,77,61,65,96,86,33,57,45,56,45,20,229,120,88,40,89,52,33,108,221,61,27,8,22,234,19,33,107,87,14,111,179,45,40,14,97,105,143,14,76,167,52,136,183,52,49,59,20,46,43,47,43,55,241,37,123,85,15,354,68,25,175,64,43,55,58,39,41,136,50,210,64,146,42,50,32,51,31,87,50,64,27,348,79,71,9,96,85,16,148,116,39,12,33,48,80,42,70,196,203,29,328,38,32,51,17,125,80,59,147,43,218,83,14,64,156,57,47,64,64,84,169,18,248,34,37,186,130,74,83,10,129,13,33,161,317,52,32,32,33,4,20,303,111,53,20,128,39,39,72,61,220,95,59,90,47,61,114,73,93,91,45,47,98,79,80,132,63,58,52,12,22,46,38,107,48,161,27,64,17,208,49,38,60,56,15,57,50,31,68,84,18,50,159,86,200,161,95,184,46,51,149,74,34,51,65,338,69,66,71,18,60,39,29,41,96,115,122,72,57,143,76,62,131,54,47,83,88,140,255,73,124,40,3,58,35,174,92,33,48,296,12,12,48,58,79,83,47,161,204,24,23,35,7,48,11,25,39,61,16,466,46,149,21,30,228,80,68,8,297,123,77,95,50,49,213,53,81,183,36,23,60,111,129,127,50,99,50,82,10,37,59,129,78,85,32,63,33,43,105,45,147,139,60,148,78,89,148,102,61,119,35,93,55,80,20,72,224,138,54,32,190,30,105,88,100,28,29,35,11,56,76,101,133,385,59,17,211,171,29,43,124,67,28,17,76,11,36,53,52,47,199,283,166,152,173,26,134,32,29,26,24,64,48,19,85,182,129,24,27,88,157,49,35,93,57,22,61,107,37,40,45,65,37,17,115,145,46,184,24,62,134,149,32,97,151,61,58,83,147,17,40,73,181,18,176,144,22,23,405,98,62,71,120,74,92,66,86,88,15,57,35,129,73,21,32,56,38
49,195,16,90,34,10,51,196,61,84,35,141,79,264,154,73,48,17,313,130,52,24,68,53,81,126,22,76,52,23,343,69,32,21,52,29,75,26,69,16,43,136,314,105,194,331,42,39,74,24,131,66,63,89,39,68,27,45,20,136,114,58,432,89,47,33,33,63,115,10,48,42,97,18,45,23,93,6,119,56,186,84,84,21,77,76,38,49,104,46,21,64,73,38,199,29,33,39,65,16,13,83,207,87,104,57,71,17,72,78,40,62,75,18,12,144,54,51,22,260,91,192,585,116,34,169,47,46,46,56,29,94,44,196,246,57,61,35,93,68,80,77,78,113,14,63,119,33,75,186,62,48,65,97,38,118,19,52,23,69,62,196,50,57,50,224,82,116,11,38,23,245,13,37,228,242,81,90,43,44,77,160,69,66,51,68,102,79,107,32,93,285,19,51,6,61,49,71,58,141,16,51,109,156,203,73,71,68,214,60,32,98,86,32,79,69,88,32,34,40,271,89,86,43,45,53,16,107,135,150,115,25,87,245,64,13,101,43,126,92,400,20,136,369,71,152,19,14,143,119,59,112,67,96,49,128,102,76,25,90,36,34,58,25,568,69,362,45,20,19,45,23,11,107,119,119,49,72,63,8,34,28,11,225,55,54,54,51,78,24,150,99,57,18,183,303,23,42,34,32,158,275,42,56,53,33,59,464,11,75,29,53,410,21,91,46,50,65,33,125,42,32,84,32,31,11,44,30,175,93,62,10,70,15,46,45,103,58,180,37,31,21,30,82,182,44,134,47,84,223,90,105,35,69,52,27,48,117,56,41,26,55,66,27,44,36,43,51,129,93,100,42,63,52,59,106,105,111,220,41,157,98,42,34,270,68,49,11,186,253,85,68,58,208,31,32,83,39,239,51,28,15,22,64,38,57,44,11,125,24,358,69,173,24,45,35,241,31,77,43,312,130,24,52,15,56,41,108,69,120,325,16,183,29,348,131,71,290,104,149,63,118,66,64,60,60,85,50,71,30,185,42,422,33,74,151,22,121,278,291,62,29,62,99,208,136,115,50,16,86,27,60,166,39,26,69,11,103,134,35,38,27,98,12,100,346,36,46,53,20,169,83,37,57,250,68,105,25,218,20,26,47,112,45,100,156,81,85,120,106,35,78,99,77,59,84,88,173,89,76,117,55,39,315,19,42,156,54,294,217,171,39,41,234,158,89,126,87,134,76,63,73,65,44,64,37,112,28,53,108,32,359,145,17,15,123,50,42,44,59,35,42,65,219,43,13,121,65,38,155,111,52,80,43,72,90,66,31,80,41,59,48,21,207,117,76,35,90,65,43,115,250,70,34,7,27,223,23,31,115,93,9,107,188,51,39,13,101,76,158,7,78,151,57,134,205,68,51,58,13,60,42,44,38,45,259,44,124,91,19,351,49,26,196,39,46,50,72,35,32,142,48,206,66,153,48,36,46,51,45,90,69,58,25,360,91,59,17,113,84,18,153,131,35,19,30,65,80,50,73,202,217,27,308,30,30,36,18,119,71,67,146,39,194,64,19,56,137,46,52,57,60,100,163,17,236,38,33,192,81,58,106,12,146,9,29,130,307,59,29,22,29,7,14,317,91,39,20,118,32,34,71,64,235,86,63,113,51,62,141,64,114,93,44,34,86,97,86,151,72,77,58,13,17,56,52,123,43,149,22,81,26,164,31,40,56,66,12,49,47,38,59,91,13,37,158,76,201,164,94,161,52,58,154,88,41,59,60,335,58,75,80,14,70,47,35,30,76,115,140,64,68,142,92,70,143,49,45,106,89,137,275,64,147,40,4,58,39,170,75,37,44,307,6,7,47,67,63,104,43,169,204,30,21,36,7,45,11,27,44,68,17,459,45,167,8,37,206,81,82,10,306,111,75,90,52,50,240,50,89,177,34,28,68,96,135,112,49,122,37,69,13,34,63,140,69,100,42,53,27,57,95,49,139,147,51,139,66,62,138,118,80,113,27,88,43,79,21,74,222,116,55,36,204,21,86,83,81,26,38,31,16,52,93,92,142,415,71,19,207,177,42,34,119,71,24,19,55,3,48,61,53,40,178,299,157,135,165,30,118,30,29,34,23,71,35,23,83,183,159,40,27,93,128,48,34,110,55,36,47,112,44,38,43,74,48,16,121,143,59,174,23,58,144,148,38,83,144,53,32,100,137,11,42,73,204,12,168,150,32,24,400,124,70,67,100,83,67,38,70,98,9,55,32,131,83,20,30,53,33
55,219,17,77,27,11,52,187,54,85,35,130,88,234,148,81,40,24,295,110,36,36,70,60,64,124,31,61,38,20,355,95,34,22,51,24,71,26,59,22,49,130,314,95,169,332,38,42,71,19,120,68,59,80,38,47,35,35,14,140,99,53,416,96,26,28,36,85,87,5,52,41,79,15,43,31,93,5,118,62,168,90,87,35,84,83,43,50,96,38,28,40,70,49,161,26,36,49,84,12,20,52,212,89,101,47,67,18,74,75,55,58,72,9,25,146,53,58,27,277,92,172,553,105,38,183,34,46,40,51,30,87,50,184,224,51,58,47,137,74,101,72,92,111,21,66,126,41,81,184,47,55,72,113,24,126,17,53,26,78,69,168,50,48,57,209,80,116,17,37,20,260,19,41,218,206,70,82,24,44,70,156,77,90,56,64,95,82,90,26,74,261,14,47,10,88,40,72,66,117,13,69,117,146,183,58,63,74,206,51,53,94,94,41,74,66,79,47,27,29,295,69,93,43,53,67,17,106,151,139,113,20,82,236,49,11,101,40,105,88,395,7,160,333,77,148,14,21,126,112,54,94,52,85,36,116,67,53,28,80,38,36,52,24,518,60,374,43,16,32,43,25,6,119,123,124,36,72,62,15,35,29,8,244,51,47,56,37,62,27,138,88,53,15,169,272,30,32,39,51,148,245,31,50,68,53,62,445,13,100,22,44,369,35,94,33,53,57,22,132,34,23,92,24,34,18,46,33,195,98,61,18,73,12,38,53,75,61,147,32,25,31,28,108,159,40,120,39,68,249,78,108,36,58,61,26,52,107,60,33,21,45,60,25,37,26,42,48,107,85,96,42,48,36,55,114,78,104,209,33,157,89,34,29,271,48,46,14,171,235,83,53,55,216,62,31,87,35,192,51,23,17,29,60,32,61,27,13,109,33,349,62,162,14,53,39,251,26,60,44,283,141,24,54,10,52,43,95,65,125,323,20,166,16,388,116,73,310,110,151,57,119,59,49,65,50,67,46,76,29,199,47,421,33,76,133,27,128,251,286,50,25,63,113,200,139,119,51,20,89,28,51,161,35,24,66,7,124,141,27,30,40,94,5,101,306,41,48,43,21,189,87,20,34,240,50,80,26,210,20,26,51,94,56,98,167,68,100,127,112,34,94,118,80,71,81,85,159,89,68,122,49,35,358,25,46,113,64,272,203,122,45,38,254,161,88,127,93,136,65,56,51,68,44,46,33,106,30,46,104,45,355,134,20,11,142,45,41,35,68,26,50,79,174,34,9,143,55,55,149,95,50,80,53,61,83,76,39,73,36,65,41,32,198,122,64,32,93,46,45,104,211,58,32,2,15,253,15,36,94,88,10,110,178,48,33,18,117,97,138,11,76,168,48,130,216,42,66,51,21,54,51,42,25,47,284,42,108,103,24,349,52,16,164,38,43,52,79,33,17,128,46,212,51,119,41,32,43,42,30,83,57,58,35,345,96,52,15,100,76,25,121,127,45,20,33,68,78,50,77,174,208,35,304,26,29,46,28,111,66,46,153,38,180,65,20,57,135,46,49,52,56,105,155,25,212,23,34,168,113,62,90,16,138,11,38,108,303,56,24,32,33,3,24,324,104,46,18,100,32,44,73,61,255,95,60,86,40,61,122,67,83,78,35,27,97,103,89,150,53,67,44,16,24,47,46,106,48,146,20,82,18,158,48,46,57,54,12,42,48,39,59,90,19,39,144,60,175,142,98,165,50,55,163,90,46,74,74,349,64,61,72,8,76,53,40,35,87,112,129,64,53,132,76,55,136,51,35,99,85,139,240,66,141,23,5,54,40,169,84,35,39,305,8,10,48,71,61,83,44,169,199,39,26,31,6,34,26,17,30,50,21,444,57,149,15,33,204,85,73,15,290,94,78,84,49,51,206,45,74,158,40,24,43,108,138,84,46,107,50,48,15,29,68,149,60,75,37,51,49,46,105,56,142,124,54,150,58,84,142,121,87,125,30,94,39,78,15,86,219,128,41,51,170,12,99,83,84,24,26,33,16,43,72,75,140,393,56,14,193,211,41,43,109,47,35,29,84,2,34,46,50,32,202,253,165,135,160,29,141,37,23,31,18,54,33,16,81,185,150,31,23,93,126,50,38,85,46,27,35,132,41,32,43,67,43,13,116,128,59,180,38,62,144,134,37,89,174,69,57,82,125,11,48,63,211,14,167,131,38,15,428,126,68,60,112,77,76,38,67,78,14,51,24,145,71,14,37,39,38
64,216,15,97,36,16,42,202,47,69,29,156,90,289,164,91,43,18,297,112,48,26,78,53,70,105,32,69,51,18,349,81,30,18,58,20,60,28,79,20,42,149,308,105,198,338,30,42,60,16,116,71,54,73,44,70,47,35,21,137,102,51,428,104,36,30,42,69,105,2,43,50,85,11,42,23,102,4,104,45,171,97,80,44,81,75,40,50,99,51,32,46,57,36,164,32,21,46,79,20,27,76,216,77,96,63,68,27,77,79,48,53,92,15,23,162,58,49,32,264,112,184,554,112,44,219,51,43,49,71,21,90,51,165,225,47,64,36,124,60,105,70,79,95,21,47,113,45,76,189,47,63,59,91,30,110,9,42,32,69,67,198,50,43,54,239,103,113,16,30,26,247,14,39,227,219,73,91,28,45,65,178,59,96,44,56,96,82,116,39,77,273,17,41,8,78,57,79,65,129,16,49,111,158,192,75,55,66,214,62,39,116,83,45,76,83,80,42,46,31,282,87,85,46,57,64,13,98,122,160,115,19,105,262,69,20,79,33,119,96,394,6,161,356,85,144,15,13,140,123,51,110,51,83,35,146,86,67,23,82,48,28,38,20,555,55,429,51,18,27,63,31,10,92,139,129,44,74,54,13,35,29,13,225,71,81,42,48,63,14,134,107,68,10,155,297,24,32,36,48,143,251,19,37,63,42,65,430,14,78,31,55,394,22,86,37,52,65,26,119,27,24,99,29,35,11,44,28,186,106,69,20,64,6,41,43,92,58,146,44,27,35,26,100,176,40,120,48,77,238,82,96,35,62,66,38,47,98,53,29,17,45,56,39,53,36,52,56,137,77,90,30,56,30,53,109,111,129,243,31,156,94,39,31,271,51,55,15,215,237,108,52,61,216,63,17,94,36,205,48,24,20,21,48,34,59,33,13,93,25,376,54,189,13,51,40,249,30,72,25,275,137,23,53,12,47,33,97,67,112,343,25,196,17,376,120,72,373,119,142,62,135,64,47,56,46,87,54,64,34,212,47,441,29,81,151,30,121,275,298,45,16,68,99,232,144,136,54,28,98,13,56,168,36,22,65,11,114,136,30,22,30,101,14,92,321,42,42,49,15,168,78,22,46,241,73,85,25,212,18,24,36,99,44,102,185,70,77,146,123,32,114,108,75,68,79,76,204,77,52,110,45,43,380,31,64,116,57,288,218,139,42,47,273,157,85,149,109,151,62,77,65,57,35,46,28,108,36,54,84,46,369,136,21,22,137,47,39,30,43,30,51,81,213,45,7,110,42,49,143,86,55,96,53,71,91,91,36,86,30,64,44,39,171,108,58,26,89,49,56,128,180,59,38,4,15,223,16,48,70,102,5,118,199,57,42,21,104,89,144,13,63,181,60,117,194,57,68,65,38,63,46,32,30,54,269,43,111,118,32,342,47,16,191,41,60,54,78,28,22,142,44,207,64,154,52,41,43,51,31,75,73,70,29,294,119,45,16,84,65,20,115,119,32,23,48,63,72,66,82,191,225,37,310,22,34,34,32,117,76,39,161,26,207,71,18,61,124,45,51,60,60,112,139,17,211,29,46,175,92,62,86,19,129,2,30,111,310,49,39,28,36,9,29,300,98,47,27,107,38,44,63,40,239,107,67,93,37,72,114,61,85,102,56,40,94,120,101,165,49,50,62,14,20,68,48,110,51,157,23,70,18,176,38,39,63,50,17,41,54,42,61,95,15,51,160,80,197,158,78,157,46,48,172,92,52,74,62,325,73,90,85,16,96,50,38,34,96,108,123,92,47,144,78,54,149,53,25,86,88,126,248,62,152,32,8,75,40,164,77,47,59,312,8,10,41,70,75,88,43,188,192,36,31,35,6,40,24,16,35,74,15,452,53,160,8,34,207,75,75,13,344,110,75,70,46,58,230,52,93,174,23,32,64,99,110,92,56,113,35,58,10,44,73,156,59,101,28,65,44,42,84,44,136,136,58,135,59,88,157,126,70,109,20,104,60,74,21,82,219,139,44,46,177,6,109,113,95,22,33,30,19,50,65,98,140,448,87,12,218,207,39,36,107,46,27,25,76,9,36,46,52,31,187,288,164,133,179,22,134,33,29,39,27,54,45,17,68,190,145,26,27,74,123,53,36,94,59,33,33,142,34,39,40,65,30,15,115,148,73,190,30,61,149,144,33,79,161,59,37,86,123,10,41,70,209,17,168,115,38,17,392,124,71,76,125,91,84,42,58,101,13,60,25,159,63,16,30,37,44
60,209,17,84,35,18,45,202,49,74,30,128,98,241,152,95,37,19,286,110,44,31,62,47,66,109,35,64,37,9,365,85,37,19,67,34,65,24,65,14,39,133,333,108,186,313,27,42,74,12,122,59,44,65,47,72,40,26,17,148,123,59,463,82,30,20,37,59,71,4,43,43,68,15,41,27,103,2,105,44,148,71,80,25,72,83,49,43,93,50,28,52,59,50,178,38,17,36,66,12,23,77,204,67,101,57,66,18,86,81,57,42,93,10,27,146,55,55,28,293,129,145,560,97,45,211,49,44,45,38,18,97,59,163,240,64,61,47,115,63,116,60,71,97,23,54,106,28,71,178,49,50,79,89,33,127,15,53,29,85,57,215,33,37,48,270,76,118,17,41,24,245,13,35,216,209,68,86,35,48,93,188,57,94,57,59,99,73,113,36,59,295,16,32,5,77,35,61,74,122,14,58,122,132,164,66,62,55,204,49,38,96,60,37,92,97,75,33,37,23,293,86,76,30,44,63,16,107,153,151,93,23,102,266,57,20,70,36,103,85,371,7,166,344,90,156,15,22,126,118,57,95,48,73,30,143,92,80,28,94,48,29,48,20,526,76,410,41,15,31,43,36,8,105,110,118,44,70,65,17,27,22,16,257,49,68,46,35,69,19,144,89,60,17,185,322,30,27,49,44,141,238,20,45,49,49,58,407,16,69,23,52,346,30,105,32,61,49,34,143,28,18,82,19,29,6,47,25,181,141,59,7,71,12,37,67,91,43,169,29,27,31,21,90,145,28,120,32,72,237,80,101,30,48,49,35,52,87,40,15,13,33,50,31,37,32,52,42,109,80,95,30,44,39,47,96,96,105,205,40,143,97,34,37,261,49,45,11,212,214,94,56,43,211,54,33,106,34,184,39,19,22,17,59,36,74,29,10,93,28,338,48,154,16,35,39,266,40,66,32,277,155,22,52,14,69,49,85,51,100,316,26,187,8,370,110,73,302,110,114,67,128,65,40,59,49,86,49,54,26,176,44,389,37,78,165,27,130,285,285,44,20,71,91,196,137,140,43,21,93,18,42,160,23,25,66,11,104,144,26,30,34,92,4,97,282,45,40,56,10,166,84,20,43,215,51,106,21,228,23,27,43,104,37,65,144,74,77,135,119,19,90,82,66,66,85,85,192,82,75,103,35,48,365,29,59,132,60,272,218,121,43,48,252,121,82,142,98,143,88,67,67,67,43,61,13,104,38,57,98,55,380,128,21,15,134,32,43,26,46,27,38,76,219,31,4,140,45,42,128,97,51,89,55,61,91,96,37,72,38,61,47,28,184,97,57,18,73,55,39,136,174,70,44,0,9,254,13,45,100,111,8,129,163,52,45,18,97,88,128,20,63,183,57,134,181,49,57,50,18,53,49,34,27,42,239,57,97,107,30,344,60,16,198,35,48,51,94,26,19,137,54,204,61,134,31,36,38,49,30,94,61,61,18,320,104,50,11,86,68,25,114,121,47,16,39,65,92,52,76,186,205,37,330,29,26,25,29,127,78,45,165,31,166,58,12,57,114,43,45,54,43,118,161,18,195,24,41,185,89,61,66,22,147,8,26,112,317,43,28,35,39,8,29,337,97,42,21,97,42,58,80,54,226,84,55,81,51,83,110,71,75,112,48,46,95,120,100,160,58,62,52,21,35,69,45,117,54,149,31,77,17,145,38,36,31,72,13,48,38,33,65,76,13,53,140,63,197,181,67,174,48,54,182,82,47,57,59,290,68,66,69,15,77,49,44,48,89,99,111,67,53,139,67,37,146,63,18,86,76,122,239,62,161,30,12,68,39,155,84,42,44,283,5,12,31,84,52,82,47,160,197,37,25,38,7,36,16,20,38,58,18,430,66,156,7,37,178,61,79,15,320,111,65,98,58,47,198,51,110,162,18,34,68,106,126,78,39,98,34,57,13,46,66,147,79,82,20,47,25,43,89,53,128,124,63,146,54,81,166,136,68,100,29,119,44,98,20,80,194,119,35,44,157,19,103,92,99,14,33,36,10,51,65,73,126,420,65,15,211,174,40,47,108,49,50,21,59,11,30,41,45,26,169,270,158,122,165,20,134,35,24,27,21,56,49,18,62,192,149,36,27,83,113,72,30,79,55,40,47,111,26,30,31,57,34,11,124,134,49,170,30,59,111,150,40,97,163,60,36,93,137,6,41,57,208,18,161,115,27,28,424,124,62,59,115,78,104,31,49,123,15,55,27,148,58,15,20,43,46
72,210,20,97,44,16,38,214,48,71,30,141,103,252,179,96,31,19,318,89,43,32,71,40,79,119,24,67,44,8,367,97,34,22,59,37,67,35,60,18,40,140,348,106,221,362,15,43,88,13,134,77,64,68,40,73,31,29,21,154,114,45,402,84,34,33,28,53,94,1,52,42,84,9,55,19,126,8,130,48,189,76,70,20,71,67,56,54,85,52,27,39,48,36,199,41,17,51,71,26,24,72,221,78,102,58,79,24,80,84,65,37,79,16,24,165,69,76,28,281,115,150,542,90,36,215,49,40,50,64,17,83,56,165,215,55,44,51,109,70,110,80,62,112,34,53,115,45,80,190,52,72,83,103,21,107,9,48,30,84,49,237,31,47,57,284,100,121,16,47,34,252,16,39,251,226,68,84,32,44,103,163,51,118,50,79,99,80,105,28,77,276,13,43,3,103,46,76,69,116,21,55,106,157,204,80,81,54,245,51,47,103,81,43,102,71,89,40,38,35,307,110,78,24,49,73,16,108,131,159,100,28,114,274,68,27,75,34,128,83,410,11,204,340,88,148,22,8,109,114,50,110,49,82,26,167,113,73,26,109,50,32,52,22,581,77,410,38,16,25,39,37,9,124,109,125,59,63,64,19,27,26,13,259,56,71,59,48,60,23,115,76,54,17,209,345,29,37,54,37,135,243,11,40,60,42,54,405,14,63,27,61,352,28,97,23,65,45,45,128,25,27,78,29,28,14,51,24,182,134,64,6,57,13,48,60,87,59,169,28,38,28,20,103,164,36,128,47,97,242,90,94,45,63,67,39,48,105,44,15,12,32,38,24,42,38,65,45,118,79,115,23,57,35,45,89,126,111,238,42,139,75,35,22,257,63,41,5,223,250,91,68,55,208,61,32,105,30,225,47,20,36,20,73,34,78,32,8,94,42,360,53,185,21,37,39,239,48,60,30,270,128,24,52,15,60,40,86,71,93,328,20,166,17,368,113,74,328,131,133,78,139,69,50,48,53,97,56,64,35,213,47,416,24,67,175,27,150,326,288,44,14,77,83,204,169,120,37,30,125,13,59,172,25,22,72,10,132,123,29,27,37,119,19,101,327,44,39,60,8,192,95,20,48,289,47,104,17,230,24,37,30,104,43,114,158,77,73,160,116,24,108,91,76,77,106,73,218,57,63,123,32,34,382,38,63,120,62,268,210,124,42,23,278,155,84,137,120,165,74,80,73,69,24,64,19,123,26,52,120,48,339,122,23,22,146,38,34,33,55,27,39,105,192,36,2,113,52,56,132,96,52,104,54,78,113,97,28,67,33,44,37,44,187,105,51,17,76,48,66,142,208,65,48,0,14,260,15,46,102,110,6,143,146,46,39,29,103,116,136,8,87,176,47,125,193,54,57,66,31,60,43,37,31,48,271,55,96,114,23,324,52,21,206,37,49,66,83,36,33,158,54,229,62,156,53,39,45,44,27,82,57,46,30,360,108,63,17,82,62,17,126,118,38,20,41,62,89,58,79,184,223,34,343,35,23,22,43,116,69,44,163,19,177,54,15,50,125,44,59,56,47,132,153,24,217,37,31,187,106,51,79,17,133,5,20,112,342,34,41,21,37,14,35,325,116,49,22,91,49,41,79,37,228,102,56,86,47,65,97,78,76,106,45,48,80,114,82,153,66,62,48,16,29,51,37,103,49,148,27,79,7,159,31,43,61,64,15,53,44,37,74,62,14,40,162,65,185,188,71,168,34,53,186,93,52,90,69,333,63,72,83,18,70,59,39,47,82,96,139,64,56,131,70,42,170,50,21,77,83,135,237,73,152,26,6,75,48,170,89,45,47,282,14,10,39,80,65,74,39,171,192,32,20,33,7,35,17,14,45,41,17,449,57,164,12,32,213,63,63,11,287,88,83,99,46,51,199,42,102,199,25,29,63,91,152,80,45,90,27,74,15,46,78,128,65,91,20,49,33,50,94,59,163,139,61,140,70,92,164,126,72,100,27,102,60,104,31,92,227,159,45,56,188,14,109,107,91,20,29,38,17,56,57,71,148,421,65,14,227,192,48,39,117,52,42,27,65,3,29,45,53,35,177,270,155,112,185,23,124,30,41,35,20,46,56,14,70,193,157,33,29,81,110,64,27,92,50,32,53,118,23,38,29,76,42,16,115,134,62,175,27,55,112,143,30,74,166,58,38,96,133,3,41,68,204,24,159,127,39,16,397,111,70,64,118,94,91,49,62,98,14,70,33,174,71,14,27,46,44
68,222,14,79,35,19,35,196,53,62,44,132,115,231,139,106,36,12,307,83,45,38,79,45,69,101,22,77,33,9,441,94,33,19,64,38,89,29,78,18,57,164,300,107,163,326,16,43,76,10,137,75,54,64,44,62,28,27,22,151,117,41,406,96,26,33,31,62,91,4,57,40,74,13,48,23,144,5,133,50,197,59,78,23,73,67,55,46,92,37,23,45,54,39,194,41,12,29,58,27,20,80,189,69,94,63,58,18,93,79,53,31,77,13,22,186,60,64,17,296,116,140,643,104,33,206,54,39,39,48,25,84,78,159,232,56,53,49,147,58,107,78,68,122,24,69,95,37,93,211,46,59,72,82,25,117,17,39,43,80,47,225,39,37,36,281,89,119,11,48,22,232,17,38,216,232,78,89,30,48,88,161,56,107,56,68,114,65,101,26,78,275,12,50,7,91,40,72,79,131,9,71,80,147,189,73,62,62,237,48,37,102,71,41,105,69,80,35,32,28,291,95,89,24,51,74,23,90,142,145,101,36,127,240,68,36,96,52,110,108,399,11,200,365,107,149,29,11,134,147,66,114,54,70,27,160,112,60,29,91,48,39,54,20,562,61,470,37,23,28,44,28,17,105,109,116,40,50,49,17,40,37,17,275,53,79,56,41,60,26,117,75,67,17,183,317,27,35,38,41,138,231,17,39,47,55,54,421,12,67,26,64,402,42,84,37,86,56,26,124,47,22,92,11,22,13,61,33,187,172,67,9,56,24,42,62,96,49,181,33,41,18,18,95,152,38,133,29,87,226,92,86,28,75,65,29,42,102,51,13,8,36,43,32,31,23,52,44,107,98,116,28,56,40,47,98,104,116,233,36,151,82,43,35,304,53,31,9,230,255,77,65,57,171,49,51,118,33,199,41,29,24,18,61,30,74,26,11,77,35,325,45,182,11,39,52,258,43,63,30,301,165,31,61,20,48,49,87,71,102,297,18,186,22,381,107,71,348,118,129,87,135,72,34,46,46,81,46,69,25,226,33,436,26,73,176,25,109,320,261,47,24,76,96,217,168,148,47,26,99,16,64,158,31,21,80,6,112,134,34,23,35,82,16,100,295,35,41,38,10,184,107,25,40,271,44,113,31,239,24,31,45,100,36,82,162,100,77,144,112,28,95,104,64,61,89,98,229,53,62,121,42,35,331,34,62,138,46,298,217,119,33,36,257,115,72,117,105,136,79,67,81,54,26,79,15,96,29,64,120,49,343,112,28,15,137,42,29,26,53,32,30,107,235,28,2,119,56,40,138,61,47,112,45,78,99,110,30,68,36,73,36,28,164,122,60,23,88,58,62,127,175,61,58,8,14,253,22,52,123,129,11,125,155,45,36,28,87,119,129,17,66,193,60,130,178,65,73,61,26,68,46,30,32,40,259,43,90,133,25,349,56,22,241,32,54,48,80,37,27,149,47,189,54,150,31,21,47,57,31,84,72,40,31,324,111,60,18,70,71,29,129,121,37,23,42,47,117,72,82,170,216,35,309,25,24,27,51,118,75,44,164,25,189,54,18,55,126,32,54,49,50,126,166,24,194,24,36,167,88,66,82,13,137,8,15,112,353,38,37,20,40,9,37,327,106,58,26,96,40,35,70,37,238,77,55,87,39,62,96,64,90,117,55,44,99,110,91,129,66,61,50,19,21,58,47,106,64,167,38,77,7,147,31,42,46,65,16,50,41,34,67,61,26,50,161,62,201,190,56,169,68,54,187,75,42,71,75,301,70,75,86,19,55,56,37,51,93,88,118,71,36,120,62,35,153,69,28,70,69,149,246,69,149,24,12,61,39,161,80,33,50,306,10,15,42,55,42,107,36,183,185,35,22,43,7,31,20,21,33,60,31,450,68,162,13,35,226,79,66,11,310,77,70,104,62,43,197,54,93,197,23,26,81,102,170,83,55,91,31,52,11,42,64,133,66,81,37,56,47,54,87,51,142,147,88,126,74,92,162,131,73,98,44,109,57,104,24,97,222,133,47,38,188,18,108,117,79,12,28,35,6,47,61,79,157,433,77,26,240,184,45,51,104,74,30,36,54,10,29,39,50,21,178,295,175,128,194,25,132,18,27,33,29,60,48,20,75,216,157,30,27,86,127,63,32,95,43,36,41,107,20,37,38,74,43,18,122,152,81,182,31,55,124,158,28,89,182,83,36,116,119,15,34,47,209,24,176,131,31,21,395,125,56,67,118,78,90,59,60,99,11,74,38,168,79,17,24,35,40
71,186,11,91,34,17,44,204,54,81,32,131,87,223,128,88,41,27,289,82,41,35,79,47,62,102,12,72,36,11,423,98,19,20,49,32,82,27,86,15,53,143,267,112,182,292,21,35,75,13,132,63,46,57,51,71,32,34,24,142,89,32,419,77,20,27,33,41,77,4,38,46,60,13,54,27,111,6,113,52,171,57,77,23,68,66,45,58,87,31,16,51,68,34,207,44,24,26,63,20,19,68,179,76,90,51,77,15,80,87,43,46,69,12,12,147,59,79,17,296,109,132,565,98,23,235,47,41,40,53,38,93,67,160,223,48,44,42,127,57,108,91,70,95,23,49,74,41,78,179,41,54,80,83,27,99,13,23,45,77,51,197,30,25,44,279,92,107,14,48,29,215,28,28,214,197,52,72,34,47,78,137,34,101,44,72,96,58,71,26,77,267,9,35,6,90,40,68,67,126,8,62,90,154,170,81,59,50,203,47,41,68,63,38,90,67,72,33,47,22,284,90,85,25,46,62,21,84,128,154,95,25,140,234,70,25,78,49,110,78,423,9,197,323,96,153,25,11,136,106,67,123,58,86,25,137,118,57,29,91,43,33,60,28,560,73,410,42,18,26,28,33,11,92,114,104,41,62,48,14,27,35,13,284,55,75,60,47,49,29,111,78,57,11,171,331,26,43,46,41,120,226,18,34,57,49,53,382,17,85,23,54,316,33,95,46,60,46,33,125,24,15,104,27,26,15,40,30,182,124,63,11,63,22,51,61,74,44,174,34,38,12,13,96,153,31,119,33,83,193,105,88,33,69,53,27,51,112,40,18,13,37,46,22,39,26,53,47,110,84,106,21,54,29,44,102,109,101,215,36,141,92,35,36,277,58,21,4,204,232,90,55,57,171,60,47,129,32,178,51,12,25,15,55,22,68,32,11,85,35,298,37,146,11,23,45,221,29,74,22,264,125,38,47,5,51,22,87,57,101,276,15,169,26,374,121,56,290,115,126,56,146,79,34,47,47,91,49,58,27,211,40,386,19,56,135,28,116,314,269,42,31,79,75,205,176,120,50,29,97,20,52,135,14,30,57,14,150,130,32,27,26,95,15,121,313,47,32,41,9,160,92,31,49,258,38,101,24,240,13,28,46,115,34,88,147,76,71,154,91,18,86,89,60,72,96,82,211,49,60,117,41,37,348,36,52,116,47,281,194,103,34,32,235,123,68,104,101,140,79,78,96,50,28,56,7,83,28,53,112,30,360,113,19,10,123,29,24,26,50,31,26,100,199,29,4,105,41,42,140,66,48,129,41,75,120,88,33,49,32,57,35,34,170,100,61,18,61,44,58,118,180,41,53,3,7,241,16,41,127,88,16,132,154,48,34,25,75,111,154,12,58,172,54,134,174,63,57,38,32,73,47,28,33,37,252,45,74,122,26,323,53,23,204,35,49,51,78,40,23,146,43,179,63,141,34,28,47,44,27,85,62,35,27,297,95,73,13,62,49,24,121,99,49,12,39,51,124,59,86,175,190,42,316,34,14,17,48,106,64,46,173,21,153,60,17,56,118,39,72,45,53,103,155,26,202,27,34,158,113,66,74,23,124,8,15,117,322,35,31,22,43,4,54,302,88,60,30,86,30,26,76,36,225,80,46,89,33,63,86,71,76,108,58,48,75,86,109,140,55,76,55,10,23,61,39,95,50,150,33,51,6,134,30,35,51,54,17,56,50,32,72,74,15,57,170,57,172,169,52,183,50,50,174,73,42,71,76,297,68,64,76,14,57,54,38,39,88,68,135,61,30,117,45,39,159,54,30,83,73,127,213,64,149,19,10,64,27,144,78,42,39,290,17,21,35,68,47,95,35,168,179,27,21,45,4,26,23,15,37,50,12,458,49,144,14,39,168,71,77,10,285,63,61,89,57,37,188,48,85,172,21,31,65,117,169,69,69,86,42,51,19,47,64,141,55,76,34,50,42,51,85,44,148,120,58,92,66,70,193,121,75,87,39,87,60,109,27,90,221,145,45,56,173,11,80,104,87,19,30,34,15,46,56,74,169,382,59,17,216,199,30,43,112,71,44,33,48,9,20,44,40,26,157,257,141,96,196,17,155,24,29,23,24,39,55,13,56,190,134,26,23,92,124,60,33,80,44,39,51,102,15,37,27,65,26,17,119,113,68,175,20,58,100,139,28,66,157,58,35,113,111,10,49,52,208,23,174,96,36,18,371,116,52,72,98,57,87,34,46,105,10,54,27,150,68,16,22,47,39
80,173,13,102,23,14,55,218,59,82,42,141,95,223,144,104,38,27,335,106,47,37,93,26,77,80,27,72,39,6,428,76,30,17,45,33,100,37,84,20,60,160,344,124,173,352,20,51,93,10,146,71,47,61,41,68,33,28,18,148,103,42,415,73,28,27,40,44,113,9,45,52,75,17,65,24,150,12,119,55,205,59,83,25,69,78,63,57,86,41,18,59,78,37,230,46,18,34,56,23,30,86,206,75,93,43,61,27,69,60,57,56,101,18,16,180,70,74,11,308,112,136,581,114,17,232,44,38,48,64,27,100,67,169,248,65,51,52,161,57,115,104,77,109,18,60,79,52,90,220,30,68,78,81,27,108,18,31,44,74,40,220,29,24,35,297,87,115,17,36,23,219,19,39,253,203,67,95,32,62,106,170,37,99,43,78,120,64,75,21,70,314,10,52,6,101,54,55,74,134,14,61,105,149,198,75,56,62,245,40,40,87,62,25,84,59,80,35,33,24,283,95,98,19,45,55,21,83,144,131,83,32,142,272,61,27,81,50,94,99,432,12,236,351,108,175,26,17,148,126,52,138,76,86,23,152,137,63,46,86,51,34,55,35,591,67,460,37,26,22,36,30,10,95,122,127,58,66,45,15,30,49,14,275,42,77,43,50,46,37,129,62,52,15,197,325,21,54,32,46,141,243,9,39,56,44,54,405,10,91,25,61,374,35,85,43,68,54,34,125,30,27,98,31,24,14,39,28,213,140,58,10,54,18,54,68,114,44,207,35,44,18,8,110,148,31,127,37,74,210,95,97,38,70,55,18,53,113,48,32,12,33,42,24,38,37,27,57,107,84,106,37,58,37,50,94,116,97,258,34,168,83,38,31,281,55,28,3,220,268,78,64,45,203,61,46,94,32,205,54,28,33,13,77,30,80,24,10,90,39,335,47,176,9,25,37,261,27,62,39,293,152,38,59,15,39,29,93,67,117,295,9,209,23,372,117,58,367,92,149,67,163,85,39,37,51,93,51,66,35,248,39,473,18,59,162,22,132,323,266,48,27,72,114,214,164,143,59,27,114,29,55,144,22,14,79,15,145,140,36,31,22,103,23,116,307,46,42,65,15,193,97,38,50,269,47,117,36,238,17,35,39,103,35,105,161,84,87,167,107,20,89,95,64,81,102,99,230,69,69,120,44,30,352,34,53,116,51,327,195,106,22,31,279,121,84,122,96,136,79,87,85,46,30,60,14,112,31,42,127,46,396,127,21,12,132,37,18,22,50,23,32,111,256,30,6,102,43,54,145,88,47,133,65,75,111,86,42,52,32,54,22,30,157,106,65,20,79,75,66,132,215,53,61,16,9,277,20,46,140,126,15,129,159,42,27,23,94,123,163,11,77,189,61,150,202,74,69,47,32,84,44,34,21,45,289,50,69,120,31,378,61,29,231,41,66,41,72,48,39,160,45,206,69,196,25,26,50,36,30,73,67,43,30,309,103,76,12,76,66,33,115,111,42,17,45,58,125,67,77,166,216,35,344,24,13,32,51,115,71,37,154,24,199,54,23,63,143,29,90,51,55,116,181,21,225,27,26,175,102,56,61,23,134,8,18,93,376,47,32,28,47,6,55,333,101,70,29,100,39,32,68,37,228,75,30,95,34,61,82,60,93,122,52,32,75,92,95,166,77,66,60,17,13,80,44,110,49,158,34,61,8,122,27,32,58,57,19,58,63,27,66,70,18,59,189,70,205,195,56,170,57,43,230,70,47,67,82,291,80,80,91,21,50,62,48,39,79,68,140,72,48,117,48,33,178,59,34,73,79,115,248,62,175,17,22,67,23,173,96,51,62,291,12,14,42,68,36,87,29,200,182,27,41,48,4,33,12,21,49,37,22,455,60,165,14,41,206,79,89,14,323,66,57,89,42,46,213,46,102,186,22,27,77,136,188,75,64,113,31,49,15,49,90,159,60,88,49,65,68,68,84,59,160,134,63,107,51,90,204,95,76,76,39,93,49,119,25,93,211,162,62,65,187,14,101,109,88,15,29,35,12,51,58,71,171,439,62,21,256,194,41,42,126,66,46,32,57,11,23,40,38,30,168,326,168,141,192,21,153,27,20,22,28,40,59,21,76,222,159,40,21,90,115,48,31,83,43,55,47,102,18,26,45,75,34,22,148,152,86,162,24,59,121,155,34,88,181,66,35,120,129,7,46,67,230,18,171,111,40,22,366,126,58,63,97,68,86,44,49,95,10,43,31,168,80,11,24,36,24
76,161,9,106,31,14,48,208,53,87,41,142,107,213,137,115,36,30,311,106,38,28,85,40,79,78,25,74,30,5,465,82,24,13,40,26,69,49,73,14,48,174,316,115,157,321,23,57,81,13,130,74,48,79,39,67,52,21,32,116,101,50,452,82,19,46,39,26,86,9,39,56,79,8,42,36,138,4,114,34,198,49,80,16,82,82,62,58,73,46,20,52,60,31,194,43,30,34,54,25,20,90,176,74,94,53,52,19,73,69,46,42,91,13,15,181,58,71,14,285,115,156,613,98,20,227,58,49,51,60,40,106,67,176,265,47,49,55,149,59,110,92,60,116,28,60,79,52,115,199,44,56,80,74,36,116,19,30,35,77,50,200,37,23,50,276,86,112,14,53,27,231,13,36,222,206,74,69,39,41,77,159,34,80,46,76,119,55,66,19,74,266,17,36,10,99,57,57,71,120,14,44,101,155,207,63,51,63,227,44,35,85,66,27,81,59,86,30,36,21,284,85,89,20,35,66,29,95,152,135,72,33,124,259,68,21,79,46,93,111,457,9,245,340,83,160,42,12,135,125,65,136,80,77,22,169,158,71,40,98,61,28,68,37,554,55,431,39,24,22,22,29,12,92,113,115,49,65,46,18,30,38,18,278,40,60,38,36,39,27,133,73,56,21,198,334,26,53,21,31,140,261,15,33,49,32,39,381,15,81,26,52,331,42,81,37,84,46,30,138,26,18,104,28,25,14,56,43,197,173,57,8,43,18,46,72,102,41,194,46,56,25,20,109,148,28,127,38,84,177,96,99,27,78,52,14,53,106,48,23,16,21,47,22,26,35,41,46,119,76,111,33,40,28,45,98,97,96,236,36,175,73,37,35,270,46,26,6,205,239,80,52,38,203,73,52,95,24,210,44,16,28,7,58,28,76,27,19,94,40,354,44,158,11,36,31,276,38,60,28,304,148,36,57,14,57,38,112,77,98,275,15,191,27,351,121,56,367,114,150,64,147,82,32,35,50,76,58,57,37,241,39,451,24,35,145,23,116,283,271,47,23,86,114,200,161,157,65,14,90,17,62,161,25,20,59,12,125,142,41,23,12,124,23,126,259,60,54,55,9,208,94,42,31,259,33,105,37,252,15,32,51,87,34,119,161,90,85,173,122,23,97,95,61,72,107,96,234,66,55,116,36,37,365,39,53,114,52,304,207,98,18,28,278,116,101,138,97,154,71,71,94,59,25,58,4,123,37,44,136,44,349,120,35,7,124,26,15,39,39,19,27,102,193,18,4,110,40,43,145,92,51,111,64,70,111,73,32,52,41,54,32,31,134,93,62,9,66,83,59,133,221,50,59,13,18,255,24,42,135,134,13,127,175,43,33,22,82,121,152,17,61,216,61,161,211,58,55,50,23,85,50,45,32,36,255,69,64,123,30,347,57,28,228,32,57,41,80,45,34,137,44,204,63,176,37,18,57,42,43,96,63,36,37,320,112,61,12,76,59,29,111,130,51,19,47,49,101,62,88,188,244,38,351,36,16,32,58,123,89,35,180,28,168,67,26,75,149,24,105,73,48,108,146,20,195,37,27,159,97,55,76,37,111,8,20,105,336,46,35,22,51,12,50,311,80,60,45,120,37,26,76,43,213,69,34,80,22,58,81,60,91,130,53,41,84,96,108,147,51,68,58,11,16,70,42,103,49,157,23,47,10,131,27,24,53,79,19,56,41,28,70,96,14,59,194,61,190,153,47,183,76,51,185,74,41,71,84,265,97,86,82,21,51,56,33,44,71,77,177,46,39,116,47,30,180,56,36,86,86,118,262,50,173,16,23,60,18,169,103,38,53,287,10,12,53,76,46,89,29,162,177,31,32,38,2,34,8,23,38,32,10,448,47,157,11,40,204,81,65,12,305,70,55,90,50,51,224,31,101,185,16,19,65,109,179,75,56,98,27,50,20,40,98,154,40,90,56,60,45,59,100,41,139,113,53,96,57,92,214,105,100,90,46,105,42,99,30,102,223,166,71,47,190,15,91,98,100,12,24,33,14,46,68,79,165,431,69,26,238,201,43,27,97,78,45,36,49,15,23,37,57,28,144,333,153,134,212,14,138,29,42,20,28,33,54,14,70,220,180,43,26,85,107,53,28,82,41,57,50,81,21,37,39,75,42,30,146,136,81,156,30,57,115,140,25,61,154,70,35,110,117,4,55,84,191,22,172,105,37,16,394,152,59,60,111,46,88,32,49,97,7,55,20,180,56,15,28,42,24
65,164,10,97,22,13,50,229,47,96,37,127,101,210,170,94,41,23,305,113,37,18,72,44,61,65,22,98,50,9,472,98,31,20,41,30,76,42,88,21,55,148,343,102,190,381,23,59,100,21,154,80,45,82,42,63,37,26,30,135,97,37,454,74,18,42,45,29,106,10,24,62,86,12,52,43,119,2,131,41,227,69,75,22,71,79,56,56,87,59,31,50,76,37,193,37,31,35,67,26,28,90,189,77,117,46,76,26,85,80,60,55,87,12,15,191,74,67,7,344,119,164,531,119,24,247,48,45,63,59,39,119,52,176,287,57,50,59,143,54,106,107,46,126,32,62,75,53,107,224,38,49,71,76,28,122,16,36,39,73,54,190,32,34,46,291,79,121,9,41,15,228,16,42,241,203,63,77,44,52,94,171,38,66,52,73,103,59,85,18,82,306,20,45,10,96,47,56,69,127,15,63,109,144,226,44,53,75,234,46,33,87,66,22,78,74,90,31,34,17,282,94,96,26,41,59,14,97,135,143,83,44,124,295,71,16,83,51,103,126,458,12,230,387,102,165,44,6,141,123,58,130,67,72,15,171,133,64,31,90,41,32,61,30,599,72,485,44,27,14,30,38,10,100,116,101,39,67,64,15,31,56,10,303,49,63,44,40,56,26,110,59,52,22,213,346,23,44,37,36,141,228,13,40,43,38,40,385,16,74,28,55,376,31,65,35,85,52,38,136,31,16,102,29,33,22,50,33,186,142,61,20,57,17,68,86,97,43,211,58,56,15,13,95,163,11,112,36,85,172,93,87,35,68,42,25,60,95,47,24,26,26,48,35,28,34,40,45,116,89,97,33,52,18,50,98,108,108,263,39,166,93,45,22,248,53,23,5,193,252,89,46,45,236,67,44,101,20,210,44,28,26,5,64,30,90,28,15,94,27,367,35,149,11,22,26,267,22,60,23,282,149,33,64,18,53,29,91,76,106,286,14,175,27,346,127,49,397,105,159,63,133,103,36,51,43,84,72,43,38,273,44,407,24,53,139,31,154,312,291,51,24,67,116,201,172,146,54,20,107,17,81,186,19,17,78,12,153,126,35,30,19,102,16,122,268,64,54,67,21,195,105,56,42,260,35,108,29,229,13,27,57,106,33,124,154,82,86,203,143,22,113,88,68,79,85,94,240,53,62,125,52,36,371,27,49,115,58,319,204,99,26,26,259,102,94,129,84,130,71,89,81,54,29,59,3,94,33,46,128,37,389,148,44,14,137,27,15,36,48,23,17,103,213,36,8,127,46,55,127,98,46,112,53,84,108,78,25,45,35,67,31,37,133,88,84,19,82,91,80,122,234,70,68,12,21,253,22,42,147,131,17,129,189,39,31,26,57,123,152,13,60,219,58,174,193,52,56,55,17,85,60,49,17,49,283,56,57,123,29,394,57,35,230,45,47,40,86,47,34,152,38,215,72,196,28,17,55,53,46,74,63,31,38,341,116,63,13,70,73,18,111,108,46,24,53,42,104,68,90,182,223,29,393,38,14,27,60,132,87,47,169,33,192,68,17,69,130,11,90,51,53,118,182,17,213,38,40,176,100,47,77,24,124,11,27,125,366,43,40,21,59,16,52,307,78,63,41,122,41,29,83,45,213,98,32,73,16,70,82,52,104,108,43,37,80,99,93,162,66,54,47,13,21,107,45,104,55,173,26,49,11,116,27,32,61,64,13,51,43,23,84,86,16,45,191,65,222,175,58,197,73,46,168,74,50,87,85,265,90,82,80,17,49,53,27,43,70,79,186,50,38,135,47,30,148,54,35,99,85,129,270,49,173,18,18,77,25,159,105,49,44,321,13,13,41,72,51,105,30,169,183,26,33,52,3,43,11,24,43,20,10,412,43,192,12,41,219,72,76,18,346,54,47,119,38,44,227,33,93,168,22,21,56,135,160,81,50,92,35,49,24,37,87,186,46,108,48,51,54,50,84,47,162,126,55,119,58,91,217,97,91,77,42,107,49,89,25,93,204,140,76,49,171,11,95,101,110,20,18,29,15,44,59,60,177,421,67,20,282,187,46,36,105,77,52,30,53,16,32,34,46,41,144,379,184,147,211,20,150,29,37,17,34,51,51,21,70,263,162,36,25,76,103,42,30,67,36,76,43,92,26,38,40,72,40,36,152,146,79,135,18,62,112,147,20,70,153,76,47,94,128,6,45,79,208,19,178,111,36,15,379,144,53,67,118,56,92,25,60,98,4,47,26,179,65,17,17,37,18
47,158,9,116,26,20,34,241,48,88,42,122,105,195,169,114,29,21,337,83,43,27,52,48,74,70,24,76,40,10,473,78,27,16,34,35,84,38,94,11,43,152,326,121,153,364,20,54,81,8,132,69,46,63,39,52,42,37,24,122,118,37,426,71,19,30,44,25,110,7,27,52,78,11,32,42,129,9,123,37,221,72,81,21,60,84,60,48,77,64,30,50,58,31,201,39,32,36,63,23,30,82,208,62,107,49,77,30,95,73,38,71,102,10,14,172,52,71,10,331,112,143,543,126,32,233,59,47,63,80,32,121,76,183,295,66,42,58,151,50,110,104,38,128,23,67,74,44,81,178,45,50,71,77,39,132,15,34,41,86,56,175,35,32,44,278,73,127,20,32,18,263,17,37,218,202,66,88,37,38,62,177,33,77,46,77,86,81,74,21,69,284,18,52,6,74,37,54,81,102,22,63,100,127,257,62,62,61,227,46,27,102,58,24,82,82,81,27,20,18,245,98,86,20,44,64,20,93,119,117,84,31,112,270,65,15,76,51,115,113,444,9,238,403,109,133,26,7,139,123,43,144,57,65,18,178,125,68,37,82,51,29,48,32,543,55,463,43,15,10,24,28,12,94,93,109,24,70,67,11,29,41,16,261,43,63,38,50,61,31,112,65,62,21,202,320,22,46,32,23,122,242,8,35,50,47,49,390,12,76,25,35,364,34,79,39,81,44,41,120,20,22,125,27,33,18,46,25,200,135,60,9,55,20,59,83,81,43,198,55,67,22,9,96,177,21,136,31,94,156,100,109,33,67,34,28,48,94,48,20,26,19,52,18,33,37,55,62,124,88,114,39,48,22,44,107,107,100,250,47,185,83,48,28,275,56,25,19,186,259,84,53,40,225,67,32,99,15,200,65,17,32,4,66,34,74,20,33,76,34,304,33,123,13,20,23,259,30,72,27,273,197,55,49,22,43,44,91,66,98,287,15,168,17,318,128,58,413,96,130,76,127,107,30,41,40,70,81,53,35,256,50,415,25,32,142,33,155,290,275,51,29,58,133,203,154,165,60,26,99,21,73,178,28,20,70,14,147,121,48,32,19,83,17,114,259,59,53,56,25,194,111,44,46,247,33,117,25,203,15,32,56,116,37,112,143,81,107,187,105,17,106,85,51,83,89,97,247,59,56,140,38,41,342,30,49,143,77,296,190,96,26,28,282,136,105,147,100,128,76,82,77,64,30,73,3,81,35,38,143,39,364,140,50,19,131,30,13,33,35,24,18,117,217,29,5,107,44,67,160,106,38,110,63,79,114,73,27,46,38,64,29,34,128,72,64,19,75,71,75,114,228,57,61,16,20,276,23,38,127,120,18,127,180,45,23,22,86,125,142,13,59,193,64,163,161,54,58,72,15,95,59,43,13,27,250,54,55,123,36,367,54,29,232,44,56,30,77,36,33,171,32,203,72,171,25,16,50,51,38,92,65,27,48,339,93,73,20,72,54,24,116,103,51,18,50,47,104,57,93,176,212,29,369,29,13,19,43,137,78,53,165,25,177,64,17,60,152,23,105,51,47,118,168,20,210,33,25,171,84,46,69,22,114,12,29,117,373,47,45,29,53,21,58,307,59,56,42,122,37,22,79,35,188,74,40,74,23,81,60,35,110,132,41,36,78,114,90,121,58,74,39,9,8,87,39,110,52,189,13,37,23,115,20,27,50,83,15,60,45,18,77,85,17,53,217,64,204,143,47,208,76,50,181,74,40,74,93,269,83,68,74,17,65,52,27,37,80,77,150,44,32,112,34,39,126,53,31,81,74,135,216,58,156,19,23,73,31,154,107,57,40,296,15,9,38,76,69,91,26,178,210,39,27,40,3,46,11,24,59,33,11,432,47,190,11,41,206,83,91,20,316,58,54,93,26,46,245,30,88,172,18,15,69,108,186,68,51,87,33,44,12,47,90,184,44,100,47,50,51,48,93,39,132,108,54,121,49,98,202,103,84,81,37,90,38,98,28,94,200,147,58,44,171,18,94,118,114,18,20,29,15,47,72,61,174,361,54,18,256,198,37,33,107,69,54,17,49,11,30,35,50,29,158,356,163,149,200,22,158,25,32,12,30,56,48,25,69,268,154,44,24,71,102,44,42,65,38,66,54,81,22,29,31,75,42,28,146,130,79,162,28,69,121,149,16,75,155,79,33,106,107,5,29,82,174,14,167,100,31,14,330,126,60,69,97,46,84,28,53,97,5,56,21,187,75,19,17,38,19
62,188,8,120,29,17,38,267,46,104,50,138,110,238,186,93,31,21,323,121,38,18,54,49,64,51,29,81,41,7,507,101,37,28,31,22,92,28,94,18,49,164,340,112,188,359,33,60,103,16,137,59,48,85,53,69,32,41,34,127,100,29,450,70,20,35,40,21,120,14,30,52,91,16,35,44,132,3,94,44,222,87,82,19,64,74,87,48,76,47,32,51,49,35,237,34,40,32,81,33,27,90,185,70,100,46,82,19,91,91,37,65,92,12,11,196,67,79,19,384,97,154,515,110,30,254,58,49,62,80,43,108,53,214,282,65,43,59,165,59,136,121,31,122,32,59,102,50,97,204,53,29,63,63,37,127,16,51,31,114,63,204,26,18,47,269,75,137,10,35,28,254,16,43,261,182,61,85,44,54,86,183,45,63,33,72,93,76,77,24,58,306,19,53,13,90,43,66,94,93,14,49,96,149,240,39,81,64,238,50,28,97,53,24,91,96,77,23,35,20,284,102,85,27,50,58,23,85,139,117,69,42,110,297,61,15,78,53,111,109,440,9,225,388,109,121,32,6,165,123,61,150,61,60,13,199,146,71,31,97,52,32,64,32,587,66,512,44,24,18,24,29,12,82,82,87,36,68,70,8,26,54,10,300,36,68,40,47,62,25,117,54,45,23,203,331,22,50,44,22,150,217,11,45,47,41,60,416,16,77,34,53,410,34,93,43,73,61,28,144,20,19,111,41,24,15,42,22,204,156,67,13,57,23,67,88,88,46,235,55,64,29,14,104,164,21,130,24,82,171,101,111,42,77,39,35,39,94,42,29,32,25,55,29,28,33,44,51,127,82,104,33,31,24,44,79,117,105,313,52,177,99,48,27,263,56,31,11,219,246,92,40,48,221,72,36,92,26,201,38,26,38,1,75,40,77,22,21,107,26,290,35,155,6,33,15,295,25,63,34,290,181,39,67,15,38,41,93,76,119,271,10,181,34,352,134,66,446,90,136,66,149,93,32,47,37,65,68,59,28,284,53,409,21,45,144,45,143,295,298,42,23,67,134,211,188,171,59,31,104,21,82,182,28,20,52,17,111,124,48,27,19,117,18,121,292,67,46,58,21,216,126,53,56,259,29,124,20,225,7,18,76,108,38,137,144,78,97,183,106,18,103,88,38,84,93,92,254,59,48,129,50,44,353,45,43,131,75,327,210,107,30,21,254,105,88,142,90,129,70,93,73,53,32,69,3,99,37,40,124,36,382,167,36,26,135,23,12,31,45,20,24,103,211,33,7,123,35,65,130,107,34,129,67,57,87,76,25,59,33,91,35,38,127,69,77,13,93,95,87,129,271,66,73,13,23,294,20,44,137,125,14,122,202,37,35,19,74,135,138,23,63,199,68,147,207,66,53,54,10,97,52,49,28,32,244,55,49,107,41,402,57,26,246,36,51,42,76,30,32,178,43,201,67,185,26,22,62,62,41,71,75,12,51,358,99,82,14,78,64,19,124,112,48,15,45,34,99,66,98,177,211,30,386,26,22,31,54,113,87,51,174,28,160,65,23,76,140,25,103,52,42,130,167,11,221,36,34,192,103,45,71,24,109,10,43,112,353,55,38,26,48,21,64,284,63,65,51,118,49,26,91,38,202,96,35,81,28,55,67,27,91,117,38,34,71,110,94,129,72,77,42,10,9,118,30,98,54,187,19,41,16,114,23,27,48,81,19,59,43,32,87,86,18,59,246,67,201,182,51,208,73,56,160,91,44,69,87,250,81,92,70,14,66,61,27,43,77,85,155,51,37,127,37,45,139,65,32,92,82,133,218,52,193,13,19,97,26,179,104,43,33,333,18,11,36,84,50,105,23,210,209,32,46,57,4,44,12,25,61,38,15,436,36,185,9,30,200,79,56,21,302,62,52,119,34,47,235,40,84,179,28,21,105,123,219,77,45,80,27,57,15,45,86,174,38,115,69,51,38,40,83,43,138,90,66,108,60,93,214,100,86,83,34,115,41,107,29,103,218,150,79,54,208,24,100,105,119,20,19,33,22,35,77,67,179,420,85,20,267,197,48,29,112,62,59,42,58,17,33,36,49,44,144,381,171,164,217,17,149,38,45,7,24,57,52,25,79,265,167,35,20,90,100,44,38,47,29,59,63,103,19,28,41,90,30,32,145,144,76,161,28,59,115,129,25,66,161,82,38,105,104,9,27,92,265,16,168,111,38,18,351,153,47,78,105,63,97,39,53,117,5,61,23,162,76,19,16,39,11
61,166,11,124,20,21,39,251,51,112,43,124,94,214,178,96,40,25,338,122,39,21,57,36,74,66,25,98,36,18,494,90,33,18,35,23,76,20,110,18,50,155,297,125,172,377,23,82,93,16,121,71,50,77,61,69,22,44,21,126,91,34,407,70,22,29,42,23,107,12,28,42,93,9,34,38,130,6,116,43,219,99,69,18,68,88,66,51,58,61,26,44,73,38,250,35,38,24,64,26,18,68,205,75,102,49,84,18,117,75,38,55,83,12,21,181,70,101,20,331,101,149,528,110,24,256,71,42,72,84,36,112,57,181,285,56,45,63,159,44,117,119,33,143,28,69,97,42,106,198,50,47,86,83,30,121,22,40,30,105,53,201,27,26,41,286,66,112,9,41,25,266,17,31,221,207,75,65,44,46,79,177,57,75,42,58,99,60,71,23,65,301,14,54,8,73,43,65,87,92,9,50,81,155,238,37,89,61,202,67,30,92,58,33,90,95,75,26,27,17,281,105,78,24,38,74,25,93,109,113,91,42,118,287,62,15,71,43,99,97,468,9,236,377,128,130,37,8,140,127,54,152,63,59,9,209,135,76,23,86,55,30,64,15,565,75,482,37,15,26,34,24,12,96,83,76,31,68,49,14,32,44,19,256,47,70,51,43,42,13,108,57,52,14,204,337,18,52,32,27,164,236,12,43,27,39,46,408,15,115,19,29,394,31,84,23,79,59,23,147,29,18,123,43,26,15,39,25,223,160,59,10,57,25,75,78,100,45,226,47,51,18,19,100,179,19,120,38,87,171,95,101,45,70,54,41,46,99,54,27,13,22,61,21,30,39,52,59,127,88,101,22,27,25,30,99,108,109,317,47,178,100,51,24,249,59,26,6,193,240,118,42,37,257,69,29,106,36,197,44,31,29,6,60,37,89,30,29,86,34,311,39,138,10,17,25,319,30,63,36,300,182,54,56,17,51,36,90,59,127,291,5,171,25,322,139,61,434,106,149,85,155,110,32,38,46,61,60,45,32,277,43,389,21,49,114,33,136,279,304,67,21,75,142,213,176,175,57,32,124,21,68,196,29,26,58,17,121,124,41,34,21,114,11,109,290,58,42,62,19,219,122,61,48,273,34,100,30,266,12,24,44,121,40,128,163,51,97,175,104,24,134,92,48,82,93,101,263,77,49,136,55,44,362,28,58,128,74,331,170,129,31,27,265,137,101,158,103,169,84,77,66,67,31,78,2,90,36,36,157,42,360,151,43,13,142,49,17,48,37,22,23,108,224,32,10,122,34,64,130,120,45,130,58,58,81,96,26,59,34,89,37,35,137,73,83,21,85,102,79,118,267,76,66,13,18,298,20,51,132,103,19,124,230,31,43,19,82,140,153,22,72,215,73,143,197,69,53,63,12,98,63,45,19,30,256,44,47,121,46,377,50,38,235,53,61,47,71,33,32,197,40,220,94,169,34,27,48,64,26,87,76,29,53,373,61,82,16,90,69,30,102,120,44,12,56,31,118,68,107,167,230,31,399,24,25,30,39,139,78,66,165,32,193,58,11,60,159,26,107,46,44,127,154,9,209,27,27,187,83,42,77,13,105,17,38,129,350,65,49,26,68,23,45,328,61,61,44,107,44,32,99,30,189,81,26,94,20,60,55,29,93,114,34,31,71,118,89,132,53,64,42,12,11,97,51,115,49,202,22,33,19,111,27,27,63,77,24,44,60,24,83,72,21,59,245,73,218,158,56,249,85,60,182,71,33,74,98,232,96,94,79,9,47,45,25,43,78,84,130,41,51,131,42,44,149,53,39,87,69,148,237,45,159,14,21,73,19,184,82,57,30,325,22,9,40,75,70,93,28,210,196,27,39,53,6,57,22,26,63,55,12,390,43,211,10,29,225,71,69,28,344,53,56,85,20,46,239,29,75,161,18,17,73,120,207,88,44,106,21,49,11,27,60,184,40,117,60,44,35,53,79,49,133,96,50,108,67,112,236,82,72,79,58,113,39,97,30,116,213,171,72,46,160,27,108,120,126,15,20,25,16,46,89,92,162,396,67,19,268,192,57,50,107,65,50,28,63,15,43,30,54,39,156,367,177,175,223,16,145,33,37,12,27,58,38,33,73,287,174,31,16,95,99,40,37,44,42,62,67,94,15,35,35,73,24,33,138,133,77,145,24,78,119,140,21,88,132,85,38,98,100,10,37,75,213,20,169,109,30,17,364,117,56,71,107,67,95,38,46,115,9,55,27,161,91,14,16,36,5
50,185,15,106,20,15,34,254,44,108,52,129,106,190,174,75,28,30,322,106,37,19,60,33,67,70,29,78,35,14,517,79,33,28,42,17,64,25,93,20,46,169,299,104,182,343,31,73,96,10,144,73,43,95,56,64,19,34,25,127,92,37,384,73,23,19,41,18,121,16,32,34,97,15,30,36,117,6,99,38,207,97,66,15,71,89,80,39,55,65,28,42,48,41,215,35,41,30,68,29,20,103,223,70,111,47,77,19,84,71,30,58,96,12,18,160,64,85,21,317,110,148,539,108,35,269,73,46,46,95,31,103,51,187,290,68,41,62,161,45,94,128,34,146,39,66,89,44,111,202,30,32,77,83,28,115,33,56,19,104,51,181,24,26,38,282,67,134,15,58,22,265,17,31,223,224,69,79,44,41,73,158,60,71,48,54,103,68,61,19,51,276,17,39,10,75,47,63,81,83,8,31,91,157,229,39,75,62,208,66,27,93,73,26,99,94,64,23,35,14,286,92,79,39,42,51,25,85,119,95,74,44,136,262,68,12,83,43,102,79,434,13,245,391,123,118,45,15,131,122,60,143,58,64,7,168,115,69,16,83,63,28,62,25,549,71,412,46,20,20,28,26,15,98,82,60,43,56,66,22,27,45,24,280,61,69,60,52,44,18,117,52,51,27,207,302,17,47,38,19,128,237,8,40,27,39,43,409,12,85,24,34,395,25,94,26,59,60,23,164,29,22,133,24,27,22,46,28,220,164,59,9,41,28,57,46,74,46,225,52,54,22,13,111,161,8,108,41,92,174,85,87,35,73,46,35,25,97,46,21,17,24,64,16,32,32,45,50,111,86,105,26,20,20,36,78,140,100,246,59,161,80,65,17,246,47,33,9,205,245,112,38,50,247,85,41,102,46,209,43,27,24,5,77,40,75,29,23,102,21,270,42,128,11,24,21,320,19,79,44,277,164,41,66,22,47,45,86,42,122,270,7,155,27,331,136,65,421,110,133,74,151,95,33,33,43,52,53,60,32,304,49,419,28,53,106,28,150,262,256,42,27,60,124,201,162,152,54,22,118,17,78,177,31,16,49,19,107,124,35,26,19,118,20,100,254,63,52,72,22,213,122,49,46,278,28,109,35,214,9,22,49,99,42,104,141,52,109,173,129,24,118,85,35,81,87,105,261,76,50,144,58,47,363,38,54,126,66,311,204,120,31,24,242,122,104,149,105,154,91,86,67,69,32,74,5,92,24,43,139,45,330,168,46,6,157,27,10,31,34,28,27,127,194,28,13,139,35,64,141,103,40,108,77,74,83,73,27,51,36,83,30,21,125,70,75,25,72,76,100,129,237,73,59,9,18,285,7,46,138,120,14,138,173,22,33,19,68,155,130,17,67,193,64,123,179,60,49,66,10,102,47,60,16,23,222,59,49,129,31,350,48,29,242,47,47,39,85,39,32,169,40,198,85,177,38,25,50,60,24,81,96,21,53,364,83,88,12,85,61,35,89,102,57,11,51,26,99,62,101,154,213,30,350,28,20,37,35,155,69,52,163,25,182,56,16,69,141,26,103,53,49,116,161,22,201,28,42,163,101,35,73,12,107,33,35,145,381,66,30,19,50,24,37,280,55,63,32,112,44,37,93,42,188,70,28,96,40,66,57,34,105,126,26,33,56,103,80,131,40,68,48,10,4,94,39,102,56,187,18,34,24,119,28,22,39,72,20,43,49,27,98,78,27,67,218,58,172,164,44,191,70,62,137,74,28,73,79,237,77,71,84,15,45,69,33,31,93,92,137,58,46,126,53,29,164,52,38,100,65,134,246,37,157,8,25,71,22,175,81,63,31,288,17,10,45,76,66,83,23,196,215,20,46,68,5,43,25,34,48,37,29,364,64,208,11,36,204,67,54,31,335,52,54,109,13,51,234,26,71,165,28,14,71,107,175,69,31,87,20,40,15,53,60,199,33,129,47,57,43,46,81,36,129,94,38,132,67,109,255,87,84,83,40,112,47,94,32,109,200,165,68,41,159,22,102,116,114,10,19,30,25,38,75,63,167,386,83,16,268,192,46,21,109,80,57,22,64,17,33,42,56,35,134,383,153,155,257,13,132,33,29,17,37,43,35,19,61,283,130,45,9,82,98,53,43,55,48,61,57,100,28,49,31,71,30,27,154,132,72,157,28,57,108,142,22,81,139,63,27,94,89,9,14,97,222,25,163,105,32,23,349,138,50,74,128,71,61,31,34,108,8,45,33,169,82,16,18,34,13
68,186,16,109,11,13,35,273,64,104,54,121,94,221,174,101,44,20,336,92,31,21,59,35,65,84,31,75,40,11,547,95,31,18,33,12,62,34,120,21,52,171,307,108,185,398,27,63,101,24,162,101,53,81,63,66,22,45,29,152,82,28,458,65,22,24,59,15,122,13,24,47,109,12,23,38,115,7,96,44,188,101,63,16,76,93,84,32,67,63,25,41,43,42,198,30,43,23,67,29,18,103,202,74,104,42,82,19,104,69,42,67,88,15,10,176,68,75,12,333,125,158,565,115,39,289,68,38,68,90,30,105,58,182,280,66,35,59,170,51,83,130,45,155,37,69,91,46,107,203,49,47,89,87,18,118,28,55,19,82,40,200,40,28,39,299,67,148,15,55,25,225,22,33,248,247,74,63,43,41,67,167,53,61,43,56,77,66,59,24,49,334,13,45,11,62,49,86,96,89,10,32,110,165,241,43,61,63,213,60,22,97,68,29,121,89,87,23,30,12,307,98,66,37,33,46,27,75,101,111,79,45,131,276,68,18,85,51,126,101,509,21,232,405,121,127,38,5,134,171,54,155,73,54,4,166,140,82,33,89,64,33,59,34,553,63,426,52,15,22,25,26,15,86,84,88,46,73,62,15,21,36,21,285,56,78,68,37,41,20,149,68,44,27,240,282,23,37,36,29,144,248,10,43,27,40,45,382,18,93,32,39,444,33,85,26,58,60,24,163,34,12,109,32,27,9,42,35,217,151,71,12,52,24,64,66,81,62,253,46,59,13,18,99,151,11,136,26,109,146,88,96,42,72,46,44,38,71,42,34,15,26,71,26,37,42,51,71,109,100,128,42,23,17,30,106,136,106,285,62,149,108,54,17,274,37,23,9,225,259,154,30,43,240,67,35,111,41,199,43,27,29,6,102,35,79,25,24,96,22,298,39,164,12,16,20,332,22,80,40,249,157,38,61,22,55,43,85,72,104,286,6,154,17,337,119,69,491,97,139,84,164,88,43,35,35,53,60,56,38,313,51,428,23,52,124,34,169,270,269,33,26,75,115,221,165,167,55,24,96,17,81,172,23,15,45,20,103,113,33,44,28,125,10,101,278,53,48,89,23,246,132,48,45,286,30,103,32,269,8,26,53,88,38,136,130,65,86,188,148,23,87,91,41,82,85,119,269,100,36,145,76,55,356,43,58,129,71,276,192,131,28,22,240,121,92,150,95,153,73,85,66,65,40,91,5,107,26,41,166,42,360,158,46,13,163,45,8,41,46,26,15,102,192,41,12,139,46,62,125,117,35,158,70,58,95,78,27,58,38,102,32,37,128,68,77,18,71,78,124,144,225,73,67,8,25,296,9,67,153,114,15,135,234,33,37,14,68,187,134,14,68,233,63,135,202,55,43,70,12,111,53,60,15,25,272,43,64,127,39,349,45,36,231,59,41,43,72,53,23,173,39,191,91,161,28,22,48,60,22,90,92,16,51,359,82,88,14,102,48,25,126,88,53,18,55,24,118,71,109,172,219,14,365,32,18,49,31,134,84,42,162,30,168,56,27,74,138,20,95,61,42,108,132,15,220,35,47,201,91,59,100,20,82,24,43,134,367,79,42,24,56,24,29,313,41,76,45,104,31,32,74,36,214,75,24,96,32,54,59,37,94,127,27,17,65,107,80,137,31,60,44,7,11,98,53,91,63,204,32,39,32,124,33,25,47,58,21,44,60,27,93,79,27,64,220,58,200,157,36,181,59,59,142,63,38,62,83,247,88,107,82,15,45,52,30,47,88,86,160,41,43,128,51,32,145,52,40,106,79,172,224,29,143,14,19,70,19,164,87,72,29,298,17,11,36,90,72,72,30,184,216,34,29,61,7,38,27,31,45,38,27,401,60,231,17,52,211,41,42,32,355,59,63,99,16,55,230,24,96,156,22,13,72,100,182,64,32,95,27,50,11,59,63,184,35,123,68,60,45,40,88,30,137,96,52,105,81,123,238,82,93,76,44,111,43,87,25,118,209,165,89,37,158,28,99,107,113,27,25,31,14,40,79,65,132,426,81,17,276,175,49,34,107,85,53,19,65,19,40,32,58,28,136,339,168,192,253,9,169,39,35,21,28,57,39,23,63,284,153,34,20,86,108,61,46,49,52,61,55,105,22,39,23,71,16,22,152,143,65,169,29,58,109,144,19,90,144,58,34,85,85,18,31,90,224,26,165,121,24,17,392,136,57,56,124,76,70,27,38,132,9,65,34,173,87,16,13,35,15
52,188,21,106,16,18,38,310,45,104,52,120,102,209,175,109,38,10,320,100,22,21,62,34,71,68,30,78,27,10,535,83,37,17,36,9,59,17,104,20,47,172,300,107,172,366,29,67,97,26,155,80,46,83,56,48,15,28,27,123,77,36,399,48,24,20,49,19,113,15,20,30,95,17,38,36,116,7,76,51,208,97,50,19,84,98,76,39,76,48,28,22,38,39,214,44,41,13,73,28,28,107,200,73,99,41,58,10,109,78,49,56,90,14,5,132,89,69,15,359,105,167,545,131,17,276,74,34,38,80,35,110,68,168,292,70,30,48,170,46,99,142,48,153,30,57,96,50,99,215,38,51,80,92,24,123,28,59,27,98,43,186,32,39,39,232,55,159,25,59,28,236,18,28,268,213,73,50,44,40,70,174,64,67,48,54,72,72,45,14,52,305,19,31,20,65,52,87,74,107,5,38,112,141,229,39,51,63,222,57,31,91,83,35,128,81,82,25,28,11,297,81,82,28,30,48,23,69,120,102,85,46,110,256,69,13,85,41,133,112,459,26,226,386,116,127,46,9,141,155,59,124,51,51,5,161,117,73,22,70,60,31,63,28,543,58,444,59,23,28,33,16,9,92,80,76,47,67,66,16,16,47,27,284,66,55,65,44,34,17,139,70,41,23,207,268,26,38,40,17,132,274,18,46,21,28,44,413,16,96,20,40,414,45,79,33,59,64,19,171,21,23,112,25,18,14,48,31,248,127,54,8,42,28,69,68,78,60,215,48,44,10,15,115,146,10,100,35,103,133,62,88,22,79,46,34,40,71,49,41,18,25,63,28,51,32,36,67,107,117,104,44,21,21,26,101,138,92,242,50,161,120,53,19,258,34,27,11,210,237,125,30,39,271,69,45,94,58,191,41,21,20,9,105,60,72,29,23,85,32,271,45,158,11,23,15,306,29,66,29,235,151,40,59,13,50,31,94,65,93,274,9,153,23,302,139,72,427,98,149,90,154,93,49,24,42,51,53,55,29,311,48,400,26,46,114,29,175,282,256,35,25,68,105,221,162,155,66,21,98,19,87,168,27,18,50,19,118,114,31,40,16,128,19,99,260,47,42,87,21,261,139,46,26,263,26,114,36,250,6,29,45,97,46,141,134,64,99,188,142,27,101,106,49,88,95,107,236,72,39,138,69,46,323,35,59,132,72,289,152,116,29,19,263,123,88,129,111,106,80,97,82,80,33,82,4,83,23,30,159,39,344,157,42,10,147,42,9,27,36,20,17,106,199,41,9,125,45,60,122,115,34,124,70,53,98,72,34,67,32,96,32,37,133,55,67,23,58,85,116,124,251,79,62,11,25,301,13,70,130,104,10,114,192,31,39,27,82,141,133,17,61,218,47,124,216,60,59,70,10,94,48,90,15,24,286,50,61,120,49,346,43,43,209,58,45,46,74,40,22,172,48,192,85,171,15,17,39,66,21,88,101,13,52,383,80,103,8,111,36,39,103,84,54,14,48,22,134,69,113,171,252,18,339,29,22,38,28,119,67,44,148,27,153,50,17,49,137,23,85,69,55,113,154,21,228,31,44,209,105,39,84,14,87,29,41,134,355,84,45,14,59,24,35,277,57,65,37,112,32,25,77,51,196,91,31,83,37,34,42,27,101,140,19,17,51,106,71,141,29,62,51,5,12,82,43,95,65,185,37,34,35,102,26,21,49,57,20,53,68,21,109,65,19,61,200,53,187,151,38,168,55,63,139,77,21,77,74,196,84,92,70,7,37,49,28,39,95,77,156,37,31,139,33,25,165,60,39,111,57,152,237,33,156,11,21,76,16,181,84,58,20,287,20,19,28,90,74,66,17,179,203,29,37,59,9,41,22,40,47,36,26,355,56,236,20,44,221,50,55,30,300,66,49,76,19,55,239,16,88,148,23,8,47,88,161,51,46,99,25,43,21,53,63,206,31,138,47,49,31,47,62,12,126,101,32,108,78,110,237,85,95,82,48,105,43,79,29,95,211,153,103,32,162,30,98,117,119,16,22,27,14,38,68,62,149,385,94,22,291,196,59,24,110,85,46,17,58,22,38,45,62,45,121,380,155,195,250,10,154,25,27,14,28,41,25,24,69,249,155,32,17,79,121,49,32,46,42,77,54,96,20,43,41,65,18,23,116,115,68,139,36,48,93,129,27,74,180,51,30,90,79,16,45,79,217,22,199,127,28,21,356,114,53,72,121,76,77,26,35,115,12,61,32,150,92,23,12,31,6
63,205,26,139,11,21,52,290,42,117,62,123,104,250,181,118,38,14,303,100,29,32,63,33,80,67,21,70,30,14,580,93,31,14,35,15,67,29,139,18,60,169,296,117,195,427,39,65,79,39,170,67,62,84,59,51,18,55,31,154,79,27,407,51,27,23,70,18,120,19,21,38,102,15,42,34,129,1,104,41,226,102,52,21,96,86,76,34,75,50,23,38,38,30,236,48,41,19,93,31,29,133,200,91,123,41,93,19,100,83,57,49,83,17,13,150,97,96,17,385,94,181,614,138,32,313,89,38,36,89,32,107,66,179,306,75,27,53,168,53,78,143,50,170,36,65,108,44,96,207,37,41,90,77,25,102,36,63,18,118,51,194,17,38,42,299,64,152,31,60,41,235,30,31,255,271,77,46,30,36,74,178,72,69,45,37,87,93,38,22,48,303,10,43,18,65,59,80,87,117,9,38,90,160,227,35,63,87,219,54,29,120,58,34,144,86,95,25,23,19,279,87,87,40,32,48,27,86,112,118,91,45,130,302,75,13,86,49,119,98,468,20,211,391,152,146,41,13,143,174,56,147,60,60,2,144,96,89,22,81,56,32,66,17,613,56,444,69,16,39,41,21,12,88,96,88,53,66,68,15,12,44,22,278,57,73,73,42,34,10,121,97,32,24,220,284,17,49,35,22,148,256,13,51,26,19,41,401,16,69,17,49,435,48,101,26,66,62,23,179,24,27,112,43,20,12,49,24,278,147,62,12,61,24,70,73,88,66,228,59,52,7,19,115,159,12,100,51,122,161,61,85,38,83,49,32,48,63,47,45,26,23,61,33,47,42,49,76,125,88,108,40,25,21,24,96,139,92,239,51,158,100,49,30,285,45,31,5,216,229,105,37,45,251,68,45,112,60,206,47,26,22,7,83,61,76,27,22,105,22,264,60,144,6,18,17,317,24,75,21,268,143,44,72,14,46,29,74,80,100,266,7,146,18,331,150,76,495,119,158,101,138,77,36,32,33,63,54,50,31,299,61,410,30,57,139,24,166,275,283,36,26,54,123,215,179,155,55,11,111,26,69,163,28,16,53,21,111,126,33,45,12,112,20,94,299,58,52,81,14,265,145,67,31,272,29,107,30,259,12,38,53,97,47,128,153,62,78,183,134,27,90,93,39,84,115,100,253,77,35,118,89,42,310,28,61,139,80,290,183,100,39,22,253,133,106,144,80,129,97,77,78,77,39,71,10,92,23,31,163,40,375,178,54,7,175,53,13,30,43,29,31,96,187,47,12,122,37,65,132,108,26,143,75,63,102,59,26,58,28,86,34,38,150,71,85,19,73,97,147,122,255,77,62,17,30,314,14,65,166,113,5,131,207,34,32,21,83,169,151,27,75,198,51,116,215,59,40,52,13,84,58,59,26,25,294,44,64,148,53,374,58,45,235,62,41,53,63,41,21,192,43,192,90,172,17,14,31,57,26,118,100,15,57,414,76,71,15,82,41,41,119,98,61,16,50,19,137,70,103,163,254,26,378,31,27,43,39,139,67,45,162,30,175,48,28,100,124,21,88,59,66,124,182,18,214,26,39,191,78,47,78,25,103,25,54,134,387,92,57,15,58,30,39,301,53,76,32,125,27,26,77,42,205,85,31,100,29,36,41,48,92,132,26,18,67,128,82,169,30,68,50,9,12,96,51,102,82,184,28,33,38,114,21,25,44,65,22,67,59,17,108,64,24,67,212,41,196,171,47,152,46,64,128,78,30,59,99,250,93,115,91,16,37,61,22,44,70,94,175,33,44,147,47,34,171,63,42,115,53,142,236,49,129,12,19,65,22,164,80,62,24,303,13,17,28,65,78,79,33,149,221,34,42,74,5,29,33,36,39,31,34,378,56,233,16,42,226,50,33,24,293,63,58,94,19,56,235,19,103,136,19,20,70,95,167,79,45,100,22,57,24,53,83,199,28,145,56,59,49,55,81,21,142,83,36,103,74,130,250,104,93,80,36,99,40,100,28,99,229,152,109,33,155,24,114,107,107,22,38,37,17,32,74,57,153,365,92,20,249,156,61,28,113,97,50,19,81,22,41,40,59,36,134,343,151,208,247,8,199,32,41,16,39,40,30,19,57,273,141,54,14,70,107,30,52,40,42,74,55,105,46,42,32,67,25,31,153,129,89,152,32,56,97,145,18,73,139,66,27,70,73,22,34,89,219,22,189,125,21,12,352,129,41,70,115,81,91,22,50,136,9,60,30,126,98,19,14,26,19
41,173,22,138,14,15,43,277,41,94,55,120,87,240,172,116,45,7,286,100,22,38,75,34,78,78,21,75,25,10,546,86,31,18,36,12,68,28,131,29,55,162,297,129,210,470,31,56,85,38,175,73,61,94,57,52,23,38,29,149,85,22,382,55,31,21,57,21,115,21,27,39,88,14,35,27,125,2,105,57,213,115,50,19,81,78,82,37,98,46,30,22,41,28,193,52,41,29,89,36,29,131,199,78,126,43,65,24,99,92,63,58,91,14,10,145,113,87,14,360,89,174,583,111,28,317,82,31,37,77,32,91,63,202,296,62,32,49,160,53,51,152,38,187,45,63,90,54,84,239,45,48,86,92,18,113,26,79,25,117,37,202,15,30,47,287,56,176,28,58,41,236,26,35,276,230,69,47,27,37,83,191,60,58,38,35,74,87,38,26,51,282,14,38,22,62,49,91,101,126,14,34,112,143,229,34,54,72,220,49,29,106,56,45,135,107,85,24,23,12,259,81,75,39,32,49,23,82,128,106,79,46,153,266,53,13,89,47,114,96,475,23,202,403,138,158,37,22,169,175,53,147,40,72,5,153,111,85,24,61,53,44,64,21,633,61,440,69,19,35,32,11,17,77,72,101,46,81,83,18,13,43,27,271,66,68,70,37,22,12,143,81,33,21,236,287,38,57,42,22,159,260,13,52,21,30,44,405,17,71,25,36,446,31,87,19,98,54,31,166,21,27,125,28,15,12,46,21,253,153,56,7,47,22,50,77,83,56,261,72,53,13,17,121,144,11,95,39,134,140,61,84,38,71,48,43,60,62,49,31,23,28,81,30,44,38,70,79,116,105,82,47,26,11,14,103,162,113,249,49,178,111,48,33,270,40,22,10,216,224,100,36,51,256,69,49,119,72,174,43,21,25,5,110,40,83,27,19,102,21,267,45,153,8,24,22,302,33,77,28,256,163,41,77,18,48,37,75,72,91,316,5,139,17,327,133,78,477,129,146,107,138,74,25,31,37,65,56,55,33,308,54,417,35,55,120,33,184,281,262,33,24,51,148,243,186,133,58,26,106,27,91,161,25,17,45,17,104,102,29,42,19,122,13,96,257,58,50,71,18,257,143,49,47,290,30,108,19,241,7,29,50,105,48,124,178,60,104,198,132,35,73,101,45,91,97,108,259,77,48,137,77,51,321,38,56,139,81,303,185,112,35,24,292,128,93,154,96,125,94,83,85,90,43,70,5,87,23,38,171,35,376,194,48,14,164,48,11,26,37,20,18,102,210,35,12,119,48,61,148,133,35,130,88,68,98,60,27,64,24,91,35,30,147,83,83,27,56,118,143,136,261,86,50,20,34,328,11,58,155,125,6,134,234,41,34,29,75,149,142,19,56,256,57,132,222,56,49,54,10,105,64,77,20,27,291,50,64,138,59,360,58,55,191,83,49,57,75,39,20,183,52,209,78,181,21,18,42,59,30,89,78,17,58,407,58,91,11,103,44,48,116,92,63,15,44,23,122,79,110,158,264,21,391,31,18,58,45,126,78,51,138,32,163,43,19,72,133,10,65,66,71,113,161,15,220,29,48,174,70,32,72,25,109,23,42,129,356,84,56,12,63,24,35,310,50,69,35,103,26,23,85,50,194,89,34,102,30,37,39,49,81,146,22,21,51,131,67,168,26,69,46,9,14,91,29,100,85,194,36,34,40,118,15,12,40,60,22,69,73,26,113,57,26,61,199,57,189,217,48,173,51,71,99,71,29,81,87,236,96,104,82,18,37,64,21,50,90,91,168,36,46,140,43,45,184,57,45,104,60,143,237,32,138,15,18,60,33,140,74,57,28,271,13,23,27,66,60,93,30,196,205,42,58,58,5,38,22,50,49,30,30,378,54,222,29,45,253,60,43,26,332,45,46,69,19,58,265,26,95,146,18,20,64,88,186,88,43,101,15,57,27,43,75,182,37,142,45,53,44,58,69,26,138,94,37,102,71,125,263,106,111,50,33,111,46,72,33,110,192,155,99,30,153,39,110,115,96,12,35,47,17,37,88,67,173,375,92,21,256,142,68,25,112,111,46,25,71,25,56,36,48,32,124,336,114,196,235,4,184,33,39,17,34,34,44,24,89,261,142,42,20,85,123,40,57,52,44,68,54,92,33,41,37,71,24,22,139,116,65,150,39,59,124,125,22,67,165,63,31,95,74,23,32,97,226,21,188,133,29,16,342,135,60,65,115,73,87,29,52,127,7,66,35,127,92,31,20,23,18
42,142,20,136,8,9,55,237,33,96,60,131,81,218,158,102,46,20,272,99,21,24,58,39,77,67,14,63,33,9,482,81,23,18,21,14,67,23,99,23,55,164,266,104,167,394,30,63,62,32,133,67,57,82,59,59,12,34,30,132,82,17,349,61,33,16,60,10,96,26,25,40,72,10,37,28,133,2,102,37,204,112,42,18,75,79,69,30,83,43,41,34,37,17,201,42,32,28,92,30,23,137,185,86,114,28,62,17,84,72,52,54,71,21,10,158,96,84,9,376,57,151,564,105,18,291,78,21,34,63,34,106,39,153,265,67,28,50,176,45,58,145,40,165,48,53,102,59,87,216,31,45,80,81,21,85,30,56,21,116,53,189,18,28,46,243,49,140,23,59,39,229,22,33,244,223,55,48,22,30,82,138,57,72,39,57,61,70,31,21,52,271,16,41,18,42,34,90,91,95,18,23,96,133,177,39,49,53,211,43,30,102,49,40,127,80,90,14,25,14,253,91,65,38,34,32,21,58,105,101,69,36,127,280,67,11,104,41,103,82,469,28,166,389,121,139,35,12,150,148,45,119,50,58,4,124,97,91,17,64,42,34,55,20,635,60,381,79,12,31,29,16,22,73,69,102,60,70,72,21,18,43,20,258,72,69,58,38,29,12,122,58,33,21,207,226,25,32,39,12,132,219,12,56,24,18,37,340,17,57,16,53,366,36,99,20,73,54,22,172,23,30,91,39,26,10,42,21,255,120,61,11,39,24,50,58,50,69,197,48,41,11,14,117,146,10,84,39,122,142,41,77,32,77,42,32,46,58,37,21,21,17,63,21,25,32,67,54,104,76,78,53,32,9,18,77,141,95,216,36,171,111,48,21,249,34,24,13,206,177,73,29,46,235,65,51,110,60,175,30,19,20,6,83,43,60,36,19,73,21,220,50,150,8,17,14,249,22,56,23,223,146,41,54,22,34,35,71,59,86,295,7,131,22,296,118,47,431,111,98,90,112,68,49,34,28,50,64,50,30,237,49,363,19,51,126,29,174,245,254,29,21,58,110,215,211,122,51,11,85,19,81,168,16,20,43,18,109,120,26,40,12,107,9,72,248,44,38,61,6,230,121,51,32,282,27,90,22,220,5,28,31,111,53,101,152,41,78,159,135,44,87,90,40,84,98,92,226,79,45,119,67,49,305,23,53,148,69,279,150,106,25,16,214,122,77,123,67,114,73,90,92,83,44,68,8,69,23,35,145,36,342,178,50,19,153,52,16,23,32,20,20,100,166,42,10,119,34,42,116,117,31,117,95,59,75,54,28,63,29,77,37,43,126,76,80,18,52,125,122,137,230,71,44,22,29,257,9,52,141,96,7,94,215,34,32,18,66,146,156,12,56,198,69,108,199,63,51,55,8,69,50,76,30,19,234,45,58,132,59,310,56,35,195,66,30,62,53,32,15,168,49,171,71,150,15,12,37,35,37,88,53,20,53,382,58,92,6,85,43,45,106,96,57,11,47,15,129,82,113,139,212,22,336,23,20,40,31,107,87,43,142,37,160,32,23,74,110,10,81,65,78,86,136,18,182,19,36,190,81,42,78,26,83,17,38,98,349,84,44,14,53,22,20,271,45,49,26,104,26,19,79,32,173,99,22,90,31,33,29,46,82,129,17,20,34,107,68,157,29,71,28,5,17,77,43,115,59,182,25,31,38,101,22,19,48,39,21,54,73,14,99,60,22,58,186,40,167,184,49,176,62,66,106,72,27,69,67,200,84,77,81,16,34,61,18,33,82,72,154,21,43,112,40,35,139,61,45,94,63,113,211,30,85,16,8,58,26,104,53,67,32,258,14,14,28,72,56,82,21,176,197,36,62,49,6,39,20,33,32,23,27,366,44,221,28,49,225,63,37,26,279,60,23,71,23,42,219,11,93,118,16,24,64,87,156,69,32,100,8,37,25,37,73,175,38,115,54,61,38,43,41,27,137,111,35,97,57,129,228,106,87,51,30,105,35,76,25,86,190,134,99,34,137,22,103,95,73,17,47,34,15,31,73,50,153,329,91,22,233,136,62,21,91,94,32,28,67,20,49,40,37,25,94,304,122,200,200,6,146,14,32,21,47,38,41,20,54,219,132,35,16,79,108,30,56,41,34,68,46,81,16,40,13,67,12,24,111,118,63,125,36,42,89,138,13,61,152,52,27,78,66,9,52,80,178,12,184,105,19,9,321,99,44,68,117,66,81,17,52,120,6,49,32,102,83,21,32,18,20
48,164,26,151,15,21,59,256,37,107,61,157,81,257,166,117,40,22,272,98,27,49,65,32,82,88,15,67,33,12,606,95,32,11,31,17,72,25,116,24,61,205,293,116,203,451,34,71,78,35,170,63,62,86,39,51,14,32,26,160,92,26,399,56,37,20,59,18,114,25,35,45,89,11,45,27,146,7,95,41,217,99,47,24,87,75,95,41,99,55,32,42,30,20,199,45,53,36,76,50,21,117,211,76,100,45,63,24,102,76,72,46,78,17,13,144,114,105,6,411,84,160,582,100,20,311,73,29,37,75,26,85,43,176,304,59,30,54,163,54,60,168,51,182,50,66,104,65,95,225,44,42,98,87,25,113,28,61,16,134,45,226,20,28,45,271,37,167,22,59,34,267,24,43,276,218,71,49,21,33,92,170,67,79,45,42,65,66,40,25,53,312,16,34,24,50,38,106,100,127,18,21,92,137,230,37,53,66,203,54,24,111,46,39,150,118,108,29,31,23,284,86,67,39,19,34,16,77,91,109,86,37,150,270,70,12,97,50,117,97,525,30,205,437,168,170,40,19,156,175,53,160,75,65,7,154,119,99,23,72,50,46,75,16,643,63,460,63,12,38,28,23,20,84,76,106,61,82,79,15,14,35,30,289,73,63,62,29,24,10,134,66,28,19,255,267,23,47,45,15,164,224,11,57,20,27,35,366,20,64,13,48,411,52,99,20,89,48,22,191,18,42,91,41,22,17,43,21,254,148,54,10,46,18,59,65,52,72,217,65,47,22,12,128,158,17,98,59,139,149,39,92,21,87,42,45,51,65,26,28,23,23,67,30,23,32,76,73,117,97,91,63,50,14,10,76,148,113,253,46,180,102,59,40,251,36,28,19,243,229,96,41,53,278,77,52,141,75,189,27,17,23,12,76,52,96,42,9,103,21,290,67,153,8,18,19,262,30,73,23,258,165,40,86,23,40,47,79,74,94,304,7,171,22,338,128,69,491,136,131,112,132,89,31,32,39,62,57,72,49,320,50,396,22,43,145,28,164,271,270,37,22,52,134,234,201,179,56,11,107,24,82,159,30,18,52,32,113,126,16,43,24,114,6,93,246,60,48,72,15,239,144,52,46,317,20,106,34,225,6,35,31,96,67,104,135,64,80,203,153,28,97,117,45,90,101,101,262,81,55,133,88,51,364,34,52,125,80,268,187,108,35,25,272,143,93,142,79,142,88,109,77,78,38,82,6,58,25,40,157,48,379,210,56,11,168,63,20,24,29,24,21,103,183,33,9,138,34,51,136,104,37,137,92,64,92,54,30,55,30,84,32,45,152,82,76,10,50,159,162,150,280,76,45,29,29,262,8,49,139,123,5,122,232,38,29,16,81,172,122,11,56,259,62,106,232,53,52,76,12,85,62,68,35,18,283,52,65,152,63,359,59,40,204,76,40,68,56,31,15,167,60,206,56,191,21,18,55,53,29,104,76,20,64,386,53,72,5,110,47,52,107,109,65,14,54,18,141,82,103,149,209,23,365,32,18,63,37,142,89,50,151,27,137,48,13,92,148,17,76,62,82,115,174,15,214,38,58,189,78,55,83,35,110,21,38,120,386,81,68,13,48,26,21,352,45,61,25,126,31,36,92,28,187,107,15,107,27,36,27,48,89,154,22,28,39,128,87,179,37,63,40,6,9,108,42,114,85,195,42,36,46,115,26,20,53,41,21,70,54,32,123,66,36,71,214,50,214,175,56,185,48,84,112,67,29,71,75,206,94,89,91,18,39,59,19,54,87,85,142,34,37,140,39,40,180,59,57,104,70,109,263,37,101,21,18,57,21,121,64,60,31,282,11,9,26,69,62,80,28,178,202,40,58,66,6,42,13,48,49,40,23,368,50,249,23,34,235,56,41,36,317,53,50,107,19,52,252,17,101,149,21,35,74,73,187,84,26,107,11,53,29,49,75,169,37,156,32,65,39,50,73,27,128,106,51,105,100,135,280,93,80,66,26,122,40,110,28,95,225,182,93,27,125,30,113,111,79,16,44,27,13,17,78,61,157,354,89,21,289,157,77,26,98,94,32,15,62,19,36,52,42,41,128,366,110,238,254,6,191,14,37,29,38,34,45,22,65,229,121,37,21,98,116,36,54,34,44,80,51,100,24,38,17,93,14,28,128,155,71,146,43,57,103,153,19,70,167,64,25,104,79,19,48,100,210,19,205,126,44,7,344,103,76,71,116,76,106,20,49,139,13,60,39,99,107,22,34,14,21
51,156,20,127,9,8,70,300,32,105,46,158,71,234,163,128,56,18,254,98,34,38,60,32,59,87,16,67,36,17,556,81,20,11,37,17,63,35,101,17,52,186,308,125,178,461,45,71,78,29,149,59,76,92,33,72,16,42,38,140,86,24,434,70,42,11,57,16,115,28,23,32,84,10,41,29,130,1,101,57,202,117,45,32,75,62,90,49,85,46,35,34,50,23,196,45,49,20,87,38,25,121,232,89,104,32,47,28,80,65,61,50,63,9,15,165,104,108,14,371,81,125,530,87,17,296,72,31,41,61,33,87,29,160,279,63,27,61,172,54,45,129,33,146,57,67,93,51,104,232,46,36,69,68,15,112,33,65,19,119,68,189,16,29,47,250,38,162,13,58,29,279,27,27,271,209,68,43,23,39,87,177,66,59,43,42,57,66,40,30,43,293,22,35,20,48,52,99,94,92,24,22,105,123,205,40,48,55,233,64,30,132,60,28,149,86,107,19,24,20,263,90,78,29,37,43,15,81,107,120,81,33,131,256,78,19,124,49,109,85,513,19,194,427,156,159,31,14,187,167,49,148,69,76,7,148,114,89,21,74,39,51,72,17,666,60,420,61,5,30,19,25,27,76,81,83,51,77,89,10,17,48,33,275,80,53,57,28,34,13,123,82,36,22,256,279,18,37,39,18,166,253,14,53,25,18,30,410,19,58,23,50,384,60,82,26,98,56,35,206,27,44,99,38,30,15,53,21,262,146,51,8,48,23,65,59,63,88,204,57,50,15,9,123,158,11,81,39,119,169,42,82,27,100,56,44,44,58,40,23,18,29,77,27,28,28,77,66,110,94,80,38,41,6,17,97,135,96,231,50,163,106,49,26,284,37,25,21,221,221,92,27,50,265,67,50,128,57,203,32,20,18,18,69,48,75,59,8,73,21,250,52,140,9,17,18,263,20,50,40,264,149,37,77,20,43,40,73,64,70,341,5,160,25,362,130,51,499,117,122,127,111,68,23,43,40,70,63,62,41,278,42,394,28,47,139,31,195,232,272,35,28,53,124,231,188,149,70,11,98,19,102,146,24,12,55,20,99,101,12,46,16,141,7,86,268,62,65,61,11,220,122,39,52,274,29,87,16,233,5,32,40,92,57,126,145,54,67,195,140,36,99,100,51,105,85,122,260,59,54,113,58,44,318,26,43,130,96,289,191,88,38,25,218,141,90,130,75,140,67,102,74,75,35,76,9,89,20,48,151,47,339,186,59,17,142,63,21,26,44,17,20,105,156,37,7,131,44,67,139,115,26,131,99,64,86,51,31,72,22,70,39,34,144,86,79,18,40,150,127,154,277,75,49,30,30,267,11,48,163,124,8,115,254,53,32,23,63,192,133,9,64,232,61,119,254,37,41,55,9,74,58,71,37,31,275,52,68,141,45,350,62,40,165,88,40,43,63,33,21,165,65,193,59,180,12,26,44,55,29,113,52,21,63,398,67,85,6,112,40,52,104,98,63,11,57,11,125,82,90,136,240,33,352,36,11,59,45,129,80,48,145,23,136,41,28,111,146,15,77,55,87,125,162,21,222,43,54,191,80,51,79,27,91,17,35,110,388,97,59,14,49,30,24,319,49,53,18,98,29,30,92,27,205,108,21,108,46,35,38,57,90,132,26,26,41,114,65,176,25,63,36,8,12,90,38,113,86,180,27,48,50,98,17,17,45,42,28,74,59,35,124,68,34,63,232,51,205,207,55,195,50,75,103,76,24,87,64,221,111,83,104,16,37,64,21,35,85,85,142,25,63,125,49,44,145,70,45,103,62,116,244,23,87,22,17,59,31,127,71,58,33,260,5,10,34,66,45,73,27,155,216,45,48,56,4,40,15,42,46,39,23,340,40,264,33,37,254,66,35,39,341,56,42,91,21,43,243,20,86,151,20,42,65,72,209,80,42,90,10,41,22,40,65,191,41,148,45,60,38,41,78,20,134,103,35,91,81,144,242,94,80,54,24,130,48,97,23,105,177,155,113,46,124,25,110,99,74,31,33,27,14,13,91,52,181,358,100,15,300,135,54,32,85,94,29,23,60,17,35,47,40,40,126,385,108,193,234,13,155,9,38,31,43,32,40,17,57,232,133,25,23,97,106,34,53,47,73,90,53,93,24,36,19,91,25,41,113,125,65,139,26,62,86,138,10,56,170,63,30,84,66,12,30,101,194,15,187,97,38,6,334,121,53,84,106,60,76,21,51,160,11,66,40,103,93,22,39,16,19
60,160,34,123,21,16,69,310,31,124,53,152,80,212,195,139,54,20,291,88,39,39,77,43,80,82,14,98,36,26,648,70,33,14,35,16,71,41,116,15,83,181,297,110,195,432,44,70,69,27,162,48,86,125,37,58,22,34,44,154,83,36,452,75,43,15,61,16,132,38,17,30,74,12,46,25,168,5,129,47,211,124,48,35,69,69,89,61,81,53,33,36,38,29,208,49,44,20,86,32,21,119,221,88,107,41,55,38,86,78,66,40,67,12,19,150,100,118,9,421,92,129,595,80,18,289,84,22,51,65,26,100,32,168,296,57,22,46,184,60,54,141,31,179,55,60,94,42,120,245,42,50,80,84,18,108,18,53,11,129,61,196,9,27,65,256,38,152,17,78,33,260,34,26,272,238,69,50,22,32,74,202,68,84,26,45,76,73,32,30,44,287,26,45,12,36,50,108,97,110,20,30,107,129,204,49,49,52,260,67,34,102,51,32,149,99,74,22,41,17,240,89,73,24,29,61,8,84,101,119,84,44,140,270,86,8,93,55,128,77,509,23,231,440,155,190,51,27,208,186,54,150,80,99,7,168,117,77,26,79,48,46,84,18,712,78,443,59,12,44,32,28,19,93,79,99,49,68,80,13,21,49,31,327,86,63,51,27,35,9,120,60,40,24,265,269,16,43,38,14,176,276,18,66,20,13,32,416,18,70,20,57,338,50,101,32,134,56,30,207,29,36,88,34,27,25,54,18,288,133,51,8,58,26,70,63,67,76,195,56,52,30,14,144,157,10,83,43,137,191,47,103,20,95,64,51,58,60,42,22,15,37,74,31,22,25,65,76,114,81,86,50,29,8,17,115,132,101,255,41,177,112,51,26,271,30,30,18,228,237,91,28,49,282,63,44,150,51,208,29,16,27,19,47,57,93,48,7,84,24,293,60,136,3,14,21,258,28,52,40,262,186,35,89,27,39,37,77,75,73,351,11,184,26,346,123,63,508,120,141,118,125,66,20,52,43,73,62,79,38,316,45,376,24,38,168,20,213,246,261,49,18,59,123,217,214,186,77,9,106,23,105,143,15,12,52,16,90,116,26,49,16,141,8,90,291,70,57,77,11,222,104,34,43,310,32,101,31,240,3,39,38,95,65,123,157,38,70,176,140,33,109,120,45,94,98,103,285,54,56,114,78,52,347,30,52,164,108,263,194,102,40,26,272,154,95,146,66,149,88,107,67,81,35,83,11,66,23,53,165,56,346,194,52,14,173,73,13,31,36,21,21,108,188,41,10,160,40,49,142,106,41,154,92,60,82,72,28,70,18,74,33,43,170,71,90,15,37,173,136,160,298,73,55,16,34,268,8,38,161,130,14,110,231,55,39,19,62,183,98,16,63,241,64,119,226,36,55,70,10,72,51,91,33,34,276,57,74,167,44,377,59,40,196,81,36,62,49,32,17,178,68,205,68,185,18,20,55,71,31,126,55,24,61,417,72,65,11,108,33,60,116,100,72,14,56,15,132,88,81,152,241,34,343,35,13,59,46,115,106,58,162,38,167,33,21,81,140,13,79,74,89,133,177,9,198,48,58,203,97,32,76,22,97,23,39,101,391,92,59,13,50,24,21,376,44,51,17,110,31,27,97,35,182,98,27,101,38,31,40,57,87,125,31,23,42,138,78,173,39,45,40,10,17,109,38,85,80,202,30,47,56,103,13,13,58,46,23,90,71,30,106,73,32,82,201,58,212,188,57,224,41,90,91,74,20,91,78,184,91,94,97,18,36,56,7,44,94,90,138,25,43,134,39,52,155,72,52,120,65,124,247,34,84,15,28,52,33,128,54,62,36,300,17,10,27,71,47,85,32,189,217,54,52,53,9,41,17,35,53,55,12,389,43,237,40,51,226,48,43,28,325,53,47,89,25,51,235,16,109,163,29,33,62,102,192,83,23,97,4,42,35,30,78,175,41,141,29,74,35,40,65,29,108,126,37,90,73,155,316,85,84,74,28,131,62,127,22,92,223,177,105,38,126,32,130,106,62,16,39,29,19,11,84,51,215,397,78,27,290,132,55,27,81,111,30,22,90,25,33,62,44,35,136,350,96,238,242,10,177,13,34,29,45,29,50,23,63,247,116,34,23,109,112,38,69,45,59,89,60,89,19,48,9,81,15,36,107,161,75,140,33,52,92,181,24,66,199,49,33,91,83,19,45,78,211,13,209,108,40,6,384,132,60,82,124,77,87,33,63,159,12,67,32,119,80,19,35,26,22
59,157,13,133,17,11,80,322,35,104,38,151,75,207,189,116,52,21,296,82,41,32,80,36,65,84,13,90,40,25,606,73,27,17,34,14,87,34,113,23,60,185,290,97,189,440,45,66,73,24,148,50,65,87,32,53,21,27,36,152,92,46,440,74,40,10,68,14,108,26,30,27,80,15,45,27,131,2,103,45,227,111,63,26,65,75,76,52,85,44,39,29,51,28,191,53,50,23,94,38,28,105,215,97,102,43,51,41,90,73,65,43,60,12,19,142,116,121,5,366,90,154,565,99,19,280,88,21,43,66,34,76,25,163,320,62,28,51,135,51,48,103,30,163,39,64,104,47,126,244,42,48,50,70,23,95,21,40,20,135,60,170,10,35,64,228,34,185,23,72,26,269,46,19,260,229,52,40,18,44,80,196,81,82,20,41,61,71,27,25,55,272,21,35,22,39,52,68,84,111,20,22,106,124,193,40,58,48,269,77,34,99,61,43,143,82,74,12,29,17,255,77,77,20,24,51,10,72,94,135,85,30,128,267,65,9,97,43,119,56,496,27,227,386,168,190,28,15,150,160,45,162,99,88,5,166,106,86,15,71,35,49,60,23,669,78,392,68,14,34,36,21,21,91,72,116,60,85,63,13,12,44,30,297,72,62,45,36,35,10,144,52,25,23,267,260,16,64,38,23,202,257,18,61,22,21,34,444,19,70,19,51,335,52,92,29,103,48,31,196,28,50,78,34,30,22,45,23,295,154,39,8,28,27,58,46,65,96,194,73,44,16,12,134,132,10,82,36,115,163,51,83,32,91,60,55,56,69,33,22,16,35,57,26,18,33,56,79,122,89,75,66,35,8,9,98,146,89,256,44,188,107,57,24,292,31,27,11,224,208,88,40,53,314,61,37,133,56,183,21,18,11,17,50,56,74,53,7,63,19,264,59,138,3,16,21,265,22,59,41,254,165,38,74,18,39,36,77,59,64,339,15,168,30,351,113,53,469,118,117,97,118,59,13,50,41,90,55,81,23,296,43,329,26,41,130,18,191,253,302,39,17,68,121,224,221,192,58,13,111,21,90,123,13,11,34,9,97,110,16,46,12,137,13,112,292,62,60,75,11,228,138,34,39,310,27,107,28,232,4,59,39,79,81,111,141,34,64,183,153,31,105,103,41,106,101,103,252,50,64,119,85,38,319,20,49,135,120,241,179,102,47,22,237,157,94,152,82,147,85,111,61,93,35,83,10,77,24,53,161,57,377,225,57,19,160,63,17,32,31,13,17,103,182,52,9,160,44,52,133,119,40,156,83,75,89,67,38,69,30,70,33,39,150,77,93,19,44,138,125,151,293,66,57,19,18,270,8,43,152,134,10,109,207,43,20,19,58,181,85,13,58,290,58,127,238,38,52,75,6,80,57,86,25,27,294,58,69,161,53,369,51,29,198,106,40,52,43,30,20,164,65,180,72,189,12,18,42,71,37,113,71,28,59,347,49,63,10,127,34,72,89,108,54,10,66,14,139,68,74,146,215,21,354,31,17,58,39,113,87,52,159,29,165,42,10,98,117,21,78,58,79,128,166,13,208,42,61,176,89,40,58,22,91,28,35,99,391,96,54,14,57,22,14,345,61,51,14,110,36,17,90,33,151,94,25,120,45,32,53,41,83,130,25,20,45,148,81,158,35,48,37,6,15,106,48,119,81,181,24,31,46,114,21,15,66,42,24,62,65,18,119,77,29,78,199,50,233,198,61,200,43,90,102,74,24,84,85,180,104,85,86,14,42,62,15,51,88,102,150,37,47,109,43,40,170,59,43,106,63,111,227,28,78,24,24,57,28,106,60,57,33,264,17,12,26,71,52,70,31,152,221,57,54,48,2,38,28,41,59,53,17,346,37,238,24,45,209,68,33,35,348,65,55,77,19,45,223,9,113,164,14,24,70,92,210,70,20,96,9,47,26,35,88,163,38,127,46,77,39,59,62,9,107,106,45,98,82,118,276,83,80,65,34,112,63,112,22,86,230,163,109,49,147,25,120,101,48,21,32,34,22,18,84,34,197,376,91,22,262,147,52,38,83,103,36,13,72,20,26,62,46,36,131,390,100,232,260,12,172,9,24,25,47,30,23,41,68,193,105,34,30,116,114,39,76,52,70,91,59,94,24,37,18,79,9,36,104,142,66,112,22,70,89,148,16,62,193,53,38,107,90,15,37,93,168,14,221,104,39,6,338,121,61,79,107,80,96,31,40,147,13,58,33,120,91,27,41,18,17
59,155,19,134,17,12,67,339,30,126,53,160,73,217,176,122,66,17,297,70,23,26,78,39,57,94,18,95,54,17,658,68,22,18,37,23,83,35,120,23,76,189,290,92,204,453,44,47,66,17,158,58,75,107,26,54,20,31,26,150,83,39,461,62,36,10,65,12,109,38,36,28,78,7,43,39,146,9,125,55,203,112,67,37,67,83,65,47,72,39,44,38,56,31,232,57,46,16,116,40,22,122,186,85,100,38,49,31,78,111,70,37,61,22,18,148,111,112,6,400,88,173,573,90,16,266,87,21,36,70,35,78,25,177,328,66,16,55,159,61,52,89,21,174,71,83,92,48,122,243,38,55,80,100,25,94,20,48,15,148,45,182,14,32,48,237,15,147,18,91,21,244,41,29,225,232,55,40,20,34,83,205,77,104,31,31,55,64,32,23,45,320,23,40,10,39,66,65,74,97,27,30,95,125,228,49,41,40,257,75,16,113,72,48,153,78,89,10,35,8,320,80,88,29,34,56,14,80,109,140,93,37,131,260,69,16,101,41,115,73,477,26,229,402,177,205,43,24,179,181,62,160,93,94,2,152,112,128,21,59,28,48,61,25,620,76,499,61,20,37,45,39,25,89,95,107,45,91,80,10,17,42,23,289,78,52,48,32,37,7,135,59,29,19,249,272,13,49,39,22,209,296,18,60,24,18,37,434,20,66,31,52,369,52,107,26,114,64,19,191,35,41,80,24,29,19,58,26,305,148,38,10,39,34,65,58,61,79,186,57,43,30,18,124,143,10,80,29,141,169,52,99,24,89,45,39,51,86,41,26,21,41,55,31,19,28,56,94,127,92,77,62,40,17,15,105,143,86,251,42,206,118,55,24,271,48,23,24,238,202,98,29,53,328,85,41,133,49,161,20,20,21,16,64,67,80,55,9,81,17,262,62,132,7,35,21,278,22,36,45,300,159,37,74,21,39,41,75,61,57,353,11,146,16,323,117,57,503,135,130,99,122,57,16,46,50,65,50,77,35,313,38,366,21,44,140,15,203,268,252,39,19,72,137,238,185,179,66,13,98,13,99,144,15,9,47,19,107,111,27,42,13,147,13,120,284,66,58,76,9,213,118,40,45,303,26,128,33,247,14,36,49,72,81,106,146,25,59,182,141,41,112,115,45,97,96,111,267,61,59,101,82,45,321,21,38,139,115,262,165,109,55,20,265,169,74,120,61,159,97,84,72,78,46,90,13,75,15,52,159,42,402,228,46,17,158,67,23,37,28,26,18,109,204,47,12,147,36,44,142,121,42,132,80,78,75,76,18,57,18,63,39,38,183,69,97,18,28,178,129,163,308,61,61,28,25,276,6,45,137,126,10,107,252,51,29,28,52,184,85,10,61,251,68,134,219,32,56,78,8,75,44,107,24,28,314,55,75,186,43,390,57,41,192,113,34,50,51,28,20,154,54,184,68,189,14,26,52,64,34,119,69,36,63,338,46,60,5,127,42,68,87,111,76,21,72,21,132,72,76,154,232,18,379,29,21,61,50,119,107,60,146,33,172,33,19,82,134,21,74,57,102,127,195,9,221,52,75,197,91,44,57,16,100,42,37,100,380,77,67,13,56,22,12,404,48,44,16,109,37,22,97,50,150,99,27,112,37,28,54,47,92,146,16,26,45,161,86,163,43,46,34,17,8,102,56,124,86,210,25,41,51,117,19,19,65,45,22,69,71,21,116,80,26,67,185,48,252,234,76,238,43,89,103,87,21,74,86,191,94,85,90,22,32,56,14,54,90,85,124,19,35,138,34,38,170,67,59,118,58,121,240,58,70,23,24,45,28,122,72,66,46,280,17,10,35,84,50,62,44,185,191,46,57,43,5,39,29,29,56,44,16,367,39,215,32,46,230,43,44,26,341,61,61,90,21,51,227,20,129,161,18,30,63,100,218,80,30,86,10,35,16,47,83,189,39,133,28,64,37,58,72,22,105,98,50,105,64,131,278,75,86,62,30,138,68,121,28,83,221,176,116,44,184,38,133,112,56,23,35,26,30,18,86,35,201,395,94,21,260,137,57,26,80,114,39,14,93,27,37,50,43,38,122,391,114,226,270,10,174,16,34,25,42,37,27,28,69,216,110,38,28,110,107,45,70,55,72,84,58,104,20,35,26,102,9,38,116,174,61,148,27,65,103,173,11,68,191,62,42,127,98,17,43,72,189,18,197,102,42,12,355,99,42,81,119,85,77,25,45,163,15,57,33,114,73,26,33,28,21
71,172,19,162,15,11,77,355,29,142,49,163,79,235,158,117,50,19,319,57,45,23,69,36,54,95,20,76,63,14,613,66,23,16,30,15,91,42,107,24,90,167,299,113,160,464,41,60,77,19,140,60,68,90,24,38,24,32,40,170,81,33,444,61,50,6,61,15,106,47,41,29,78,16,57,36,160,12,116,49,194,124,70,37,59,81,75,51,68,71,43,32,55,19,217,51,51,15,94,48,34,108,179,85,70,29,47,41,86,108,62,58,79,19,20,126,107,112,12,413,95,165,587,109,17,279,99,21,28,76,43,66,26,170,335,58,19,58,139,69,53,83,22,180,71,65,88,58,132,280,50,67,64,81,20,96,13,32,13,139,42,181,15,44,56,245,21,135,14,77,23,265,44,18,247,260,51,47,18,42,84,193,69,85,31,34,60,86,26,28,45,262,23,30,11,47,67,76,80,98,28,36,112,151,201,52,46,32,299,74,21,108,59,54,133,78,82,7,41,13,263,82,84,21,24,60,15,81,119,133,94,34,123,267,62,13,100,40,132,67,444,21,252,404,170,193,47,21,168,159,56,198,107,95,5,158,148,115,23,62,33,37,79,29,644,86,449,71,20,34,35,45,23,98,89,107,43,105,88,18,13,50,27,315,86,64,50,25,35,9,111,51,23,32,280,254,13,58,39,25,190,297,18,63,34,14,36,452,22,73,29,43,334,52,98,27,99,58,15,195,29,48,80,37,24,16,54,27,311,134,58,13,39,42,57,59,61,87,179,62,36,46,21,129,156,5,85,35,137,160,46,83,31,88,44,37,41,60,35,19,16,45,58,37,26,34,56,98,119,84,78,48,33,12,22,100,150,95,228,38,211,124,60,25,282,41,29,38,247,216,117,39,42,343,87,45,134,60,161,26,32,18,23,64,60,63,59,6,77,14,298,59,127,7,30,11,282,23,48,53,292,165,36,72,26,41,48,72,62,81,335,21,165,22,325,124,55,484,116,104,93,123,58,16,45,53,77,48,71,37,332,41,370,19,47,129,21,205,251,264,43,24,67,127,258,182,184,54,13,113,20,120,165,18,6,48,17,107,96,21,52,9,110,13,126,307,59,51,81,14,219,134,44,34,317,24,129,35,256,11,34,49,82,80,102,161,30,56,188,147,35,105,100,45,115,90,119,270,64,45,112,72,39,320,21,46,133,139,277,188,126,41,33,229,172,66,155,73,161,112,68,86,84,49,87,18,63,20,32,173,37,421,227,53,18,172,53,21,31,36,25,22,108,204,32,19,161,41,55,151,113,50,140,84,62,104,74,20,63,10,36,35,41,168,74,87,16,40,159,132,171,275,56,36,44,25,283,10,34,154,141,17,122,248,59,30,27,43,184,86,13,50,264,98,123,245,35,56,74,7,73,55,101,28,26,324,72,81,188,49,393,59,41,173,114,30,57,31,49,25,150,75,187,54,183,21,30,47,71,43,100,67,36,83,343,48,68,6,107,42,56,76,123,66,15,78,20,150,67,99,175,222,20,410,25,21,57,52,124,97,54,166,33,164,43,19,78,136,14,85,79,87,120,188,10,204,49,65,168,101,37,69,17,90,36,37,103,384,77,73,16,80,17,12,404,58,41,16,120,43,25,95,30,162,102,23,124,46,42,53,33,100,144,19,23,41,146,90,174,36,66,29,17,13,109,57,124,94,215,30,33,52,103,27,13,66,37,32,59,85,16,102,76,33,82,181,58,255,183,57,207,38,87,91,80,16,76,79,166,111,78,78,24,42,57,17,67,96,90,110,31,48,123,45,41,191,53,53,134,76,122,237,28,75,33,21,52,27,146,97,66,44,295,16,9,30,88,46,85,52,157,222,50,49,57,3,44,31,40,52,68,21,374,38,206,35,45,230,56,40,27,332,63,48,88,26,55,247,18,104,160,19,28,90,85,188,100,40,83,14,38,34,58,97,206,27,145,34,61,51,58,74,24,92,82,37,113,73,118,293,62,78,69,39,136,79,116,24,77,218,206,149,33,137,22,147,116,43,11,39,28,35,20,87,39,229,379,88,21,256,134,62,25,67,89,39,11,86,25,30,49,44,38,140,383,101,266,243,9,190,14,29,24,51,40,25,34,70,203,100,27,31,129,97,41,67,71,69,98,49,105,15,30,18,91,11,41,125,173,61,141,31,57,105,170,17,59,204,52,41,100,110,12,62,64,207,18,167,90,44,20,405,132,40,76,122,85,95,34,48,138,13,58,41,98,65,29,36,42,21
48,168,15,151,15,13,72,338,36,127,40,138,71,235,148,118,47,15,310,66,34,27,70,35,49,98,24,83,64,21,642,59,17,20,28,21,85,52,129,23,74,173,277,96,174,470,30,57,62,21,161,38,69,97,21,29,14,45,33,157,76,31,425,52,36,11,64,12,107,34,40,33,65,20,57,35,155,8,129,43,202,97,65,31,60,70,80,46,80,52,46,39,57,22,205,48,62,18,102,66,34,94,156,73,101,32,52,39,91,83,45,63,84,20,21,105,99,116,10,322,95,141,566,84,12,260,96,26,39,68,47,65,21,163,314,51,29,50,158,58,65,84,31,184,70,77,93,43,120,241,58,60,66,80,26,103,8,28,11,144,44,190,12,28,61,214,25,121,14,64,28,246,45,18,234,239,61,54,15,47,91,196,84,89,37,24,51,93,31,25,55,263,25,33,15,44,63,67,63,95,21,29,88,139,203,46,39,33,320,60,26,108,63,53,120,80,83,17,38,10,278,78,84,24,25,60,13,75,147,118,91,27,119,276,60,5,101,40,120,69,447,17,226,383,154,192,37,21,174,133,63,153,80,94,7,152,127,105,21,69,28,40,75,25,559,84,454,79,25,32,32,42,29,83,84,110,59,87,82,15,14,36,22,273,71,61,49,27,27,11,107,54,18,18,251,270,14,43,50,17,175,275,19,48,35,14,31,420,22,70,23,43,311,66,83,22,92,49,29,171,38,42,79,41,20,16,60,24,320,151,57,16,47,28,67,46,49,80,160,51,41,47,17,119,131,7,85,20,154,160,48,95,13,106,52,43,41,53,34,23,17,43,59,44,14,35,57,75,129,82,74,56,31,14,24,82,132,72,210,39,208,113,53,27,276,64,32,32,270,252,95,36,47,345,87,32,117,62,185,22,24,15,21,63,40,79,60,11,83,11,259,71,102,7,22,15,314,23,47,44,299,143,42,70,28,44,54,77,49,88,364,20,158,15,320,118,45,428,96,112,89,121,58,20,38,57,85,58,61,25,328,36,349,15,34,155,13,179,237,296,38,26,75,135,268,182,149,58,11,118,21,109,164,11,3,53,25,111,95,17,35,13,140,15,139,299,60,46,63,22,214,135,39,30,338,32,132,28,231,6,31,38,92,65,84,141,24,68,176,160,47,132,114,49,111,82,97,288,72,56,125,77,37,304,33,40,123,149,265,164,116,52,24,254,171,57,149,65,156,101,96,79,77,54,79,19,61,16,45,139,33,436,229,40,16,169,53,20,32,25,20,12,109,206,38,12,160,41,36,144,110,56,135,68,77,89,77,18,62,14,51,28,35,153,66,79,15,39,150,130,155,288,55,43,41,23,266,11,28,138,126,17,102,258,50,23,19,49,187,91,19,55,256,86,108,243,22,48,79,11,74,54,96,18,34,348,58,66,186,55,353,42,42,190,121,27,59,45,35,21,128,59,195,69,172,25,24,42,57,46,133,70,39,113,327,38,61,6,113,53,59,86,135,68,17,76,14,138,47,84,161,228,28,343,15,12,67,57,106,109,44,155,12,151,34,14,77,135,10,76,76,75,114,191,10,211,62,60,203,105,47,74,17,104,32,27,109,394,59,69,13,84,28,16,374,74,43,19,120,36,19,98,31,148,117,23,115,46,34,45,33,103,131,15,30,44,143,81,161,30,56,32,7,15,121,50,94,100,229,29,40,43,93,21,11,52,38,26,59,72,14,96,65,27,86,191,44,244,183,52,213,40,97,101,64,32,70,79,183,117,77,83,14,37,54,12,60,86,88,108,20,56,117,38,39,196,63,48,109,66,85,212,36,67,27,35,51,21,115,90,59,41,283,19,7,33,87,35,58,51,158,201,51,34,41,2,43,28,32,46,60,24,384,26,194,33,33,246,47,32,18,367,51,54,69,21,51,238,26,134,160,18,22,65,85,223,81,38,84,20,47,21,69,101,217,35,160,27,68,55,55,88,32,106,78,42,77,75,114,303,63,72,54,34,123,72,118,19,81,210,176,130,52,146,37,150,112,49,12,39,16,28,22,95,53,232,379,79,28,243,142,58,39,85,90,44,4,76,24,26,47,35,29,123,400,113,205,233,8,163,10,32,32,52,38,34,36,63,207,90,26,34,116,100,33,62,57,57,93,40,108,15,34,19,83,9,40,109,147,55,141,34,54,89,171,9,54,198,70,38,103,98,12,49,60,173,20,155,83,34,8,376,91,28,64,110,65,83,31,51,165,11,66,32,134,68,21,43,43,29
63,164,18,160,9,15,54,324,41,136,36,159,80,256,181,100,56,25,320,58,53,29,78,32,46,87,19,73,72,13,646,69,23,23,32,19,87,45,131,31,93,167,271,97,160,455,29,68,75,21,168,37,72,130,20,45,31,56,27,184,62,26,418,45,43,16,63,13,118,34,41,34,71,17,39,35,144,9,134,37,226,128,59,30,65,72,83,54,69,43,52,44,53,26,211,52,65,19,85,57,22,111,161,77,64,37,61,31,93,110,60,46,88,23,21,113,95,145,11,385,95,136,588,91,18,273,96,29,43,80,53,65,23,209,366,64,32,49,168,77,51,75,25,163,72,86,77,50,114,269,56,59,85,67,19,85,18,28,15,178,35,191,12,32,54,235,24,99,11,72,36,225,37,22,226,240,68,51,19,39,75,198,64,80,33,39,52,102,33,19,60,274,27,34,18,55,67,66,79,77,21,34,113,144,186,49,24,31,313,56,23,96,56,52,156,82,77,18,45,14,307,84,85,27,33,55,18,66,133,154,101,31,148,277,64,9,85,30,108,70,490,25,219,377,135,187,42,27,169,141,80,180,93,88,5,150,125,97,25,71,23,55,72,18,675,81,461,77,25,34,31,43,29,99,82,119,51,103,89,16,18,36,42,279,70,54,70,27,36,11,136,57,25,24,271,247,17,41,49,16,202,262,19,52,49,16,45,438,14,73,24,23,322,54,70,20,121,37,19,175,31,52,94,37,28,20,58,34,313,108,56,17,61,44,65,52,48,79,160,58,51,45,21,135,137,8,82,15,155,212,40,95,17,133,41,43,43,53,35,19,23,44,67,38,17,25,63,92,112,84,66,64,38,9,36,87,146,98,195,40,191,111,52,20,288,55,28,41,262,250,105,28,30,344,102,41,124,59,155,26,24,17,29,59,60,81,49,10,80,18,274,73,123,13,23,18,298,39,45,46,340,140,42,81,23,33,60,70,52,88,397,15,162,24,327,119,49,473,111,131,94,121,67,20,49,44,87,43,62,35,304,24,387,29,38,166,24,191,285,290,54,24,71,134,263,176,175,68,14,110,17,107,191,12,1,67,29,121,95,15,38,6,159,14,136,310,55,36,86,25,229,146,43,32,346,28,118,23,230,8,21,33,91,63,92,146,28,64,179,164,43,119,105,44,100,79,111,299,70,55,118,63,46,307,27,47,118,157,257,209,96,64,23,247,161,60,144,69,134,135,93,79,99,53,70,16,84,21,39,147,33,466,244,54,28,158,54,20,38,23,26,12,116,192,48,17,143,43,47,151,92,49,136,64,72,101,91,24,66,13,54,23,39,157,68,84,9,36,153,162,167,282,54,50,52,25,262,13,28,132,123,14,102,263,49,34,14,45,187,64,22,49,252,76,133,256,23,37,69,6,63,57,103,18,31,349,64,82,180,45,364,56,41,182,133,28,52,41,25,25,158,74,229,50,170,33,25,67,63,41,122,98,43,114,344,41,49,11,116,45,59,92,118,58,15,97,16,136,53,81,153,217,22,420,23,21,64,43,123,106,45,164,13,167,31,20,80,150,15,85,74,82,116,217,10,248,48,69,206,113,45,81,12,91,35,33,110,374,68,68,14,78,19,13,404,53,38,23,113,31,19,99,35,137,108,28,123,57,39,52,37,119,142,21,35,38,124,76,185,44,64,35,16,24,113,54,126,77,225,27,36,45,108,20,12,61,45,28,62,65,9,103,69,25,72,175,40,233,195,61,249,45,87,104,72,27,72,86,202,110,95,88,20,46,59,15,63,79,84,119,22,59,110,45,44,189,55,43,128,70,91,240,36,63,30,36,56,28,123,94,63,50,300,23,6,45,90,35,78,36,146,209,40,43,40,7,40,25,60,41,69,23,402,32,206,25,36,260,56,56,30,352,57,38,80,12,64,254,29,138,175,21,19,81,81,238,102,54,90,23,51,26,51,101,209,28,184,30,69,58,57,68,26,110,86,34,94,55,108,310,51,74,52,30,112,69,122,23,82,198,186,117,38,167,29,153,110,38,15,32,26,39,24,83,45,267,367,77,32,200,158,53,28,75,93,45,5,60,22,29,49,30,26,132,427,110,224,223,11,190,15,35,30,49,35,46,47,80,227,109,29,34,103,91,43,72,63,61,123,43,104,25,36,31,81,12,30,127,152,51,153,35,38,92,201,13,62,219,67,43,86,112,19,45,76,212,26,155,86,45,12,410,101,26,79,123,66,102,38,44,162,7,60,50,117,79,26,46,49,28
61,157,24,151,16,12,63,358,26,134,38,157,67,272,172,99,56,24,306,49,45,30,73,39,57,77,26,63,82,17,636,61,15,25,35,20,75,52,120,36,71,190,293,81,132,456,26,46,76,16,176,53,77,130,19,48,26,52,33,141,82,22,393,52,51,8,45,9,81,23,39,36,70,19,45,37,137,3,141,43,218,104,55,37,71,75,93,40,76,36,47,35,61,27,202,38,66,15,90,63,23,90,146,88,75,32,65,38,124,93,63,40,87,24,21,121,94,144,20,365,87,148,576,85,13,274,92,31,34,58,55,59,16,149,328,56,25,36,168,75,71,67,13,187,57,89,98,35,124,265,37,55,89,74,23,94,12,30,13,153,46,149,12,46,50,244,22,112,10,66,27,217,45,14,233,233,59,47,6,39,67,186,54,74,39,43,51,77,22,19,51,268,31,25,17,54,66,76,73,96,20,33,104,144,188,31,35,34,343,46,25,82,55,40,144,78,83,19,35,8,286,58,76,29,31,62,20,69,125,144,95,49,137,258,46,9,115,27,99,62,464,30,210,362,132,186,36,23,140,138,63,167,88,81,8,149,144,113,23,63,23,53,68,25,601,82,474,70,14,43,31,48,38,77,75,117,47,102,88,19,25,35,28,280,53,44,74,32,43,10,124,69,20,20,284,240,17,45,47,11,175,275,17,44,42,17,39,426,18,52,20,34,286,63,73,19,114,40,31,183,38,39,81,41,29,14,73,36,311,86,63,17,74,23,70,54,46,86,138,49,39,41,17,133,122,5,66,17,148,172,43,73,30,101,33,37,42,47,28,19,12,49,41,39,18,24,70,75,118,54,71,51,42,12,25,75,137,93,201,33,205,98,37,18,278,61,26,26,257,253,96,32,35,356,90,42,121,63,187,17,13,11,21,59,59,69,40,8,84,24,271,75,107,8,21,16,272,33,41,48,299,125,46,85,31,44,65,68,51,79,350,16,180,15,274,129,53,458,93,106,103,133,65,22,47,41,96,41,53,29,319,30,368,34,50,195,19,159,255,276,43,35,78,146,259,167,151,74,9,112,11,95,179,6,5,48,22,98,109,17,30,5,122,8,123,283,64,44,58,16,231,138,36,31,361,23,91,32,220,10,34,41,94,60,86,149,19,44,176,169,39,132,133,43,96,68,93,295,67,47,117,51,53,300,27,50,129,138,255,198,102,66,33,252,166,55,143,78,147,98,78,99,89,59,76,16,63,26,32,135,39,440,237,41,20,151,51,23,32,22,14,16,112,204,40,18,130,37,55,143,86,53,133,61,78,103,76,33,70,4,48,25,44,155,64,72,12,35,154,156,162,272,55,44,34,24,242,18,24,127,118,15,97,272,38,23,11,54,202,61,17,42,242,62,113,261,18,34,81,7,79,52,125,16,42,343,60,73,182,41,354,49,40,180,108,30,65,41,20,25,151,82,196,60,176,30,24,73,60,48,104,103,33,123,336,44,50,8,123,46,76,84,120,52,21,99,10,122,50,75,164,220,27,400,25,15,70,51,105,107,64,169,12,138,44,17,89,132,8,99,64,91,104,197,9,244,58,76,169,104,51,77,9,90,29,32,109,367,71,69,21,70,19,17,402,62,44,27,109,27,22,99,33,159,117,33,113,45,48,46,42,94,161,16,30,43,131,90,162,44,55,26,18,29,116,62,102,91,236,12,38,35,114,18,7,57,45,36,48,66,12,103,66,29,87,196,33,214,193,63,250,65,104,95,61,28,82,69,151,111,74,90,11,40,41,15,58,72,93,109,28,46,103,42,27,224,65,51,130,74,71,203,34,52,31,32,50,38,118,76,60,55,312,18,9,46,85,30,65,40,146,221,38,50,54,4,32,31,48,57,66,22,381,14,183,15,32,253,35,42,23,304,61,49,65,20,47,249,22,123,155,14,31,64,69,228,96,48,99,20,48,17,52,75,213,37,188,29,67,50,44,68,29,115,100,37,87,61,104,298,53,95,34,36,120,73,110,21,86,227,190,140,36,150,39,142,100,34,7,30,29,41,24,79,37,266,405,79,26,216,154,60,46,57,94,47,5,65,13,20,42,39,28,128,400,116,227,232,10,185,13,48,26,47,42,36,45,76,247,85,19,31,117,110,35,70,68,67,114,50,95,18,37,19,86,19,40,111,170,49,142,24,58,104,174,10,48,204,53,48,94,119,23,63,85,208,20,175,82,34,8,417,91,30,92,120,70,104,40,44,177,10,50,35,131,79,27,35,47,24
89,153,28,161,7,15,58,351,36,130,31,169,68,266,201,87,66,33,326,60,50,24,67,39,50,88,20,60,80,9,598,78,16,12,40,24,67,52,122,37,83,194,280,93,156,463,19,45,74,18,176,39,77,134,22,45,30,48,27,160,77,30,437,52,62,10,68,8,86,23,46,28,70,18,41,47,157,11,125,30,232,105,49,23,84,67,96,52,67,38,54,32,61,17,199,46,64,11,107,63,19,110,161,107,75,37,54,37,93,91,92,48,83,18,12,119,96,142,10,391,84,115,563,90,13,303,92,22,31,80,52,85,15,163,335,59,42,40,180,73,72,62,21,182,71,91,90,33,146,294,46,52,77,78,35,111,19,24,15,179,33,166,15,37,49,230,30,130,14,64,31,214,55,22,221,259,55,39,17,39,71,209,72,100,40,42,46,87,36,23,47,262,26,18,11,60,68,84,96,109,28,34,95,137,209,43,30,29,324,50,23,101,49,49,146,66,76,18,24,5,284,60,85,24,39,58,18,55,155,143,112,50,112,287,59,10,81,26,101,74,497,27,193,384,150,221,32,18,171,137,52,174,87,87,5,143,166,122,30,74,12,46,66,24,557,84,519,74,20,35,39,54,46,103,76,124,56,113,104,11,17,35,28,263,37,45,66,18,34,13,144,65,16,19,282,262,18,44,41,11,176,271,16,41,31,20,36,398,9,76,30,36,254,61,78,24,112,48,30,217,38,30,81,41,28,12,58,29,335,99,53,20,55,34,52,55,41,74,158,44,51,46,12,158,100,10,66,14,166,190,43,92,28,124,35,37,36,39,22,9,20,43,43,38,15,14,71,69,131,68,76,44,44,10,18,78,136,106,256,43,220,127,46,23,286,74,35,39,287,258,115,28,45,378,120,38,129,46,176,22,13,8,24,50,72,72,45,11,77,36,269,87,122,12,24,24,264,32,49,41,303,115,29,84,31,28,58,83,54,83,343,28,197,22,310,109,49,497,92,110,93,140,61,26,52,40,92,45,56,27,323,31,336,35,58,168,13,159,256,301,54,33,85,151,240,166,160,76,4,113,10,100,177,10,4,58,15,101,98,21,40,5,136,10,141,295,65,41,66,14,244,135,35,49,391,29,112,34,228,14,18,49,95,55,89,138,32,42,174,173,41,102,119,50,103,86,113,303,60,64,119,64,58,308,22,49,151,142,295,212,101,67,31,252,145,62,165,74,159,104,94,71,116,52,79,17,77,25,33,141,28,468,215,35,34,162,54,13,35,32,25,17,111,191,41,19,154,34,38,150,82,36,146,74,77,85,82,37,74,7,61,30,55,185,69,85,14,33,162,144,151,269,52,48,34,20,241,18,12,151,129,12,116,290,45,26,12,43,207,59,15,53,249,54,143,238,20,40,83,10,78,61,119,16,39,358,58,87,167,39,368,55,44,209,115,26,59,43,27,33,163,60,172,57,186,31,38,72,55,47,123,95,20,122,327,48,47,6,119,53,84,90,130,55,29,85,10,139,55,84,150,204,41,380,32,15,76,44,115,105,58,164,22,144,37,14,80,139,13,98,48,80,104,197,15,236,49,76,165,110,46,86,15,100,45,38,94,401,67,70,25,56,31,23,399,53,34,26,136,28,15,100,35,165,101,28,132,40,47,60,31,106,142,8,19,35,124,78,188,37,49,39,12,32,137,67,118,77,279,20,37,42,123,29,11,76,49,47,45,61,11,94,47,16,88,227,33,218,209,52,222,62,86,97,61,35,79,75,165,99,70,65,11,45,54,27,69,88,88,138,25,38,93,58,25,204,56,40,122,83,82,236,33,46,28,54,61,40,129,68,59,34,307,26,3,46,94,30,70,44,146,229,45,57,62,7,43,22,52,68,57,24,386,16,173,31,25,240,41,55,28,327,66,50,85,19,51,249,18,138,165,14,20,92,75,234,93,50,104,16,62,17,43,102,237,44,194,35,66,51,51,97,31,121,96,35,91,80,97,336,57,87,43,32,135,91,107,13,96,214,205,116,41,163,37,155,106,33,9,25,28,37,33,85,54,276,389,85,47,254,186,67,47,73,91,37,2,46,40,17,50,38,24,135,428,133,237,255,14,191,14,36,25,39,35,39,32,82,238,96,27,36,120,98,35,76,57,67,116,64,110,24,29,23,83,16,33,119,180,45,166,38,40,100,168,7,55,195,69,42,113,112,17,54,80,206,22,173,80,55,8,446,92,36,83,125,69,103,35,43,166,14,51,53,143,91,27,34,55,54
80,155,21,175,11,14,51,399,22,109,18,206,72,289,182,94,64,33,328,68,36,28,75,46,46,94,26,58,71,8,668,75,20,15,39,24,80,59,114,26,81,171,272,88,145,485,20,49,85,21,167,42,94,134,23,46,29,48,25,173,83,24,495,48,77,13,68,4,97,23,50,45,66,30,51,40,159,11,123,33,226,109,62,36,81,57,94,30,61,29,60,27,58,23,187,36,65,8,74,61,21,104,162,99,68,25,50,44,93,99,76,53,115,19,14,128,73,160,12,423,82,112,558,88,15,316,103,26,37,78,57,83,16,144,332,45,47,42,169,78,65,79,18,178,57,92,89,53,143,289,52,43,101,91,31,94,17,28,17,177,45,194,21,48,61,258,40,129,11,60,30,220,41,19,213,268,63,52,18,37,75,207,74,101,46,41,60,78,38,23,54,255,29,19,5,55,72,76,84,91,33,33,102,146,187,40,36,35,338,55,30,88,56,48,140,93,93,15,25,8,333,68,85,28,37,56,20,79,126,149,117,61,113,263,65,10,105,33,102,85,507,22,205,383,156,222,32,26,172,149,65,197,81,78,11,158,165,110,19,55,21,60,56,25,590,88,488,69,17,41,56,48,37,105,77,126,51,114,112,21,14,31,31,295,33,41,70,26,36,8,127,60,8,22,263,255,17,39,48,13,166,270,16,39,43,15,46,397,13,50,38,37,246,53,72,30,132,41,32,213,43,43,75,35,22,15,58,35,344,91,79,21,68,24,41,56,55,100,166,50,56,48,11,141,88,12,69,20,151,190,37,82,27,124,26,35,40,39,43,11,21,49,53,32,18,25,70,66,130,82,65,65,37,10,26,74,127,82,252,27,242,120,41,28,281,63,36,44,300,277,100,35,42,357,101,33,133,55,187,27,14,10,25,60,64,75,46,9,76,26,248,86,117,12,22,25,247,39,55,47,307,129,36,67,27,28,57,63,78,85,341,24,169,19,321,92,66,478,109,97,116,144,52,17,48,40,97,45,46,35,341,30,344,30,65,154,18,158,269,261,63,36,78,142,246,188,150,70,7,105,20,83,167,6,6,47,23,129,109,23,50,7,156,7,130,287,72,44,73,18,243,134,41,39,398,39,122,31,203,9,22,45,105,68,71,155,24,44,162,183,52,112,100,38,100,84,111,302,74,64,122,54,50,303,24,70,135,140,272,204,114,62,32,235,160,54,162,61,126,95,86,104,85,58,83,11,64,26,36,147,49,464,202,32,31,156,62,17,42,19,27,14,90,212,33,20,167,47,48,160,75,41,139,82,57,74,73,39,72,12,66,29,59,169,60,87,24,35,182,152,134,286,47,42,25,17,266,13,18,161,114,23,91,269,52,31,18,58,210,75,16,48,227,64,132,236,25,46,87,7,83,45,147,15,36,313,69,80,168,47,390,53,28,162,130,37,64,40,26,31,162,73,177,57,187,40,29,52,60,51,117,94,29,104,319,55,44,3,117,42,67,88,111,44,26,100,5,159,46,89,170,197,28,365,21,12,89,56,113,115,60,166,24,150,33,15,81,122,10,103,66,73,99,208,13,237,52,66,158,114,52,85,21,91,45,38,108,399,89,79,33,60,24,15,396,47,32,25,124,19,22,107,31,136,111,20,104,42,42,62,40,107,157,16,25,39,151,99,176,45,63,31,9,24,120,68,99,90,311,19,44,26,114,30,8,78,41,54,44,68,14,127,63,25,89,208,28,192,189,58,219,57,89,100,51,42,75,53,166,114,73,72,16,43,35,14,61,84,99,161,18,44,101,60,31,196,73,32,118,66,77,226,42,56,40,42,58,42,137,81,43,51,313,14,9,59,87,35,72,54,123,197,43,57,67,11,35,31,55,75,50,25,371,18,154,20,34,226,46,59,24,313,71,61,74,14,55,265,24,113,171,13,25,89,100,247,93,36,95,20,38,18,46,118,237,42,214,25,75,52,53,66,19,114,86,42,77,65,88,319,65,75,41,23,126,89,82,13,113,209,197,118,33,169,39,134,91,30,7,34,28,31,27,57,43,295,358,78,33,254,160,59,56,60,84,36,4,61,32,19,71,45,25,115,419,116,217,276,15,188,13,44,35,48,40,34,39,86,241,92,26,40,94,91,33,74,59,50,120,60,134,22,47,17,83,14,35,105,143,48,174,20,58,104,163,13,56,181,68,28,110,109,25,57,56,198,21,168,77,51,9,411,84,31,100,145,81,107,24,50,212,12,46,41,136,87,36,43,36,45
76,149,22,166,8,13,50,335,22,97,20,179,52,256,189,85,60,23,292,50,33,21,69,31,43,96,20,68,57,11,601,63,16,17,37,12,80,55,107,27,73,155,238,57,119,425,20,50,65,13,165,35,84,119,15,39,25,38,31,166,92,29,454,38,56,13,67,7,96,22,39,35,64,19,42,53,147,3,103,30,167,99,45,39,78,47,88,32,61,25,40,24,61,10,183,40,49,10,77,52,20,98,146,74,67,32,50,34,81,85,83,42,94,15,16,111,79,128,15,358,72,111,537,79,16,288,89,14,32,58,45,86,13,147,285,43,43,27,136,69,67,46,17,155,64,89,77,44,161,257,40,37,77,78,20,89,20,27,14,147,28,157,19,28,53,225,33,133,21,39,34,214,44,19,194,249,59,46,14,30,86,194,62,75,39,33,36,66,32,20,52,244,12,17,9,72,64,73,70,82,25,34,76,147,196,35,28,31,301,43,30,68,66,54,139,70,76,14,21,9,268,63,71,27,40,60,25,61,106,138,110,50,93,261,64,11,71,36,85,56,414,28,165,338,150,179,38,19,153,113,41,171,73,70,13,157,139,99,17,63,30,45,45,19,562,86,438,63,16,29,59,58,33,96,63,110,55,103,96,20,22,32,28,246,48,38,64,21,49,14,111,56,11,21,253,235,18,51,50,16,158,210,30,37,48,16,41,351,8,48,39,38,169,56,65,36,110,41,28,179,43,31,81,33,33,22,49,32,305,76,55,18,60,30,43,58,64,62,162,39,43,40,8,124,62,3,57,15,163,153,43,67,29,112,28,26,43,39,38,10,24,46,42,52,15,22,61,81,116,66,69,46,33,16,35,60,139,102,215,44,194,120,47,21,252,75,31,28,251,244,101,26,29,362,96,52,101,67,172,31,14,10,20,39,54,68,31,10,59,27,235,89,114,15,23,20,240,45,59,44,296,102,30,61,30,32,50,81,53,85,355,22,151,12,252,97,67,448,95,90,108,107,50,21,40,36,97,33,46,22,292,25,306,23,42,123,17,154,201,255,51,25,71,141,220,150,161,72,6,115,17,97,156,8,11,52,31,106,81,22,42,9,124,10,114,313,63,33,68,14,214,125,41,35,323,43,95,30,163,13,25,51,95,52,85,150,39,43,181,168,25,85,80,61,93,65,108,262,60,58,110,51,59,251,17,60,133,150,271,172,84,63,41,200,144,59,139,53,132,75,80,84,79,61,68,20,53,28,31,129,36,420,232,44,27,136,47,8,43,20,25,12,106,181,28,19,167,25,49,130,83,48,126,62,58,89,59,42,75,7,54,23,63,140,62,66,12,22,132,138,108,262,47,50,28,16,241,9,14,123,126,19,80,264,45,21,16,51,166,48,17,38,256,46,146,215,28,30,54,9,47,45,120,19,36,316,56,81,171,38,322,53,37,160,95,28,59,45,25,13,131,60,163,40,174,36,33,63,46,44,111,82,25,97,319,58,48,3,101,47,67,86,110,36,18,77,9,127,47,89,157,207,20,345,22,15,77,40,107,87,55,142,10,115,27,12,81,85,18,96,38,45,84,174,9,202,50,53,159,89,39,74,20,88,38,35,84,333,78,89,23,76,34,14,366,65,25,30,119,20,18,82,35,147,109,30,94,40,43,60,29,98,137,15,27,34,117,75,167,42,48,25,15,23,113,59,81,56,270,23,30,33,96,30,11,57,31,43,39,52,12,105,50,15,80,191,29,223,166,43,187,54,78,95,54,31,84,55,147,118,60,65,20,36,33,7,49,76,106,154,19,41,108,51,28,204,52,37,117,54,83,166,50,42,38,42,38,33,111,81,32,41,273,14,10,39,105,30,70,50,133,185,31,58,34,12,39,34,39,42,50,17,338,10,155,21,26,196,30,43,22,331,66,54,68,10,51,235,15,116,125,9,30,76,83,242,86,33,90,18,61,8,41,108,214,43,184,34,60,54,47,71,22,126,77,38,74,55,71,297,62,62,37,26,130,79,90,15,86,173,187,97,23,141,36,105,84,37,11,34,22,21,18,61,54,261,330,59,32,249,154,57,42,62,75,24,0,52,26,10,51,39,20,135,374,113,185,263,16,169,12,29,36,39,43,25,44,72,249,92,25,35,74,74,43,74,51,51,138,44,111,26,28,19,56,14,32,107,153,33,147,35,44,99,166,7,60,159,67,36,145,100,16,50,65,185,16,148,67,33,6,348,75,32,82,129,56,119,33,38,196,24,48,45,119,83,37,40,30,39
67,163,12,157,11,18,64,418,18,108,31,201,48,279,220,75,63,24,291,54,38,18,80,38,46,94,13,70,64,13,673,93,14,20,41,12,91,59,122,30,85,163,277,73,154,502,24,58,69,13,167,36,81,113,19,54,28,56,35,193,92,29,480,35,67,17,78,8,113,29,31,39,67,33,54,55,179,18,141,29,202,111,38,43,78,50,91,35,63,16,71,28,53,29,192,49,53,9,71,51,22,113,169,91,58,34,57,42,87,97,87,49,93,18,7,106,90,176,21,434,88,123,592,94,16,287,83,20,41,53,69,98,16,176,349,54,32,39,179,79,80,56,26,183,57,85,97,35,162,282,66,44,84,87,32,127,24,37,15,170,41,164,30,35,72,267,32,181,21,68,33,218,42,21,185,286,63,38,23,35,101,218,70,90,30,33,46,57,48,27,54,254,14,24,6,77,68,78,68,91,27,36,73,155,205,50,24,35,373,54,34,74,62,63,164,117,103,8,28,17,320,71,79,24,45,87,26,92,116,117,109,51,109,271,70,11,77,43,110,74,477,32,217,380,158,225,42,21,172,127,49,210,84,81,14,192,150,102,20,71,40,52,57,27,604,77,489,68,13,45,48,53,45,129,78,106,49,97,103,19,29,48,39,314,38,38,56,30,60,12,137,61,10,20,284,240,21,49,56,30,180,248,37,43,48,14,58,371,22,69,45,35,226,58,79,46,123,38,37,200,60,43,87,40,34,16,57,42,327,79,58,23,64,37,49,67,57,63,195,46,41,50,10,141,81,10,60,8,193,168,36,82,29,128,28,38,52,30,53,12,27,46,60,42,14,15,77,108,137,76,87,41,46,11,31,63,134,101,278,37,207,121,37,27,312,68,42,38,276,277,123,25,24,368,105,26,140,74,196,21,13,13,31,55,55,79,63,14,82,18,243,75,124,5,35,24,270,55,57,59,284,141,45,48,40,35,49,75,48,94,321,23,160,10,288,118,54,495,124,111,125,139,59,10,42,38,90,48,45,24,329,35,295,27,62,165,17,154,218,271,57,37,85,164,230,147,172,82,8,115,18,97,177,8,12,42,30,120,106,13,61,5,133,10,134,343,58,37,81,16,232,120,41,46,388,42,123,49,222,14,33,57,115,61,68,153,34,38,171,179,35,94,102,70,95,71,110,289,82,63,124,62,67,301,26,59,138,152,297,189,97,45,37,201,158,63,189,64,125,75,85,96,66,46,75,20,50,24,35,136,32,485,232,43,28,159,60,26,63,17,22,20,112,185,25,11,152,34,37,154,98,55,153,60,61,87,70,30,96,9,70,34,72,152,67,82,11,21,155,124,122,289,38,36,23,16,254,10,21,136,141,17,86,295,37,38,22,79,193,70,16,49,251,53,161,253,24,38,59,14,69,45,134,21,35,325,71,89,222,48,379,51,43,163,136,32,73,48,31,17,154,64,166,48,162,42,33,55,58,47,114,80,31,101,347,55,44,4,117,45,76,86,99,54,21,72,2,161,60,92,176,207,38,374,22,16,95,59,132,110,65,135,22,150,28,15,97,111,14,109,64,61,94,218,7,231,44,42,140,97,52,93,22,92,38,42,95,388,79,95,36,79,49,18,443,64,33,29,135,16,22,103,33,132,149,22,109,48,40,62,40,108,124,20,25,38,145,76,175,55,60,27,14,35,119,77,81,69,315,25,37,42,114,35,15,66,37,41,34,74,12,119,72,16,96,179,43,231,172,60,205,64,76,102,49,34,86,62,146,117,66,82,15,34,37,13,56,89,113,181,18,40,114,66,42,200,76,36,105,63,69,207,40,57,43,38,43,46,134,94,36,29,327,14,8,46,87,33,79,53,141,191,35,52,63,13,31,45,44,72,53,28,378,14,156,20,33,213,32,53,18,390,74,75,73,17,48,241,19,126,153,18,32,97,107,249,118,33,103,22,66,10,46,117,261,43,190,22,43,57,56,82,27,129,86,42,85,71,93,315,62,74,46,25,122,67,75,18,80,174,180,99,31,186,56,139,110,49,6,25,14,43,23,65,34,312,334,76,27,293,149,77,45,71,99,32,2,63,30,17,71,48,27,142,421,116,227,308,19,177,19,36,46,34,55,43,35,76,279,101,40,37,82,97,45,71,59,47,126,50,137,31,52,27,66,19,34,138,159,35,154,32,48,121,157,8,47,189,68,26,128,117,15,65,43,197,13,182,77,45,10,398,75,31,83,144,75,109,34,26,232,28,48,64,121,76,46,35,40,45
74,120,9,173,10,15,61,352,22,112,27,160,58,268,174,95,37,30,272,40,48,16,73,32,43,85,16,60,63,10,610,75,7,21,38,11,81,44,97,21,85,168,272,78,155,451,26,57,61,7,169,34,93,111,15,70,28,58,48,188,99,31,478,40,72,9,95,8,90,28,50,39,71,25,51,43,203,11,120,40,197,103,50,35,60,34,99,45,57,21,56,27,51,27,215,49,61,3,85,57,15,114,157,93,76,29,65,39,103,103,72,61,102,12,14,111,88,164,19,438,76,126,563,73,16,293,83,20,32,60,69,80,36,164,309,40,32,30,160,41,89,31,20,220,55,91,71,35,151,272,70,57,84,68,28,101,18,31,8,160,42,141,29,31,59,249,36,146,14,50,33,234,56,18,163,286,62,34,29,39,76,225,55,106,24,33,55,51,42,16,48,263,18,18,12,61,58,77,64,83,36,32,67,153,228,46,21,37,341,52,33,81,50,50,169,89,96,12,15,21,291,74,77,19,48,76,20,75,121,97,111,37,109,265,67,12,92,37,93,89,460,39,213,372,179,195,45,18,158,112,58,190,74,80,18,184,149,116,25,73,36,61,55,32,598,74,515,54,12,48,65,55,40,94,88,88,57,93,88,22,13,34,32,288,40,57,62,22,61,16,100,63,12,17,244,256,21,46,49,23,191,253,26,48,60,16,49,365,19,66,40,44,190,76,52,31,107,46,40,172,54,35,101,39,31,23,64,48,324,84,62,16,48,40,34,70,56,57,180,50,38,47,5,131,82,6,58,10,168,175,32,69,28,129,26,35,51,34,39,9,43,44,50,42,17,15,73,85,155,90,68,48,59,12,29,61,154,86,266,38,228,122,43,26,287,65,27,36,273,281,122,30,23,405,101,57,131,82,162,22,17,10,33,56,60,69,46,17,78,5,236,95,119,15,28,20,281,53,71,50,323,132,47,37,19,36,41,84,60,93,353,26,155,18,283,127,51,462,104,100,95,105,53,6,43,45,87,53,61,22,309,37,297,25,54,149,18,167,176,261,55,31,103,154,241,180,154,69,9,101,32,97,146,12,21,54,28,111,73,20,58,11,155,15,130,283,57,44,65,20,200,117,31,52,401,45,98,42,177,10,34,53,112,62,77,147,27,38,178,178,43,90,74,69,83,87,99,295,74,46,111,58,47,291,36,66,147,125,316,180,93,72,33,221,152,57,169,52,147,74,65,115,85,51,62,12,50,29,30,132,32,465,212,43,14,153,55,21,38,13,16,18,114,192,23,15,171,37,44,129,86,66,164,66,55,82,64,31,85,12,55,21,59,146,82,68,5,26,151,150,136,282,45,32,29,11,282,14,23,146,117,18,86,283,35,25,24,61,183,72,17,40,235,59,144,273,26,30,69,9,75,37,142,24,30,291,78,75,225,47,323,52,36,130,122,28,57,58,28,20,126,64,183,55,180,42,36,54,36,43,113,82,30,112,321,55,36,10,105,26,80,88,89,52,25,67,5,134,60,112,189,214,32,363,18,16,72,57,125,117,46,138,17,125,28,14,68,120,15,97,51,50,93,205,10,226,44,56,140,92,44,80,30,98,41,47,92,383,77,75,27,116,41,17,437,77,31,35,121,14,31,97,31,144,123,36,103,25,55,57,22,96,149,20,16,42,110,74,188,29,53,22,21,23,118,43,97,68,304,15,40,30,110,24,14,60,40,33,29,82,7,146,58,22,104,173,30,228,199,46,208,62,81,98,66,39,74,61,132,105,65,63,17,35,37,4,54,80,129,169,20,50,108,66,45,215,62,46,102,35,81,197,38,41,28,47,45,66,128,101,41,30,300,10,8,40,84,35,61,43,147,175,44,60,36,14,34,44,45,36,52,25,373,12,169,32,17,215,33,47,23,378,52,81,52,12,49,240,19,135,147,18,28,117,90,255,87,40,100,19,59,7,45,110,217,39,231,24,43,62,64,79,14,134,77,44,79,69,103,314,68,65,47,24,123,70,76,12,85,164,190,116,23,157,49,127,102,44,6,31,18,35,20,64,36,307,307,77,26,244,148,61,60,74,85,35,6,66,21,19,58,53,22,124,420,94,207,321,25,187,11,49,39,44,48,39,45,75,257,107,30,42,86,81,63,87,39,52,138,41,169,22,31,16,57,20,32,120,176,48,145,35,51,123,150,6,55,178,81,45,120,128,12,55,68,188,11,162,83,40,6,398,75,26,88,141,62,106,35,24,236,30,40,52,120,89,34,49,40,30
75,118,13,190,12,28,58,396,26,120,30,170,60,287,185,86,49,24,295,49,51,26,60,41,61,90,18,72,68,11,651,96,18,26,34,15,90,58,103,32,94,180,275,80,149,494,28,70,69,9,173,51,72,118,21,78,25,84,46,202,87,39,488,49,65,22,93,12,97,20,48,47,55,36,76,54,190,11,157,43,203,113,51,48,54,30,77,33,83,16,64,24,58,30,207,60,63,9,102,47,13,100,203,83,60,29,70,49,109,94,76,57,104,15,19,102,90,178,16,464,90,134,551,89,20,278,124,17,44,57,68,97,32,145,324,43,28,28,179,51,93,35,19,219,64,79,94,47,163,282,77,37,119,79,31,112,14,37,13,153,41,149,26,51,76,263,30,171,16,56,41,224,59,23,194,288,61,55,36,38,85,224,71,98,22,26,51,44,53,24,64,276,15,21,7,69,70,76,74,81,24,42,72,183,211,52,46,34,413,46,38,83,58,47,193,90,102,16,18,22,324,73,102,22,61,66,19,88,129,97,106,43,107,291,55,13,94,44,107,86,451,37,192,406,184,217,47,19,186,123,60,192,63,85,15,197,127,108,25,80,46,70,55,38,575,101,532,53,18,54,45,50,37,122,66,103,61,89,100,24,21,28,25,330,47,58,64,31,68,14,134,74,9,18,257,264,25,51,58,23,210,260,22,52,56,13,64,391,14,58,38,31,233,52,81,54,122,38,61,193,67,40,86,39,39,19,55,35,319,100,55,39,51,43,29,60,64,62,183,48,43,49,6,142,79,4,75,14,195,162,33,69,32,123,25,40,42,26,48,16,41,50,68,63,17,15,94,102,152,65,74,61,51,14,27,64,138,82,257,32,240,126,40,34,311,66,36,42,238,304,128,32,19,395,118,39,112,57,161,18,13,10,33,42,58,76,64,22,83,14,261,153,136,20,37,39,276,62,45,43,320,123,52,57,21,35,50,83,71,84,309,22,174,20,313,115,68,479,123,89,102,100,48,9,47,42,96,26,52,20,332,32,303,17,58,171,18,181,200,285,61,33,100,175,266,153,139,73,13,97,29,115,152,13,11,46,43,97,90,17,50,12,137,12,113,310,62,40,67,16,217,135,32,34,390,46,102,39,181,19,29,55,103,74,88,129,31,37,180,170,39,93,87,64,105,79,116,299,70,38,134,49,46,295,37,57,134,138,338,198,103,43,42,206,143,60,206,52,142,52,82,134,82,54,69,19,56,31,44,143,38,457,243,43,24,178,46,17,55,26,23,27,126,190,29,14,158,35,44,152,82,72,164,69,59,93,55,27,65,7,54,22,75,151,77,51,9,29,141,152,150,336,38,29,25,13,279,20,31,151,145,16,90,311,46,38,22,76,212,62,21,43,269,52,145,275,21,45,79,14,74,45,146,24,41,330,88,66,225,54,320,43,42,148,119,40,54,52,38,12,148,77,174,42,183,42,25,61,69,53,111,94,39,98,341,70,47,15,123,20,74,98,99,41,18,77,3,155,66,102,152,200,37,412,17,17,83,54,130,118,47,175,27,139,33,7,97,112,18,88,61,58,68,214,8,219,52,59,137,73,36,105,26,107,54,38,105,405,90,95,20,98,53,16,449,59,35,25,114,14,41,110,32,150,122,33,112,34,46,49,23,111,135,18,19,39,114,61,224,47,62,19,30,23,114,57,75,63,315,34,37,36,99,29,19,75,44,46,26,84,5,141,62,35,107,156,43,267,191,54,216,65,76,97,51,37,79,70,135,97,57,78,17,40,40,10,48,84,135,167,23,47,108,61,37,200,68,47,120,51,76,189,44,42,44,38,34,71,116,87,53,27,314,22,6,36,94,34,74,34,151,179,41,58,25,10,31,34,33,57,43,27,362,19,174,26,28,199,34,44,16,409,64,67,74,15,41,250,21,172,141,21,33,116,110,253,91,38,97,26,65,5,53,122,237,35,235,32,44,46,78,62,15,143,72,48,82,63,97,331,75,65,48,19,116,73,83,17,77,148,184,103,15,166,50,143,105,37,15,26,16,53,22,68,44,301,334,59,23,265,166,74,45,73,75,41,11,51,25,20,72,55,32,113,402,115,248,324,21,182,12,36,52,50,53,33,31,81,268,97,38,51,106,84,68,85,59,56,124,50,152,27,41,35,77,33,36,137,170,58,160,40,49,136,155,15,44,202,72,40,141,148,20,57,60,189,12,168,81,38,10,424,68,30,75,148,56,114,38,35,216,25,53,48,98,108,32,31,43,32
93,128,18,184,8,26,59,397,18,99,37,175,47,280,174,100,48,28,290,38,51,26,50,34,66,93,17,94,69,6,614,88,11,26,43,9,103,65,116,32,76,182,290,80,154,499,25,52,67,13,191,36,73,125,35,89,32,76,42,190,91,37,515,50,49,21,80,7,92,21,41,47,65,25,61,43,162,11,164,56,187,100,37,54,46,30,69,35,66,20,45,35,56,21,194,57,70,2,97,45,10,105,163,71,69,39,70,46,111,111,79,63,102,12,7,97,99,185,9,438,72,129,552,82,12,253,95,15,40,63,88,98,28,120,292,40,23,40,166,47,98,40,20,202,71,90,99,34,170,277,73,38,80,80,38,86,18,43,13,142,40,146,19,38,69,250,27,177,8,59,32,222,50,20,229,270,61,38,29,27,84,229,65,114,26,21,54,56,70,20,62,239,17,23,6,66,61,102,48,89,33,33,63,175,211,46,33,31,404,57,38,89,49,58,198,89,98,10,17,18,282,71,82,18,72,46,22,65,125,105,105,51,118,227,61,11,92,31,97,86,408,43,199,402,170,182,39,18,159,86,58,169,68,92,15,173,152,105,24,74,32,61,62,39,643,83,502,52,14,56,51,47,33,88,80,90,61,86,94,18,16,34,31,312,34,55,53,32,61,18,111,70,13,16,254,236,20,41,51,30,198,235,24,50,65,12,62,385,15,71,34,48,205,60,71,49,110,35,56,157,65,35,81,39,48,19,51,44,296,90,71,37,45,53,36,52,70,46,182,51,40,61,4,147,70,8,68,13,158,144,35,78,21,102,26,42,41,27,41,8,34,48,70,56,14,6,70,112,124,66,77,49,62,13,17,34,119,94,265,27,252,130,37,27,300,68,37,43,233,274,108,20,28,355,121,43,117,61,163,20,5,7,25,46,42,71,58,26,87,8,256,144,123,15,26,35,275,51,49,43,280,118,46,46,27,34,52,82,60,79,324,21,157,17,305,112,48,481,133,116,83,125,49,15,38,47,104,34,70,19,313,34,305,15,54,164,14,174,200,263,49,39,91,173,236,158,136,83,13,85,27,104,150,9,11,49,42,112,81,6,72,12,169,14,119,301,52,29,57,12,208,107,24,31,412,45,117,35,195,20,42,52,119,69,95,138,32,44,187,145,38,96,65,60,117,75,131,271,68,51,152,45,49,264,41,57,144,124,313,199,119,46,49,185,131,62,204,44,125,59,90,134,91,68,50,6,51,28,39,142,29,446,220,49,25,162,44,10,58,15,14,25,135,173,29,16,197,36,48,156,71,81,139,80,64,94,65,45,80,12,53,25,77,174,74,46,10,30,131,171,125,310,35,25,21,16,286,25,31,131,141,11,106,285,57,39,20,84,182,56,25,52,267,86,137,276,30,34,66,10,67,43,136,25,35,275,83,64,203,49,317,50,47,152,105,31,53,63,28,10,138,64,160,56,150,41,34,58,64,47,105,80,32,106,345,82,40,14,119,13,67,98,106,48,24,75,3,152,82,89,189,188,33,417,11,10,76,48,160,124,55,165,26,128,31,7,81,115,11,107,61,39,82,202,3,209,50,61,139,78,42,96,27,96,44,41,94,374,75,87,37,106,54,21,404,63,34,34,124,19,33,109,42,147,110,35,85,32,61,51,21,94,147,21,26,41,110,55,215,36,51,23,27,19,122,51,71,50,323,29,44,55,125,29,13,58,32,37,47,64,7,133,50,31,109,149,47,242,185,43,205,57,86,96,58,21,79,73,151,98,68,77,11,38,28,11,43,96,123,167,24,39,112,80,44,164,86,36,112,46,70,159,61,51,44,46,30,66,126,88,32,25,270,21,10,36,70,32,78,47,136,132,51,59,31,8,29,37,41,45,37,32,371,11,158,30,35,221,20,41,18,394,56,55,64,8,39,242,24,150,141,25,32,101,104,242,109,28,83,26,47,5,46,139,210,56,195,34,53,38,54,63,21,137,74,46,74,59,85,334,71,67,52,19,102,49,90,11,86,135,189,109,14,173,46,138,109,51,10,37,16,41,18,71,52,313,331,76,21,222,139,80,42,87,72,40,10,47,22,12,84,43,27,112,408,100,240,324,18,188,8,43,39,48,33,26,28,70,248,97,27,48,83,80,64,68,81,46,121,54,179,31,39,23,69,29,29,124,159,54,159,32,51,130,155,13,50,182,94,28,104,150,29,46,52,183,16,179,61,46,8,390,65,18,108,167,55,112,37,33,224,28,55,47,112,106,31,38,38,34
87,101,18,190,10,24,48,419,29,118,34,177,57,270,183,93,51,31,266,38,57,26,69,29,54,85,29,70,68,10,674,79,12,21,49,14,85,61,112,24,73,176,273,66,139,499,30,72,60,10,192,69,88,128,20,76,31,62,43,200,82,44,469,63,73,25,95,13,117,19,48,56,52,34,79,46,186,10,175,48,201,105,55,52,49,28,82,22,65,22,51,27,61,21,191,50,80,7,89,52,12,125,165,72,64,28,85,39,115,125,65,55,101,18,7,117,98,192,14,483,64,143,577,77,13,258,94,16,39,61,52,97,25,130,328,29,23,30,178,45,101,36,20,201,67,85,107,37,195,277,67,40,108,83,32,96,10,39,18,135,35,163,25,46,61,264,37,163,5,79,48,223,55,22,231,279,45,37,30,23,104,242,86,95,33,29,52,61,61,19,64,231,13,26,6,71,57,95,54,72,34,39,63,159,241,40,38,31,408,57,45,77,70,59,219,92,103,14,20,25,324,85,86,32,58,56,18,64,148,98,119,50,101,266,49,12,74,25,95,83,416,36,215,430,170,220,40,20,177,93,50,165,104,62,26,177,137,110,32,77,30,65,64,40,582,71,545,53,24,42,43,47,28,99,73,95,71,96,87,20,13,31,37,341,36,57,71,33,57,18,117,80,14,12,266,219,27,61,50,30,241,228,33,32,72,13,67,400,17,72,43,48,208,61,88,41,119,48,42,159,70,40,84,34,46,28,58,56,325,114,73,33,34,45,31,62,63,61,192,56,41,52,10,161,71,8,65,13,169,159,32,64,31,112,36,67,41,36,35,15,35,43,67,46,16,8,73,127,146,58,84,40,67,20,23,41,138,93,253,24,274,90,40,25,314,77,39,58,253,309,125,12,18,366,107,46,113,53,191,20,15,15,26,37,52,58,51,28,91,17,261,123,126,29,31,34,315,50,53,39,339,114,41,58,26,43,45,84,64,98,309,21,131,20,343,115,62,499,121,119,87,128,52,15,55,55,66,26,67,18,328,30,316,8,38,172,22,182,215,255,61,30,84,180,266,157,164,79,12,88,31,110,158,26,11,55,69,83,87,10,74,19,166,13,132,330,75,37,63,12,204,135,31,51,445,35,98,34,194,20,45,76,131,60,84,104,25,39,155,193,34,109,75,61,111,74,112,304,61,58,150,57,53,277,44,60,136,150,288,212,102,43,43,201,150,59,238,52,147,61,86,132,98,65,48,8,58,42,47,143,25,434,222,49,23,154,35,12,65,25,16,27,117,199,31,12,185,29,41,176,81,77,164,72,75,98,57,43,98,20,59,30,85,148,84,53,5,24,113,138,140,321,40,38,25,16,270,27,37,131,126,16,96,311,39,32,23,73,193,76,21,42,256,99,177,276,16,39,65,12,76,55,145,24,32,297,71,72,220,57,314,53,41,157,113,37,53,58,28,10,157,67,184,53,158,44,32,55,73,66,120,82,29,104,352,68,53,10,141,17,74,97,96,44,14,90,6,154,79,91,163,174,28,442,16,14,90,53,139,114,61,183,27,125,25,11,83,126,14,99,64,38,93,186,6,217,47,70,126,78,45,83,32,99,48,39,109,454,85,94,34,108,38,13,470,71,41,32,126,17,45,96,33,152,108,31,100,32,51,43,31,89,156,31,32,34,129,46,203,35,53,18,36,15,120,44,89,59,351,26,45,54,114,27,12,69,38,37,59,87,5,140,64,22,135,149,43,252,176,40,206,75,91,109,49,26,69,74,129,89,70,83,10,44,31,10,30,107,139,158,32,49,110,80,47,172,85,47,112,58,64,159,64,47,63,47,31,64,140,96,49,30,264,31,2,42,80,37,81,42,118,144,44,58,35,12,34,46,43,46,35,31,352,21,162,23,34,223,33,40,17,388,74,79,58,13,67,246,18,153,135,21,32,96,106,257,101,31,67,19,64,5,46,133,236,57,235,41,57,29,61,80,17,115,74,55,86,52,101,334,69,76,55,24,125,52,89,10,96,160,172,123,11,193,51,149,106,46,16,29,15,50,21,75,63,298,304,74,21,231,129,85,34,86,88,29,15,57,25,21,81,54,36,113,414,99,246,322,26,222,19,48,42,49,34,32,31,92,231,101,33,55,76,92,69,83,71,63,114,54,170,28,31,23,63,27,35,128,185,61,172,24,46,167,178,12,45,226,81,43,99,142,18,67,52,170,14,177,67,50,10,431,68,27,99,142,54,101,28,39,240,25,48,57,113,103,39,34,38,38
89,121,16,192,13,31,61,402,35,105,28,170,70,287,182,96,45,27,278,41,51,21,58,39,48,104,19,72,73,2,648,70,7,27,35,19,103,67,98,25,53,206,267,61,147,517,31,48,59,12,214,66,79,118,21,75,41,66,42,223,94,40,546,59,53,30,94,10,136,23,49,51,42,26,74,46,174,6,179,62,220,118,65,61,52,25,75,34,88,26,54,29,66,24,197,45,76,8,108,56,7,118,164,65,61,34,87,42,127,116,67,60,117,12,9,112,92,185,14,455,64,124,560,83,12,285,115,17,44,68,69,105,23,130,330,33,29,32,168,53,118,46,26,206,51,93,132,39,196,287,72,47,118,70,33,107,13,34,10,145,27,162,28,39,73,252,32,177,6,74,33,240,55,14,256,284,38,43,28,19,96,214,61,111,38,22,45,50,55,16,69,239,28,19,7,77,59,93,48,76,28,46,66,178,201,36,42,32,404,54,47,80,42,56,238,95,113,16,19,26,318,92,78,16,44,41,17,58,133,94,120,40,107,219,55,14,79,23,95,89,436,37,223,471,201,254,26,20,149,103,55,162,90,72,26,200,133,109,31,59,21,58,44,43,662,82,540,64,22,50,43,49,26,89,89,92,54,92,94,28,9,19,37,349,32,53,72,28,46,15,117,68,15,13,284,237,22,45,39,26,200,257,29,44,65,9,76,426,22,73,39,34,194,57,80,66,118,45,38,148,54,25,90,30,40,13,60,46,336,128,52,30,28,50,27,64,51,59,190,64,43,55,15,136,66,14,60,10,166,131,24,62,24,95,35,55,50,29,48,11,40,57,78,47,19,16,49,103,159,60,85,53,56,21,35,38,160,86,273,24,295,98,38,35,287,76,37,80,255,283,126,15,29,360,135,43,116,57,160,19,11,7,34,40,38,67,68,38,74,13,233,142,111,23,35,39,309,47,59,50,322,125,62,72,20,50,36,93,93,95,324,24,148,21,320,112,69,465,127,113,67,139,52,18,55,61,79,34,89,12,327,14,324,15,52,161,26,187,191,234,44,37,90,194,241,175,167,94,26,71,26,119,139,36,9,43,70,95,105,9,90,24,139,12,121,277,63,41,66,10,219,130,23,48,461,51,96,26,178,16,61,71,119,64,83,113,29,38,203,209,20,92,88,71,140,77,97,300,54,58,117,61,58,282,40,51,118,142,304,203,111,43,32,220,134,63,191,43,138,61,98,116,110,77,68,8,47,40,37,128,25,443,256,50,23,200,46,21,53,24,30,23,128,186,32,22,173,38,40,158,90,80,165,69,72,97,68,25,88,7,57,29,72,156,75,67,5,22,129,151,143,288,44,32,36,22,263,26,37,117,112,9,90,298,41,36,21,68,195,59,23,46,264,78,161,239,24,40,82,15,80,40,155,28,39,264,73,53,207,49,316,64,44,148,98,34,67,44,24,8,153,68,188,51,184,44,20,60,53,54,115,104,35,100,364,65,58,11,110,16,69,86,114,47,10,83,10,159,81,107,183,178,28,418,10,11,82,49,158,111,42,166,21,148,29,14,63,112,17,102,68,48,97,209,4,212,56,72,116,65,56,87,15,95,38,42,91,411,87,110,30,91,42,21,462,60,38,27,129,12,32,103,35,153,109,28,101,42,79,41,26,101,164,20,36,34,120,71,220,37,64,20,34,26,125,46,65,44,316,30,58,40,112,26,13,71,37,42,55,76,5,143,51,34,114,151,35,247,171,31,203,69,85,118,46,16,77,92,129,91,77,70,14,53,22,14,42,106,152,142,22,31,108,75,40,196,97,54,133,61,62,172,53,49,33,50,20,67,114,85,49,20,276,24,8,48,87,40,100,30,127,136,50,60,41,7,36,44,41,55,33,24,403,24,182,34,46,238,43,41,15,425,68,52,52,10,62,283,17,156,130,32,34,95,99,229,129,29,65,23,66,3,45,128,230,56,218,29,48,41,67,76,20,133,74,46,70,53,95,392,64,68,54,21,128,59,83,9,91,155,171,115,11,189,61,149,109,50,14,25,19,47,17,84,57,328,378,75,27,221,135,86,40,80,95,34,16,77,19,8,74,41,35,101,437,100,270,361,27,191,17,44,37,42,23,37,32,64,271,88,26,48,110,88,79,88,69,52,112,75,150,36,37,27,68,18,36,120,188,73,170,30,54,183,190,10,34,205,72,46,89,147,17,54,57,184,11,188,73,52,11,403,69,29,116,176,58,100,44,34,227,17,51,45,129,116,33,20,37,44
76,111,24,192,15,28,36,415,27,119,27,151,56,237,167,100,32,36,233,43,51,23,55,35,49,88,13,64,53,3,624,83,2,24,56,13,90,46,114,28,46,174,304,71,133,503,28,68,51,19,203,65,86,127,15,59,36,67,56,198,83,28,493,65,72,23,109,10,136,11,42,60,53,19,72,44,166,5,163,44,210,113,60,57,42,34,48,36,53,23,65,18,48,35,201,40,74,9,106,47,9,110,149,81,52,34,80,32,118,125,57,54,110,17,9,126,94,196,9,433,74,134,556,76,10,263,102,25,44,48,57,79,18,112,327,34,40,30,162,47,111,40,30,213,53,96,143,46,190,301,58,46,117,68,32,105,18,28,6,129,35,145,29,36,53,235,35,175,6,66,48,226,42,18,224,256,52,38,23,31,84,249,70,93,38,18,49,55,52,24,53,209,33,20,5,88,59,100,51,61,30,36,64,168,224,36,43,38,409,65,38,76,54,56,226,95,145,14,23,38,310,91,73,31,71,54,9,50,123,102,106,37,102,237,54,15,75,21,76,72,416,30,185,443,172,237,35,17,133,107,60,187,81,85,27,177,118,113,39,57,27,60,48,31,566,83,471,69,26,40,43,43,36,91,85,89,56,95,73,18,5,23,46,353,32,55,75,14,52,22,119,60,15,18,311,224,18,50,38,34,196,244,23,47,63,13,68,407,11,84,34,51,167,66,103,47,150,41,38,140,49,29,83,36,49,14,69,52,287,119,64,24,33,46,23,69,51,60,205,53,32,61,13,145,57,9,78,18,162,112,25,51,30,107,36,60,44,35,55,19,44,45,77,33,22,15,48,109,135,52,82,49,57,17,21,45,121,84,272,26,271,104,35,37,316,97,32,56,267,293,108,7,14,344,115,50,105,71,170,12,11,5,21,32,53,74,54,25,68,12,262,112,129,28,37,39,343,36,45,59,322,128,40,67,24,43,34,96,65,121,336,14,134,19,322,103,44,422,109,87,81,146,54,19,49,42,58,31,58,19,310,36,358,12,49,173,25,187,213,236,54,23,68,184,230,140,153,85,25,57,33,132,126,28,15,53,92,86,89,5,79,16,170,15,123,288,73,44,68,10,226,134,28,41,411,42,107,27,179,23,34,75,147,84,93,95,23,47,157,193,22,106,77,74,128,81,103,323,55,41,122,36,55,232,39,44,121,141,293,223,123,43,38,220,149,52,198,55,140,33,94,137,99,64,54,5,42,46,51,122,23,419,237,35,23,178,43,18,56,17,23,22,133,190,35,9,190,14,36,171,89,75,142,77,66,99,52,23,107,11,55,30,88,141,75,47,4,26,101,126,125,252,39,31,37,18,262,33,33,103,132,15,85,316,46,37,31,67,154,70,16,33,249,91,205,253,25,35,80,10,87,55,150,26,34,280,75,67,214,51,328,66,53,145,89,26,60,41,24,6,173,64,180,41,186,28,30,45,70,76,116,75,21,114,334,67,62,6,174,18,71,82,104,36,21,87,8,155,86,115,177,197,29,398,8,19,66,54,153,111,37,185,31,153,31,7,61,110,12,95,88,47,88,202,2,192,48,83,99,71,40,76,27,92,31,56,77,396,87,85,31,111,35,17,400,58,39,20,85,15,50,71,33,174,89,30,101,25,78,52,22,89,145,19,22,29,129,65,225,29,58,17,34,12,135,53,58,48,331,33,68,51,107,9,18,74,40,48,44,81,8,137,51,34,142,155,37,271,157,22,172,70,100,98,40,19,57,86,139,92,71,81,9,61,24,8,42,94,120,122,20,41,114,90,35,196,86,52,104,59,68,166,69,43,52,36,30,60,114,83,36,17,259,26,7,44,72,36,89,25,150,116,44,52,30,7,24,40,43,44,32,28,384,21,161,20,46,242,36,45,9,494,71,60,48,9,60,243,18,134,123,24,30,88,89,200,107,24,62,31,66,1,44,112,224,48,194,42,48,34,60,81,15,128,63,35,70,62,84,360,60,69,65,19,123,68,69,10,94,166,165,111,13,199,55,142,84,49,14,30,20,38,9,85,43,278,344,51,18,222,128,70,37,87,90,38,12,77,27,13,60,37,38,106,422,104,288,326,32,174,19,49,36,38,27,38,26,70,246,105,34,43,91,63,72,90,73,50,109,50,146,25,26,32,63,15,47,136,167,75,153,39,54,176,188,15,40,176,83,52,82,118,10,52,57,196,12,182,86,52,12,441,61,24,126,186,62,108,41,38,217,16,55,44,164,95,30,30,45,36
80,120,16,180,17,47,44,425,44,101,28,156,47,308,171,88,37,34,260,35,57,29,56,37,45,108,16,68,75,4,646,71,5,31,57,18,93,49,115,28,55,195,244,61,138,558,31,70,53,25,185,70,91,138,18,66,22,61,50,234,82,32,539,53,71,23,106,11,109,19,44,50,49,18,82,39,180,7,171,41,223,125,66,58,54,34,58,39,66,14,56,18,67,34,194,46,72,3,96,41,7,121,159,75,54,24,88,33,140,117,64,60,113,9,6,112,107,208,7,459,65,123,566,109,10,294,86,22,45,53,54,86,25,124,334,42,30,21,170,47,115,39,29,197,53,86,134,44,201,337,72,29,120,87,25,106,16,37,7,153,43,159,30,34,66,234,38,165,8,63,51,191,47,16,259,305,32,41,31,29,92,266,58,101,36,14,55,58,55,32,62,210,40,20,8,75,72,94,55,76,33,53,64,161,239,28,41,37,418,64,37,66,52,59,215,99,164,8,31,34,314,111,93,17,71,63,26,58,126,85,97,38,105,213,62,17,70,10,79,82,402,42,196,523,167,233,36,19,137,117,59,166,77,56,27,210,130,139,48,72,29,59,51,27,593,90,551,68,12,47,38,44,35,77,92,105,57,72,102,19,6,21,35,342,34,44,57,20,53,15,125,78,18,16,275,234,17,49,38,38,231,232,28,56,68,7,69,434,19,89,43,46,186,68,78,55,128,45,43,153,56,22,88,38,45,11,78,45,323,113,71,24,45,66,23,77,49,59,208,60,31,56,11,141,59,8,63,9,163,131,23,51,32,93,38,57,51,35,59,15,38,45,83,43,20,16,66,97,124,70,69,55,60,16,25,44,108,104,263,28,282,94,38,36,327,114,42,82,277,309,124,12,28,369,125,63,114,63,199,16,14,9,24,42,48,70,70,24,85,17,281,138,128,22,42,46,312,49,73,55,337,129,60,69,20,39,35,112,65,104,388,19,155,23,337,127,55,462,126,105,76,168,62,14,60,64,67,28,69,14,302,26,357,22,51,198,15,196,186,246,55,26,76,185,220,158,153,86,23,51,41,120,132,39,12,58,87,82,90,5,88,16,160,6,148,268,79,50,68,15,232,129,40,39,391,42,100,24,176,20,48,69,164,79,85,108,32,34,174,182,24,93,85,85,124,79,111,315,51,54,123,38,55,225,33,35,116,146,294,216,140,35,22,224,172,63,177,55,154,42,117,152,102,66,52,9,42,44,54,146,23,414,242,50,36,210,44,23,49,11,21,28,116,202,38,13,197,25,49,167,87,78,158,66,69,66,67,26,94,10,45,30,72,153,68,38,7,18,120,142,145,256,54,35,32,21,249,34,13,118,97,18,89,292,42,29,30,57,185,62,13,35,251,93,167,223,24,36,80,11,103,33,171,28,35,293,53,33,235,44,318,63,55,160,83,32,63,47,32,1,157,44,171,44,178,35,28,42,63,71,127,112,8,114,363,71,53,7,134,38,65,91,91,27,20,86,10,180,92,106,180,194,31,460,8,18,78,46,149,103,29,151,25,141,20,6,59,110,16,95,91,58,67,181,8,183,36,82,111,88,41,73,23,94,43,55,75,452,97,87,21,101,40,24,379,58,28,32,120,10,42,91,35,172,92,30,113,28,83,51,33,114,139,27,28,31,142,56,243,27,60,21,24,22,120,58,73,62,330,41,42,70,113,12,22,59,33,30,58,81,12,159,62,33,136,163,37,278,156,28,194,91,97,107,42,20,46,106,139,97,75,59,13,43,19,13,39,93,150,115,18,36,121,84,41,202,74,52,122,59,74,178,69,31,56,40,24,57,115,93,34,12,232,37,19,52,120,35,92,30,128,123,55,63,49,10,29,38,58,46,39,41,397,17,142,22,58,254,34,48,19,475,69,49,44,13,43,257,19,156,157,31,42,98,92,201,113,45,58,33,66,1,63,108,227,35,222,35,56,23,64,71,22,138,75,36,57,64,100,382,70,59,50,25,128,69,76,8,109,134,160,108,15,193,47,145,88,47,14,29,24,33,11,91,49,300,340,73,30,221,130,75,39,70,82,40,8,93,23,14,57,49,34,120,479,123,288,371,31,182,15,48,42,47,39,36,21,65,273,98,21,34,88,79,85,93,74,66,106,55,176,34,34,18,59,35,46,115,155,69,149,33,38,192,222,11,52,205,95,48,97,136,25,45,56,160,19,190,75,43,10,405,81,29,103,175,63,83,37,41,226,22,65,51,147,107,39,29,58,31
71,107,22,169,8,40,48,388,52,102,14,145,51,286,182,90,41,37,279,53,56,22,65,43,45,100,16,60,61,2,611,77,2,35,55,13,88,53,106,33,53,186,280,47,119,496,27,78,39,14,173,66,102,115,18,68,29,49,43,232,74,45,508,48,71,25,95,10,106,15,49,64,43,19,96,42,178,7,140,33,201,120,44,59,53,33,55,52,48,19,45,21,54,27,201,33,77,1,98,52,12,127,148,85,51,31,76,34,125,128,49,50,111,11,6,128,108,195,11,426,59,140,529,101,11,279,84,31,52,33,46,79,22,132,343,44,33,20,132,44,113,32,29,183,54,91,112,40,180,283,57,31,113,78,31,108,16,37,7,128,39,185,27,40,61,256,26,180,6,46,57,213,44,22,230,269,36,44,30,24,59,241,49,117,36,23,45,83,57,35,55,218,31,28,7,73,52,117,57,72,23,45,59,177,224,21,30,43,435,57,29,74,52,61,225,100,148,5,25,31,317,95,82,15,89,59,22,54,121,82,97,44,100,217,44,10,72,12,76,71,407,46,158,504,147,285,26,25,149,126,48,166,80,59,25,234,131,115,49,63,27,59,30,26,585,92,478,59,27,40,32,58,32,83,83,92,84,96,95,28,6,25,40,335,34,48,72,17,45,10,119,66,19,9,269,221,14,43,49,38,210,208,26,71,66,11,77,435,16,87,38,44,153,62,69,55,108,46,31,163,47,20,104,35,46,11,64,59,349,99,57,22,43,61,21,58,60,59,224,65,31,58,7,140,53,19,47,19,152,120,24,50,30,95,39,57,60,46,66,15,51,42,95,41,25,13,71,97,164,59,50,44,86,14,14,41,123,100,252,30,268,93,37,29,289,91,37,49,273,308,106,17,33,379,116,60,119,55,166,13,12,10,23,36,43,58,61,32,91,20,277,127,123,21,35,43,283,54,61,44,351,125,39,76,26,34,34,120,58,107,360,15,145,15,325,136,56,428,105,95,77,164,57,21,51,52,52,35,66,19,286,22,353,18,55,163,13,198,201,230,45,29,83,194,260,155,149,102,32,63,43,116,131,36,9,57,99,72,95,5,67,9,165,8,129,261,75,45,58,9,230,105,29,31,375,39,86,21,146,13,49,65,160,91,94,114,21,37,160,170,18,94,79,76,128,84,107,314,51,48,121,40,59,248,38,36,109,151,278,221,137,43,28,218,155,65,172,44,136,36,130,134,110,55,49,6,58,49,51,158,19,425,244,38,15,188,55,23,60,8,26,21,127,192,41,10,173,23,51,160,77,69,146,65,60,74,66,35,105,15,43,36,57,108,54,29,14,23,95,130,139,242,46,31,31,25,261,32,18,100,105,12,96,308,43,27,27,62,160,64,13,33,235,93,195,273,23,31,81,8,91,46,159,20,36,292,62,50,226,45,280,50,50,167,95,30,74,26,25,4,139,45,190,60,202,30,18,43,85,56,124,94,9,102,342,68,48,2,176,33,83,93,116,22,24,99,10,166,82,84,177,166,27,441,14,25,64,47,149,108,31,170,34,141,22,5,68,114,13,102,80,59,58,202,9,198,52,85,112,73,50,91,22,87,27,68,67,441,92,93,21,108,26,9,422,41,26,31,105,9,47,95,29,161,89,31,103,16,75,57,24,109,145,26,29,34,133,63,191,44,62,16,29,23,109,61,64,56,294,23,68,53,98,14,17,65,32,32,50,72,13,157,53,40,153,162,41,255,156,27,186,93,99,102,41,25,53,101,136,72,93,55,16,39,21,20,41,92,153,149,15,50,139,77,38,208,77,46,117,54,64,167,58,40,44,39,21,46,133,59,43,10,235,25,16,55,94,23,72,32,128,140,60,74,46,11,26,32,47,55,42,36,412,22,138,20,45,254,38,33,24,476,66,53,55,8,55,249,17,146,148,28,46,107,81,204,108,37,46,21,62,4,63,104,216,33,220,25,54,30,50,73,26,128,64,21,52,61,83,358,71,73,34,28,137,77,83,4,115,124,163,118,19,187,53,125,90,43,12,24,17,27,20,103,42,280,379,72,33,209,137,70,35,70,86,45,6,106,20,9,52,37,27,112,410,105,273,369,25,150,26,40,29,51,47,42,21,62,236,107,18,43,84,64,72,88,77,45,106,55,139,32,42,28,62,24,43,119,183,81,158,30,41,221,203,19,39,176,70,38,100,131,24,40,50,170,16,188,80,47,16,418,74,27,92,174,64,79,34,42,277,13,56,52,158,100,40,32,55,32
85,118,21,181,11,33,45,417,67,102,18,141,48,288,167,107,53,33,279,48,50,27,60,43,42,128,19,45,58,3,684,67,3,37,68,14,110,56,128,33,37,195,268,63,100,515,23,70,48,20,177,77,95,114,13,64,21,54,31,257,73,35,529,49,77,25,110,9,124,13,49,64,31,19,93,44,185,5,169,39,186,137,69,57,50,47,62,54,40,16,60,29,51,37,194,51,80,2,114,41,8,125,149,58,52,31,84,41,125,105,76,63,107,13,8,127,124,192,10,431,55,149,557,113,11,329,89,34,30,33,46,93,25,142,333,47,29,27,149,41,127,32,28,192,63,89,112,47,149,317,71,32,121,84,23,85,11,35,13,124,33,156,32,47,64,273,32,192,14,48,41,213,37,24,236,271,40,34,30,24,78,233,50,112,44,21,42,73,49,24,69,217,32,24,9,105,59,119,62,66,21,52,72,163,227,25,39,37,438,57,33,76,58,57,203,128,122,10,27,30,376,107,93,16,80,60,27,58,117,96,94,66,110,217,50,7,67,15,80,80,423,36,169,520,165,267,26,17,127,125,75,180,84,66,20,220,108,121,39,76,27,54,29,30,663,99,498,73,14,39,27,53,41,91,78,78,70,64,106,31,12,15,32,338,35,54,65,23,70,12,114,70,16,7,224,241,15,45,49,26,190,190,20,56,80,16,66,418,12,87,36,48,150,56,75,46,136,46,30,154,51,21,103,41,49,5,58,46,332,119,50,30,41,68,29,69,52,67,229,66,28,57,8,124,64,22,44,20,150,111,26,70,46,123,39,52,54,40,81,11,41,36,95,36,12,15,81,87,134,66,69,41,81,20,23,37,169,100,238,26,249,108,49,43,309,112,34,53,270,313,108,16,29,398,104,77,119,53,172,11,12,12,14,53,26,77,59,31,92,13,279,146,139,10,34,58,301,54,55,41,355,149,39,76,32,52,29,108,53,97,328,15,164,20,345,134,60,481,115,102,78,173,71,14,61,46,52,42,51,18,285,24,389,26,46,167,17,178,198,228,48,26,78,196,257,145,169,76,39,48,45,125,119,28,5,49,89,92,88,7,85,9,177,13,127,258,67,49,60,8,209,108,46,35,373,45,100,26,168,15,48,72,174,98,83,124,24,31,168,199,26,109,88,80,126,83,112,317,41,46,106,40,58,217,48,43,111,148,307,219,146,38,30,223,180,67,182,49,144,40,134,121,101,59,47,8,50,60,58,166,19,416,270,53,21,185,41,21,59,10,26,23,110,200,40,10,212,26,53,162,89,98,165,63,73,86,58,23,99,14,44,32,66,142,67,30,14,29,107,133,163,250,42,39,37,32,286,38,25,101,92,13,76,325,55,28,26,63,179,74,10,35,207,95,192,283,23,42,79,6,89,47,162,23,33,326,61,50,228,46,273,50,49,143,98,24,75,34,27,5,154,49,199,56,193,35,21,51,66,80,111,100,15,100,372,80,52,4,169,42,55,97,92,30,30,81,6,179,80,90,164,185,14,508,19,16,67,43,143,117,24,172,29,136,15,10,61,102,18,89,65,61,73,184,7,164,44,84,104,101,46,105,25,93,36,64,72,400,112,127,16,108,29,20,381,36,23,38,102,15,54,102,24,152,102,38,110,25,79,44,28,125,157,26,19,30,164,75,206,39,51,13,30,31,94,81,70,78,304,31,78,63,98,15,18,70,40,27,47,57,9,161,56,34,142,156,41,274,152,29,216,91,85,108,50,23,59,100,128,80,109,57,7,45,24,19,39,100,148,147,27,49,136,83,37,225,91,38,128,58,59,186,57,46,61,39,26,55,123,67,36,15,250,32,15,50,119,25,76,28,143,116,55,65,43,16,25,35,56,45,49,48,387,32,148,29,41,266,42,49,18,483,65,42,47,16,53,241,21,176,142,32,40,104,81,188,100,40,64,23,72,2,49,113,225,41,225,32,53,29,82,76,25,147,65,24,45,45,94,360,84,62,39,21,138,77,82,7,105,132,170,138,25,180,37,139,89,49,22,25,21,26,20,94,44,275,396,69,37,218,133,81,50,86,87,73,6,92,22,10,56,44,31,103,428,106,262,419,23,173,30,37,31,59,34,20,31,63,285,83,24,34,108,62,85,89,93,58,96,61,178,36,46,17,66,26,50,146,202,67,172,44,37,209,233,13,37,200,93,44,94,131,31,47,67,166,18,202,83,46,13,417,64,24,115,177,71,105,40,42,234,21,69,57,153,105,29,42,53,39
65,127,25,158,6,30,35,425,68,115,22,131,65,272,158,94,39,54,275,39,53,23,54,51,50,136,23,45,58,1,687,72,1,21,60,11,105,45,130,33,58,175,312,59,144,503,22,76,47,23,159,76,94,119,28,62,10,62,45,250,71,37,523,46,71,34,109,7,115,7,66,79,30,23,106,48,189,8,158,39,199,125,67,53,35,44,65,55,44,17,48,24,48,29,194,29,81,3,104,55,16,121,149,84,54,37,89,39,133,131,56,71,98,13,13,130,116,211,7,462,65,137,522,121,4,289,82,24,21,39,52,98,35,152,337,45,28,39,157,51,131,26,23,173,64,84,116,42,159,341,76,16,100,76,14,87,16,41,12,112,32,180,24,37,50,245,24,183,16,47,37,244,41,21,250,276,29,38,22,25,69,220,47,112,44,20,45,70,54,37,67,221,46,27,10,88,53,134,69,63,26,56,82,168,215,26,45,38,434,48,33,73,57,60,215,118,149,5,36,30,349,98,111,17,69,65,31,44,112,94,92,76,129,175,54,13,69,16,74,73,444,41,172,528,154,277,26,16,140,117,63,179,85,57,16,230,138,146,45,64,27,57,27,27,584,90,541,71,21,31,40,58,31,104,76,84,82,94,83,30,11,20,32,368,27,45,57,25,61,7,120,88,11,9,259,215,16,34,48,11,172,209,16,47,69,20,91,434,9,101,36,32,148,54,79,49,131,44,29,166,60,24,108,39,58,6,66,68,332,127,60,36,35,68,23,60,63,69,213,75,31,48,10,138,56,27,58,17,167,130,23,74,41,106,44,32,80,33,79,19,56,38,104,44,25,9,77,76,158,76,60,54,79,19,38,31,164,81,258,38,264,95,39,37,281,113,41,56,282,320,113,18,27,378,122,72,136,60,189,12,19,9,16,46,32,73,69,34,97,12,260,127,132,20,39,45,289,57,47,42,364,124,43,66,32,66,35,138,49,117,372,12,157,16,332,154,59,463,113,87,105,196,66,16,55,41,78,40,56,17,308,27,379,20,39,181,16,194,224,249,44,11,73,180,260,143,163,83,33,47,32,126,130,26,4,56,69,75,82,6,77,10,160,11,117,260,67,48,49,9,240,122,34,26,373,41,94,29,167,21,32,86,192,95,91,122,26,44,173,191,17,100,81,78,155,63,131,334,46,69,83,37,66,209,41,44,114,147,303,212,163,37,32,251,154,79,176,34,150,49,124,128,118,72,69,7,70,47,75,164,16,396,265,39,21,182,51,29,49,7,35,27,109,205,32,9,191,25,56,170,85,111,161,58,69,84,62,22,121,17,39,39,60,139,61,28,7,22,108,123,127,252,47,57,35,40,273,41,20,91,90,17,91,361,55,31,23,52,201,78,14,34,207,79,206,291,25,42,73,9,89,48,150,23,37,286,90,53,239,41,287,53,51,157,128,21,58,31,36,4,162,51,215,72,196,28,30,41,62,77,132,92,16,105,381,68,46,5,184,45,57,94,124,28,39,89,4,167,98,91,184,165,22,466,17,28,65,56,135,111,19,165,26,154,24,6,68,128,20,82,58,54,79,182,11,188,43,78,117,87,42,75,26,109,44,56,53,453,118,104,20,84,34,16,398,36,30,42,87,10,64,84,29,138,91,38,101,29,75,49,29,114,167,39,26,36,169,73,212,38,71,10,32,38,82,68,70,64,309,44,80,62,92,12,24,66,35,35,46,69,9,152,62,36,163,159,36,298,148,28,216,80,77,103,44,44,65,99,151,75,97,56,8,33,25,18,46,92,127,126,28,42,159,58,34,233,80,35,106,69,57,189,62,58,41,32,23,50,119,76,40,20,233,31,11,58,123,47,77,29,119,111,43,79,43,9,28,28,47,39,54,51,415,34,142,27,39,270,42,32,19,481,66,45,59,5,38,294,23,166,165,26,39,74,70,209,87,41,54,25,90,2,54,108,199,31,194,24,71,21,76,40,24,145,65,21,53,44,95,328,88,78,54,13,130,78,74,12,114,119,179,124,31,189,32,155,96,30,17,27,20,22,20,89,40,302,352,61,34,210,131,86,41,96,100,77,7,117,25,12,66,44,21,98,460,123,261,416,19,157,33,39,35,46,39,34,27,71,281,110,15,34,107,53,80,90,78,50,114,64,206,30,46,20,66,19,50,151,181,85,158,40,45,224,225,13,55,180,89,32,114,150,27,47,74,156,25,195,79,40,15,426,57,25,125,186,78,107,30,62,257,10,69,70,149,134,31,21,51,35
67,94,16,154,7,30,34,379,74,92,13,133,59,266,154,74,33,23,272,38,49,20,55,46,30,120,20,48,54,5,633,74,7,32,47,12,97,45,119,13,49,169,285,51,120,458,20,54,40,23,162,73,98,95,18,69,6,43,31,221,59,40,470,39,61,23,108,13,116,12,41,51,22,12,86,39,176,9,121,43,175,109,65,69,33,48,67,47,46,6,54,17,52,27,148,43,56,11,107,45,15,117,122,73,46,25,73,39,99,119,49,61,102,18,4,116,103,159,9,365,51,143,514,82,15,296,97,24,15,34,53,78,21,138,301,34,23,33,144,54,117,23,20,189,68,81,106,34,157,305,61,28,88,60,11,75,8,29,6,120,27,183,23,46,46,248,32,162,8,53,47,207,31,29,237,262,25,29,23,29,71,181,47,94,40,17,44,57,39,20,49,233,50,13,7,89,45,117,65,68,27,36,67,164,186,17,27,34,398,41,24,74,58,54,206,96,144,6,23,34,321,92,83,17,57,78,24,44,91,88,72,67,105,177,32,8,63,22,82,52,402,44,187,436,143,275,31,15,143,95,51,145,61,53,12,161,99,113,39,46,21,70,22,21,517,90,465,64,17,18,28,70,22,109,80,89,67,83,114,25,12,15,17,321,25,34,49,14,42,6,97,62,16,5,229,171,19,33,51,14,154,164,19,43,78,17,87,364,16,78,24,29,117,39,66,42,139,37,20,131,55,36,81,46,41,3,59,63,289,107,63,27,37,65,22,67,57,51,195,72,23,36,9,119,46,25,44,17,141,98,26,72,36,116,44,38,63,23,63,15,41,51,77,39,21,10,75,80,127,71,42,41,63,23,25,24,132,79,255,27,215,102,53,31,247,94,32,42,278,303,99,23,26,302,100,81,100,42,161,12,16,9,13,45,41,65,54,28,87,12,218,133,116,22,40,43,284,75,47,31,342,118,41,62,28,47,35,129,41,80,320,16,143,12,271,107,64,447,98,81,80,165,62,17,62,41,55,29,50,10,267,18,351,26,35,152,15,196,202,198,51,15,74,171,210,139,158,88,37,49,26,123,152,29,4,40,65,61,77,10,57,13,134,6,111,229,50,43,52,8,214,103,47,17,345,28,94,34,131,10,47,62,168,87,87,105,28,34,157,179,9,93,66,66,138,50,101,282,42,59,76,36,62,175,42,48,92,125,297,176,136,49,30,217,145,57,151,42,137,43,119,105,106,34,45,9,58,38,34,152,13,319,227,25,9,160,57,16,39,7,34,18,102,184,37,13,170,15,36,147,92,121,145,57,65,76,60,19,110,16,32,30,42,120,69,15,7,20,95,122,113,228,47,50,40,32,272,33,12,76,73,20,81,293,46,28,24,54,173,59,12,28,224,85,177,259,18,41,65,11,88,44,132,32,25,248,70,32,218,44,274,56,40,145,92,13,41,23,42,8,165,50,173,52,205,25,23,40,61,78,116,84,14,96,324,64,40,4,172,34,37,111,104,19,19,74,10,134,78,74,130,159,17,432,10,21,58,49,129,99,18,157,13,125,18,10,60,94,16,73,57,26,61,164,16,196,43,71,108,75,40,96,26,88,32,65,60,447,120,90,27,81,28,6,373,32,12,33,76,11,56,109,26,140,72,44,92,26,51,41,26,98,148,33,28,21,141,64,161,34,65,12,21,19,84,29,70,43,283,37,86,59,78,21,18,73,36,37,34,40,12,172,48,40,161,125,33,251,144,17,164,78,84,75,47,45,57,107,121,62,74,46,8,38,27,19,44,104,128,123,24,46,132,53,29,177,105,28,88,63,64,167,72,47,44,24,23,37,93,65,33,19,199,32,17,39,109,39,85,28,94,116,55,58,46,15,16,35,46,49,38,50,371,31,134,17,28,227,32,39,15,493,49,39,37,7,37,220,17,130,131,39,39,83,86,201,72,34,45,39,71,1,62,106,181,26,196,29,61,19,73,36,30,132,62,12,45,39,89,309,71,90,43,15,110,74,66,7,94,120,152,107,29,205,33,117,85,30,17,36,16,22,23,113,42,314,350,44,16,180,98,72,49,69,78,52,12,100,29,8,57,39,19,90,374,122,263,339,29,146,25,34,29,47,28,25,24,82,263,76,22,37,112,62,59,63,92,61,72,56,179,28,40,17,54,25,48,137,149,61,140,27,28,203,216,8,49,160,81,34,76,152,27,47,71,164,21,181,76,52,16,362,51,25,99,171,87,91,30,43,224,11,65,57,153,100,32,29,44,38
61,104,18,184,10,33,36,383,73,108,12,156,79,309,189,74,46,43,262,32,59,10,55,52,58,128,23,44,42,5,713,59,10,40,66,15,102,50,132,21,53,167,316,48,151,535,23,84,46,24,188,77,94,121,18,71,6,54,30,250,63,29,553,38,81,27,126,12,121,10,55,85,34,16,96,48,206,18,158,39,201,154,76,78,21,71,72,54,42,15,64,20,73,32,180,46,75,9,111,37,14,128,138,78,43,30,69,66,130,140,48,65,100,15,7,130,127,207,12,434,64,138,606,108,14,310,80,36,14,38,58,85,18,151,352,44,29,42,168,54,114,26,22,207,78,90,105,36,164,333,78,31,97,71,17,78,7,52,6,109,34,218,24,56,51,258,27,190,18,53,46,241,49,28,254,291,31,29,24,31,73,239,44,106,41,17,40,75,55,32,70,236,41,20,5,110,59,136,71,54,41,47,72,155,192,16,46,35,411,64,30,77,53,72,210,99,115,9,38,30,344,108,101,18,75,97,37,63,122,103,84,71,102,204,41,20,77,16,82,76,402,49,183,507,166,296,33,15,114,130,39,180,69,52,14,239,115,127,54,66,24,77,22,28,635,79,537,100,16,31,30,85,19,124,79,83,79,102,104,27,15,17,39,378,20,33,61,27,53,7,95,58,6,7,289,202,23,34,55,24,204,193,13,59,91,14,89,426,22,92,23,31,133,44,71,46,128,45,32,152,60,27,99,51,41,2,56,94,315,109,64,31,39,78,23,71,50,57,231,79,19,39,7,148,65,14,59,18,175,104,29,74,42,125,51,45,65,18,79,20,38,41,86,48,26,15,70,82,162,77,61,63,72,29,28,25,154,80,264,55,227,115,49,46,284,109,35,47,292,336,111,28,30,334,124,65,111,44,202,13,24,10,18,52,34,83,66,34,100,11,242,144,144,17,35,40,316,79,40,45,367,125,46,76,18,57,38,152,37,87,373,19,121,14,334,128,70,449,105,98,87,230,60,17,63,34,71,32,66,7,304,29,366,25,66,172,15,187,218,203,54,5,63,192,260,137,196,91,41,60,33,126,129,32,4,46,58,58,80,14,60,10,171,11,117,252,55,38,47,7,261,109,47,22,324,42,88,24,152,6,41,81,176,108,100,113,33,33,185,214,19,99,83,72,152,44,157,270,57,69,80,25,60,201,38,50,104,132,323,188,202,46,32,233,165,69,175,36,153,61,130,137,102,69,56,6,49,32,64,169,12,418,257,40,11,168,59,25,54,9,38,23,126,185,33,26,173,30,49,197,104,106,165,71,81,83,74,21,126,18,28,36,45,137,62,24,14,16,111,142,136,253,37,56,34,33,284,46,20,81,92,22,103,357,58,23,23,63,188,64,11,35,237,90,181,308,24,45,76,12,102,52,185,25,22,295,73,50,240,53,281,66,65,147,108,25,55,23,43,8,177,74,219,68,240,33,35,50,69,78,126,79,17,129,370,79,35,4,169,52,34,91,93,30,24,84,7,157,106,84,160,188,28,493,12,17,80,66,147,116,27,188,23,135,19,15,64,116,13,86,69,35,61,187,12,202,40,83,116,93,38,96,21,117,32,69,67,468,137,93,20,103,28,12,405,28,22,35,105,14,68,108,38,134,73,46,79,33,65,55,26,108,160,33,11,35,174,81,188,36,88,12,35,23,109,43,74,58,305,41,93,64,74,16,20,81,51,23,37,63,12,190,60,35,174,168,44,300,148,23,215,71,94,114,56,59,60,104,146,65,94,70,8,34,20,28,47,114,135,118,29,47,154,63,43,194,107,32,81,73,87,191,84,44,38,38,30,34,114,75,31,22,205,20,19,53,155,48,82,28,95,103,42,59,48,16,19,40,44,56,52,63,439,34,138,22,41,274,32,42,27,521,58,50,37,4,29,253,15,157,140,33,45,103,80,213,85,31,64,28,72,2,54,120,204,19,200,22,66,27,78,57,28,145,72,10,47,42,98,374,85,86,54,23,151,71,76,5,124,120,159,115,33,198,41,141,78,26,25,42,22,29,20,109,31,300,383,38,24,199,122,90,47,93,87,71,12,113,38,18,76,41,18,76,453,140,323,400,35,169,30,31,31,56,29,24,35,71,278,99,19,43,102,73,77,88,103,60,91,55,185,29,38,31,68,22,45,155,178,81,130,29,43,207,226,7,44,142,104,36,85,158,30,50,73,161,20,177,87,35,19,392,61,19,134,192,88,98,34,38,250,12,53,83,163,115,41,21,34,45
71,105,20,161,8,29,32,355,83,104,9,139,76,275,197,72,41,37,280,31,63,13,44,49,46,124,32,52,45,11,665,78,8,37,49,13,103,60,147,15,53,149,312,40,145,516,14,81,53,23,154,85,84,103,26,51,8,60,28,256,68,31,547,50,69,20,120,9,150,17,37,69,34,22,84,34,170,11,144,27,157,122,63,70,19,63,57,50,53,22,65,17,86,22,163,50,72,11,111,44,11,127,113,86,47,32,62,55,134,128,40,63,101,9,5,130,135,195,17,411,68,163,596,132,6,311,97,34,18,36,49,80,32,131,335,51,27,32,148,64,121,18,18,183,87,99,102,45,145,333,53,23,94,72,20,94,7,36,9,116,37,222,30,47,54,295,22,190,18,58,48,265,44,36,271,292,30,29,15,28,68,197,43,83,51,13,44,93,41,30,72,236,46,23,10,109,49,109,94,62,27,44,58,141,203,18,32,32,402,59,28,86,72,56,238,89,125,9,31,30,277,91,106,21,72,67,28,56,126,114,74,66,106,215,34,12,73,23,67,63,413,36,194,519,123,329,33,21,130,132,31,180,76,42,13,251,126,94,60,64,22,61,12,35,579,82,513,97,9,24,46,78,20,103,93,83,66,85,114,29,19,16,35,352,27,36,55,23,49,2,72,65,17,3,263,198,17,31,50,12,204,189,14,40,99,23,81,395,8,80,31,27,119,47,61,43,140,42,25,150,41,33,90,31,38,4,75,91,267,110,49,41,43,85,29,66,58,66,207,73,18,40,8,120,49,18,67,23,127,98,27,64,47,135,49,39,52,23,81,15,38,48,93,46,28,13,76,78,144,67,49,64,66,24,28,20,133,84,304,48,223,96,42,34,282,96,34,43,306,323,101,27,28,332,93,57,123,46,150,17,24,2,30,48,35,66,53,28,84,13,208,134,150,22,35,40,332,65,39,53,352,166,45,77,30,74,35,132,35,86,406,16,141,15,325,115,46,435,89,93,102,192,77,14,65,31,54,23,66,3,290,22,369,17,59,206,22,195,190,216,58,7,78,173,237,147,177,105,26,59,35,138,147,35,6,41,72,64,64,17,66,17,147,12,135,274,46,35,40,13,235,80,49,19,325,39,93,24,153,19,54,66,152,95,99,122,29,35,166,211,15,103,80,84,135,29,115,272,37,64,78,31,62,202,37,45,109,150,307,183,178,41,22,218,155,77,162,53,142,47,116,124,96,51,52,4,59,32,53,149,17,427,256,39,11,170,69,31,45,9,28,19,114,188,30,18,193,22,51,175,94,114,161,70,77,96,65,11,107,28,35,29,44,109,49,17,21,10,118,131,152,250,41,77,43,28,255,48,19,77,98,13,96,369,51,28,24,53,212,62,8,28,260,75,166,300,36,49,63,9,115,63,165,32,29,251,72,40,235,58,303,69,55,143,100,19,62,18,27,10,175,71,215,73,198,29,35,53,66,81,118,85,15,97,372,71,33,8,196,42,36,98,82,28,31,80,4,127,90,93,171,171,28,481,16,12,64,49,130,117,18,161,23,139,20,15,75,101,18,102,74,34,41,183,20,199,37,81,131,89,37,93,18,93,29,55,66,433,124,73,21,96,42,5,397,24,28,33,100,13,54,97,37,149,74,50,92,33,73,48,28,110,151,35,29,27,153,53,173,33,83,10,40,19,108,39,83,58,293,35,89,63,64,13,39,78,25,25,38,53,13,199,64,42,185,145,41,251,148,26,180,69,71,81,41,43,50,110,120,69,96,66,5,40,13,24,46,116,160,97,25,41,151,59,45,194,96,32,77,85,63,193,71,50,57,39,27,34,93,53,37,20,180,22,21,40,124,65,100,14,87,128,68,58,42,16,19,39,56,66,32,50,407,20,135,26,21,247,32,28,21,493,65,36,38,8,22,206,12,165,125,30,37,107,78,191,102,46,62,28,80,7,48,123,198,21,193,25,51,19,78,49,20,151,66,10,52,55,85,346,74,76,59,24,126,88,55,6,101,120,148,129,29,182,32,134,70,34,15,32,13,19,26,119,25,320,380,33,33,186,111,109,36,96,98,70,16,109,28,11,74,43,26,97,451,142,297,395,21,157,32,28,29,42,34,22,35,77,283,96,27,46,114,69,81,78,107,45,83,48,184,20,32,25,74,21,49,147,153,70,129,27,43,202,244,8,51,150,87,32,56,154,25,55,47,157,14,196,93,44,13,461,60,12,133,175,75,107,30,41,214,13,54,100,173,100,48,24,39,48
66,119,17,180,9,33,36,377,68,87,24,137,78,323,190,77,38,31,282,21,61,13,50,41,50,108,31,59,40,10,689,67,15,37,54,15,126,60,137,27,51,192,318,53,157,558,16,105,44,15,161,103,91,115,13,67,6,53,31,249,68,30,540,58,60,24,117,9,146,16,48,59,36,22,85,40,169,9,163,46,159,130,66,64,23,64,61,63,47,32,57,23,75,27,166,44,80,13,100,35,11,136,124,84,52,21,80,55,131,165,40,83,98,15,13,114,134,173,17,426,52,160,550,115,14,332,98,40,16,42,57,88,34,145,334,53,16,35,166,39,131,25,28,183,89,83,103,31,150,312,63,20,104,81,17,68,12,31,5,106,35,218,41,44,53,278,19,188,21,38,41,285,39,40,269,300,30,37,19,36,78,228,50,72,46,16,35,80,53,34,86,212,54,18,14,113,41,144,91,67,30,61,57,150,205,27,34,25,419,58,27,83,60,61,246,91,135,7,18,38,294,97,104,23,89,89,34,64,127,106,73,66,104,200,41,14,61,18,78,80,410,60,199,509,162,318,27,23,133,139,30,179,60,56,21,236,129,111,44,66,28,54,21,38,663,74,524,94,24,27,33,75,22,129,115,76,69,110,109,33,21,16,40,357,28,25,55,28,44,2,88,52,11,8,268,189,11,29,74,11,217,208,18,46,98,15,76,423,22,102,20,31,122,34,51,41,123,42,24,148,51,47,96,30,42,2,84,91,319,122,66,44,46,81,28,57,65,58,235,74,18,37,10,125,47,20,60,27,146,103,29,71,57,146,55,32,53,21,80,18,55,50,99,47,16,15,74,84,140,85,58,67,58,26,30,24,163,88,323,59,218,104,49,36,323,119,33,36,342,334,120,26,39,358,124,45,113,47,174,16,27,8,26,57,29,65,59,23,97,9,218,140,150,14,34,53,349,63,35,45,371,157,58,71,25,61,24,143,28,95,414,14,154,13,301,132,66,444,92,119,94,235,73,15,64,47,75,27,71,6,281,21,431,16,53,189,23,216,235,197,57,8,60,180,271,140,184,90,40,59,38,139,133,33,10,38,74,66,77,13,80,11,146,6,159,236,58,52,31,7,275,100,57,33,322,47,89,30,162,16,50,58,179,96,98,103,22,30,170,225,23,128,62,92,132,42,122,294,46,67,73,36,76,222,31,55,97,178,318,190,169,57,17,262,134,66,180,38,137,68,124,136,109,55,72,15,40,37,56,160,11,403,256,26,9,175,59,31,38,8,55,13,114,211,23,19,189,22,49,192,123,136,164,63,69,86,61,22,96,20,24,47,41,116,52,24,14,19,125,132,159,278,35,60,54,43,323,47,25,93,73,9,101,351,45,33,19,50,195,62,6,23,274,87,170,300,25,50,67,21,111,60,173,33,40,304,80,51,239,67,277,78,53,136,109,19,54,16,49,11,207,85,227,67,238,27,26,41,72,100,107,115,9,94,348,90,35,5,180,50,44,80,83,27,24,77,6,119,87,76,159,171,37,518,14,11,75,59,137,122,17,175,29,141,20,12,79,128,11,91,71,35,60,178,26,182,30,84,126,100,50,79,17,111,25,45,65,447,124,75,28,101,32,8,429,29,24,45,106,12,53,102,48,114,72,49,80,32,57,56,28,109,157,29,23,24,174,83,179,24,68,15,42,21,122,37,98,65,314,37,107,69,66,18,33,84,34,36,51,62,12,204,61,50,183,173,42,259,127,18,210,84,77,96,56,69,45,113,128,64,85,57,9,39,15,24,45,112,147,107,34,49,167,71,46,202,83,37,67,104,86,180,92,56,59,45,27,35,115,61,39,19,189,23,29,49,127,53,102,24,113,112,62,68,51,13,11,46,45,62,38,51,432,23,128,26,29,259,32,46,21,481,79,33,49,11,26,218,9,159,151,33,29,109,86,186,113,29,50,39,62,12,53,140,229,28,193,26,65,15,67,45,23,135,79,14,37,57,76,346,77,97,59,23,142,106,74,8,97,97,122,127,41,176,55,149,59,31,22,36,23,25,19,124,29,288,364,37,46,164,124,90,53,89,95,69,17,140,42,7,73,40,22,87,447,151,317,359,26,147,33,31,21,39,43,20,53,85,289,132,29,45,131,56,76,76,104,51,102,62,181,26,34,19,58,21,39,156,165,72,134,28,51,225,233,10,40,150,98,44,71,152,38,60,49,152,16,229,96,52,16,468,44,16,119,166,74,104,54,48,192,13,56,93,178,83,38,21,41,47
59,106,16,169,10,26,25,365,86,105,12,127,79,257,185,68,44,36,294,31,57,17,57,44,53,104,24,47,34,8,613,77,17,36,59,14,136,60,132,18,51,175,321,44,161,518,11,91,43,20,165,72,71,114,22,50,9,59,31,279,74,25,572,60,70,17,117,9,143,21,40,59,32,25,71,41,164,10,177,35,183,121,70,72,13,51,65,60,41,25,65,10,86,32,198,51,61,19,94,35,12,129,120,82,42,18,62,58,123,156,26,77,81,13,15,112,105,206,15,409,43,172,555,101,20,319,114,35,11,38,55,64,23,156,356,53,26,39,178,57,122,29,14,195,88,76,99,34,140,323,42,19,100,83,14,55,8,37,3,108,42,236,34,55,37,296,14,170,21,57,49,280,37,29,268,285,37,36,11,30,85,216,59,66,38,15,39,67,44,25,91,246,41,18,19,103,45,120,87,58,30,47,53,149,209,31,34,17,422,49,28,87,63,59,218,92,131,11,26,23,286,101,113,19,87,96,25,62,116,127,61,86,111,211,38,9,60,18,64,69,361,49,200,451,130,299,28,23,129,138,29,178,71,45,17,213,131,117,43,80,21,50,8,42,581,82,481,91,23,19,31,76,29,124,87,75,62,91,111,48,27,17,31,331,15,40,58,18,39,4,86,59,13,13,256,190,21,34,66,11,179,188,27,44,100,17,82,422,14,102,25,28,119,46,36,34,120,38,24,164,45,41,79,32,50,3,93,103,293,111,65,36,52,82,33,58,54,68,249,75,20,36,13,118,50,32,53,31,122,93,20,56,36,152,49,24,49,27,86,18,50,51,97,38,24,14,82,75,152,61,53,63,64,28,28,26,116,75,280,65,227,88,38,35,304,105,31,42,303,329,94,25,36,327,110,70,114,39,189,35,15,7,25,45,29,70,56,29,117,7,204,160,130,6,44,58,286,65,42,59,362,151,49,80,25,59,30,135,15,80,402,12,139,12,312,102,58,427,88,122,113,195,98,14,50,50,51,31,61,4,273,21,395,24,72,185,26,219,204,175,52,5,55,177,248,144,187,80,42,62,33,132,141,22,6,44,81,64,65,24,73,11,138,11,154,233,64,62,35,18,255,95,40,22,318,48,104,22,153,26,48,55,157,97,100,128,24,32,178,193,23,119,76,80,139,36,118,280,43,65,72,47,60,249,35,68,102,175,310,223,144,53,19,264,138,71,198,40,122,70,126,121,117,77,60,10,55,39,55,154,9,404,241,34,12,174,47,26,41,13,39,11,141,188,28,14,182,17,54,152,93,130,141,59,93,92,66,21,102,21,19,46,37,117,53,22,8,14,110,139,145,284,32,69,40,32,284,36,39,91,91,15,108,328,63,34,18,45,208,62,11,23,257,92,160,301,24,47,69,6,122,53,166,28,35,297,75,73,247,49,254,68,50,159,116,19,64,19,37,14,181,56,182,61,232,26,25,35,77,89,100,117,11,101,382,69,36,4,141,44,42,73,80,47,19,80,11,125,94,91,146,156,36,475,8,10,54,65,124,125,13,152,33,149,22,19,80,128,10,74,59,32,54,205,17,190,38,93,119,87,42,76,33,104,27,41,61,421,121,81,17,96,54,11,406,36,26,41,107,10,55,103,36,104,63,49,74,39,68,43,24,115,143,34,29,17,173,70,184,28,66,13,38,25,118,33,99,80,305,29,85,54,74,16,28,85,26,30,52,39,10,201,59,36,147,177,24,216,122,22,186,89,99,82,61,42,55,97,113,61,71,68,4,51,15,22,49,115,139,110,26,40,168,56,44,173,83,41,53,108,107,182,69,48,43,35,25,40,104,57,34,24,188,23,20,54,120,49,106,18,107,118,59,64,45,18,25,43,40,64,31,53,416,26,130,29,33,265,39,42,23,453,59,35,24,10,18,218,15,179,151,43,36,102,71,192,87,20,52,24,45,5,40,131,217,20,183,23,54,10,73,36,20,127,72,14,42,49,83,378,62,85,52,28,122,86,66,11,107,108,107,119,33,206,42,167,77,28,9,41,16,24,18,120,20,298,351,35,50,151,98,105,72,103,83,62,20,135,38,6,84,22,20,99,439,136,304,368,29,163,42,23,28,41,30,23,55,75,321,104,49,38,121,55,67,97,86,49,86,52,162,26,36,15,60,38,33,177,170,67,128,28,50,195,241,8,34,151,89,54,64,141,39,42,40,117,20,212,74,53,19,469,61,16,124,173,62,106,44,30,185,19,50,108,179,96,38,18,39,51
80,132,33,153,15,15,28,390,79,88,20,114,76,298,164,65,38,21,308,28,69,8,61,53,51,118,25,40,43,11,702,91,14,25,69,14,104,58,159,20,37,176,332,52,159,564,13,93,42,28,133,79,64,104,20,59,7,53,30,268,85,22,641,69,73,23,128,5,174,16,42,59,40,34,68,42,186,15,165,42,171,125,82,70,15,71,70,52,40,27,51,18,54,41,165,52,70,7,83,36,11,127,109,83,26,15,90,53,133,172,24,71,84,9,19,113,97,187,21,404,64,162,585,101,16,329,116,30,13,26,49,71,21,149,342,54,27,38,158,45,123,34,23,178,121,89,92,30,167,323,46,25,94,76,15,54,9,39,5,115,40,198,47,40,55,297,25,173,23,59,49,263,33,34,269,294,34,46,13,35,97,258,63,80,43,11,47,76,66,19,65,255,40,24,14,99,30,146,86,77,29,66,51,144,208,34,37,21,434,41,30,85,48,76,263,90,123,20,28,24,288,103,110,23,84,94,49,57,120,127,78,85,121,213,38,11,61,16,69,62,352,65,181,459,142,329,18,13,144,133,39,201,74,42,25,215,119,144,53,66,17,40,13,33,646,79,491,80,18,33,49,86,34,116,107,68,67,87,122,46,20,11,32,363,22,41,49,24,37,8,92,54,9,16,249,206,24,30,77,8,208,191,26,46,84,15,89,417,10,73,16,35,123,44,43,46,128,40,21,173,50,40,111,31,44,1,96,87,313,98,62,35,40,100,27,59,69,70,194,92,15,37,11,128,35,35,65,28,125,101,15,69,41,155,62,36,54,25,77,23,42,69,81,49,15,11,93,60,162,67,71,78,74,27,31,25,148,81,292,76,236,97,48,29,312,121,29,45,326,328,111,24,35,348,141,51,126,34,174,25,15,5,30,55,26,70,69,27,124,5,223,134,122,12,41,35,289,71,21,64,375,163,69,74,27,57,17,127,21,91,382,17,149,16,328,119,59,453,99,123,95,231,112,12,55,40,68,39,50,6,334,20,388,20,51,199,20,193,217,209,71,7,68,195,261,128,199,83,43,73,33,156,150,27,15,40,78,67,62,19,82,8,159,11,164,241,69,68,20,22,258,110,57,15,318,57,100,31,141,22,57,55,155,89,96,125,23,25,183,207,23,131,74,67,127,40,142,280,30,66,68,47,68,306,31,47,112,150,323,198,136,59,18,233,140,76,187,34,129,66,132,149,117,63,52,10,57,32,62,157,15,389,277,25,17,133,64,37,53,21,43,9,118,174,25,17,193,19,61,188,101,120,142,61,85,89,48,22,105,18,21,39,33,108,53,16,19,15,119,138,148,288,24,52,62,36,279,40,31,98,69,6,113,377,48,38,23,33,210,55,18,25,259,101,177,332,36,38,61,16,117,65,156,25,40,306,80,68,268,52,268,79,58,163,131,12,74,29,41,9,201,69,211,58,217,30,29,49,84,101,111,102,7,106,406,75,30,8,146,37,39,88,80,44,30,85,7,112,85,88,177,160,28,476,14,11,59,59,133,116,23,178,26,146,16,23,74,118,29,82,70,26,50,176,23,202,24,69,129,102,56,83,9,101,31,39,61,402,155,75,16,89,46,12,425,37,34,40,135,6,56,94,38,108,70,46,94,37,78,45,27,127,150,33,33,22,189,66,177,18,61,21,43,26,110,30,94,78,319,40,127,55,56,19,24,70,36,34,54,49,7,206,61,34,155,184,36,239,145,25,189,103,89,98,47,56,47,124,112,47,81,53,2,51,20,19,34,120,135,92,35,40,170,54,56,197,100,47,68,113,123,215,83,43,53,26,27,34,117,64,41,27,195,28,19,46,133,53,118,18,91,93,71,60,53,4,17,50,27,59,29,68,411,33,109,28,38,273,30,34,23,465,75,43,26,9,30,211,15,191,160,31,31,104,79,213,87,19,57,34,55,9,49,141,237,28,215,30,51,11,82,38,18,137,92,21,45,60,86,358,79,86,58,25,126,93,77,10,111,94,133,118,43,213,50,148,88,23,12,35,15,26,26,120,19,277,344,36,67,150,105,90,81,96,122,61,14,118,46,8,78,28,26,113,457,122,331,379,34,142,47,23,31,43,37,24,55,62,325,136,32,48,129,56,89,81,123,65,74,55,194,19,36,20,66,36,29,176,174,62,118,30,42,214,257,9,39,152,86,51,54,149,29,41,33,144,22,200,82,46,20,463,62,18,109,190,72,105,40,31,191,12,49,96,186,100,39,21,52,45
66,135,22,169,15,25,29,378,97,93,21,133,87,264,195,55,47,26,308,27,62,14,53,54,65,119,28,44,44,7,678,92,18,26,46,17,122,77,143,17,49,174,320,44,146,523,19,96,32,28,140,89,84,112,26,45,5,58,24,292,67,25,569,61,63,18,123,6,155,12,55,48,44,36,75,47,197,12,177,26,194,118,82,71,16,78,71,46,50,30,54,22,69,36,176,58,89,13,92,44,8,147,106,83,42,14,85,55,154,178,19,88,114,8,16,94,108,161,10,389,53,167,575,108,31,317,125,36,12,35,51,80,24,121,341,60,23,36,147,57,117,25,22,200,106,80,79,40,144,341,43,32,105,90,13,54,9,33,7,129,49,201,39,34,38,305,32,169,23,69,45,236,38,38,273,291,42,45,13,28,73,241,64,62,46,16,57,76,54,18,72,214,50,24,8,102,37,192,94,79,36,83,47,146,219,24,44,13,423,43,26,78,46,66,239,110,113,10,24,30,307,104,125,27,87,101,62,49,101,118,79,89,112,187,34,14,81,16,52,67,398,63,211,475,148,331,22,13,136,147,39,241,90,43,22,251,124,107,42,66,24,52,10,31,644,80,553,92,21,25,33,66,36,96,120,63,71,96,120,37,29,16,27,346,22,43,58,25,38,6,113,67,12,13,256,176,24,41,74,11,217,193,37,65,101,24,73,425,6,78,24,42,112,42,34,33,109,38,20,156,61,46,112,20,48,2,98,105,334,97,80,33,42,115,40,50,68,74,226,83,11,28,11,142,40,37,63,30,140,111,20,65,33,140,56,27,55,26,85,22,42,51,72,40,23,10,78,79,155,67,60,81,86,25,31,38,155,111,285,69,236,86,42,53,310,127,22,38,350,344,109,24,30,335,144,60,144,32,183,23,16,5,22,49,23,55,64,30,130,9,181,131,120,10,40,44,269,69,32,56,410,153,70,78,35,75,26,135,18,99,428,26,165,24,318,115,47,430,88,121,101,185,114,18,53,54,55,23,50,13,285,19,384,14,57,202,24,187,216,225,63,11,73,215,248,142,192,108,35,61,37,176,139,20,14,52,83,54,55,24,70,7,158,6,151,258,84,57,29,25,241,104,41,20,322,47,88,26,139,28,48,62,187,91,108,126,12,37,173,208,15,151,98,82,140,54,114,313,32,69,74,55,61,243,30,62,116,166,329,222,140,40,19,227,145,68,174,31,134,87,142,135,117,64,54,18,54,44,79,136,17,330,295,33,9,149,75,31,26,13,55,22,148,178,20,21,198,21,62,189,101,124,138,45,73,90,65,29,105,13,25,42,39,103,33,29,10,14,94,114,142,293,24,48,59,32,302,38,38,112,72,6,107,380,42,34,12,32,220,57,17,26,230,108,176,305,37,56,63,11,104,49,173,27,30,334,64,72,238,73,295,76,62,151,122,12,53,20,29,12,204,54,210,50,229,23,29,30,65,94,112,122,10,99,413,73,21,4,159,61,44,70,103,42,30,85,10,130,84,84,170,177,35,477,14,16,64,46,140,139,17,144,19,125,23,14,74,131,26,80,52,29,50,167,38,195,28,70,106,96,59,76,11,81,34,47,58,465,153,84,21,90,45,9,401,26,41,32,97,11,59,91,33,105,75,57,78,37,76,24,28,105,155,31,19,23,199,57,210,20,65,15,42,32,94,30,98,81,368,24,111,45,62,22,23,65,25,31,59,66,8,213,69,37,165,150,28,227,150,16,212,100,83,90,44,55,57,100,119,52,74,66,7,54,20,22,37,123,152,109,27,40,164,64,38,191,76,42,80,105,109,218,90,40,64,27,29,29,104,70,31,38,184,20,29,40,143,39,113,24,122,107,50,63,43,13,17,46,34,64,35,70,399,32,114,30,39,253,28,40,26,454,74,34,26,9,35,187,15,224,149,30,25,103,90,197,83,15,60,29,50,15,39,153,243,25,234,27,70,13,81,37,27,135,74,13,52,60,73,381,65,59,65,26,121,96,82,14,128,94,104,112,46,232,63,187,82,33,7,43,21,37,30,132,26,256,341,27,61,143,109,85,65,75,101,72,19,118,35,9,60,40,29,123,452,103,367,360,46,156,36,20,30,43,49,18,48,58,315,126,36,51,112,63,74,76,107,56,90,48,191,19,31,19,53,40,39,189,175,71,125,32,53,216,271,10,26,159,111,53,51,141,34,45,33,135,26,200,60,57,14,456,65,17,122,169,78,117,41,26,214,18,50,119,197,108,50,27,58,43
46,110,21,154,19,31,28,363,83,93,17,140,84,274,188,50,38,29,285,14,63,17,49,45,56,128,33,46,49,18,623,77,15,20,50,12,94,65,144,20,43,154,322,46,145,574,13,83,35,28,152,99,80,114,19,68,4,55,29,282,77,28,548,52,55,16,110,10,156,11,38,42,37,37,86,49,198,7,190,26,174,114,78,72,12,68,60,57,31,40,51,13,73,25,174,56,86,11,89,29,8,127,102,95,37,20,82,57,135,182,16,94,89,8,17,101,99,155,16,354,63,147,544,105,14,286,115,23,15,32,33,97,15,144,372,53,23,35,129,55,104,26,17,188,89,79,71,43,153,335,38,31,100,73,12,42,8,30,2,136,53,197,43,39,37,284,17,172,18,64,52,246,37,35,264,279,40,37,16,28,93,243,44,69,49,23,48,88,53,15,67,223,42,22,7,110,40,160,102,82,25,65,62,140,220,20,51,16,425,47,20,70,51,63,258,106,117,14,33,36,271,79,128,17,61,98,75,67,117,138,72,76,109,200,30,12,92,15,42,58,390,54,173,433,149,297,29,10,127,154,30,234,79,40,25,227,124,114,48,70,28,41,5,36,551,72,462,84,28,32,33,73,31,96,137,55,59,86,101,39,27,23,31,342,22,31,53,28,41,6,120,56,10,8,235,182,17,39,93,3,203,227,33,53,107,22,89,387,6,87,33,32,113,31,38,44,96,38,15,148,51,33,107,24,42,5,99,89,321,78,75,43,33,80,32,39,75,66,229,80,18,25,14,126,42,32,73,21,142,118,23,66,48,142,48,30,43,19,71,24,40,64,76,21,10,9,89,77,151,57,61,45,75,33,26,42,145,104,254,82,207,75,54,49,292,131,27,31,367,323,93,25,24,326,151,61,114,39,194,28,31,15,21,63,29,59,85,30,112,10,208,158,104,11,49,31,317,76,36,52,398,150,57,83,27,65,25,140,18,83,381,20,150,23,300,111,59,435,94,120,91,199,120,19,68,48,65,36,47,11,287,11,352,16,52,186,29,173,216,224,64,13,52,181,263,131,187,116,27,61,30,158,112,14,12,38,96,49,61,20,74,7,162,12,134,247,71,61,25,16,254,108,52,21,317,52,91,34,134,31,41,56,186,105,108,126,22,36,156,214,16,158,96,84,136,46,123,256,28,69,82,37,49,269,22,72,113,146,288,212,136,61,29,232,143,61,189,32,100,75,123,129,100,58,53,22,46,38,52,128,12,323,270,37,13,144,51,28,34,14,34,20,127,167,26,20,174,24,56,179,88,131,123,59,79,85,61,20,106,12,21,47,55,107,36,24,26,9,109,120,155,295,23,74,55,34,279,37,32,86,59,11,118,354,22,35,14,35,204,54,23,22,254,123,172,330,35,40,70,14,111,63,161,30,31,312,80,80,215,59,213,70,64,147,153,18,50,19,19,8,173,60,201,33,200,17,28,41,92,89,100,88,7,87,375,67,20,5,137,47,52,94,91,45,36,105,6,128,102,90,160,187,33,493,22,10,62,57,127,153,19,137,31,123,16,28,79,125,34,89,71,23,48,164,38,161,25,65,122,79,72,87,8,80,42,42,47,428,141,73,19,94,43,12,390,38,30,34,107,12,68,112,37,108,72,63,78,37,67,28,28,105,149,38,27,28,188,46,197,23,58,23,29,26,93,27,97,79,328,30,107,58,46,18,25,73,38,27,47,66,5,234,55,60,141,153,21,229,143,22,189,96,87,87,37,63,42,123,135,45,79,67,1,41,26,18,55,149,130,90,33,35,146,73,34,204,111,46,77,90,108,197,64,46,42,28,26,32,112,51,47,25,195,20,21,33,140,54,121,25,96,108,40,76,40,14,20,56,32,74,29,60,408,33,131,28,58,205,27,33,32,435,78,55,36,7,36,217,14,194,150,45,23,119,60,199,74,18,45,30,43,13,36,141,215,23,192,27,65,9,74,43,21,127,77,19,42,58,95,329,69,85,72,22,103,86,69,11,112,110,112,107,42,215,56,175,67,30,15,49,16,33,29,150,18,263,321,29,61,130,108,96,68,92,87,68,8,149,37,10,63,26,21,115,431,91,344,362,30,168,46,15,31,62,48,25,53,56,307,144,34,40,106,61,83,60,94,51,93,58,188,24,33,20,54,34,48,197,160,73,123,39,56,190,298,10,31,134,100,43,49,131,33,45,39,117,23,210,88,44,13,455,60,20,110,168,74,124,35,31,214,22,44,99,172,106,28,22,56,56
43,110,29,187,24,26,17,383,103,96,21,126,114,269,197,42,40,29,275,24,63,20,59,59,61,138,20,30,46,20,701,64,11,22,56,15,123,70,155,15,52,182,292,41,158,526,17,97,37,26,143,101,92,85,23,63,7,60,21,313,74,37,552,64,56,17,119,13,137,14,48,41,30,25,75,50,194,8,184,22,189,120,69,68,11,86,46,55,36,37,52,15,58,33,189,63,83,11,95,31,11,139,103,84,31,13,83,73,150,163,16,82,97,7,14,114,66,155,16,377,60,157,577,104,26,337,117,33,12,34,41,76,24,147,381,54,25,38,139,65,124,37,35,174,108,69,81,36,144,335,50,29,110,87,22,42,7,34,7,130,53,208,42,31,38,316,13,188,16,72,41,250,39,26,281,281,34,52,18,29,94,254,55,73,41,14,52,85,43,21,62,247,47,28,9,103,43,162,80,101,25,61,47,168,217,29,26,28,469,47,14,87,44,51,260,114,93,12,42,31,270,104,160,14,67,126,63,58,88,124,70,91,100,206,40,14,72,7,63,71,401,53,163,496,151,353,19,10,147,131,34,232,77,40,30,259,111,131,51,55,25,48,5,46,576,99,514,81,26,20,20,62,36,73,163,53,62,103,120,46,27,11,38,350,22,39,46,19,58,5,128,73,11,6,243,211,30,25,70,5,208,246,35,56,114,19,77,418,7,87,33,35,103,35,37,34,107,40,18,144,62,32,95,25,34,9,115,102,331,93,75,31,35,86,31,38,73,52,215,75,15,30,17,135,46,31,65,26,137,132,33,75,45,134,55,27,50,18,68,27,44,50,93,40,9,11,81,75,174,72,68,52,62,30,19,39,160,119,253,89,239,69,42,41,311,133,20,34,401,326,121,26,25,365,122,60,89,40,224,13,21,12,18,58,29,57,68,28,109,10,193,158,97,8,45,31,282,68,26,47,400,143,75,91,40,88,29,139,20,78,402,24,155,23,273,116,54,440,79,123,93,218,105,20,66,61,75,31,50,10,246,11,379,15,54,190,21,220,258,225,72,9,67,175,282,147,204,110,46,55,33,167,100,13,10,44,107,46,63,29,55,7,177,15,138,266,57,60,21,21,242,101,57,12,291,37,98,30,159,23,33,54,184,85,113,118,19,45,145,199,17,132,117,70,136,50,94,257,28,60,89,46,68,257,32,86,108,171,349,234,141,56,26,261,139,60,190,25,104,73,143,143,106,67,64,19,44,55,49,145,13,353,299,27,11,122,60,49,35,13,42,25,99,184,22,24,175,25,61,165,103,130,119,51,74,77,54,17,107,10,16,49,48,76,36,32,21,16,92,108,146,278,34,72,32,47,268,39,45,96,77,8,97,376,36,39,17,37,194,55,19,34,224,95,174,344,31,46,72,12,96,60,172,31,41,315,79,72,253,57,256,87,73,176,138,23,31,20,36,13,171,57,183,23,207,24,40,31,85,91,107,104,9,98,361,53,26,4,127,43,57,81,98,34,24,110,8,156,93,66,189,183,25,501,16,11,62,67,145,141,25,162,34,124,19,31,86,131,27,104,56,25,59,150,40,137,26,44,118,91,69,83,13,89,35,63,53,465,144,75,21,85,45,8,391,47,37,22,111,11,66,126,24,130,68,62,90,31,86,24,24,122,160,46,27,26,203,64,210,26,61,28,30,27,86,31,110,96,341,24,105,65,41,23,31,84,39,31,36,78,4,228,55,57,135,150,22,230,151,16,201,93,79,91,33,46,35,113,124,51,66,57,4,44,37,28,35,155,142,101,41,51,151,74,39,206,108,39,106,91,117,219,77,39,37,26,14,31,99,60,47,38,229,24,15,48,161,42,92,39,114,101,39,88,29,9,29,53,47,87,31,59,413,36,125,25,42,256,36,37,42,480,71,40,33,7,34,239,21,198,164,30,32,97,62,224,68,20,46,27,60,9,34,147,229,31,195,46,83,12,60,59,29,142,81,14,66,45,97,385,50,80,79,19,104,96,77,18,123,121,120,125,29,186,54,198,78,41,16,42,21,19,22,146,17,249,376,30,81,120,115,82,73,71,107,60,9,156,45,14,81,28,16,118,478,115,381,387,33,160,50,9,30,53,49,10,54,48,276,117,44,34,100,55,75,57,111,75,82,59,183,21,30,18,50,37,48,166,157,72,108,24,54,190,296,12,31,137,91,60,46,126,40,44,37,119,27,213,76,34,20,461,66,17,130,162,88,134,41,25,228,22,51,93,172,122,39,28,59,41
49,101,19,177,16,30,28,359,114,92,20,98,88,251,176,56,46,30,301,22,62,20,47,38,62,148,18,50,47,13,696,74,12,17,46,17,89,54,163,21,57,159,302,49,137,568,7,73,38,21,136,116,83,108,27,75,4,67,24,299,60,48,501,56,36,9,111,11,139,16,49,53,25,34,84,48,174,12,168,25,181,111,63,64,6,73,54,50,40,29,46,10,72,22,159,50,86,12,77,49,8,142,94,87,31,12,76,52,154,181,25,82,87,10,19,107,66,131,9,340,52,151,552,113,22,280,134,28,14,31,36,83,11,138,352,47,32,34,130,59,95,39,25,185,119,67,72,38,145,332,34,23,87,73,11,34,17,28,3,141,55,229,53,42,23,298,14,198,23,74,46,251,46,33,258,247,35,42,17,40,88,249,77,70,48,15,41,105,53,29,55,258,37,29,9,110,41,139,71,78,20,59,59,119,191,14,31,22,418,47,18,67,53,48,233,107,87,22,43,36,247,95,137,11,74,144,78,57,105,123,62,96,126,196,37,17,70,10,63,58,389,49,172,477,162,332,18,13,143,143,42,234,72,32,21,213,133,140,59,78,24,52,4,43,574,79,447,67,23,23,25,44,35,68,152,56,64,66,104,54,15,15,28,380,27,24,33,25,45,7,119,60,8,10,252,201,26,29,72,0,217,231,44,65,104,17,61,370,6,80,33,26,101,23,36,47,86,54,15,152,63,32,90,19,45,10,108,91,294,92,78,38,28,82,41,31,71,65,237,62,6,31,16,140,35,27,62,38,135,118,24,66,34,132,48,32,49,10,83,31,29,45,97,31,16,8,81,64,156,66,58,60,93,28,25,31,157,106,235,73,227,95,47,30,285,132,18,30,376,360,110,28,34,378,127,56,71,40,214,17,19,20,10,57,31,60,44,24,108,11,211,147,90,9,37,29,298,77,24,54,411,143,68,80,44,56,15,134,19,84,398,24,127,17,294,103,66,436,93,127,91,208,101,19,60,66,53,34,37,11,245,9,412,15,61,167,25,213,266,223,57,18,71,155,275,151,199,97,47,49,28,161,93,19,19,39,94,62,74,18,62,4,162,18,125,219,76,62,37,24,275,105,47,9,304,41,92,31,133,32,34,62,186,93,102,112,14,57,161,187,15,138,100,64,140,46,120,245,31,65,93,49,47,265,28,81,95,165,294,243,125,45,42,240,124,39,177,24,111,77,153,148,102,56,64,23,37,33,33,155,15,331,288,24,15,153,58,34,35,17,42,25,85,176,16,26,179,27,48,170,95,136,124,58,68,68,51,17,110,11,22,46,48,89,33,29,22,10,102,97,153,250,34,85,36,41,251,30,43,78,75,5,118,377,29,21,15,30,186,44,12,23,216,97,135,326,40,55,67,12,90,55,148,28,34,304,77,82,256,38,235,84,72,167,123,20,35,20,39,16,161,61,205,22,157,17,29,44,77,83,112,88,9,107,379,52,17,6,122,59,51,80,103,33,26,107,8,123,91,85,171,216,36,545,18,19,52,56,134,154,32,163,26,143,15,40,80,110,19,87,67,15,58,214,28,127,28,57,121,91,72,82,6,88,42,46,59,481,144,94,27,88,49,15,398,41,23,24,120,16,71,120,22,130,59,68,86,34,48,28,25,118,141,43,17,25,181,55,206,24,55,28,26,40,90,23,136,70,324,28,115,51,29,13,30,72,24,39,34,85,9,242,50,69,132,143,22,211,128,17,197,82,80,103,25,49,51,111,136,54,70,50,5,43,31,21,29,156,126,79,33,36,150,80,34,213,100,41,76,109,107,178,78,41,38,19,17,30,93,43,44,34,196,26,14,50,154,53,102,47,85,104,50,83,34,6,21,39,55,96,31,61,407,34,117,22,55,240,43,34,38,461,87,47,35,4,34,227,17,204,171,37,31,102,55,225,89,12,34,32,52,11,32,151,213,34,193,42,77,8,68,52,29,101,68,15,57,47,114,321,55,71,59,14,86,102,78,15,120,117,128,88,25,200,62,176,59,44,18,49,17,29,23,139,17,236,336,25,70,114,112,91,77,80,85,78,5,137,39,15,71,31,13,118,477,77,338,367,47,146,45,13,24,53,61,12,50,58,276,140,27,42,119,36,63,65,102,66,83,56,187,25,18,20,65,23,54,201,163,57,121,46,39,180,256,10,28,156,86,59,53,106,39,58,41,127,30,197,78,46,13,466,68,13,117,167,78,138,35,26,209,25,53,92,157,115,48,22,62,29
47,116,23,203,27,31,31,362,99,93,27,103,81,234,158,39,64,20,290,25,59,25,55,60,60,128,25,37,37,13,725,75,10,19,49,14,110,45,159,29,54,158,326,39,143,549,13,88,40,19,142,112,75,120,35,73,7,59,26,294,72,35,463,48,40,15,97,13,134,16,54,47,33,30,70,50,186,16,174,17,228,143,76,106,10,83,40,40,30,28,55,6,58,26,161,58,88,8,82,55,8,142,112,104,33,18,83,71,124,168,20,87,81,12,10,131,61,128,11,339,41,150,603,94,22,265,116,44,9,23,34,97,17,147,368,42,37,40,129,56,117,34,21,169,121,77,80,33,145,331,41,32,87,84,16,37,21,41,4,132,61,250,44,32,29,317,21,219,31,62,40,273,43,47,257,289,27,51,23,34,88,273,59,82,35,23,62,96,60,14,53,258,34,39,10,121,44,148,83,83,13,84,63,141,218,24,27,33,464,30,14,88,37,51,285,116,99,20,32,36,304,131,134,26,91,140,73,75,92,124,79,97,135,196,36,14,81,7,81,68,409,52,176,479,155,349,24,19,122,159,41,232,68,22,31,242,142,135,74,50,19,47,2,46,605,88,450,72,24,30,20,35,33,79,151,53,70,89,121,62,24,9,41,359,15,32,33,20,45,5,138,61,11,9,269,211,18,29,75,2,204,238,31,71,126,12,71,408,9,103,22,33,109,24,36,42,97,30,22,163,51,30,99,22,35,15,126,111,370,113,73,28,50,96,46,25,71,75,251,62,12,31,10,168,43,15,62,34,114,130,24,63,44,126,45,43,47,15,84,34,27,35,97,26,16,8,78,59,151,58,66,64,63,32,22,47,134,94,257,83,234,82,41,39,308,132,17,22,341,355,119,38,37,401,133,61,98,33,225,25,17,18,17,60,27,65,59,33,107,15,185,155,110,8,49,32,320,61,16,60,432,173,59,89,34,80,23,159,15,80,430,29,145,26,273,117,71,426,91,123,106,224,96,16,50,80,57,37,49,10,268,9,439,11,78,168,21,210,266,240,64,13,67,176,287,122,207,101,37,50,39,158,77,20,10,31,80,52,72,24,57,0,186,21,132,186,76,47,32,25,236,108,56,12,301,57,80,22,136,24,40,53,187,128,107,115,21,42,131,223,13,144,119,76,121,52,98,240,25,65,76,48,48,292,25,92,89,167,302,252,140,47,31,253,121,67,179,30,108,63,151,157,119,90,89,20,33,38,34,147,11,379,252,18,19,131,52,35,43,18,27,32,100,179,12,27,161,24,54,196,106,114,114,52,66,82,45,17,99,13,22,53,48,92,35,29,22,9,97,90,168,255,38,79,35,48,300,34,46,89,64,6,109,389,33,28,13,24,218,46,25,33,212,91,143,326,30,58,82,7,110,71,143,32,44,326,90,75,273,51,244,87,67,164,154,29,37,13,38,19,163,58,203,29,170,20,22,43,80,93,110,101,9,123,440,49,16,8,137,68,54,70,94,31,28,112,8,109,109,78,171,229,47,523,19,21,43,43,148,158,30,152,32,146,17,28,91,126,23,92,73,30,65,162,35,146,30,63,129,89,79,94,3,70,44,56,60,546,140,91,26,88,38,10,422,50,28,23,110,15,63,108,27,130,90,73,77,21,68,29,20,156,142,50,12,28,173,62,219,20,53,22,30,46,93,33,132,66,318,28,126,63,36,10,21,71,26,26,39,75,10,245,43,65,155,133,17,224,141,20,231,90,99,113,26,56,35,99,142,44,73,55,3,37,32,16,39,195,150,110,40,63,171,96,36,205,82,35,79,140,131,190,80,63,56,25,12,33,92,56,49,39,199,24,29,49,153,57,103,43,111,110,56,90,24,7,16,63,42,100,46,53,429,48,132,21,41,217,24,54,39,450,72,50,35,8,34,224,24,188,166,42,32,84,54,233,79,7,35,34,53,15,39,137,216,33,212,41,77,15,65,50,34,107,83,13,54,53,117,347,57,71,55,21,99,108,98,23,133,108,119,92,27,198,52,186,69,47,16,40,25,23,19,161,27,251,321,24,69,124,138,99,69,55,101,62,11,122,37,23,95,29,17,113,465,74,365,396,48,136,41,21,25,47,75,13,59,48,277,108,29,45,114,41,84,60,88,40,95,51,205,10,23,23,68,32,48,187,147,68,109,26,37,198,282,6,30,151,103,58,40,105,24,59,37,135,22,215,80,31,22,479,56,10,118,181,70,130,39,22,188,22,47,97,192,107,53,27,62,29
50,105,24,178,22,23,29,405,101,81,22,98,84,249,120,56,42,26,313,33,46,21,69,85,50,138,29,48,36,20,694,66,14,20,49,18,72,55,154,22,52,179,328,54,127,560,7,90,41,26,128,122,84,138,45,89,10,72,27,316,78,43,492,47,34,17,93,10,119,17,46,36,15,24,68,36,171,15,154,21,204,148,61,91,4,65,54,58,34,32,43,11,55,19,149,66,88,18,94,53,7,135,88,90,32,21,84,64,169,149,20,74,80,10,14,106,51,147,7,360,45,158,639,91,19,288,140,46,25,23,42,104,18,148,354,37,39,42,115,58,86,39,33,166,117,64,83,29,155,337,41,26,101,77,10,34,18,36,7,142,66,224,35,34,24,290,20,195,25,80,29,263,46,31,268,297,31,67,25,27,94,261,74,85,46,29,51,103,77,24,67,264,47,27,19,105,52,175,79,100,17,63,56,140,200,19,39,31,492,37,17,88,46,43,300,109,105,32,41,36,280,120,143,35,84,146,53,57,91,137,92,88,146,196,34,16,64,12,46,59,425,47,180,546,154,374,20,19,137,165,70,223,74,31,43,223,116,118,65,62,14,54,3,48,589,91,483,63,29,28,21,35,28,74,168,47,59,93,111,38,17,12,39,371,35,36,38,23,61,3,146,70,10,6,251,196,19,20,70,2,197,246,28,85,113,23,73,408,12,91,25,21,109,26,43,30,104,30,14,148,51,32,96,22,32,10,122,94,324,111,73,39,43,76,42,37,80,59,258,58,13,40,15,134,31,21,61,38,109,126,26,61,44,147,55,43,47,11,79,33,41,35,101,34,18,6,71,77,128,67,52,67,92,36,35,41,148,109,247,74,244,84,43,29,304,141,15,23,343,340,88,28,39,380,118,56,90,35,214,21,12,27,15,61,23,52,62,22,111,21,216,153,112,5,51,36,290,75,21,67,355,153,54,86,40,74,19,153,15,71,433,24,129,18,307,108,59,446,84,121,82,199,95,18,63,64,64,40,48,13,266,3,419,19,81,183,21,208,255,217,47,10,107,169,329,141,191,102,40,59,33,150,67,29,21,33,89,59,80,18,59,2,151,24,138,211,70,61,29,25,258,100,49,12,321,56,77,29,124,24,36,73,191,106,106,119,10,38,156,210,12,160,107,71,133,71,98,267,21,63,90,53,45,289,15,87,99,183,305,240,141,57,30,246,118,61,205,31,95,84,151,184,105,75,81,28,41,31,43,148,18,374,238,11,15,139,65,39,54,30,29,26,102,174,17,36,171,25,38,208,92,117,125,61,66,85,60,22,116,20,28,52,50,91,45,21,22,13,115,120,159,261,35,69,44,52,274,32,53,106,68,3,109,400,31,22,16,35,255,47,20,37,226,87,163,317,38,58,74,7,122,57,153,28,38,329,68,65,263,43,274,118,65,171,148,22,44,19,41,22,184,70,213,24,157,26,36,46,64,89,133,98,9,112,426,46,19,7,161,74,55,62,82,34,21,111,11,127,90,72,209,227,37,579,26,20,48,60,170,138,35,165,26,161,23,32,83,122,23,89,69,23,52,210,34,148,32,51,125,82,76,95,5,68,48,60,71,506,165,76,30,81,32,7,444,50,28,26,117,12,62,124,22,146,75,54,80,28,55,19,34,148,128,36,18,22,181,67,218,21,35,20,30,44,88,41,110,73,317,20,123,72,36,11,27,67,34,24,53,87,14,262,38,74,150,117,25,231,146,15,204,111,85,115,35,55,43,85,143,49,70,37,1,50,37,19,37,210,123,81,50,56,147,90,47,187,90,49,84,143,125,177,89,61,50,21,10,39,86,53,67,43,197,33,24,46,145,74,133,50,97,117,56,75,28,2,24,61,54,95,25,68,443,48,125,23,38,217,34,54,41,453,81,50,35,6,22,234,22,240,156,34,32,77,44,222,76,14,29,34,43,10,40,153,246,22,222,43,85,32,64,63,32,123,87,14,73,39,152,321,56,60,65,21,90,90,97,22,131,88,137,76,17,204,47,181,76,41,15,47,16,28,20,165,32,235,354,25,71,155,129,103,69,74,99,77,12,127,43,24,110,23,22,103,488,74,359,396,51,141,49,23,19,47,75,10,43,36,314,138,17,37,135,46,79,50,93,48,78,45,191,8,31,26,83,40,62,195,157,63,123,38,46,188,248,7,31,129,107,59,49,95,30,71,39,150,33,230,65,39,20,491,63,8,131,180,77,142,31,28,234,16,59,90,163,118,47,21,62,26
45,108,11,154,22,16,24,354,91,78,18,81,72,237,117,53,50,22,276,25,56,26,61,62,54,129,21,38,34,12,641,76,12,22,47,16,70,40,147,28,35,166,338,55,128,548,13,89,46,22,118,102,75,134,35,61,4,83,29,269,72,29,461,30,32,25,97,8,110,14,45,47,25,26,80,40,159,16,170,20,213,133,53,99,7,51,42,45,32,23,43,5,49,24,138,76,78,13,101,44,3,149,88,90,34,11,67,58,137,153,23,70,81,15,20,93,56,130,9,339,28,154,561,78,12,275,132,39,17,34,44,85,19,140,379,39,34,34,116,73,105,32,32,123,116,66,72,22,135,291,39,28,87,70,11,31,17,33,6,108,80,213,28,44,26,286,22,188,23,78,24,254,40,30,223,292,46,47,27,19,97,244,63,91,36,19,36,99,65,23,47,249,49,30,20,91,55,149,71,80,23,69,55,98,213,16,38,28,426,54,18,76,35,52,267,106,93,24,39,32,297,112,134,25,88,136,51,71,73,131,93,77,154,187,29,23,48,16,52,55,385,45,184,456,136,334,16,10,124,155,54,219,47,31,35,237,93,130,58,62,12,52,8,41,591,82,411,61,15,22,27,30,23,78,139,50,58,85,139,38,27,12,30,352,27,25,25,22,53,4,121,52,12,6,228,183,28,31,69,2,170,236,22,68,121,17,81,404,8,112,27,32,124,20,39,27,115,31,20,132,51,32,92,25,30,10,107,86,297,104,66,28,47,92,41,38,81,54,252,45,13,44,20,137,21,13,56,34,112,110,27,70,52,115,40,48,40,15,64,21,35,31,90,29,17,3,68,68,158,63,54,87,84,20,32,29,120,118,256,79,212,76,41,43,273,157,14,17,330,313,99,22,36,362,115,47,86,27,181,20,14,22,10,44,19,42,71,21,96,12,157,127,91,10,55,30,258,60,34,56,360,123,50,80,41,62,24,123,22,94,375,26,103,15,260,92,63,406,76,95,100,188,91,13,45,70,72,31,52,14,302,12,418,12,76,150,25,205,261,225,47,16,112,152,314,101,193,114,36,49,38,164,64,21,22,29,63,76,63,19,58,6,140,22,158,208,64,53,37,29,210,85,51,10,306,55,59,24,131,24,34,54,197,91,100,117,10,52,150,211,12,153,112,91,135,64,81,237,15,45,66,41,40,287,10,66,97,186,280,227,135,48,47,252,120,68,198,39,83,61,144,149,113,63,69,22,38,29,36,121,17,330,209,10,18,125,53,36,39,17,22,19,92,158,15,33,151,21,35,188,95,104,130,58,63,79,35,14,106,10,19,55,45,78,38,33,40,5,75,91,137,245,34,81,40,46,224,50,42,88,66,5,107,365,27,21,16,29,202,46,17,54,221,101,142,293,28,64,58,8,117,72,134,18,31,328,104,73,256,32,257,89,55,181,167,26,37,16,33,11,176,49,177,24,163,17,16,41,62,95,102,77,20,101,420,43,23,9,117,60,46,68,86,39,17,92,10,120,109,81,204,182,33,487,19,23,42,54,173,180,33,134,23,144,14,20,85,125,13,102,60,21,59,173,35,145,25,57,127,85,71,102,8,54,59,54,72,522,145,86,37,77,25,14,440,48,35,20,103,15,60,122,24,123,68,58,65,26,47,13,32,140,124,40,8,25,185,64,200,20,44,24,41,31,84,26,86,58,313,18,109,64,29,20,36,64,28,19,39,86,7,242,52,55,133,97,33,211,137,13,205,108,67,105,21,48,37,120,116,55,60,41,1,34,33,21,31,218,142,77,42,51,145,102,34,158,108,45,87,143,117,181,71,59,38,21,10,52,98,47,48,31,164,24,24,36,175,60,117,50,103,103,51,74,28,4,19,55,22,88,29,73,408,53,118,18,37,207,38,53,44,469,79,57,33,6,21,218,20,199,143,27,25,77,54,233,71,18,31,41,44,15,36,142,235,27,207,30,94,20,51,59,29,112,92,6,52,46,143,281,39,70,48,27,73,70,99,25,119,85,119,68,25,216,55,173,70,43,10,30,28,30,11,141,20,239,293,31,73,138,131,101,65,61,91,55,15,117,38,15,98,29,18,121,478,68,383,355,39,132,43,26,16,33,57,11,30,47,286,115,20,42,121,46,69,50,71,47,64,34,173,12,26,17,62,32,71,154,137,59,107,31,44,171,242,5,28,112,85,67,32,80,23,69,33,139,26,241,59,47,20,453,69,10,99,169,71,119,40,25,197,27,57,77,155,103,56,16,58,21
61,125,25,146,30,17,29,349,96,86,21,79,72,229,116,49,64,28,307,21,42,31,60,79,64,153,28,57,55,15,722,77,4,17,56,15,81,38,170,19,45,156,370,54,175,548,12,79,45,21,115,95,89,141,37,63,16,81,24,293,83,50,499,57,40,30,94,6,131,19,50,53,25,28,81,35,155,31,139,27,248,154,48,83,5,49,48,52,25,26,60,13,66,31,143,67,104,18,94,48,7,155,94,107,34,26,67,48,145,175,28,83,94,15,11,116,61,141,10,370,43,185,589,99,11,308,138,42,23,39,36,88,22,120,370,32,43,34,95,62,79,30,28,159,113,61,56,19,138,378,35,23,112,83,11,32,22,29,8,138,67,240,39,50,33,304,31,203,22,80,32,244,45,40,269,344,37,57,21,24,105,273,73,70,38,26,47,108,69,29,48,252,49,26,29,83,54,187,75,104,29,68,67,126,204,16,58,34,469,43,21,89,42,59,280,107,131,24,37,30,287,139,128,36,96,113,58,57,94,136,90,68,133,212,32,28,64,11,59,62,404,44,179,515,114,343,27,20,167,165,68,223,59,23,44,247,119,122,64,62,24,63,5,44,636,74,463,61,25,25,28,31,36,78,163,52,62,111,137,46,23,16,40,375,41,29,24,28,47,7,139,63,25,6,253,215,15,31,79,3,188,266,24,53,110,23,84,411,10,125,27,32,121,30,41,27,120,42,19,146,64,21,121,18,35,9,139,76,353,98,67,30,45,102,38,31,99,61,260,56,17,43,29,143,27,15,61,39,115,127,26,78,54,131,59,57,41,25,76,17,35,35,98,37,16,6,79,68,155,65,58,77,94,25,41,32,129,122,285,61,231,68,29,44,308,158,4,19,366,346,107,32,35,400,104,40,112,31,217,25,8,24,14,51,26,58,95,28,106,13,166,141,101,6,53,30,307,66,44,56,363,130,63,84,40,63,32,138,18,93,447,22,117,23,266,90,68,363,97,98,94,189,105,16,65,68,59,37,46,14,297,7,427,13,56,176,29,176,244,251,53,15,107,165,364,123,189,110,50,58,49,197,83,27,15,28,61,80,71,25,65,5,165,16,171,210,81,60,25,27,193,86,50,13,322,50,77,20,133,34,30,70,210,104,105,107,20,38,153,214,13,165,110,70,145,66,81,251,26,63,82,48,24,305,12,68,86,207,344,238,135,52,43,239,155,48,235,31,105,84,154,183,123,70,76,28,47,26,41,137,11,340,230,7,20,133,66,49,51,14,23,23,97,169,18,32,161,25,48,199,96,124,119,50,53,85,37,20,95,19,23,41,44,64,46,19,31,12,99,109,144,247,36,73,36,47,240,50,44,111,71,4,101,369,35,29,21,29,234,46,14,42,250,101,129,326,39,69,72,7,119,70,174,25,33,346,85,86,232,26,239,97,75,176,142,25,44,21,40,21,181,54,187,28,167,19,27,39,63,111,133,113,16,92,426,38,25,5,126,70,48,74,97,40,24,84,11,120,99,81,170,245,36,545,31,21,41,69,168,151,32,150,19,152,21,28,93,135,24,86,47,22,75,177,46,140,23,66,148,93,80,101,11,73,60,52,74,619,155,76,30,101,27,21,461,50,27,18,102,24,66,135,35,154,69,60,74,22,60,23,28,146,143,41,15,26,178,67,197,21,50,32,30,30,75,17,77,77,298,21,121,58,29,17,35,66,19,33,42,96,9,261,40,72,182,96,32,236,136,25,191,120,72,91,36,51,47,103,154,50,61,36,6,29,36,15,31,237,140,104,41,48,175,94,34,203,90,42,94,154,98,188,71,60,48,28,12,37,98,47,56,38,243,26,26,46,170,50,107,57,121,125,70,82,20,12,24,55,39,83,38,70,496,66,136,17,35,229,41,53,27,441,74,56,38,5,23,223,17,202,157,35,31,87,39,213,86,29,33,46,60,19,44,159,238,18,214,32,82,24,71,65,43,122,115,14,63,53,143,298,42,71,61,21,75,79,117,31,113,73,129,76,23,220,53,172,91,52,17,44,23,32,20,142,26,286,310,31,75,124,138,91,65,79,117,75,15,124,44,19,105,25,19,146,514,57,344,365,29,159,49,33,16,41,66,9,47,35,302,127,26,39,110,60,85,46,87,60,79,40,200,4,28,23,66,37,81,180,148,63,95,48,43,184,248,8,31,131,102,66,49,82,26,81,41,138,39,223,47,34,15,483,80,14,106,179,72,122,33,26,201,21,45,101,174,123,43,16,71,24
63,140,18,158,31,25,31,350,87,87,22,78,74,236,116,54,74,28,294,27,41,34,59,65,46,150,34,60,44,4,714,77,13,14,36,18,74,43,199,21,59,165,327,61,138,477,12,95,40,27,116,120,70,113,35,72,4,76,30,278,60,51,474,39,33,24,69,4,118,21,47,57,22,26,88,36,161,23,164,20,250,165,48,102,15,63,41,44,22,27,51,16,70,29,172,73,83,22,93,50,8,152,105,98,26,21,77,54,134,180,32,61,85,8,11,102,55,125,15,366,35,163,586,88,17,273,127,42,15,42,47,91,22,134,387,40,41,38,106,59,91,43,15,170,112,59,68,20,91,334,30,20,110,73,17,25,30,26,15,149,68,228,33,48,29,305,21,185,16,68,32,227,37,27,278,313,35,54,18,21,104,265,71,88,54,24,44,97,54,31,53,262,60,30,26,76,50,178,82,76,27,86,61,120,214,17,51,37,420,54,24,96,47,64,278,75,95,29,45,34,251,137,143,29,102,126,58,60,84,130,79,64,132,190,23,43,55,14,63,51,422,34,203,454,113,352,22,8,136,171,49,201,47,18,44,250,123,115,76,61,20,52,5,57,635,73,470,49,17,21,33,27,33,85,161,52,60,81,113,54,27,11,41,375,45,31,23,24,42,6,139,44,20,5,229,207,20,36,71,6,175,260,13,66,105,19,75,439,10,102,20,41,111,12,36,39,96,39,15,131,47,20,96,19,30,12,96,64,354,115,64,25,44,98,45,35,81,42,243,36,16,31,18,151,27,14,67,37,116,120,26,64,43,107,62,40,47,13,70,23,18,33,77,43,23,1,73,67,151,70,47,72,101,28,43,23,135,133,231,58,234,76,32,49,278,170,7,21,346,334,136,24,45,401,131,36,90,28,194,33,8,20,16,45,33,60,107,21,104,13,140,122,123,7,54,27,287,67,29,62,355,129,64,84,34,87,27,149,25,81,435,21,105,11,250,87,69,398,78,109,75,196,107,14,59,63,55,30,47,12,331,5,420,27,81,159,24,207,265,214,39,12,104,154,342,119,171,113,27,67,29,196,72,18,9,30,70,54,76,23,70,2,132,22,154,181,67,59,19,18,181,79,51,8,327,43,75,32,139,33,33,84,193,86,97,119,24,43,177,206,12,147,94,78,142,70,96,248,26,50,71,43,35,287,12,62,88,204,319,213,124,53,28,220,137,70,252,30,100,89,128,169,130,65,63,26,44,21,31,121,8,347,222,6,23,122,45,41,56,12,25,24,111,174,11,34,147,12,50,169,103,118,141,60,53,74,46,16,89,21,20,43,50,63,33,30,34,10,86,121,143,276,34,68,31,38,299,36,34,90,76,4,100,368,29,28,21,31,209,35,14,53,227,105,126,319,42,71,58,16,108,66,144,38,27,335,99,85,266,20,238,67,62,163,116,25,37,18,31,15,199,51,192,28,184,18,22,39,60,95,125,111,12,88,452,33,19,9,138,72,58,74,90,32,26,102,7,111,99,68,201,212,36,531,29,29,43,74,173,152,39,154,28,144,23,23,100,140,19,97,61,12,82,170,44,141,29,60,152,97,70,103,13,84,55,33,70,581,125,68,44,85,23,23,448,57,31,12,98,20,69,146,15,133,71,59,77,18,58,14,25,134,143,36,17,29,175,55,223,25,44,32,31,34,79,22,83,59,295,13,100,58,32,14,38,74,23,17,49,105,5,251,28,49,166,89,24,221,142,14,211,128,72,101,33,42,42,115,141,48,54,37,10,39,28,12,28,234,125,89,45,51,160,110,37,173,98,46,87,163,99,174,64,54,42,18,11,48,90,51,72,25,196,35,25,49,153,62,128,60,112,99,52,84,22,12,25,50,43,69,21,76,470,57,128,15,32,230,30,66,38,472,80,46,32,3,20,206,19,226,171,41,27,82,44,226,107,27,44,40,42,20,43,153,203,20,195,28,93,15,63,49,40,136,95,19,55,40,138,325,55,71,61,15,77,86,69,21,143,75,107,82,21,250,59,190,82,41,24,51,29,24,20,132,31,259,308,34,65,132,123,80,67,80,107,72,20,137,36,20,86,27,14,148,499,62,364,358,34,146,44,23,19,35,65,7,49,44,337,129,25,50,116,59,79,63,79,48,61,43,191,8,31,19,61,45,78,175,150,73,103,31,48,185,229,4,27,112,95,71,38,94,27,62,37,128,26,221,61,56,14,440,72,12,115,166,71,139,34,9,200,25,39,89,161,126,52,20,58,33
80,115,27,166,33,19,37,368,103,87,18,86,99,216,136,53,65,29,330,26,37,27,62,69,46,164,42,49,58,5,731,82,9,12,40,33,72,45,178,23,45,138,410,63,160,488,4,92,39,22,150,105,92,99,56,69,10,61,24,311,70,69,537,46,40,29,84,8,139,20,39,65,21,28,70,43,162,21,153,13,252,126,42,105,11,55,45,37,24,21,60,6,56,29,151,75,118,19,101,62,11,161,94,74,26,19,68,60,152,188,29,61,90,15,14,99,47,116,12,421,35,159,610,60,10,302,150,38,21,39,50,89,30,112,411,38,46,42,83,67,102,43,20,170,108,64,63,29,115,317,35,16,135,81,15,34,29,24,19,160,65,204,34,47,28,362,28,205,11,72,28,263,35,36,294,290,26,57,17,17,91,263,76,63,41,27,47,89,73,23,58,244,67,33,26,56,51,185,74,88,30,76,59,115,220,13,42,24,402,68,36,89,55,49,268,84,125,32,46,35,311,127,140,30,130,120,65,75,98,146,95,72,163,221,27,42,44,11,48,50,418,26,180,486,119,345,17,21,135,165,52,233,53,35,40,242,117,120,75,71,15,47,10,48,661,83,422,47,16,19,40,17,32,102,139,44,48,94,146,47,27,14,37,400,51,27,34,22,41,7,131,64,24,7,248,207,23,46,70,3,202,263,17,65,110,21,80,425,10,126,17,36,97,21,29,26,97,42,20,119,59,35,109,23,31,10,129,76,394,127,54,29,34,106,38,36,95,58,271,39,23,49,27,160,42,16,62,52,99,133,29,48,43,137,62,43,49,14,84,22,24,29,96,38,22,10,76,71,162,79,43,86,114,39,44,44,136,146,254,65,278,72,37,42,277,144,19,25,353,359,126,25,58,405,103,34,112,30,205,37,10,24,12,39,37,61,114,18,111,19,172,131,115,2,57,29,297,84,40,74,352,145,46,120,48,86,43,132,21,104,438,19,109,22,249,79,56,397,101,137,71,192,106,16,68,73,57,25,35,9,337,6,421,23,79,158,36,174,248,243,33,17,98,172,330,119,178,124,51,83,45,168,81,33,6,29,77,59,80,33,63,6,161,15,157,204,80,74,14,29,171,97,48,8,314,46,76,30,122,35,31,72,200,95,121,117,19,45,145,228,13,145,94,76,130,81,102,251,29,48,73,37,23,310,9,71,100,185,326,241,134,67,40,260,157,71,269,36,104,85,127,177,153,56,71,26,45,21,38,142,15,390,249,9,23,132,54,45,55,9,18,22,98,168,12,38,164,23,53,191,95,127,123,47,65,82,51,16,93,14,18,55,47,59,36,35,40,13,85,118,135,250,40,65,39,45,248,39,49,113,61,3,110,386,29,24,25,22,216,30,13,62,239,106,106,325,33,54,67,13,122,70,153,25,31,301,98,101,258,18,239,90,67,160,113,21,45,22,36,15,171,51,176,47,181,18,18,39,76,92,135,101,20,74,429,35,24,12,123,58,72,71,71,38,31,135,11,108,88,97,229,260,32,558,30,34,35,77,187,166,33,171,28,167,20,12,122,143,25,92,44,16,62,170,42,154,41,72,150,80,65,116,9,90,51,45,72,575,138,89,41,93,31,17,411,73,44,14,96,34,73,131,27,154,90,73,85,21,69,7,27,140,146,48,14,24,171,86,207,27,42,29,32,27,85,24,77,56,316,28,99,65,35,13,32,62,37,25,40,119,6,245,37,64,185,124,27,224,125,27,219,129,86,117,41,35,48,119,145,36,68,41,8,39,44,12,25,209,137,94,71,50,160,103,42,175,107,52,89,176,103,179,84,60,31,18,11,35,89,59,77,34,206,35,21,55,178,65,143,52,120,94,78,97,33,11,24,48,45,67,41,84,533,61,142,8,22,187,30,71,42,423,76,50,32,8,29,223,19,270,223,26,27,79,41,237,97,30,36,33,53,25,40,150,220,20,192,29,106,9,72,46,38,152,99,12,41,56,145,350,40,72,54,16,81,98,77,21,131,70,136,66,28,219,46,208,101,59,21,46,31,26,28,110,27,246,324,44,58,116,150,67,66,92,121,62,16,135,30,22,94,25,15,160,511,57,331,356,20,150,36,24,16,48,60,6,62,48,293,114,26,73,131,57,101,49,102,57,87,30,180,9,38,27,65,29,78,196,157,65,102,42,41,156,247,8,35,129,101,57,55,96,35,63,33,111,45,248,53,44,11,413,74,19,118,183,77,120,25,14,209,26,40,82,172,116,59,13,57,24
60,105,29,129,29,18,39,333,94,71,14,89,82,224,125,41,70,23,321,24,35,32,60,70,55,132,32,49,81,7,729,103,5,14,29,42,82,35,165,20,42,157,404,61,142,445,7,96,40,29,105,120,90,85,56,67,13,60,36,282,58,61,519,46,48,18,97,6,128,21,39,53,28,26,69,38,139,25,131,12,246,146,32,98,9,48,48,42,17,29,69,8,49,35,174,84,94,14,95,55,7,149,93,78,30,14,49,49,142,203,36,76,85,17,16,102,61,115,15,443,44,174,604,73,10,295,124,49,12,51,41,74,40,93,397,38,44,38,110,62,83,39,21,172,117,54,62,9,112,326,34,25,111,82,15,33,19,23,23,150,77,184,46,48,27,319,29,174,28,71,27,242,28,43,270,305,38,64,24,24,102,266,80,56,44,28,36,94,47,21,39,232,53,24,18,81,57,193,95,80,35,86,65,117,205,16,41,24,413,81,36,95,49,51,253,80,129,24,36,21,279,136,157,35,110,118,78,54,87,148,96,67,132,227,18,46,56,10,39,51,394,20,186,463,118,365,30,13,139,185,61,198,51,37,37,210,146,87,59,79,16,51,6,67,603,67,421,38,17,19,41,18,28,75,131,49,59,83,135,45,22,14,52,395,58,38,32,23,54,3,125,55,23,10,255,181,11,44,75,8,216,272,11,56,139,24,69,443,13,121,17,32,109,16,23,32,83,34,25,138,50,26,106,24,47,5,86,56,348,136,53,23,39,104,39,36,76,49,247,59,14,35,19,155,30,13,73,43,98,104,27,61,38,130,61,53,57,14,81,18,22,39,89,39,14,9,85,71,138,87,44,84,109,27,33,44,131,145,248,71,271,57,45,40,248,165,20,19,343,355,113,26,46,375,110,43,117,21,175,46,10,28,11,46,32,39,107,20,118,13,156,123,101,8,48,23,273,77,41,73,373,154,48,94,49,83,38,115,14,99,443,14,111,22,262,89,75,388,67,129,57,182,112,15,80,56,55,28,52,11,315,9,407,25,103,150,42,187,242,235,40,11,97,183,314,116,193,115,41,81,44,188,64,29,15,39,65,48,71,36,65,7,163,9,146,213,69,54,25,30,187,107,44,5,329,43,66,20,121,40,45,79,174,100,97,101,17,46,145,241,19,152,95,68,135,75,79,270,31,39,63,30,30,305,9,52,82,189,331,232,101,68,29,242,168,66,258,31,96,81,119,166,115,68,88,28,49,26,29,147,7,348,230,11,18,107,61,45,57,11,19,18,94,154,10,31,158,12,49,194,100,114,130,47,54,103,34,13,102,15,21,39,44,71,37,33,43,9,80,111,150,287,43,68,28,49,266,31,32,125,58,8,122,373,21,27,19,27,230,38,10,48,243,112,125,322,43,46,59,9,121,68,170,37,29,288,101,94,264,16,193,53,70,143,129,33,32,20,28,19,185,48,181,23,165,20,28,31,78,79,152,98,18,77,428,38,22,9,113,55,73,79,91,39,24,125,12,101,95,86,206,249,37,586,25,32,44,58,169,144,28,175,23,159,10,9,99,117,25,91,43,11,90,177,43,147,35,48,161,91,64,107,10,88,48,37,72,594,109,92,33,101,15,22,433,57,48,18,98,20,71,142,30,157,64,61,81,28,54,17,19,150,116,40,6,34,168,92,230,26,50,34,39,23,81,21,88,62,320,17,86,73,35,10,32,71,31,21,41,97,5,239,35,56,165,113,23,227,139,32,219,136,96,100,44,45,47,123,172,51,82,29,8,27,43,13,33,201,122,78,72,44,171,84,30,176,100,62,100,192,93,175,83,42,31,19,14,41,89,58,72,34,211,27,21,47,186,62,120,50,100,102,73,85,21,7,24,51,45,72,26,68,488,45,156,14,23,215,28,59,42,419,60,44,37,13,18,209,26,247,206,34,31,69,41,220,95,25,37,28,35,14,38,154,262,17,214,32,91,11,80,34,37,178,99,12,65,44,140,338,58,74,59,16,61,115,58,23,140,61,138,61,25,238,36,193,97,53,24,48,32,26,24,112,34,254,304,35,61,122,124,57,78,78,107,79,24,116,27,17,92,20,12,181,514,60,396,326,21,139,32,28,22,56,62,8,65,45,273,118,20,46,130,59,80,52,85,78,92,30,179,9,30,30,71,36,76,203,156,67,116,32,39,150,261,10,35,136,97,74,52,102,46,49,37,115,43,227,54,49,10,414,59,15,104,165,64,134,18,8,177,28,35,81,201,122,43,24,54,35
80,101,30,162,34,22,42,361,104,79,17,90,91,232,103,44,84,21,327,22,36,38,55,63,62,162,33,53,87,6,762,79,9,16,35,38,86,36,158,19,42,156,399,70,177,495,5,92,54,27,121,102,90,107,51,56,10,53,28,301,63,52,555,45,55,30,82,7,136,18,49,65,27,36,83,50,181,27,138,10,305,122,35,112,12,57,47,37,32,23,72,7,60,42,149,70,94,10,86,72,5,156,82,87,39,26,70,71,140,188,24,65,83,13,25,91,59,148,25,453,54,174,646,51,5,326,145,43,16,58,58,86,38,99,380,38,45,39,105,60,95,36,21,156,124,74,58,17,138,328,29,32,116,94,15,45,26,37,11,171,66,194,47,38,27,329,32,212,16,60,22,224,20,33,315,321,52,53,14,13,75,310,66,68,54,24,47,96,55,33,43,288,62,33,14,68,63,202,102,66,31,65,68,126,224,17,44,28,439,64,29,98,61,51,254,74,126,30,54,26,290,124,172,31,121,121,60,60,70,159,103,80,163,234,22,41,60,18,36,46,371,29,214,501,111,332,19,17,138,217,58,228,57,34,29,239,141,92,72,74,20,56,4,66,620,77,414,76,11,13,44,19,26,93,145,50,66,71,124,45,39,22,65,473,56,22,35,18,49,3,157,50,17,6,266,186,23,45,59,5,249,286,5,62,131,9,77,467,8,137,14,39,105,17,26,29,69,41,19,143,46,29,109,32,50,8,114,80,368,131,53,30,39,93,34,31,86,49,254,43,14,49,19,165,44,12,54,65,107,131,25,52,51,115,53,53,51,11,86,19,24,44,102,49,26,11,88,70,165,94,40,99,116,25,33,45,132,160,254,62,268,57,46,35,307,148,12,22,366,328,80,26,45,442,119,38,110,25,183,36,6,21,12,43,32,49,117,15,104,16,179,129,114,5,71,23,286,79,35,63,389,125,47,116,77,93,34,128,16,93,413,8,107,18,300,82,72,409,71,144,67,201,108,15,81,68,50,20,45,16,330,3,422,29,100,165,49,192,252,263,44,19,107,167,337,119,176,120,58,90,50,220,102,33,12,36,68,51,71,34,77,4,174,10,149,232,71,65,35,43,177,105,44,9,366,53,54,26,141,37,37,68,164,108,104,132,21,55,158,236,19,146,95,75,148,70,85,242,28,50,75,34,27,327,12,71,80,229,336,264,102,58,46,269,172,58,276,44,93,79,127,193,137,80,87,27,34,31,30,150,9,358,240,9,23,120,56,46,69,18,12,17,96,142,11,39,161,28,59,186,103,129,125,58,55,97,39,19,101,10,12,56,37,95,25,40,46,11,90,121,139,290,39,80,27,50,295,32,34,121,63,8,128,420,15,23,21,26,279,45,7,39,248,129,128,284,50,53,50,20,113,78,130,40,27,307,95,88,262,16,201,78,69,154,128,30,43,25,33,8,212,50,171,40,187,18,23,37,70,71,124,120,11,59,458,29,29,11,117,50,74,80,90,40,24,138,13,94,117,74,228,248,39,599,21,42,46,80,208,135,38,185,13,149,16,10,95,117,28,94,44,10,91,169,33,166,38,59,178,95,75,125,13,100,39,41,65,587,137,87,36,114,25,20,443,51,55,12,69,25,65,153,19,180,71,72,80,39,53,13,25,190,107,53,7,36,173,109,240,16,42,31,35,17,79,19,87,56,293,16,90,62,53,5,34,70,36,28,30,112,5,286,36,70,148,113,14,242,168,35,200,119,102,136,39,45,48,145,130,41,70,39,13,38,48,15,24,252,138,87,70,62,166,90,39,197,97,62,103,176,105,192,85,61,34,21,17,34,90,50,76,43,247,23,29,48,187,73,142,43,122,99,75,87,19,1,21,47,34,59,39,70,523,56,141,10,32,187,29,54,36,448,66,52,28,16,32,221,20,251,192,30,20,81,47,266,105,22,50,32,50,26,43,125,247,13,190,25,89,8,74,47,25,177,85,10,73,39,167,357,53,78,49,13,66,111,74,20,146,55,139,63,38,224,41,179,91,45,26,47,37,30,20,95,19,275,325,45,61,142,121,64,64,89,148,78,30,108,32,28,92,22,10,185,540,36,379,348,29,170,25,41,14,53,53,15,62,37,260,119,15,40,138,57,80,52,92,76,98,31,198,11,34,31,55,31,78,217,185,82,105,34,60,190,259,8,19,135,107,53,49,96,31,44,37,129,40,277,56,49,14,421,75,15,105,198,85,124,24,15,191,30,32,93,200,107,40,19,48,26
54,119,28,158,32,16,54,347,118,64,11,80,85,237,132,39,83,17,321,27,35,26,56,65,59,155,40,54,86,19,755,93,5,18,40,44,76,27,156,14,46,167,393,54,155,529,7,86,34,23,116,110,94,108,51,58,12,51,45,265,55,49,572,42,42,29,88,12,133,30,49,56,21,36,85,44,158,19,166,8,282,150,27,121,8,44,49,39,21,28,59,8,61,44,170,68,96,14,114,70,5,142,88,102,38,22,76,68,122,223,25,61,81,24,21,62,58,137,14,429,56,164,618,73,14,302,150,44,11,47,37,79,33,106,406,37,48,44,115,46,64,32,20,162,147,72,35,10,124,340,34,39,112,97,20,36,17,35,18,171,61,189,53,46,26,297,39,214,10,70,35,249,24,39,301,346,41,68,23,24,107,315,61,79,57,23,60,104,60,42,50,297,54,30,14,68,64,182,126,63,37,72,65,120,221,7,49,27,450,89,29,97,52,43,286,74,131,22,48,27,256,117,135,25,107,113,67,60,69,166,124,97,127,227,29,45,50,27,27,46,377,22,224,493,95,313,18,20,141,198,62,237,50,33,27,259,156,87,76,60,24,38,11,90,642,68,455,66,13,20,33,17,37,80,128,51,48,94,125,61,34,23,54,441,65,40,36,12,46,3,130,53,15,3,305,173,10,62,79,0,222,273,5,58,129,14,74,437,10,132,12,43,102,22,20,22,73,54,10,129,46,31,117,20,48,5,106,64,379,128,46,27,47,99,39,35,82,57,232,45,16,43,16,157,34,13,61,65,111,135,31,50,53,126,66,52,61,31,94,20,26,38,84,40,26,12,89,79,155,99,38,83,121,30,38,26,123,140,275,63,243,63,38,39,292,148,15,15,349,317,114,22,50,410,135,39,120,31,180,42,6,21,14,45,33,45,121,21,100,14,174,110,133,9,49,16,262,81,22,81,355,130,48,106,53,105,34,94,15,95,464,14,104,40,277,86,88,426,78,141,67,212,120,23,80,72,59,26,57,17,347,5,408,31,95,169,36,210,264,228,49,16,119,178,307,127,178,118,70,104,37,193,97,29,14,33,54,45,69,40,78,3,174,5,148,212,84,67,26,39,178,119,57,5,336,45,72,25,159,40,29,95,190,98,116,121,16,46,161,264,17,169,77,77,147,69,97,249,30,41,69,35,26,339,9,78,100,205,353,252,110,67,35,263,206,59,267,43,128,108,141,178,151,66,67,18,42,29,25,152,10,338,245,7,26,116,62,33,66,16,14,25,101,159,15,30,167,30,48,225,78,132,121,46,60,121,37,18,101,11,16,55,42,90,24,43,41,6,80,126,143,273,33,74,24,48,285,27,37,114,64,9,106,403,25,22,21,34,281,35,9,41,291,102,112,286,33,50,69,20,117,88,155,40,41,309,99,88,283,23,224,72,58,134,120,30,42,20,33,14,190,55,177,29,195,18,29,32,80,90,134,120,19,66,464,40,17,10,120,51,70,83,96,37,33,163,12,106,100,75,234,245,37,567,29,37,48,61,194,167,48,180,23,168,15,11,104,117,24,104,41,6,93,184,46,144,30,50,158,107,63,116,10,87,40,34,60,662,154,96,32,123,29,24,419,48,49,15,77,31,63,143,24,150,72,62,85,22,42,22,30,167,133,34,8,28,186,107,268,27,42,20,39,21,75,22,85,73,342,16,105,85,47,13,33,70,29,27,33,134,8,280,29,70,178,124,17,239,137,26,211,107,108,130,52,38,56,109,175,39,62,38,8,34,41,16,36,224,104,108,77,61,139,84,34,173,98,52,83,220,110,200,107,59,40,16,13,34,87,54,87,40,227,32,23,42,159,57,135,53,118,72,74,70,25,6,26,50,45,62,32,69,485,45,128,10,26,228,32,55,44,438,55,70,35,15,22,227,20,259,196,29,20,89,36,279,122,27,69,30,41,19,43,159,274,19,210,24,89,8,76,45,34,145,82,8,74,46,155,382,54,87,53,11,66,121,46,22,138,48,141,61,24,239,35,195,102,38,31,45,39,30,19,112,28,273,334,29,84,119,108,63,80,84,140,111,25,89,38,16,84,34,14,145,528,54,369,328,25,156,28,38,13,65,68,14,77,37,272,128,21,28,139,58,78,54,81,77,88,36,205,14,27,33,91,41,59,207,180,93,95,25,51,163,311,8,30,112,93,65,42,98,35,45,43,110,25,235,70,56,8,420,82,20,117,209,90,124,29,14,172,27,41,78,225,119,46,23,71,33
49,125,26,146,26,23,50,307,112,71,14,88,98,247,98,32,91,13,303,20,54,37,42,69,58,160,33,43,94,15,722,76,4,21,36,31,68,32,147,17,42,168,367,62,148,505,16,86,42,25,110,97,98,89,43,61,12,50,40,305,46,46,528,41,61,26,93,8,133,21,45,58,19,31,70,27,152,12,141,4,255,143,23,123,8,37,49,36,35,27,63,6,61,47,133,66,102,17,102,68,3,135,104,95,44,29,85,68,120,196,35,56,80,18,19,71,61,144,12,421,49,210,638,70,12,294,166,42,15,55,41,88,42,100,419,25,51,46,86,37,92,34,24,175,144,91,32,12,118,290,32,35,127,92,12,37,9,32,17,159,79,219,61,47,33,289,35,199,16,67,26,256,29,42,268,347,46,58,28,24,86,318,76,64,40,28,69,108,58,41,46,246,75,23,9,62,64,188,133,81,34,80,54,135,192,10,45,25,432,86,27,91,45,47,242,76,147,20,45,36,247,115,123,33,110,110,66,61,75,148,117,81,111,208,21,49,43,25,31,40,400,34,227,491,90,315,15,20,117,204,56,248,43,38,25,256,150,113,65,92,23,48,10,56,614,75,433,63,15,29,44,25,28,77,130,45,47,79,107,57,31,29,61,438,54,33,35,25,40,10,135,56,12,2,229,171,15,42,42,1,196,287,7,68,149,13,59,455,6,128,11,33,113,13,15,26,96,55,19,135,43,25,105,35,49,12,133,52,337,127,57,27,44,97,43,26,80,59,216,27,11,42,20,181,37,16,78,63,109,103,19,61,49,120,67,56,45,26,98,20,27,42,88,47,31,5,77,55,177,104,51,88,105,37,29,36,117,120,278,58,257,52,34,34,260,155,13,14,363,329,113,18,59,410,131,35,111,22,174,30,7,15,10,43,31,43,110,13,86,15,179,129,124,18,40,25,282,79,23,66,337,117,52,88,76,91,48,96,13,87,439,5,96,36,283,69,64,406,63,138,58,188,112,7,76,55,46,25,34,24,296,5,361,33,78,137,49,185,248,231,63,18,124,161,308,100,176,131,60,99,43,221,92,27,12,44,47,30,63,40,79,3,174,4,147,223,80,63,29,47,196,96,40,10,353,45,39,23,156,39,32,78,194,109,98,121,26,40,180,262,33,172,90,81,185,57,78,230,28,38,73,49,20,329,11,73,92,201,310,285,113,60,56,279,187,64,267,38,122,100,119,181,93,92,75,20,29,28,20,143,12,293,194,9,32,95,65,44,85,13,15,27,103,150,19,44,169,28,49,219,102,138,108,47,54,124,37,14,108,10,11,41,45,76,32,28,49,10,79,119,137,257,30,93,24,55,249,24,27,111,66,3,108,362,11,28,10,26,256,38,13,33,290,121,108,267,28,54,67,22,106,83,150,35,46,285,92,87,289,19,202,56,68,133,106,27,33,17,44,9,203,56,183,23,181,26,28,25,84,77,142,153,16,67,437,33,29,7,98,38,60,81,98,27,27,149,6,109,85,70,221,256,58,572,32,38,62,51,212,146,43,152,17,157,18,12,82,122,16,95,33,5,100,141,37,126,32,51,154,109,86,109,7,81,37,35,66,609,143,81,42,108,15,22,446,54,56,18,89,32,58,146,18,148,65,68,89,34,43,12,28,142,117,44,6,29,170,91,246,20,38,10,41,14,70,21,90,71,291,20,80,63,47,7,25,84,28,38,24,124,10,233,35,62,148,86,11,228,128,23,205,126,114,160,51,35,45,127,173,37,62,40,12,42,41,16,31,225,110,83,63,54,143,78,38,217,101,47,86,229,107,189,106,66,33,16,16,27,89,51,112,32,215,34,18,52,185,69,152,55,115,103,65,78,16,6,26,41,25,60,44,66,522,53,127,13,24,197,35,73,27,410,66,69,24,9,22,229,26,248,176,30,27,94,55,242,107,21,65,20,38,29,39,149,261,12,189,18,82,5,78,37,33,166,81,10,68,49,134,343,64,70,50,18,74,105,65,26,156,48,134,54,21,271,34,176,81,32,29,53,47,36,23,93,40,258,321,52,57,126,119,67,95,92,151,116,17,84,29,17,69,23,21,152,531,44,349,324,23,150,32,35,23,69,77,10,69,38,263,124,23,34,122,52,76,34,95,94,97,36,215,7,40,29,84,29,53,196,176,84,87,32,53,177,312,3,35,123,109,56,50,88,39,41,47,120,17,271,75,44,8,427,79,19,125,217,66,131,35,11,201,23,23,68,190,136,50,30,71,37
67,96,22,139,16,17,42,337,118,66,17,80,101,237,99,26,67,17,291,29,49,26,53,64,61,148,30,29,90,24,741,94,9,41,46,37,77,37,160,15,51,193,374,55,170,514,10,84,42,28,135,89,106,82,47,56,8,51,36,269,42,43,554,30,46,25,100,20,140,32,44,76,31,32,70,24,186,16,180,11,260,148,38,125,5,43,64,38,28,30,64,13,66,46,123,60,109,18,102,70,5,163,103,95,48,14,88,71,114,220,37,64,82,24,17,58,55,138,18,447,58,183,665,55,12,302,193,49,21,56,37,112,29,108,437,31,44,50,96,49,90,36,30,146,145,84,39,10,114,324,28,46,135,77,4,30,8,29,14,150,76,219,64,45,30,318,36,216,17,61,24,220,29,44,286,313,61,59,21,24,118,267,61,68,60,35,64,118,42,44,63,245,65,28,9,57,53,182,136,85,42,55,56,137,209,9,42,24,429,88,25,102,42,57,269,74,132,23,53,23,238,142,130,28,128,132,69,57,71,157,122,85,135,238,18,46,59,18,29,33,429,32,198,512,101,342,13,17,109,199,56,238,42,28,17,274,158,121,61,63,26,30,14,70,618,70,469,61,11,17,37,24,29,90,144,52,52,83,109,53,45,21,48,474,61,28,34,25,36,13,156,64,8,5,268,158,13,64,54,1,220,302,8,59,129,12,57,478,6,111,16,31,108,17,17,27,89,57,17,138,34,31,94,39,52,14,139,69,332,119,44,25,49,123,41,28,71,80,227,41,15,50,16,155,23,13,68,67,74,117,36,54,45,162,55,58,66,28,94,23,29,28,89,47,23,4,68,55,164,116,44,94,106,28,22,29,120,115,301,72,240,79,29,28,253,153,7,27,362,346,111,18,57,449,126,44,130,21,183,43,6,24,15,45,25,41,105,23,104,21,204,111,117,11,59,17,260,83,25,50,350,112,42,86,67,89,40,98,18,96,456,6,129,46,277,93,67,438,74,134,61,208,144,11,79,80,65,28,39,18,286,3,397,31,84,145,39,196,271,253,47,17,125,164,301,111,182,155,56,75,56,233,111,34,11,45,39,36,65,41,76,4,162,11,138,210,66,55,21,38,211,108,51,17,355,42,54,24,169,34,37,89,205,92,93,145,32,68,151,239,20,192,102,84,183,69,78,219,18,41,64,38,22,306,16,90,97,233,316,242,118,69,59,284,176,54,270,48,126,100,126,180,114,84,73,30,27,31,21,133,17,326,229,4,36,93,56,44,77,22,16,37,123,174,21,46,191,30,49,216,115,137,119,68,62,137,36,22,122,8,13,46,37,70,35,20,49,3,83,139,130,287,23,93,31,55,242,22,35,108,56,10,112,393,24,25,12,28,259,43,15,49,285,117,116,290,32,55,80,16,115,75,146,33,54,284,97,103,261,26,232,65,71,137,89,45,48,18,39,6,201,48,204,26,209,24,21,46,90,80,126,155,20,60,443,39,29,1,91,53,75,81,91,37,35,164,5,136,84,75,235,256,44,622,23,44,62,57,194,174,58,165,16,140,14,12,90,122,16,100,40,12,96,147,33,134,29,65,160,123,72,124,6,104,49,40,70,689,144,77,41,119,23,19,437,48,60,11,82,37,60,143,17,133,63,81,72,33,53,19,28,147,118,36,8,27,200,82,274,26,36,16,32,15,72,21,93,55,380,17,97,85,49,12,30,81,47,34,28,123,11,266,48,67,162,123,13,206,117,32,184,117,100,145,51,28,52,115,161,41,63,41,12,47,40,11,29,243,92,92,57,47,155,82,35,185,104,50,82,241,119,181,104,72,30,19,15,24,88,68,105,41,250,35,23,42,206,81,163,83,117,97,69,66,32,7,27,38,24,62,42,78,544,46,105,16,22,230,31,59,28,447,72,60,31,10,18,209,15,279,183,29,34,92,49,283,113,29,74,29,56,32,41,152,239,22,199,21,88,4,81,49,52,150,72,8,75,54,148,385,56,79,52,23,63,72,62,34,146,52,138,70,33,287,36,171,86,48,28,49,40,33,20,110,52,261,298,39,64,107,131,73,76,64,191,119,25,83,27,22,67,34,12,137,573,50,367,355,51,157,31,34,18,79,89,14,73,34,299,109,32,22,143,55,78,43,79,86,113,40,221,8,29,26,103,25,54,213,191,95,106,31,66,197,301,9,42,122,109,89,48,82,28,42,44,134,22,279,71,49,9,457,101,20,104,204,54,112,34,21,217,29,27,77,176,132,60,22,73,33
57,90,31,129,23,21,32,304,117,57,16,72,98,206,94,35,80,17,290,22,42,34,59,50,56,133,18,39,81,23,738,74,14,30,33,38,52,32,164,22,54,180,401,64,142,500,8,71,41,17,130,94,110,94,31,32,4,56,33,277,32,46,569,26,50,17,84,12,123,19,49,55,25,29,76,29,182,17,175,6,279,123,30,108,4,43,74,31,18,31,59,13,51,44,118,63,101,17,102,74,5,166,107,73,53,20,84,67,95,209,33,77,80,25,28,54,58,118,16,422,61,182,634,46,12,267,183,42,21,61,30,106,41,94,455,15,36,54,77,38,74,28,12,151,124,76,42,11,113,322,25,41,117,49,3,20,5,30,18,153,94,196,56,54,27,271,29,197,12,56,35,257,27,35,281,292,54,53,21,21,115,273,48,69,61,22,56,94,48,39,60,233,63,21,13,85,56,186,127,97,29,73,47,137,175,7,48,31,430,103,32,97,39,70,280,74,144,20,55,33,218,144,136,21,106,108,57,58,63,167,123,100,130,223,16,38,40,24,32,35,371,43,191,508,100,335,19,13,106,198,47,242,50,28,17,241,142,102,65,54,34,33,7,53,619,83,442,58,17,24,40,32,23,87,153,45,41,78,137,55,29,30,48,448,50,29,34,13,43,13,127,51,18,7,271,194,18,57,38,7,208,291,8,52,147,16,70,431,16,127,11,26,105,17,9,23,89,70,21,130,31,31,81,27,65,18,149,60,333,108,45,33,48,100,45,38,65,40,233,30,15,55,17,155,22,15,69,54,74,119,32,53,49,159,62,48,60,23,95,22,18,32,97,30,23,3,67,73,174,110,40,87,99,22,38,26,105,109,323,60,230,78,33,24,236,153,8,19,378,356,94,13,61,447,129,29,99,19,171,39,4,22,19,49,31,40,105,16,100,23,187,108,118,16,52,30,261,88,21,59,397,112,53,85,59,86,54,84,10,69,463,2,115,32,304,116,71,424,68,117,52,174,121,10,96,69,71,27,33,19,296,10,442,27,61,136,32,164,246,246,40,22,129,184,297,81,186,132,59,65,48,233,114,23,9,60,51,42,65,23,58,4,159,5,138,227,65,55,30,42,202,99,32,5,332,42,55,33,183,50,26,77,217,93,86,120,36,51,135,227,23,204,77,86,173,59,75,238,28,35,68,26,25,312,12,75,90,221,333,250,97,56,67,264,213,64,281,39,129,91,111,179,104,83,83,29,37,20,22,153,24,318,214,8,28,103,48,56,70,22,15,33,120,171,17,34,169,30,47,240,97,142,107,57,59,133,43,14,114,17,17,57,55,80,39,26,38,5,95,127,176,309,25,72,24,55,246,30,35,94,53,6,106,378,22,31,13,24,231,33,17,41,276,119,111,284,24,48,66,16,107,79,145,37,49,260,97,100,274,20,207,70,66,147,100,34,56,26,42,10,205,46,163,28,185,24,20,30,72,81,133,138,15,55,462,43,34,3,92,58,62,86,82,41,22,139,3,118,84,83,193,262,39,570,27,40,45,54,223,139,49,168,8,146,10,15,88,130,5,89,32,8,97,153,38,144,30,50,187,111,78,113,9,101,45,46,58,621,130,79,45,128,14,25,463,55,54,13,79,30,62,134,16,121,50,82,67,38,39,9,36,161,111,36,11,35,160,81,268,25,30,10,36,12,64,30,100,60,340,18,81,67,37,11,29,78,38,27,29,118,5,257,40,55,144,88,12,222,106,26,171,95,113,127,53,37,48,121,163,30,52,53,6,33,46,23,28,198,95,72,55,43,150,60,41,180,92,41,56,243,99,207,130,63,30,25,16,23,93,56,102,39,224,37,30,51,199,77,166,78,119,103,97,71,16,7,29,41,22,72,47,79,535,41,130,12,21,228,37,63,36,423,50,61,32,13,23,223,24,251,176,28,27,70,49,278,122,22,67,26,41,24,29,118,282,21,197,17,88,5,93,50,41,155,74,11,70,46,120,322,57,76,55,19,51,80,64,38,147,55,139,70,40,224,39,158,89,44,23,40,43,28,12,105,52,256,329,43,52,111,124,84,72,61,151,119,37,68,23,15,54,29,19,162,551,32,376,364,34,151,24,25,23,82,66,10,88,43,321,118,37,15,131,40,75,39,73,92,96,36,235,8,35,20,107,43,60,175,217,96,97,33,58,171,306,6,35,117,109,78,55,74,30,35,50,132,11,289,70,45,9,439,109,18,120,186,55,84,29,17,202,31,26,59,189,118,44,33,59,32
56,103,35,142,15,18,23,338,139,61,18,76,91,251,108,46,87,26,292,36,36,32,62,57,48,177,19,41,107,21,775,74,8,30,44,35,63,31,183,13,47,211,397,43,153,513,8,88,42,35,130,88,102,82,38,41,8,58,39,246,39,55,621,25,52,20,84,14,140,22,47,47,13,32,71,34,221,16,161,6,267,141,35,101,7,43,89,24,25,25,66,11,44,37,133,64,108,14,90,82,1,182,113,90,44,15,99,57,79,200,38,68,85,41,15,79,66,149,17,453,77,199,731,47,15,240,190,39,13,54,34,110,32,119,453,20,44,60,100,40,82,41,20,151,133,83,28,10,122,277,22,61,108,55,5,27,11,35,27,180,102,199,62,53,31,297,20,179,17,52,38,216,27,36,261,283,67,45,29,28,104,271,57,58,69,19,49,111,50,33,36,226,78,29,15,72,52,186,130,84,34,58,41,134,206,7,45,39,398,108,24,76,44,43,284,73,140,27,51,29,232,135,137,26,108,107,79,49,69,169,131,103,144,230,19,45,46,14,24,35,420,34,205,537,98,318,16,23,89,194,78,233,63,32,19,272,167,123,70,61,32,48,15,65,628,60,450,57,7,32,32,22,25,84,153,36,52,84,151,59,38,30,60,430,52,35,38,22,38,12,142,47,24,14,280,177,20,67,52,5,199,291,8,51,146,15,69,413,16,109,8,40,113,21,16,9,73,68,22,144,45,32,91,32,52,22,154,53,357,119,58,29,51,106,33,23,77,62,217,29,21,52,14,161,26,19,90,73,73,135,28,67,56,145,64,51,46,32,113,19,25,35,121,40,26,3,76,76,183,127,72,76,75,28,43,31,108,140,341,66,211,75,23,22,254,149,7,26,373,359,105,15,40,492,108,31,114,29,172,36,1,22,15,43,31,53,112,14,108,29,215,118,114,13,58,28,294,85,20,54,383,125,60,81,70,96,42,87,20,80,455,7,125,31,327,91,75,415,88,132,56,204,128,10,76,93,82,24,40,16,295,14,438,36,69,145,40,200,302,256,38,30,136,176,307,103,189,119,42,55,47,260,127,21,13,57,57,51,56,27,79,2,161,9,137,219,75,53,28,30,188,120,46,8,348,46,42,29,163,46,35,89,214,101,91,107,41,51,150,246,15,196,102,95,178,61,60,245,38,17,80,15,28,332,11,72,92,199,314,250,90,66,52,280,213,58,288,45,121,101,120,213,116,88,87,38,34,30,28,143,13,372,178,8,17,82,64,41,76,22,17,30,97,150,9,39,186,31,57,236,123,150,114,56,63,101,38,19,116,27,20,75,38,56,40,38,40,12,86,140,176,334,23,58,27,53,239,21,34,83,82,8,119,368,33,27,8,25,247,34,19,54,276,109,101,305,25,47,66,17,110,66,168,32,51,278,87,96,285,16,214,78,74,163,108,40,53,46,43,11,210,54,182,24,178,31,25,41,79,93,126,139,19,65,458,39,36,1,79,62,72,84,92,41,13,179,9,125,104,75,187,274,55,615,18,28,48,69,217,153,51,159,10,150,8,14,100,125,15,98,44,10,95,167,33,132,24,54,156,177,83,112,12,70,35,36,57,626,149,83,38,120,18,19,458,45,61,12,83,36,89,155,18,118,56,105,65,47,45,23,34,161,118,41,5,45,193,101,327,32,37,12,36,15,78,35,90,69,375,19,75,71,42,20,30,80,35,24,29,121,3,309,54,81,162,102,18,233,120,32,190,106,112,150,62,44,53,117,136,32,68,42,8,24,41,30,26,230,90,79,59,46,149,75,36,160,111,46,64,269,108,175,106,73,29,25,9,12,86,61,101,34,264,28,32,32,219,69,171,70,119,94,86,85,28,6,24,32,32,66,41,103,499,43,129,14,19,212,43,65,33,418,62,61,25,10,32,203,18,276,164,23,28,77,51,273,110,28,60,33,50,33,50,133,232,23,205,14,90,2,79,55,33,165,68,9,84,45,130,370,50,47,59,21,72,77,69,24,154,41,129,75,28,226,36,177,83,56,25,48,41,33,19,108,59,226,331,53,63,105,151,83,74,63,165,114,33,66,30,21,58,30,24,142,592,37,398,360,46,170,30,27,31,89,73,7,86,48,323,135,29,24,136,36,72,40,70,110,89,42,267,7,39,30,116,41,60,201,196,77,131,42,66,187,289,10,44,135,107,89,52,97,43,37,54,141,18,288,60,39,9,417,113,18,109,182,47,110,26,23,209,32,35,74,193,125,45,36,61,44
46,93,24,137,26,11,28,299,131,62,22,81,101,248,91,41,76,19,283,24,43,33,54,68,62,160,23,36,91,25,794,70,8,28,49,34,71,35,177,18,54,225,392,51,161,502,8,67,33,24,113,93,119,102,49,49,16,57,31,257,39,39,633,25,42,30,82,11,140,24,40,56,23,19,75,37,241,21,188,3,226,123,39,86,6,52,64,24,23,27,58,7,49,58,133,77,121,18,94,97,9,176,103,76,50,20,88,69,98,200,41,83,76,30,20,78,65,149,10,420,68,157,709,46,14,226,211,32,14,57,40,101,31,98,417,19,39,60,95,48,84,18,24,148,146,107,30,11,145,275,23,58,116,60,2,29,5,26,25,191,115,203,48,54,32,300,34,178,11,69,40,251,31,33,273,297,49,39,44,25,112,312,57,60,62,7,64,112,70,36,45,195,75,17,17,77,60,192,131,72,25,68,40,132,194,10,74,40,390,121,22,94,38,56,294,79,140,36,44,24,225,145,149,25,95,100,71,55,64,146,127,117,126,228,20,35,54,23,34,34,376,39,199,491,94,360,24,18,111,212,67,223,70,38,25,274,153,112,56,73,35,42,12,58,664,68,419,52,15,28,42,30,30,84,145,45,55,60,156,57,31,33,50,436,52,26,36,23,30,10,142,53,18,6,293,188,22,58,44,1,192,270,7,69,152,16,66,386,19,119,16,26,110,20,17,15,87,68,21,133,28,48,86,39,41,27,171,54,325,100,43,11,52,90,36,31,55,60,230,27,15,60,15,174,19,14,74,64,90,118,18,70,53,160,55,42,50,35,100,24,42,34,118,39,29,1,96,78,166,142,65,69,91,26,29,25,123,136,341,62,238,87,22,18,223,139,9,34,401,318,124,12,56,444,90,26,114,27,152,43,11,25,16,36,20,44,131,22,113,23,215,108,136,11,47,23,265,76,22,54,411,135,47,79,85,89,45,84,16,78,414,11,125,38,305,81,70,443,80,114,53,179,118,9,94,73,59,22,36,26,315,17,454,49,61,144,35,177,299,241,45,35,144,173,317,108,215,128,41,65,42,237,118,16,20,68,44,49,60,17,85,5,166,6,141,246,84,51,22,37,174,108,49,9,363,39,32,28,167,38,36,77,237,110,81,119,43,52,137,254,24,189,106,84,188,53,59,250,39,30,73,19,37,372,5,72,108,202,333,270,86,85,61,274,220,75,247,47,134,103,89,200,124,71,90,29,50,23,23,155,11,343,216,16,19,74,61,49,78,20,25,28,109,167,5,31,140,38,48,220,112,122,139,61,60,123,40,29,126,19,30,51,52,67,38,24,43,15,96,139,175,292,22,72,30,46,227,26,21,88,62,10,106,384,32,23,10,24,264,27,16,57,245,123,124,289,21,43,55,21,125,76,148,37,52,264,97,98,276,25,204,77,64,143,129,32,67,30,36,6,204,49,152,24,188,21,20,41,104,83,140,121,26,54,493,50,32,2,87,60,54,88,104,43,18,165,8,118,93,93,214,273,44,590,27,25,68,66,198,168,68,165,7,108,16,12,96,144,12,101,38,3,93,149,42,122,36,40,175,123,85,83,15,93,40,47,71,610,155,76,44,131,20,28,488,36,54,14,69,38,83,139,16,129,55,76,61,34,40,36,34,161,148,44,4,63,201,91,336,32,46,12,37,14,68,15,92,62,386,29,100,63,49,21,43,70,42,23,25,115,5,289,50,82,170,104,21,240,126,27,200,93,119,120,57,49,56,128,148,44,69,57,7,21,59,26,33,201,109,103,57,52,166,74,42,184,90,40,72,276,93,198,107,74,28,37,16,13,84,79,122,33,270,35,25,43,206,74,157,100,111,109,84,95,16,6,40,36,28,70,45,96,449,57,112,22,15,240,22,64,34,457,71,64,18,6,19,230,24,236,189,29,18,56,44,272,121,22,59,30,51,22,38,125,267,21,201,19,80,1,86,47,44,151,71,12,67,48,133,325,53,77,51,22,62,77,63,19,175,57,134,75,21,224,38,174,77,58,16,40,35,30,19,114,56,242,304,59,77,106,153,88,79,63,135,120,28,76,19,26,50,39,25,142,594,44,388,369,39,150,30,34,23,88,70,13,77,37,337,125,29,16,141,50,63,40,74,95,89,41,252,4,45,25,128,47,60,215,194,74,133,48,51,173,311,6,29,111,105,92,67,70,53,36,59,149,21,291,70,37,16,463,107,23,111,195,47,104,39,27,214,30,34,70,193,148,55,34,52,40
32,68,22,133,18,20,29,285,127,60,16,73,97,223,79,36,57,27,269,26,31,27,37,63,48,176,19,34,83,24,719,43,9,25,38,23,56,23,165,18,54,181,338,37,117,408,6,85,26,31,106,95,103,88,43,30,4,63,39,212,32,40,631,14,43,23,65,14,150,25,33,46,25,27,57,24,185,15,159,9,222,103,30,82,8,45,53,16,18,29,47,8,45,39,112,58,96,13,90,79,5,143,98,94,42,21,84,56,74,166,27,76,77,26,14,62,62,125,7,385,64,127,695,61,13,198,169,47,16,60,28,101,21,97,377,19,37,33,81,36,73,16,14,131,130,86,21,16,134,242,11,69,105,59,3,24,9,29,28,185,98,195,56,55,28,237,31,163,15,55,43,237,23,20,242,260,62,41,33,26,105,254,52,63,64,13,38,105,57,39,40,198,54,15,14,87,50,178,104,77,22,66,34,131,185,8,47,35,367,111,16,76,37,36,245,90,118,37,44,17,212,144,154,29,89,95,60,40,48,124,125,82,116,235,19,24,45,14,34,29,364,39,164,498,79,303,22,11,109,175,64,193,64,34,25,258,155,105,57,59,18,22,17,53,567,62,364,45,11,30,31,37,16,94,118,33,60,59,145,51,33,30,47,407,27,22,30,19,33,7,115,52,17,5,250,128,25,59,36,6,178,268,8,54,134,13,50,397,14,99,9,34,115,23,25,13,87,63,25,139,25,37,81,32,52,28,167,67,301,82,43,18,45,99,35,25,45,57,197,29,27,54,15,142,23,17,67,46,81,111,25,57,50,127,51,32,37,34,103,14,39,25,81,43,23,1,76,52,169,104,55,64,82,27,24,30,92,115,318,37,200,85,17,12,227,140,6,35,335,301,108,18,39,436,93,23,99,20,137,39,11,26,18,32,25,42,111,19,116,19,208,102,122,11,45,25,271,61,20,41,370,110,47,68,66,67,46,73,15,57,386,11,119,39,258,88,60,404,73,89,58,162,97,5,77,73,65,23,27,18,341,17,422,32,49,142,32,169,278,257,46,27,115,143,272,115,206,115,30,52,37,226,109,14,13,53,24,52,50,14,80,4,161,8,101,192,68,53,19,23,164,85,45,12,362,46,44,14,152,27,35,65,224,103,67,107,34,48,133,226,23,175,99,82,182,45,43,213,31,22,64,18,24,345,5,77,113,160,295,233,77,54,52,263,188,51,261,44,126,110,93,177,96,67,74,19,26,28,18,127,15,301,201,8,17,68,71,39,68,14,18,26,94,141,3,28,141,32,55,215,105,113,117,54,61,108,40,14,122,27,34,49,36,80,31,31,27,11,74,97,136,281,16,54,26,40,244,24,24,84,50,9,95,314,27,17,5,22,296,35,15,40,237,124,105,300,22,53,62,12,122,68,146,37,32,251,90,107,245,29,182,79,69,118,103,29,51,25,27,6,182,47,151,25,178,31,23,28,92,70,121,84,18,65,387,34,33,2,80,47,52,68,81,43,18,154,13,111,93,69,166,276,43,531,14,28,43,76,181,165,43,133,3,110,14,17,103,140,14,84,38,4,87,154,36,109,35,31,167,109,97,95,13,79,36,31,59,552,156,75,42,134,18,25,463,19,48,8,77,31,64,136,16,101,39,87,47,45,44,13,30,147,124,39,7,69,174,70,299,21,37,16,28,15,60,25,76,60,361,21,80,74,57,18,30,55,32,18,22,108,7,255,52,62,167,92,21,205,106,35,192,76,93,116,45,37,43,119,134,32,62,42,8,26,50,21,38,204,99,107,65,48,142,57,32,177,78,28,58,221,104,159,109,51,29,22,15,7,68,74,105,25,244,29,19,37,181,72,151,78,88,92,97,84,19,5,22,45,21,65,29,88,443,42,97,30,15,212,21,67,35,389,77,55,32,10,17,198,19,218,159,21,14,62,56,247,135,18,57,27,33,31,48,114,236,21,180,15,75,4,56,46,37,159,66,11,52,37,124,286,53,52,63,13,57,59,61,24,164,50,107,66,16,190,29,176,73,53,24,41,37,34,15,90,61,192,312,51,51,94,144,82,68,54,132,88,18,68,12,12,62,41,23,132,541,37,346,293,35,141,23,21,28,83,69,11,81,25,339,115,32,15,123,40,56,36,63,88,98,38,239,5,38,31,108,45,59,189,186,63,117,38,60,175,265,7,29,117,91,74,58,69,49,35,48,130,19,259,61,39,11,458,80,31,115,175,36,107,34,29,206,43,31,73,163,125,46,40,39,30
37,78,29,156,22,31,26,342,142,61,15,59,118,244,99,43,79,30,292,22,39,38,52,70,62,228,24,46,90,29,755,58,10,29,44,23,78,28,176,20,54,215,385,45,126,506,5,91,40,22,108,94,108,87,52,36,11,50,35,223,43,41,674,13,34,42,95,11,154,13,39,48,36,42,65,38,221,15,180,4,234,113,54,84,11,50,70,12,31,30,48,17,64,38,132,65,118,25,99,108,7,205,111,90,35,26,99,69,64,187,42,72,77,34,17,84,54,133,8,428,81,165,768,63,13,206,216,56,15,58,28,114,22,95,451,22,41,45,84,34,84,19,19,149,132,99,44,20,124,244,16,75,105,62,2,17,13,28,34,190,87,205,52,44,28,263,36,225,13,49,42,232,31,23,295,265,52,34,46,23,114,307,60,65,64,12,49,141,69,43,42,230,60,12,10,75,48,209,126,83,26,80,42,117,221,5,77,21,430,136,15,88,39,63,280,97,121,27,38,32,195,145,157,19,91,94,52,44,84,159,151,110,153,245,20,16,57,19,40,20,388,42,223,570,97,345,32,21,106,215,63,233,66,37,30,279,161,131,48,52,26,32,13,68,651,67,446,51,12,34,51,32,16,103,138,40,81,55,159,47,24,26,55,441,34,29,39,23,27,11,131,42,10,9,292,160,26,64,34,2,195,279,14,65,134,11,67,397,18,92,14,33,149,44,25,12,62,82,19,164,26,31,87,26,50,30,162,75,354,80,53,19,52,102,30,26,56,63,234,23,34,49,15,193,22,22,86,61,90,104,25,74,46,138,70,36,62,30,104,30,40,23,78,32,33,8,97,62,138,132,71,70,87,25,21,40,108,97,342,42,239,85,12,21,217,126,4,34,380,330,110,8,50,482,105,22,109,22,148,40,10,25,18,35,29,47,113,19,128,22,190,122,142,14,41,20,289,67,23,42,420,150,47,74,69,64,52,95,20,56,418,10,127,36,295,104,63,445,103,113,79,205,116,4,86,104,70,34,36,29,339,13,501,45,53,134,29,200,263,281,30,32,144,187,279,112,209,133,25,55,55,256,112,15,12,52,40,56,68,20,64,1,167,9,129,205,89,47,25,32,175,98,40,9,369,36,40,23,176,44,37,50,228,108,83,118,28,63,133,254,23,202,91,88,168,49,42,251,38,37,62,15,25,403,8,63,122,195,320,250,70,58,58,288,240,54,302,49,160,116,107,196,111,82,66,23,46,36,18,135,20,333,203,12,17,66,77,54,68,15,19,32,88,180,9,36,148,26,49,234,109,135,125,76,69,112,37,32,135,20,24,53,51,61,50,32,47,10,78,117,151,298,19,51,23,57,256,20,32,92,57,7,109,339,30,32,7,20,255,24,9,44,257,113,101,293,18,45,65,20,132,59,180,38,44,284,105,124,255,28,191,85,56,152,126,35,54,43,43,7,199,63,150,19,200,38,32,43,117,89,165,106,15,48,426,46,36,5,83,66,42,81,93,49,12,178,12,134,95,93,229,350,53,621,17,27,58,94,213,167,50,142,8,122,15,20,112,136,12,79,59,3,85,155,43,131,30,38,170,125,83,94,21,80,31,41,76,628,150,91,42,146,21,18,479,19,52,11,75,38,74,159,20,123,51,99,49,53,56,29,29,156,136,49,8,57,218,87,348,31,50,14,39,19,70,30,126,52,371,40,103,73,40,27,36,74,43,26,23,114,8,301,56,91,157,97,21,247,114,36,199,92,114,111,55,38,65,154,113,34,66,47,10,21,54,25,31,195,112,97,58,61,125,53,33,221,87,31,59,233,102,194,123,64,24,32,14,15,70,60,108,41,263,31,18,43,234,77,142,84,103,109,96,102,19,6,46,32,19,68,52,64,519,62,99,25,15,207,31,79,32,442,61,53,31,19,16,231,22,231,181,25,13,69,65,295,126,23,49,27,37,28,48,140,282,18,199,18,88,9,74,67,30,188,89,21,58,34,121,361,34,76,62,15,54,55,86,20,179,48,143,63,25,201,35,188,64,66,25,36,49,21,14,95,47,205,350,67,67,100,165,108,77,59,144,123,41,87,8,18,78,45,22,137,610,34,425,343,31,178,21,27,39,82,62,13,73,39,346,141,39,17,112,48,62,28,71,98,89,43,279,1,39,37,113,49,63,206,204,74,148,26,71,184,306,7,28,126,103,84,62,81,60,38,53,151,13,276,72,54,15,469,99,37,112,206,57,124,33,39,236,37,24,79,179,121,51,39,34,36
45,76,32,133,10,28,36,354,141,64,12,77,129,256,100,32,67,28,286,26,45,34,50,63,38,225,21,64,95,30,689,74,11,28,47,25,66,26,204,23,54,197,376,42,157,529,7,89,32,26,110,84,104,94,47,53,10,69,38,208,44,39,717,24,34,25,103,12,144,10,47,49,49,35,66,28,195,18,159,3,218,125,42,83,8,53,59,13,29,25,49,16,72,53,118,67,119,27,89,100,6,199,117,86,39,18,88,60,75,157,36,61,59,39,17,75,49,120,12,418,82,139,714,50,8,191,186,54,24,58,29,110,23,84,427,30,44,49,75,40,93,16,14,161,134,105,42,25,137,254,16,78,108,68,2,17,9,18,25,189,109,198,30,57,19,238,37,213,13,59,52,196,29,24,285,262,53,38,45,29,113,291,48,63,75,13,44,136,60,31,55,209,83,23,14,70,43,202,106,67,20,72,33,125,210,6,61,34,431,94,16,90,35,57,276,102,128,38,42,28,202,170,136,22,91,87,52,48,70,141,158,92,118,247,13,23,52,13,55,31,350,32,186,529,121,353,27,16,113,217,56,225,73,49,17,270,163,125,43,53,28,32,17,80,649,69,432,51,13,31,40,37,21,86,115,43,82,67,136,45,22,22,63,441,26,33,42,22,36,9,126,40,11,12,270,184,22,61,41,5,194,274,10,64,146,13,70,397,14,111,6,27,124,31,22,18,78,80,23,144,19,30,81,43,45,35,191,79,349,93,41,26,50,101,37,19,48,69,218,21,26,36,11,160,19,22,83,69,78,122,24,62,55,145,59,39,49,34,98,21,21,18,72,36,35,4,91,50,155,117,69,70,95,28,25,32,114,114,342,55,223,75,10,30,241,128,5,37,391,319,113,17,46,483,109,18,85,18,158,30,10,23,17,40,27,40,108,20,112,30,194,114,149,6,47,23,264,72,20,41,405,125,64,71,69,72,45,74,14,48,411,8,91,39,301,98,64,410,95,91,56,191,96,5,86,79,54,29,39,28,330,11,470,48,51,126,28,207,269,297,42,25,124,179,294,99,225,154,26,55,44,242,98,14,14,42,33,49,65,13,78,2,169,16,129,200,80,46,20,26,192,103,42,8,411,24,36,19,170,44,43,46,256,107,73,107,14,65,112,238,21,178,95,81,189,49,45,245,44,28,54,15,25,388,6,76,101,162,330,248,78,66,59,269,237,55,279,41,122,135,112,186,96,64,73,21,43,33,26,141,9,336,237,8,24,67,64,50,64,15,17,23,114,170,10,36,134,24,51,195,104,147,116,62,73,113,41,26,126,17,16,46,42,62,47,29,47,19,88,125,174,311,29,43,19,52,235,22,16,75,70,7,121,308,29,31,10,27,261,19,14,40,253,123,127,308,17,41,57,25,123,68,155,41,38,285,101,108,252,43,210,91,58,142,101,37,51,28,24,7,214,58,144,25,240,29,24,31,94,82,124,102,17,65,423,36,29,7,77,61,52,69,103,52,18,157,16,93,89,74,195,280,42,631,10,20,55,67,199,140,48,135,5,118,10,20,107,125,11,98,64,5,75,183,35,122,24,35,170,127,95,91,22,78,37,50,70,602,155,72,37,154,26,15,466,15,70,10,77,30,58,154,27,127,46,102,43,38,40,25,43,160,124,51,5,59,215,74,348,22,49,12,36,13,66,25,105,47,370,39,97,109,62,28,34,65,58,27,23,98,5,253,44,81,164,110,23,209,116,45,203,73,109,140,44,23,51,145,99,36,74,44,15,17,52,20,39,202,101,104,59,46,144,55,26,200,98,31,58,216,86,181,92,89,26,25,17,14,82,73,93,37,262,23,10,34,212,91,140,100,93,99,118,89,22,14,28,40,31,59,48,88,501,69,102,26,28,215,27,67,40,457,61,51,28,11,23,186,25,238,146,24,21,63,54,283,145,19,43,30,25,31,54,132,256,30,178,17,88,11,75,77,36,181,101,21,58,25,131,328,45,65,61,12,51,47,54,12,190,45,124,75,20,217,41,189,82,66,24,44,55,30,24,76,50,194,349,69,75,102,154,98,75,71,136,110,38,79,12,20,51,35,12,135,585,36,389,360,28,183,19,21,30,91,79,17,94,49,375,139,41,14,104,67,77,28,67,113,88,39,261,3,33,42,126,45,55,190,191,70,130,24,60,162,291,8,32,120,77,79,54,72,52,36,30,130,12,259,59,44,14,481,98,23,135,194,48,123,34,31,206,37,26,75,182,88,57,25,25,31
52,76,38,142,19,24,40,399,149,52,18,70,125,273,91,33,58,49,292,41,40,48,50,61,48,227,20,57,86,29,753,74,5,42,48,29,75,22,204,30,57,238,356,38,135,543,12,92,40,19,107,108,103,95,57,49,19,61,21,245,42,39,683,17,27,39,91,10,120,16,36,46,40,35,79,31,197,23,168,5,250,137,47,76,14,44,73,8,35,27,34,23,77,60,145,72,122,22,88,82,9,182,118,99,33,26,85,57,89,170,39,64,71,42,13,73,67,132,9,397,76,154,722,41,14,218,173,48,9,50,33,97,34,83,464,25,29,60,63,37,91,20,29,179,108,106,58,31,160,262,12,83,117,51,2,8,10,12,31,220,83,200,58,65,29,255,56,210,17,52,41,208,24,39,259,269,67,40,38,22,108,269,47,77,79,11,43,142,58,33,67,222,80,14,11,87,34,209,104,77,29,71,33,132,190,6,79,27,493,106,18,102,27,69,256,85,110,20,43,34,200,161,154,23,87,93,43,49,80,160,142,96,128,300,23,17,63,14,42,40,342,48,210,587,102,324,37,16,136,223,68,241,52,49,23,323,197,139,44,62,27,29,12,66,652,91,462,52,15,43,47,37,13,82,117,45,94,64,157,45,22,21,73,446,25,33,43,27,30,9,138,53,10,14,289,149,24,85,37,7,199,260,17,72,138,12,57,420,20,122,11,43,127,29,38,24,77,87,28,150,20,30,92,31,51,28,211,76,305,66,43,32,50,94,28,26,61,73,248,37,29,31,9,156,13,22,91,70,82,113,23,97,50,138,65,33,63,33,98,24,28,21,91,27,29,6,112,46,162,119,104,76,125,35,23,44,109,113,370,43,223,82,17,33,247,110,2,32,383,328,120,14,48,481,96,20,100,33,153,32,8,22,21,29,23,37,96,20,108,24,191,129,191,12,58,22,274,74,23,46,390,134,64,77,80,69,55,94,12,43,436,9,135,53,297,101,68,439,69,100,64,223,99,6,74,70,80,30,41,26,363,10,550,40,71,133,22,244,275,271,40,40,128,159,301,101,211,159,28,57,56,259,96,18,19,47,39,54,55,15,92,4,181,21,134,222,99,47,24,37,172,101,47,4,385,31,37,23,142,40,50,52,254,120,105,119,15,67,137,213,35,187,80,78,169,38,32,212,36,29,56,25,20,419,8,75,127,164,328,236,69,65,65,320,216,57,275,43,146,125,114,180,94,84,79,27,54,30,24,157,18,351,257,6,20,66,65,42,58,17,15,20,96,141,13,74,144,35,45,242,130,152,106,76,81,118,35,24,133,18,19,45,49,62,45,24,49,22,111,123,171,315,12,33,24,49,243,22,18,81,58,9,99,345,40,31,9,23,266,24,9,39,248,125,120,313,14,46,70,25,123,77,181,40,43,298,105,112,227,43,211,82,66,145,110,47,56,43,22,9,225,76,150,20,249,27,28,46,80,97,131,111,20,62,408,47,33,15,68,63,53,71,106,60,14,149,22,96,93,77,191,313,40,645,13,21,69,90,230,169,64,136,5,120,9,24,103,137,9,109,80,9,94,176,29,118,29,31,186,132,80,102,27,90,41,61,68,606,151,56,42,162,22,11,541,20,50,22,84,45,49,158,28,106,51,91,50,53,48,28,30,186,156,58,10,61,242,99,318,29,42,11,39,15,68,31,98,53,347,33,100,99,53,27,36,76,54,29,21,131,6,264,40,74,177,117,24,254,111,35,195,81,129,135,43,44,57,161,108,42,61,48,19,13,57,14,39,162,102,107,60,61,146,71,33,179,90,43,50,209,79,211,134,91,16,21,19,10,84,64,108,44,269,27,13,34,222,105,150,96,99,116,126,116,23,13,31,44,25,76,60,74,517,63,114,30,28,229,33,90,39,429,73,53,25,12,25,198,14,232,160,29,14,62,61,297,171,24,51,21,22,24,52,120,277,19,173,17,111,8,113,81,30,194,77,18,59,26,136,335,48,72,59,15,55,56,69,12,167,38,134,86,18,236,48,194,80,62,31,36,61,30,20,76,46,227,379,69,76,93,153,97,64,70,126,132,34,79,13,17,58,48,16,145,659,39,404,368,30,179,16,21,27,110,75,21,86,39,353,136,26,21,112,80,61,27,67,103,90,55,297,5,34,35,128,40,58,198,228,70,132,27,67,177,289,20,36,102,93,87,63,91,51,36,35,155,10,264,74,46,24,459,103,27,137,196,53,143,40,36,224,43,21,56,183,99,68,34,25,28
47,83,34,142,20,24,37,355,141,58,24,61,147,276,92,36,55,38,257,30,34,45,47,69,36,224,19,50,92,35,722,63,7,42,33,32,73,34,203,26,51,206,330,36,149,495,11,86,29,37,107,79,141,81,56,50,18,63,29,237,49,36,688,26,22,31,89,8,113,12,29,44,38,16,70,30,208,20,188,7,231,116,49,58,10,41,36,16,38,21,32,21,74,55,136,66,133,24,100,97,5,181,114,104,31,35,78,49,91,146,28,55,64,23,20,62,65,123,8,389,79,174,632,40,12,222,200,49,16,56,24,106,28,80,421,21,48,53,89,45,71,13,21,165,117,84,44,31,124,216,12,82,100,56,4,9,10,23,32,191,80,187,42,58,29,237,48,218,13,71,38,199,26,24,285,270,63,37,60,25,127,249,32,94,69,11,38,129,48,25,48,204,92,12,6,85,31,236,101,88,31,63,41,125,187,1,85,26,471,94,18,97,33,72,234,77,110,38,49,44,186,165,147,21,104,93,45,48,68,166,125,108,148,278,20,26,69,16,46,29,351,34,194,528,116,305,24,17,116,200,56,217,61,51,22,295,201,133,22,64,28,35,12,84,631,91,456,57,14,39,41,40,14,94,107,32,63,66,148,35,21,18,82,452,17,33,46,27,25,9,138,48,8,15,276,164,16,75,32,2,184,254,6,67,149,20,56,387,23,121,13,49,110,21,27,29,94,68,35,147,24,17,78,37,53,42,222,73,301,74,45,33,50,91,32,23,45,81,233,36,21,31,11,165,14,19,97,92,70,123,27,68,50,136,66,26,66,42,109,19,14,29,80,14,35,8,99,56,161,107,96,60,130,29,31,36,91,81,367,42,203,61,15,37,230,102,1,30,366,318,119,13,48,409,95,16,101,23,159,32,13,28,31,27,26,42,87,20,138,31,196,126,157,7,51,35,253,67,22,45,381,156,76,71,82,57,57,93,10,48,410,9,117,27,285,125,54,424,87,75,63,166,101,8,75,77,62,25,41,22,354,12,528,33,55,139,30,224,258,329,41,41,125,188,307,89,202,162,25,60,66,245,87,19,19,43,36,37,66,16,84,4,137,17,117,238,84,59,26,32,183,69,33,10,356,30,35,21,122,36,43,64,269,90,79,115,18,62,113,219,14,171,76,95,168,45,33,220,45,29,59,33,23,429,12,74,106,182,332,248,70,51,52,267,249,61,281,40,131,124,136,165,89,80,60,17,52,25,35,152,19,344,242,10,19,73,63,35,49,17,10,35,99,171,20,55,118,27,48,205,121,127,106,68,69,138,40,24,126,20,10,38,60,68,38,31,39,29,88,133,186,306,27,50,23,46,219,15,11,66,69,9,92,339,38,34,12,25,306,21,7,32,302,135,115,296,13,48,84,19,114,60,148,43,35,281,102,115,227,37,179,73,62,136,112,38,54,60,18,10,260,95,138,17,247,23,27,47,104,94,140,113,28,62,399,35,28,11,70,64,44,61,115,60,15,148,18,93,102,67,189,282,45,583,15,29,63,85,229,165,47,143,10,88,11,27,131,129,13,83,62,13,84,154,22,111,21,34,181,134,82,107,17,93,34,54,96,644,175,59,35,166,36,13,483,18,56,23,100,45,56,153,33,106,49,93,43,48,40,25,36,174,139,47,8,47,225,94,324,22,41,19,36,16,68,37,103,50,358,39,105,85,53,27,48,66,34,35,30,133,9,265,41,59,170,124,14,254,94,37,210,66,109,120,43,53,47,156,113,42,52,48,13,14,45,15,35,183,105,89,57,65,139,63,37,213,89,41,54,215,75,187,118,100,34,15,20,12,87,60,98,47,275,18,16,31,207,85,150,72,73,109,135,104,16,15,25,31,21,73,51,84,520,64,102,36,27,207,29,103,43,416,56,56,14,17,22,183,14,251,160,32,15,61,70,268,181,36,59,20,33,28,51,135,257,16,179,23,95,17,119,74,25,177,83,18,58,21,119,316,47,77,43,22,58,42,47,20,160,36,131,78,11,227,47,204,82,70,22,44,60,22,20,94,46,264,382,65,61,88,134,105,65,73,127,114,33,108,15,15,56,42,7,117,618,35,392,367,45,175,10,20,35,101,79,26,96,46,343,141,30,27,125,75,56,27,76,82,75,41,296,6,26,22,119,44,43,191,218,75,149,22,88,179,252,11,26,103,91,100,44,77,44,31,31,129,5,258,65,38,19,470,83,23,137,204,40,120,26,23,205,48,22,67,158,105,47,32,22,22
52,74,35,129,21,27,47,436,135,59,30,73,176,296,89,38,53,42,266,36,42,50,54,65,43,233,18,64,79,42,766,57,10,42,48,32,57,25,191,28,59,212,345,32,171,506,10,69,33,37,104,94,131,78,39,47,20,79,25,266,50,40,666,21,38,48,101,7,125,14,35,38,49,35,60,26,214,26,201,7,233,143,32,66,7,57,39,11,29,29,56,19,69,49,144,75,135,20,78,94,7,181,107,118,30,34,92,46,84,162,47,66,70,26,12,67,71,126,7,421,99,154,681,45,22,247,214,65,19,59,32,128,29,75,435,23,38,54,79,43,83,18,18,212,91,82,38,21,145,238,11,79,117,64,9,8,7,24,21,214,85,220,41,63,28,245,54,223,19,46,57,195,22,28,292,299,63,36,41,13,136,270,49,89,47,10,32,146,67,26,69,216,102,19,6,93,31,268,99,105,27,77,30,136,180,3,67,26,509,103,14,103,41,61,253,93,107,35,41,25,205,164,151,20,97,82,53,43,82,160,107,115,147,273,23,26,70,5,42,37,368,36,192,598,114,330,19,23,135,181,53,242,56,71,12,303,216,126,32,63,27,31,14,73,608,71,465,58,25,39,37,23,9,105,112,43,68,72,158,43,21,10,90,425,23,46,53,19,40,8,139,58,10,14,286,170,19,93,24,7,187,263,7,41,122,11,54,382,17,134,18,38,100,23,32,23,79,79,32,137,29,21,82,28,40,49,203,69,316,79,55,39,54,92,25,27,49,71,275,38,21,33,12,156,10,19,107,88,61,128,25,66,53,146,76,28,67,32,97,17,23,21,73,17,32,11,110,59,190,138,95,71,146,27,32,40,104,95,388,36,237,67,17,33,215,119,4,24,376,318,135,16,48,483,118,11,78,32,150,31,16,25,37,29,25,43,97,25,119,37,185,131,164,17,53,26,291,74,34,52,396,139,64,80,67,81,66,85,10,45,384,5,129,34,301,117,59,437,77,88,70,191,87,10,67,78,69,24,49,24,327,14,550,38,79,125,29,252,261,279,39,42,121,173,314,97,228,160,34,46,63,254,80,19,14,60,33,53,76,18,92,7,172,12,139,205,92,55,38,32,171,89,55,6,369,30,29,23,126,44,44,51,248,90,85,131,16,48,96,212,19,151,62,91,168,47,34,223,57,34,50,31,29,444,11,91,117,176,313,277,83,55,60,286,244,63,278,45,140,127,119,175,74,103,81,22,51,32,40,138,15,342,256,11,20,92,64,40,64,13,18,33,87,198,16,77,134,34,51,259,145,137,105,67,83,125,29,17,142,24,17,37,63,63,46,37,49,22,112,106,151,276,28,61,25,49,249,20,27,76,80,13,107,344,37,29,7,21,315,26,4,43,265,142,116,293,17,38,70,33,114,52,170,37,52,326,87,124,245,27,168,87,52,132,113,34,61,55,17,9,244,92,147,28,248,26,49,53,115,75,132,120,29,57,387,18,46,15,65,51,53,58,118,68,10,156,20,100,87,82,195,306,41,584,12,25,77,90,230,151,39,147,4,117,21,25,108,116,10,81,87,10,87,168,36,109,25,30,199,152,71,101,24,82,27,45,95,670,164,55,43,148,34,9,533,20,55,13,86,38,59,166,25,109,64,91,51,40,55,24,26,221,151,49,7,36,252,83,312,31,46,13,26,14,68,41,102,46,373,39,123,85,42,27,35,74,34,30,36,135,6,276,44,65,168,123,16,252,102,49,182,63,114,150,58,51,58,175,119,35,55,57,15,21,40,17,46,143,105,94,65,61,152,86,33,215,101,48,73,201,81,206,149,85,41,15,18,15,79,80,94,46,284,15,18,31,203,84,142,71,77,95,134,109,15,18,30,31,17,81,82,97,533,68,121,35,26,227,21,108,48,469,46,48,18,16,30,197,19,245,169,38,14,53,62,320,142,33,46,20,20,27,48,160,285,22,189,21,135,18,119,58,17,199,79,16,60,21,122,340,45,66,48,21,57,48,51,14,176,50,115,99,19,274,45,227,85,48,26,30,46,25,23,100,52,257,400,68,71,105,166,102,64,83,133,153,21,106,11,15,50,44,23,153,625,37,433,432,48,185,18,20,31,84,69,18,94,36,363,145,20,15,102,51,63,16,82,95,87,51,287,4,25,31,152,56,59,186,240,81,152,13,81,166,265,18,23,98,106,115,51,84,55,30,43,138,5,291,78,48,19,454,94,19,166,202,43,117,21,31,211,54,28,58,189,106,52,30,14,16
52,82,38,139,14,30,40,397,147,51,23,66,143,297,106,32,48,52,271,36,47,49,63,66,48,217,30,62,71,37,751,55,6,38,45,30,61,28,198,34,61,227,345,26,152,563,7,91,27,53,114,95,130,91,41,54,28,72,31,310,72,39,699,24,26,49,115,7,123,21,35,43,56,20,67,30,210,19,205,10,233,127,45,76,7,56,36,13,34,28,48,18,77,54,148,66,132,21,92,116,8,190,126,85,40,25,95,37,92,146,43,60,62,28,19,56,80,126,12,412,102,164,652,54,22,257,221,61,26,55,33,114,33,84,482,32,64,48,67,66,93,16,25,190,103,96,51,27,141,269,8,79,104,62,7,6,7,29,20,213,80,195,52,68,22,242,35,243,12,59,31,204,36,28,318,279,60,23,58,24,157,258,43,73,62,13,44,153,48,30,63,224,99,15,5,94,21,268,92,90,23,85,42,128,175,4,81,38,457,104,12,119,31,72,262,98,110,36,55,19,200,190,171,29,114,79,46,55,69,162,129,98,141,279,23,36,61,6,44,40,324,36,205,563,105,358,23,19,124,212,64,255,58,56,13,329,223,144,36,54,22,41,16,64,621,91,485,62,15,45,31,26,13,105,96,47,70,70,179,35,25,15,69,491,33,52,59,17,33,11,125,54,7,18,262,169,20,78,27,11,187,277,4,58,140,13,67,380,19,148,22,47,116,19,31,23,92,85,41,145,18,21,66,34,40,58,238,73,322,85,65,42,51,97,25,24,48,79,236,48,11,41,5,201,9,23,102,93,73,132,22,67,46,146,89,35,78,23,117,13,23,18,83,21,32,15,72,50,170,121,106,63,153,42,27,32,97,105,388,52,223,65,10,24,225,112,5,26,392,348,131,13,46,427,121,26,78,28,151,37,20,31,33,30,16,45,98,24,136,27,221,151,152,7,34,42,305,83,14,53,406,142,76,78,50,76,77,87,8,57,413,10,119,44,288,129,51,438,85,92,63,195,82,6,61,65,65,27,51,29,354,11,502,27,92,144,36,239,260,325,41,44,104,193,329,112,174,166,28,59,57,251,98,20,11,62,41,38,66,16,94,3,150,13,128,188,86,71,39,26,181,71,53,13,351,42,36,18,130,33,42,49,237,114,81,134,21,63,110,222,17,163,71,70,158,42,18,226,43,48,47,26,28,419,11,83,111,192,330,275,79,51,70,300,245,55,270,54,136,141,138,177,70,94,82,17,55,44,35,143,21,351,255,10,23,89,49,47,55,15,19,43,95,181,26,77,149,42,59,232,140,133,97,66,83,150,27,29,158,32,10,48,74,62,26,45,43,24,109,104,179,297,19,53,13,60,242,25,23,67,92,11,112,344,28,36,12,19,305,24,6,36,281,161,116,320,10,52,61,34,116,62,169,38,50,327,110,106,244,34,196,80,67,128,102,37,51,63,28,8,273,86,164,36,243,20,30,48,98,90,144,102,21,57,424,27,48,16,83,66,42,63,97,82,9,159,15,92,103,94,191,297,30,566,9,17,72,82,228,167,56,136,8,96,21,16,123,141,11,83,60,12,82,171,31,127,30,24,189,148,104,108,27,79,32,49,80,631,175,57,39,152,38,8,531,23,51,24,86,27,57,159,39,91,61,92,61,46,35,36,42,216,168,49,11,53,235,112,321,26,38,14,22,16,76,25,112,63,378,36,131,96,50,21,39,91,37,31,27,135,5,300,54,63,186,144,15,254,102,43,176,68,108,134,66,45,65,155,123,34,51,65,20,23,39,26,42,145,101,108,49,48,150,72,37,204,97,55,53,205,77,214,145,90,33,19,22,10,74,73,86,46,280,12,21,36,194,90,155,78,76,112,147,98,16,14,31,32,15,84,77,78,538,58,110,24,31,242,24,111,36,435,48,50,21,5,35,205,17,252,148,33,13,68,74,317,162,33,59,18,29,23,39,160,281,18,194,11,133,24,127,63,25,190,86,16,53,27,131,310,37,83,52,26,59,39,47,19,166,40,140,99,15,273,46,222,67,39,16,32,54,25,19,104,58,260,406,62,62,105,171,104,96,76,101,131,29,85,9,28,62,45,15,149,658,34,435,408,48,217,16,22,31,99,89,20,92,37,396,155,29,18,136,56,73,24,72,93,68,52,298,8,25,30,145,52,56,184,224,63,154,13,90,161,260,14,20,113,99,123,55,84,55,31,43,126,2,310,74,49,23,433,94,16,160,202,55,127,18,38,189,48,21,60,148,106,49,32,15,27
62,74,36,114,19,37,42,399,133,33,24,59,155,263,85,34,49,57,271,20,49,47,55,78,42,228,22,45,71,39,729,59,8,37,36,29,88,16,216,25,62,231,322,45,147,556,9,80,24,50,112,75,121,100,49,48,27,76,26,273,60,41,677,25,22,42,130,10,126,18,34,41,53,29,68,39,216,20,201,9,218,132,51,86,10,52,45,11,31,26,48,13,86,49,145,55,130,14,75,108,5,180,101,84,46,26,83,38,84,149,37,50,66,24,19,57,78,113,7,358,111,162,641,37,18,263,213,63,15,55,33,117,24,71,437,32,60,60,81,55,93,9,22,175,92,78,33,19,134,229,13,72,113,78,11,5,11,26,16,207,103,186,34,55,25,225,30,274,18,50,43,202,44,18,286,261,65,31,54,14,145,237,37,70,51,13,44,152,59,40,50,246,93,15,4,91,33,285,105,74,28,56,25,114,175,13,75,37,504,77,12,107,19,42,253,109,103,26,41,35,187,169,158,28,96,101,49,48,85,167,123,90,112,257,23,30,61,6,51,28,356,33,188,502,98,307,15,20,132,193,60,256,39,65,10,310,205,128,37,46,26,44,16,63,615,77,471,42,26,31,34,43,4,99,97,43,59,65,192,47,25,17,73,500,29,49,39,18,29,8,124,69,5,10,294,166,11,88,23,22,197,279,11,60,120,10,54,322,25,170,26,32,82,13,32,21,92,72,38,150,23,34,75,30,49,51,223,55,287,91,69,39,59,82,36,29,39,70,248,43,17,37,6,140,10,15,97,93,86,138,17,74,48,143,98,34,70,28,116,13,15,22,66,13,36,14,91,62,174,132,89,54,138,35,32,30,76,98,377,52,208,62,19,35,222,120,7,25,394,346,132,10,44,458,112,18,76,50,152,28,17,38,37,22,25,58,95,23,101,27,196,132,167,19,50,34,312,74,31,52,397,136,72,67,57,60,66,91,9,35,388,9,127,35,273,121,43,442,82,95,69,218,90,9,63,63,68,23,32,16,357,11,488,33,86,151,47,226,228,289,39,36,103,189,363,109,204,172,31,49,63,266,85,19,16,54,33,44,65,12,88,5,171,17,120,183,75,44,34,38,197,74,43,7,331,47,31,15,121,27,39,46,222,89,85,120,22,58,90,208,17,158,62,69,183,45,37,222,39,42,47,31,37,443,17,80,105,178,300,272,61,54,61,325,263,46,287,56,136,155,106,149,62,107,68,21,46,26,30,141,19,342,231,14,34,77,60,47,59,19,13,46,88,185,20,81,142,36,43,220,135,121,102,71,92,142,46,25,153,26,19,32,94,56,28,45,30,25,95,91,151,275,24,37,23,51,254,24,12,67,82,10,106,292,34,28,12,24,332,26,5,42,277,129,127,310,12,56,62,33,103,44,160,35,43,320,91,130,252,26,179,91,67,114,107,30,51,57,25,9,249,81,136,25,247,20,26,49,100,85,131,102,21,54,390,26,49,23,68,58,54,59,101,71,9,156,7,74,95,113,213,272,40,601,7,18,47,61,233,168,44,135,9,88,26,14,114,133,11,89,54,13,70,173,26,112,39,24,206,152,63,106,27,78,42,57,97,603,141,45,33,133,42,1,512,18,50,20,97,25,44,148,30,110,70,88,58,36,46,23,32,193,160,50,9,46,225,99,292,23,50,11,19,13,59,25,100,64,365,36,110,94,27,12,24,89,32,18,21,122,4,266,38,61,183,145,18,240,93,48,147,58,117,133,58,41,35,138,119,42,46,60,11,26,42,21,42,146,100,92,48,53,138,75,28,210,98,56,65,178,74,214,134,95,46,19,18,21,68,82,87,48,260,15,18,41,181,105,164,73,87,95,108,83,16,12,24,33,13,77,61,59,495,56,90,29,18,229,22,109,41,447,47,41,13,6,37,220,18,224,141,39,11,43,65,289,155,31,46,26,30,24,47,161,279,18,205,15,128,20,147,61,30,161,83,9,67,36,115,286,30,80,48,25,38,34,40,15,139,53,136,90,17,264,60,199,75,39,21,31,37,26,21,111,49,246,396,67,56,113,164,102,88,54,103,150,24,84,8,19,37,37,17,145,671,39,435,373,42,179,20,14,22,103,76,22,99,33,400,155,28,6,141,54,68,21,86,83,72,55,281,5,36,35,129,33,61,183,227,75,152,6,83,150,248,11,32,127,87,119,63,63,40,31,47,145,1,306,64,44,18,438,89,8,169,216,58,119,21,28,191,50,23,81,158,108,47,24,14,26
61,93,43,109,15,40,41,384,153,42,31,56,134,287,108,41,42,49,259,30,44,49,59,82,45,212,22,57,75,40,707,46,7,41,39,25,66,27,203,26,49,235,343,49,143,560,6,79,36,49,93,92,120,92,40,60,31,77,17,287,73,33,706,31,14,55,129,11,105,20,38,41,60,38,62,45,205,20,193,17,224,120,44,93,5,60,45,13,36,18,42,13,94,60,167,62,122,18,94,115,7,176,106,79,56,25,69,38,88,158,56,62,80,26,14,63,89,128,4,433,106,159,652,34,22,266,273,71,40,58,33,115,19,57,508,32,57,53,71,65,102,18,19,183,96,103,31,19,154,240,22,68,118,83,7,14,12,24,27,199,82,197,44,86,16,248,27,243,15,43,39,200,46,23,268,273,61,35,83,20,165,243,40,65,67,12,42,148,70,35,62,247,94,17,8,108,28,315,112,91,27,64,27,129,190,14,90,29,485,92,20,117,24,49,246,114,111,26,58,34,200,166,189,27,103,93,58,48,66,149,113,104,121,273,19,31,49,1,64,32,362,37,189,570,102,362,24,14,119,214,58,262,55,61,13,324,224,147,55,45,22,40,12,68,616,72,485,41,32,35,36,31,7,102,101,44,78,64,184,59,21,23,65,537,21,49,37,29,33,5,120,57,9,14,263,167,13,94,33,18,191,275,6,46,141,10,61,407,13,145,19,40,110,22,43,17,112,75,41,162,24,25,89,26,47,52,222,59,311,110,61,41,63,89,37,34,38,78,246,48,28,39,10,181,7,18,97,102,75,125,24,73,48,159,82,26,66,29,111,18,24,28,73,26,26,13,87,58,172,134,126,58,140,26,34,31,80,97,360,54,212,55,20,33,204,133,16,23,390,396,112,11,41,473,119,19,94,38,156,27,15,25,36,27,16,44,106,25,117,19,212,126,135,16,41,41,299,78,27,50,396,148,85,79,51,70,74,104,16,39,481,12,116,42,309,104,51,452,78,94,69,191,113,7,57,73,68,33,52,27,359,6,506,41,89,162,38,240,231,328,51,35,100,200,376,122,186,169,29,39,64,291,92,13,15,66,42,62,72,9,101,11,165,14,127,188,71,70,34,26,171,85,47,8,355,36,36,11,147,36,32,36,274,92,90,112,29,78,124,215,11,151,74,91,174,43,28,229,54,41,36,30,29,405,12,71,116,171,339,285,61,55,64,327,274,43,327,62,133,143,97,176,63,126,93,27,55,36,26,134,12,349,252,11,35,64,64,53,65,21,16,50,75,218,22,89,141,30,42,257,160,120,89,83,89,140,42,23,165,28,9,37,88,50,28,36,43,33,80,97,176,305,36,44,17,47,259,22,9,77,68,12,102,323,24,22,13,21,343,29,5,34,296,167,108,297,17,56,82,49,105,46,170,41,30,317,139,118,286,37,150,104,62,138,100,25,57,66,20,5,245,84,169,37,239,30,25,60,130,89,125,90,18,52,428,29,47,18,78,53,37,67,109,77,16,176,5,84,90,92,201,265,31,585,8,18,45,76,221,185,59,125,9,102,27,12,117,129,21,74,55,16,70,185,20,121,40,23,213,172,94,92,25,83,45,51,74,570,154,58,38,156,49,7,566,12,67,23,82,25,56,136,36,84,78,97,55,54,34,23,21,206,171,50,14,45,218,92,340,15,49,6,28,19,54,22,103,59,374,42,129,102,31,17,34,100,45,22,26,132,4,298,40,59,210,186,19,218,102,38,162,62,96,148,46,47,57,141,100,45,60,70,17,23,24,26,43,161,102,111,65,41,146,64,19,183,76,54,62,196,88,206,140,89,49,25,22,13,59,77,81,34,287,28,19,48,228,85,157,94,78,93,123,97,15,13,26,43,8,66,79,70,495,55,104,37,24,238,25,112,35,437,41,58,14,2,30,191,12,256,147,28,23,48,81,305,194,15,42,31,28,25,46,161,300,14,192,4,138,21,138,56,33,164,88,8,68,40,116,297,41,81,51,28,44,35,51,15,145,69,157,111,20,255,66,183,77,41,34,39,63,21,11,109,55,264,403,76,57,118,158,80,95,65,91,149,36,80,13,21,41,34,14,134,676,35,478,431,41,193,18,23,32,101,79,21,127,32,370,137,32,12,164,65,85,27,78,109,86,51,295,2,29,33,139,49,49,181,230,68,159,10,88,192,281,17,20,120,118,131,46,75,42,34,30,137,4,307,60,39,24,430,98,17,180,240,75,125,22,37,179,62,26,68,153,88,32,26,17,30
70,93,43,88,17,43,52,386,149,33,25,69,116,290,109,51,44,56,254,16,46,48,60,77,50,194,23,58,63,41,654,57,3,42,33,26,65,20,200,32,48,202,330,42,141,490,5,80,35,44,98,103,116,86,38,65,33,59,20,267,79,26,699,46,13,48,120,14,118,26,20,47,72,31,62,36,213,12,173,11,208,119,59,73,5,50,33,19,38,27,42,15,86,47,150,60,111,20,93,113,2,184,118,81,49,21,71,39,96,146,48,66,69,22,10,60,79,106,3,388,110,176,636,37,22,235,263,66,34,48,44,112,14,57,443,43,69,43,53,52,107,16,20,185,78,75,36,17,163,259,17,77,112,84,5,9,9,17,23,207,69,199,51,63,17,224,35,230,17,56,46,185,30,15,279,258,57,34,76,21,147,256,46,66,59,21,38,125,70,35,43,232,106,18,7,92,35,288,94,83,35,65,15,113,192,10,77,28,514,56,17,125,19,56,238,123,99,28,43,43,195,183,163,24,97,82,63,44,83,151,103,95,112,253,17,46,70,2,51,30,332,29,190,527,109,369,24,22,123,199,66,261,64,60,16,333,180,145,27,59,29,54,24,78,544,76,489,39,47,42,30,39,6,96,97,51,73,49,166,65,23,23,57,487,27,46,43,27,23,5,125,60,9,15,274,139,21,95,34,18,198,268,6,54,139,15,59,357,17,139,13,39,104,19,30,23,91,85,35,148,24,29,69,28,55,49,218,56,301,104,63,37,63,93,37,26,31,78,245,44,24,39,7,156,4,18,67,115,99,141,22,68,42,150,120,24,62,25,104,8,25,22,68,18,40,24,108,50,187,124,108,61,142,31,26,32,82,81,365,38,238,66,20,30,194,120,9,24,396,376,131,10,44,431,87,23,87,54,151,20,19,21,31,20,24,43,99,34,135,14,213,120,148,16,49,39,323,89,27,52,383,129,76,66,49,65,57,86,23,36,452,8,128,32,278,122,46,415,87,81,77,196,100,10,47,73,88,31,44,18,352,6,505,30,89,151,43,252,218,327,46,23,85,216,322,129,163,180,34,43,71,249,83,11,15,58,31,51,73,15,101,4,149,15,137,157,46,71,33,19,200,91,37,9,352,39,32,14,128,27,29,34,242,90,86,110,27,87,102,208,10,146,48,62,211,45,38,200,51,45,44,26,19,413,20,75,123,191,324,251,73,64,59,361,248,50,305,62,140,133,116,162,73,116,89,23,57,33,24,128,11,292,238,8,36,56,64,51,61,16,11,48,79,178,8,77,144,28,51,236,148,110,101,72,94,117,54,20,137,29,7,36,96,43,20,28,33,18,108,93,188,304,29,44,17,49,255,27,15,65,85,12,88,305,12,30,15,35,346,24,12,35,286,121,110,325,13,51,61,39,96,51,157,38,42,326,118,129,262,32,175,101,54,98,107,30,39,57,22,10,240,79,142,36,251,24,30,51,105,107,134,84,20,53,381,30,41,17,62,58,43,69,97,78,14,159,10,83,110,66,184,246,32,553,13,15,46,91,218,178,59,132,6,99,21,16,111,121,16,71,42,20,63,172,19,130,40,28,159,179,82,98,32,83,42,60,69,551,145,72,30,163,51,9,533,16,51,27,86,29,47,163,38,112,67,93,53,49,35,20,24,184,185,53,10,45,263,99,329,26,55,9,26,17,46,24,103,58,355,26,117,117,32,17,35,105,24,25,21,129,5,273,40,74,202,146,17,215,94,55,136,65,100,147,58,44,51,139,109,55,60,63,17,32,36,27,45,188,93,97,47,63,119,59,25,185,83,52,60,184,77,216,112,71,38,19,16,14,73,71,79,33,268,25,21,52,197,97,173,83,72,112,138,97,20,23,24,37,7,65,72,66,506,52,97,39,21,219,22,104,32,422,47,69,14,4,25,230,21,244,158,35,17,49,83,322,167,19,53,24,26,37,53,180,282,14,195,11,124,18,127,40,44,159,76,6,69,29,109,279,31,92,67,24,51,27,61,9,159,64,134,95,27,272,73,182,63,28,16,27,52,23,22,86,59,239,410,51,58,101,150,73,79,74,80,115,28,78,13,12,29,50,26,123,614,42,506,385,48,173,13,20,34,114,75,16,125,43,387,129,36,11,146,62,80,23,79,82,73,58,328,8,22,38,131,41,45,131,229,64,150,12,85,166,254,11,18,108,108,136,52,76,36,36,47,134,4,304,59,44,20,447,87,9,171,239,87,114,33,25,161,64,28,78,145,90,31,30,23,31
64,71,38,127,22,36,63,442,152,22,26,81,112,306,93,51,45,65,242,21,51,46,76,60,40,193,30,49,57,49,685,50,3,36,45,22,56,20,207,27,52,183,331,47,145,573,8,100,44,61,82,109,133,83,46,52,37,63,19,302,66,43,717,49,16,49,129,14,120,27,35,37,63,33,84,41,220,13,203,20,201,132,50,83,6,66,52,15,33,28,44,21,73,61,167,69,118,25,79,148,5,180,129,69,47,27,94,39,106,117,43,58,74,23,6,68,107,102,2,414,133,216,673,28,26,253,275,72,39,52,47,118,14,56,470,35,78,44,58,50,111,14,13,190,99,81,32,19,150,271,20,87,121,84,6,13,18,28,21,186,70,176,43,82,20,248,32,259,13,53,55,168,40,33,232,282,65,31,79,19,184,290,57,77,62,19,39,155,60,36,51,220,103,10,15,91,27,278,102,85,34,66,26,115,201,17,83,30,543,80,21,128,16,63,247,128,109,28,41,47,186,176,212,21,78,93,76,55,70,147,87,92,116,335,18,50,76,8,56,46,350,44,197,560,96,359,31,12,146,220,88,283,66,78,10,343,195,138,30,57,22,50,19,74,573,62,470,61,44,38,34,39,6,93,97,52,66,68,195,79,24,21,71,528,32,33,49,32,22,13,130,67,9,15,269,139,15,83,33,26,182,328,12,66,135,10,51,382,22,143,14,37,104,17,29,18,92,87,29,139,29,26,74,31,53,37,228,49,327,108,55,43,56,71,55,25,41,78,220,45,27,33,11,192,5,16,89,109,81,129,25,78,36,142,130,31,80,18,119,12,16,14,67,19,36,22,145,42,177,133,121,73,137,31,24,48,80,92,391,52,233,65,13,27,190,125,5,40,387,360,106,11,48,419,128,31,77,54,148,28,15,21,34,42,17,46,76,20,120,16,239,132,140,19,34,46,326,86,33,45,388,154,79,87,57,54,65,94,24,39,523,12,141,22,302,116,43,445,88,83,68,202,111,7,56,73,78,40,49,19,409,6,544,24,96,161,44,250,220,321,46,31,94,226,391,139,169,166,40,35,64,280,75,12,7,55,35,51,71,12,122,10,163,16,129,190,58,65,34,27,188,81,45,5,350,50,43,20,139,17,25,30,255,90,83,117,28,116,117,206,11,143,51,75,222,34,38,205,60,57,41,31,18,434,16,75,114,158,362,299,53,55,51,356,247,54,274,74,140,152,125,162,64,119,78,18,68,28,25,134,15,296,279,14,39,73,66,46,74,23,14,59,92,212,9,96,158,33,64,229,151,129,98,77,124,133,56,14,175,33,12,35,102,43,15,39,32,25,80,91,205,319,17,42,15,52,275,20,6,79,73,11,121,345,15,34,17,30,362,36,14,28,302,141,143,340,15,54,71,37,119,61,153,52,45,343,155,143,285,26,160,129,54,127,111,25,41,47,21,5,240,79,167,28,258,29,26,46,127,104,142,87,20,51,431,38,46,4,80,58,44,51,105,67,12,147,13,97,99,58,201,273,36,551,15,14,56,87,233,175,53,124,2,108,18,13,117,119,17,80,41,23,55,192,19,144,36,29,164,163,82,96,17,68,32,66,75,624,147,68,31,160,45,4,539,9,52,21,79,18,68,163,34,99,90,100,49,48,36,21,16,201,218,51,16,32,284,107,338,28,67,12,26,22,41,22,103,61,381,33,138,109,51,29,41,108,39,26,25,139,5,314,43,60,167,164,24,225,95,52,149,54,130,158,66,41,52,131,111,70,68,83,20,31,30,28,38,166,95,101,38,48,111,48,26,207,67,50,56,216,72,217,134,82,42,30,24,13,72,63,83,31,305,25,23,59,226,94,172,104,72,118,128,100,21,8,45,50,11,72,60,59,511,51,86,37,23,218,16,114,39,427,55,65,13,2,26,220,20,255,165,36,7,44,76,300,175,22,50,35,29,32,44,160,321,16,190,8,132,22,125,39,39,182,71,10,59,33,102,290,26,97,84,19,48,32,72,7,187,69,144,96,31,267,67,171,62,37,34,32,36,27,27,83,62,272,428,55,75,113,164,75,82,57,99,157,38,81,13,18,44,52,22,131,672,40,567,439,39,207,20,15,32,126,96,14,118,50,368,125,27,4,165,66,83,40,76,78,63,48,322,7,21,42,160,46,44,137,230,85,141,14,99,164,247,19,25,106,120,148,56,82,33,38,38,131,6,301,79,37,27,426,99,18,178,264,91,125,48,31,162,62,39,65,142,83,35,38,18,30
