0,0,0,0,0,0,0,0,0,0,0,0,0,0,0,0,0,0,0,0,0,0,0,0,0,0,0,0,0,0,0,0,0,0,0,0,0,0,0,0,0,0,0,0,0,0,0,0,0,0,0,0,0,0,0,0,0,0,0,0,0,0,0,0,0,0,0,0,0,0,0,0,0,0,0,0,0,0,0,0,0,0,0,0,0,0,0,0,0,0,0,0,0,0,0,0,0,0,0,0
0,0.000368596188,0,0.000372161879,0,0,0,0,0,0,0,0,0,0,0,0,0,0.000377500999,0,0,0,0,0,0,0,0,0.000191423953,0,0,0,0,0,0.000766872197,0,0,0,0,0.000381533974,0,0.000373412931,0,0,0,0,0.000367918075,0.000375094014,0,0.000383435774,0,0,0,0,0,0,0,0.000558035946,0,0,0,0,0,0,0,0.000187266038,0,0.00012396204,0.000382117271,0,0.000378501189,0,0,0.000122100073,0.000386847177,0,0.000359195149,0,0,0.000385654133,0,0,0,0,0,0.000120033949,0,0,0,0,0.000186705956,0.000380227913,0,0.000188821979,0.000185943011,0,0,0,0,0,0.000371609145,0
0,0.000314960861,0,0.000317561008,0,0,0,0,0,0,0,0,0,0.000160979007,0,0.000310462018,0,0.000323206123,0,0,0,0,0,0,0,0,0,0,0,0,0.000327118173,0,0.000660065844,0,0,0,0,0.000330141906,0,0.000318066203,0,0,0,0.000326476689,0,0.000649772078,0,0.000654663713,0,0.000319386876,0,0,0,0,0.000159795033,0.000322893248,0,0,0,0,0,0,0,0.000160927012,0,0.00032,0.000654877976,0.000158228059,0.000327761078,0,0,0.0010482196,0.000334225194,0.000314564048,0.000311041948,0,0,0,0,0,0.000327225106,0,0,0.000103583982,0,0,0,0,0,0.000161708047,0,0.000271179062,0,0,0,0,0,0,0.00031715795,0
0,0.000382153236,0,0.000287274078,0,0.000146498929,0,0,0,0,0,0,0,0.000286696887,0.000291290057,0.000557102669,0,0.000286943913,0,0.000143349074,0,0,0,0,0.000290192146,0,0,0,0,0,0.000290106953,0,0.000298151028,0,0,0.000297088947,0,0.000295857809,0,0.000284414039,0,0,0,0,0.000283767824,0.000583259966,0,0.00102699991,0,0,0,0,0,0,0,0.000289101101,0.000413906663,0,0,0,0,0.000283526985,0,0.000442346847,0,0.00028768677,0.000293599941,0,0.000296912026,0,0.000149522026,0.00166287075,0.00029976012,0.000282565963,0.000279877069,0,0,0,0,0,0.000294724112,0,0,9.32662254e-05,0,0.000288600201,0,0,0,0,0,0.000216574971,0,0,0,0,0,0,0.00028344703,0
0,0.000337199757,0,0.000266596108,0,0.000136239984,0,0,0,0,0,0,0,0.000266454025,0.000269324099,0.000386398925,0,0.000528261619,0,8.87468719e-05,0,0.000133013991,0,0,0,0,0,0,0,0,0.000267164868,0,0.00028026884,0,0,0.000275178951,0,0,0,0.00026447982,0,0,0,0,0,0.00027100293,0.00013528108,0.00163398985,0,0,0,0,0,0,0,0.000269686857,0.000387496938,0,0,0,0,0.000263435183,0,0.000139081989,0,0.000266880021,0,0,0.000274272925,0,0.000139626033,0.0019045103,0,0.000263713076,0.000261301104,0.000259402969,0.000267380147,0,0,0,0,0,0,8.66026216e-05,0,0,0,0,0,0,0,0.000199520876,0,0,0,0,0.000264271193,0,0.000527426303,0
0,0.000311930745,0,0.000256015996,0,0.000130141079,0,0,0,0,0,0,0,0,0.000254647127,0.000496894314,0.00025555814,0.000501001871,0,8.56017806e-05,0,0.000253484838,0,0.000262605095,0,0,0,0,0,0,0,0,0.000272701871,0,0,0.00013502599,0,0,0,0.00012603997,0.000261779793,0,0,0,0.000250940854,0.000261301018,0.00025753312,0.00132484931,0,0,0,0,0,0,0.00025464709,0.000260756029,0.000375,0,0,0,0,0.000254000999,0,0.000132801893,0,0.000257002844,0,0,0,0,0,0.00201852948,0,0.000128337042,0.000248324087,0.000495418442,0,0,0,0.000504668167,0,0,0,8.40053906e-05,0,0,0.000263018861,0,0,0,0,0.000211506015,0,0,0.000136016991,0,0.000128238067,0,0.000630517174,0.000130343947
0,0.000319064124,0,0.000261917043,0,0.000134155921,0,0,0,0.000136239994,0,0,0,0,0.000255428074,0.000211023925,0,0.000634034956,0,6.58415015e-05,0,0.000260145995,0,0.000268096851,0,0,0,0,0,0,0,0,0,0,0,0.000137741107,0,0,0,0.000128369939,0.000271222997,0.000277315912,0,0,0.000260145975,0,0.000261780058,0.00123355033,0,6.48844826e-05,0.000261165052,0,0,0,0.000263573961,0.000268096974,0.000387296966,0,0,0,0,0.00025940305,0.000259537841,0.000135870018,0,0,0,0,0.00026896201,0,0,0.00287477918,0.000139742999,0,0.000251826044,0.000126581973,0,0,0,0.000758149557,0,0,0,8.58442985e-05,0,0,0.000268600946,0,0,0,0,6.36293884e-05,0,0,0.000141482979,0,0.00013192602,0,0.000600292264,0.000133049074
0,0,0,0.000294117896,0,0.000151057076,0,0,0,0.000300932893,0,9.70684934e-05,0,0,0,0.000233557979,0,0.000691180115,0,7.39863975e-05,0,0,0,0.000295946112,0,0,0,0,0,0,0,0,0,0,0,0,0,0,0.000581394892,0.000139665033,0.000294376938,0,0,0,0.000286368878,0,0.000286369075,0.00106189001,0,9.42417865e-05,0,0.000284252141,0,0,0.000286862079,0.000299850045,0.000427350185,0,0,0,0,0.000288183947,0.000712859894,0.000154368984,0,0,0,0.000293685995,0.00061124585,0,0,0.003534177,0,0,0.00028074101,0.000138465992,0,0,0,0.000556328191,0,0,0,9.53197553e-05,0,0,0,0,0,0,0,7.01852995e-05,0,0,0.000155038872,0,0.000145688045,0,0.000564652012,9.96810666e-05
0,0,0,0.000318470943,0,0.000160050955,0,0.000303582027,0,0.000473334997,0,0,0,0,0.000292740044,0.000149924966,0,0.000725899884,0,8.04635233e-05,0,0,0,0,0,0,0.000332336165,0,0,0,0,0,0,0.000298864163,0.000298954146,0,0,0,0.00109442977,0.000149030967,0.000313185233,0,0,0,0.000309310076,0,0.000301568089,0.000635728303,0,0,0,0.000150602029,0,0,0.000308928067,0,0.000305156808,0,0,0,0,0.000309693095,0.00159824067,0,0,0,0,0.000317662018,0.00066247235,0.000308546957,0,0.00374106899,0,0,0,0.000295769976,0,0,0,0.000578871149,0.000109397014,0,0,0,0,0,0,0,0,0,0,0,0,0.000315358066,0,0,0.000156642012,0,0.000448431255,0.000105285015
0,0,0,0.000347947037,0,0,0,0.000325203127,0,0.000666444925,0,0,0,0,0.000315358191,0.000161498977,0,0.000782472647,0,8.69868526e-05,0,0,0,0,0,0,0,0,0,0,0,0,0,0,0,0,0.000333221982,0,0.00133645028,0,0.000321854197,0,0,0,0.000331015801,0,0,0.000671366393,0,0,0,0,0,0,0.00033478429,0,0,0,0,0,0.000330907092,0.000337838109,0.00142630962,0,0,0.000167503989,0,0.000343406998,0.000716075946,0,0,0.00437705059,0,0,0,0.000477706942,0,0,0,0.000303858782,0.000119431962,0,0,0,0,0,0,0,0,0,0,0,0.000331236195,0.000333332889,0,0,0.00017182092,0,0.000107077926,0.00011159505
0.00037425076,0,0,0.000374671871,0,0,0,0.000350017975,0,0.00103484017,0,0,0,0,0,0.000347101909,0,0.000668226366,0,9.44822532e-05,0,0,0,0,0,0,0,0,0,0,0,0,0,0,0,0.000194704036,0.000354610168,0.000113882013,0.00163815428,0,0,0,0,0,0.000356887844,0,0,0.000361401963,0,0,0,0,0,0,0.000364032952,0,0,0,0,0,0,0.000357397716,0.00147685992,0,0,0.000833035154,0,0.00036683792,0.000383141891,0,0,0.00409129705,0,0,0,0.000170183952,0,0,0,0.000319183144,0.000191570863,0,0,0.00034352517,0,0,0,0,0,0,0,0,0.000350508072,0.000354483948,0,0,0.000186011996,0,0,0.000119860972
0.000397613931,0,0,0,0,0,0,0.000371333124,0,0.00109849736,0,0,0,0,0,0,0,0.000719942042,0,0,0,0,0,0,0,0,0,0,0,0,0,0,0,0,0,0.000212223952,0.000374812765,0.000371471022,0.00212436928,0,0.000363900832,0,0,0,0.000390471799,0,0.000348432095,0,0,0,0,0,0,0,0.000394010991,0,0,0,0,0,0,0,0.00138503958,0,0,0.00136345827,0,0.000396197065,0.00041999201,0,0,0.00412640943,0,0,0,0,0,0,0,0.000335232945,0.000203500102,0,0,0.000368324073,0,0,0.000359971031,0,0,0,0,0,0,0.000373552186,0,0,0,0,0,0
0,0,0.00043956014,0,0,0,0,0,0,0.000774593813,0,0,0,0,0.000368868035,0,0,0.000381825134,0,0,0,0,0,0,0.000417537193,0,0,0,0,0.000438019988,0,0,0,0,0,0,0,0.000400319744,0.00162998721,0.000195388928,0.000195695068,0,0,0,0,0,0.000366568795,0,0,0,0,0,0,0,0,0,0,0,0,0,0,0,0.00128629025,0,0,0.00187656177,0,0,0,0,0,0.00389305196,0,0,0,0,0,0,0,0,0.000216543962,0,0,0.000392773109,0,0,0.000389105267,0,0,0.000420344753,0,0,0,0.000811029927,0,0,0,0,0,0
0,0,0,0,0,0,0,0,0,0.000820344468,0,0,0,0,0.000392773116,0,0,0.000412881733,0,0,0,0,0,0,0.000443262327,0,0,0,0,0.000476416894,0,0,0,0,0,0,0,0.000443458713,0.00172562492,0.000213766862,0.000211416065,0,0,0,0,0,0.000194099,0,0,0.000377358107,0,0,0,0,0,0,0,0,0,0,0,0,0.000196155105,0,0,0.00222734096,0,0,0,0,0,0.00232992023,0,0,0,0,0,0,0,0,0.000151721907,0,0,0.00104036966,0,0,0,0,0,0,0,0,0,0.00108980031,0,0,0,0,0,0
0,0,0,0,0,0,0.000434404995,0,0,0.00087719157,0,0,0,0,0.000420344985,0,0,0.000449437859,0,0,0,0,0,0,0.000466417805,0,0,0,0,0.000518941041,0,0,0,0,0,0,0,0.000951021958,0.00184501797,0,0,0,0,0,0,0,0.000209468165,0,0,0.000393701235,0,0,0,0,0,0,0,0,0,0,0,0,0,0,0,0.00164608561,0,0,0,0,0,0.00248756103,0,0,0,0,0.000471476023,0,0,0,0.000160798002,0,0.000411522981,0.00134709921,0,0,0,0,0,0,0,0,0,0.00114051033,0,0,0,0,0,0
0,0.000268673088,0,0,0,0,0.000465548954,0,0,0.000483092175,0,0.000243071982,0,0,0.000458715802,0.000487328679,0,0.000978953092,0,0,0.000451059973,0,0,0,0.000501756122,0,0,0,0,0,0,0,0,0,0,0,0,0.00104112033,0.00048709191,0,0,0,0,0,0,0,0,0,0,0,0,0,0,0,0,0,0,0,0,0,0,0,0,0,0,0.00184263959,0,0,0,0,0,0.00160600054,0,0,0,0,0.000506841573,0,0,0,0,0,0.000445433778,0.00170981976,0,0,0,0.000496770731,0,0,0,0,0,0.00072709579,0,0,0,0,0,0
0,0.00028296501,0.000609385189,0,0,0,0.000492854072,0,0,0,0,0.00025484204,0,0,0.000498256307,0.00154004044,0,0.00209313851,0,0,0,0,0,0,0.000537924041,0,0,0,0,0,0,0,0,0,0,0,0,0.00168729047,0,0,0,0,0,0,0.000589274676,0,0,0,0,0,0,0,0,0,0,0,0,0,0,0,0,0,0,0,0,0.00178890998,0,0,0,0,0,0.0031446494,0,0,0,0,0.000546448057,0,0,0,0.00052966065,0,0.00047709932,0.00230533031,0,0,0,0.000541419088,0.000523012763,0,0,0,0,0.00102301946,0,0,0,0,0,0
0.000569152261,0.000301022993,0,0,0,0,0.00105764132,0,0,0,0,0,0,0,0.000540248798,0.002214841,0,0.00362318931,0,0,0,0,0,0,0.000582410761,0,0,0,0,0,0,0,0,0,0,0,0,0.0017585003,0,0,0,0,0,0,0.000655307596,0,0.000256148143,0,0,0,0.00055096406,0,0,0,0,0,0,0,0,0,0,0,0,0,0,0.0019181607,0,0,0,0,0,0.00407013,0,0,0.00054794506,0,0.000577701345,0,0,0,0.000563380349,0,0.000514932737,0.00328766829,0,0,0,0.000592417197,0,0,0,0,0,0.00107700999,0,0,0,0,0,0
0.000614251073,0,0,0,0,0,0.000558659191,0,0,0,0,0,0,0,0,0.002939449,0,0.00387828024,0,0,0,0,0,0,0,0,0,0,0,0,0,0,0,0,0,0,0,0.00190597072,0,0,0,0,0,0,0.00141243081,0,0,0,0,0,0,0,0,0,0,0,0,0,0,0,0.000577367521,0,0,0,0,0.00206326913,0,0,0,0,0,0.00553384993,0,0,0.000589971034,0,0.000633312043,0,0,0,0.000581395352,0,0.000543774105,0.00258175907,0.0013253819,0,0,0.00063856964,0,0,0,0,0,0.0027870698,0,0,0,0,0,0
0.000648508254,0,0,0,0,0,0.000602772904,0,0,0,0,0,0,0,0,0.00306936925,0,0.00357606905,0,0,0,0,0,0,0,0,0,0,0,0,0,0,0,0,0,0,0,0.00206186176,0,0,0,0,0,0,0.00150489017,0,0,0,0,0,0,0,0,0,0,0,0,0,0,0,0.000604229583,0,0,0,0,0.000747943215,0,0,0.00079744844,0,0,0.00505747303,0,0,0,0,0,0,0,0,0,0,0.000571101883,0.00271248,0.000729927107,0,0,0.000690608122,0,0,0,0,0,0.00284576068,0,0,0,0,0,0
0,0,0,0,0,0,0,0,0,0,0,0,0,0,0,0.00420711845,0,0.00452330956,0,0,0,0,0,0,0,0,0,0,0,0,0,0,0,0,0,0,0,0.00108146951,0,0,0,0,0,0,0.00163265057,0,0,0,0,0,0,0,0,0,0,0,0,0,0,0,0.000629326809,0,0,0,0.000749625281,0.000801281548,0,0,0.000861325719,0,0,0.0040204682,0,0,0,0,0,0,0,0,0,0,0,0.00251730776,0.00077041645,0,0,0,0,0,0,0,0,0.00297974093,0,0,0,0,0,0
0,0,0,0,0,0,0,0,0,0,0,0,0,0,0.000654449705,0.00341064079,0,0.00469313934,0,0,0,0,0,0,0,0,0,0,0.000754717641,0.000724638262,0,0,0,0,0.000585479719,0,0,0.000752444748,0,0,0,0,0,0,0.00261779791,0,0,0,0,0,0,0,0,0,0,0,0,0,0,0,0.000678886631,0,0,0,0,0,0,0,0,0,0,0.00428015662,0,0,0,0,0,0,0,0,0,0,0,0.0025657501,0.000406835067,0,0.00075188018,0,0,0,0,0,0,0.00246913965,0,0,0,0,0,0
0,0,0,0,0,0,0,0,0,0,0,0,0,0,0.000670690951,0.00497158707,0,0.00377928944,0,0,0,0,0,0,0,0,0,0,0.000767460061,0.000754147777,0,0,0,0,0.000619963023,0,0,0.000791765766,0,0,0,0,0,0,0.00277007778,0,0,0,0,0,0,0,0,0,0,0,0,0,0,0,0.000713267145,0,0,0,0,0,0,0,0,0,0,0.00449714242,0,0.000713776177,0,0,0,0,0,0,0,0.000679809837,0,0.00203803899,0.00125523097,0,0.000787401838,0,0,0,0,0,0,0.00256082046,0,0,0,0,0,0
0,0,0.00095511001,0,0,0,0,0,0,0,0,0,0,0,0,0.0061115367,0,0.00420942132,0,0,0,0,0,0,0,0,0,0,0.000776397382,0,0,0,0,0,0.000637755156,0,0,0.000823044889,0,0,0,0,0,0,0.00391389063,0,0,0,0,0,0,0.000871079861,0,0,0,0,0,0,0,0,0.000761615293,0,0,0,0,0,0,0,0,0,0,0.00260643198,0,0.000775794771,0,0,0,0,0,0.0016353198,0,0,0,0.00142450017,0.00221827938,0,0.000817661014,0,0,0,0,0,0.000809060699,0.00199733932,0,0,0,0,0.000803859113,0
0,0,0,0,0,0,0,0,0,0,0,0,0,0,0,0.00564060656,0,0.0037190083,0,0,0,0,0,0,0,0,0,0,0.000826446089,0,0,0,0,0,0,0,0,0,0,0,0,0,0,0,0.00520833172,0,0,0,0,0,0,0.00180342922,0,0,0,0,0,0,0,0,0,0,0,0,0,0,0,0,0,0,0,0.00180505076,0,0.000819000344,0,0,0,0,0,0.00175131051,0,0,0,0.000761034524,0.00226859991,0,0.000856897405,0,0,0,0.000747943043,0,0.00167644979,0.00136240055,0,0,0,0.000838222813,0.000849617475,0
0,0,0,0,0,0,0,0,0,0,0,0,0,0,0,0.00427716175,0,0.00337838008,0,0,0,0,0,0,0,0,0.000801281774,0,0.00087412578,0,0,0,0,0,0,0,0,0,0,0,0,0,0,0,0.00644468135,0,0.000831947088,0,0,0,0,0.00188323955,0,0,0,0,0,0,0,0,0,0,0,0,0,0,0,0,0,0,0,0,0,0.000859845477,0,0,0,0,0,0.00281690141,0,0,0,0.000788021935,0.0051353895,0,0.000884956078,0,0,0,0,0,0.00174672035,0.000715820258,0,0,0,0.000874126764,0.000853971025,0
0,0,0,0,0,0,0,0,0,0,0,0,0,0,0,0.00349955842,0,0.00381355993,0,0,0,0,0,0,0,0,0.000830565488,0,0.000906617786,0,0,0,0,0,0,0,0,0,0,0,0,0,0,0,0.00779510242,0,0.00087032231,0,0,0,0,0.00194741918,0,0,0,0,0,0,0,0,0,0,0,0,0,0,0,0,0,0,0,0,0,0.00089206157,0,0,0,0,0,0.00191755052,0,0,0,0.000825763658,0.00727448693,0,0.00094073356,0,0,0,0,0,0.00181488043,0,0,0,0,0.000903341691,0.000877963032,0.000812347717
0,0,0,0,0,0,0,0,0,0.00095238159,0,0,0,0,0,0.00316741874,0,0.00398229898,0,0,0,0,0,0,0,0,0.000836119749,0,0,0,0,0,0,0,0.0008,0,0,0,0,0,0,0,0,0,0.0117712955,0,0.000893655617,0,0,0,0,0.000995025945,0,0,0,0,0,0,0,0,0,0,0,0,0,0,0,0,0,0,0,0,0,0.000884956039,0,0,0,0,0,0.000948767174,0,0,0,0.0008605846,0.00641658162,0,0,0,0,0,0,0,0.00189214958,0,0.00108107991,0,0,0,0.000900089919,0.000869564509
0,0,0,0,0,0,0,0,0,0.00198412974,0,0,0,0,0,0.00231481061,0,0.0031731607,0,0,0,0,0,0,0,0,0.000823044889,0,0,0,0,0,0,0,0.00084602398,0,0,0,0,0,0,0,0,0,0.014917099,0,0.000944286458,0,0,0,0,0,0,0,0,0,0,0,0,0,0,0,0,0,0,0,0,0,0,0,0,0,0,0,0,0,0,0,0,0.000922509084,0,0,0,0,0.00874486289,0,0,0,0,0,0,0,0.00200400996,0,0,0,0,0,0.000915751456,0.000937206806
0,0,0,0,0,0,0,0,0,0.00102564037,0,0,0,0,0,0.00139795007,0,0.003158842,0,0,0,0,0,0,0,0,0,0,0,0,0,0,0,0,0.000872600349,0,0,0,0,0.000896861249,0,0,0,0,0.0168661943,0,0,0,0,0,0,0,0,0,0,0,0,0,0,0,0,0,0,0,0.000975609405,0,0,0,0,0,0,0,0,0,0,0,0,0,0,0,0,0,0,0,0.0108225054,0,0,0,0,0,0,0.000837520899,0.00103093037,0,0,0,0,0,0,0
0,0,0,0,0,0,0,0,0,0,0,0,0,0,0,0.00136860917,0,0.0018570109,0,0,0,0,0,0,0,0,0,0,0,0,0,0,0,0,0,0,0,0,0,0.0017937225,0,0,0,0,0.0216667065,0,0,0,0,0,0,0,0,0,0,0,0,0,0,0,0,0.00121506991,0,0,0.001002,0,0.000864303475,0,0,0,0,0,0,0,0,0,0,0,0,0,0,0,0,0,0.0110741931,0,0,0,0,0,0,0.00084033597,0.00101728935,0,0,0,0,0,0,0
0,0,0,0,0,0,0,0,0,0,0,0,0,0,0,0.00141109882,0,0.000943395823,0,0,0,0,0.000962464516,0.00100502994,0,0,0,0,0,0,0,0,0,0,0,0,0,0,0,0.00179856048,0,0,0,0,0.0244318049,0.00107642954,0,0,0,0,0,0,0,0,0,0,0,0,0,0,0,0,0,0,0,0,0.000841750577,0,0,0,0,0,0,0,0,0,0,0,0,0,0,0,0,0,0.00844391692,0,0,0,0,0,0,0.000883391654,0.00104166982,0,0,0,0,0,0,0
0,0,0,0,0,0,0,0,0,0,0,0,0,0,0,0,0,0.000944287131,0,0,0,0,0.000974659332,0,0,0,0,0,0,0,0,0,0.00206896878,0,0,0,0,0,0,0.000931098816,0,0,0,0.00112233075,0.02,0,0,0,0,0,0,0,0,0,0,0,0,0,0,0,0,0,0,0,0,0,0,0,0,0,0,0,0,0,0,0,0,0,0,0,0,0,0.000861325438,0,0.00738006941,0,0,0,0,0,0,0.000441695869,0,0,0.00110741907,0,0,0,0,0
0,0,0,0,0,0,0,0,0,0,0,0,0,0,0,0,0,0,0,0,0,0,0,0,0,0,0,0,0,0,0,0,0.0020297701,0,0,0,0,0,0,0.000942506497,0,0,0,0.00117096005,0.0176738973,0,0,0,0,0,0,0,0,0,0,0,0,0,0,0,0,0,0,0,0,0,0,0,0,0,0,0,0,0,0,0,0,0,0,0,0,0,0,0,0.00772200992,0,0,0,0,0,0,0.000446029942,0,0,0.0011312195,0,0,0,0,0
0.000871840418,0,0,0,0,0.00127713982,0,0,0,0,0,0,0,0,0,0,0.00214822058,0,0,0,0,0,0,0,0,0,0,0,0,0,0,0,0.00132801995,0,0,0,0,0,0,0,0,0,0,0,0.0180179977,0,0,0,0,0,0,0,0,0,0,0,0,0,0,0,0,0,0,0,0,0,0,0,0,0,0,0,0,0,0,0,0,0,0,0,0,0,0,0,0.00933332384,0,0,0.000938967031,0,0,0,0.000447627987,0,0,0.00323625081,0,0,0,0,0
0,0,0,0,0,0,0,0,0,0,0,0,0,0,0.000823044963,0,0.00106951937,0,0,0,0,0,0,0,0,0,0,0,0,0,0,0,0.00131579028,0,0,0,0,0,0,0,0.000895254543,0.00119331986,0,0,0.0160771998,0,0,0,0,0,0,0,0,0,0,0,0,0,0,0,0,0,0,0,0,0,0,0,0,0,0,0,0,0,0,0,0,0,0,0,0,0,0,0,0.00683060191,0,0,0.000956938119,0,0,0,0,0,0,0.00317123899,0,0,0,0,0
0,0,0,0,0,0,0,0,0,0,0,0,0,0.00105042017,0.000854701256,0,0,0.0020140998,0,0,0,0,0,0.00101936989,0,0,0,0,0,0,0,0,0.00134047936,0,0,0,0,0,0,0,0.00090991822,0.00345622014,0,0,0.0119543024,0,0,0,0,0,0,0,0,0,0,0,0,0,0,0,0,0,0,0,0,0,0,0,0,0,0,0,0,0,0,0,0,0,0,0,0,0,0,0,0.00820793057,0,0,0,0,0,0,0,0,0,0.00264270058,0,0,0,0,0
0,0,0,0,0,0.00114679014,0,0,0,0,0,0,0,0.00102041018,0.00087032259,0,0,0.00307377071,0,0,0,0,0,0,0,0,0,0,0,0,0,0,0,0,0,0,0,0,0,0,0.000894454082,0.00369139815,0,0,0.0118312965,0,0,0,0,0,0,0,0.0010204106,0.00109890022,0,0,0,0,0,0,0,0,0,0,0.00101729072,0,0,0,0,0,0,0,0.00110619025,0,0,0,0,0,0,0,0,0.000837521401,0,0,0.00563380113,0,0,0,0,0,0,0,0,0,0.00482831865,0,0,0,0,0
0,0,0,0,0,0.0010940903,0,0,0,0,0,0,0,0.00101729013,0.000865800306,0,0,0.00503524874,0,0,0,0,0,0,0,0,0.000909090917,0,0,0,0,0,0,0,0,0,0,0,0,0,0.000905797368,0.00685426507,0,0,0.00948103962,0,0,0,0,0,0,0,0,0,0,0,0,0.000892857514,0,0,0,0,0,0,0.000965251723,0,0,0,0,0,0,0,0,0,0,0,0,0,0,0,0,0.00294860979,0,0,0.00421347591,0,0,0,0,0,0,0,0,0,0.00366877209,0,0,0,0,0
0,0,0,0,0,0.00158395029,0,0,0,0,0,0,0,0.00101936989,0.00087107993,0,0,0.00496523881,0,0,0,0,0,0,0,0,0.000881834146,0,0,0,0,0,0,0,0,0,0,0,0,0.000819000999,0,0.00895875857,0,0,0.00537108801,0,0,0,0.000936329382,0,0,0,0,0,0,0,0,0.000882613822,0,0,0,0,0.000979431565,0,0.000931965131,0,0,0,0,0,0,0,0,0,0,0,0,0,0,0,0,0.00376569117,0,0,0.00420167899,0,0,0,0,0,0,0,0,0,0.000997008964,0,0,0,0,0
0,0,0.000817660737,0,0,0.000993048903,0,0,0,0,0,0,0,0,0.000884956039,0,0,0.00487805166,0,0,0,0,0,0,0,0,0.000850339711,0,0,0,0,0,0,0,0,0,0,0,0,0.000796812647,0,0.00788394981,0,0,0.00526819972,0.000999000999,0,0,0.00188500903,0,0,0,0,0,0,0,0,0,0,0,0,0,0.000953288576,0,0.000895255439,0,0,0,0,0,0,0,0,0,0,0,0,0,0,0,0,0.00494234326,0,0,0.00277393031,0,0,0,0,0,0,0,0,0,0.000954198198,0,0,0,0,0.00120626967
0,0,0.000816993006,0,0,0,0,0,0,0,0,0,0,0,0,0,0,0.00377715213,0,0.000815660737,0.000964319383,0,0,0,0,0,0,0,0,0,0,0,0,0,0,0,0,0.000728331758,0,0.000802567891,0,0.00959820936,0,0,0.00234081965,0.000975609785,0,0,0.00194174879,0,0,0,0,0,0,0,0,0,0,0,0,0,0.000937207165,0,0.000838222813,0,0,0,0,0,0,0,0,0,0,0,0,0,0,0,0,0.00616270185,0,0,0.00134770943,0,0,0,0,0,0,0,0,0,0.000937206612,0,0,0,0,0
0,0,0.000837520564,0,0,0,0,0,0,0,0,0,0,0,0,0,0,0.00375587061,0,0.000802567891,0.000991079921,0,0,0,0,0,0,0,0,0,0,0,0,0,0,0,0,0,0,0.000812348247,0,0.00850043898,0,0,0.000478927035,0.000943396196,0,0,0.0019900499,0,0,0,0,0,0,0,0,0,0,0,0,0,0.00090991731,0,0.000790513978,0,0.00102669015,0,0,0,0,0,0,0,0,0,0,0,0,0,0,0.00620860621,0,0,0.00131752063,0,0,0,0,0,0,0,0,0,0,0,0,0,0,0
0,0,0.000862068941,0,0,0,0,0,0,0,0,0,0,0,0,0,0,0.00471253978,0,0.000810373714,0.000991080912,0,0,0.000443655878,0,0,0,0,0.0007479432,0,0,0,0,0,0,0,0,0,0,0.000802567544,0.000948767221,0.00881340775,0,0,0.000453309313,0.000909091744,0,0,0.00196271057,0,0,0,0,0,0,0,0,0,0,0,0,0,0.000881834437,0,0.000762194554,0,0.000992063612,0,0.00110864967,0,0,0,0,0,0,0,0,0,0,0.000719424433,0,0.00869204957,0,0,0.0012468789,0,0,0,0,0,0,0.00095328882,0,0,0,0,0,0,0,0
0,0,0.000865051955,0,0,0,0,0,0,0,0,0,0,0,0,0,0,0.00277008155,0,0,0.000988142708,0,0,0,0,0,0,0,0.000719424235,0,0,0,0,0,0,0,0,0,0,0.000789889088,0.000938085919,0.00817660778,0,0,0,0.000858369225,0,0,0.00186047099,0,0,0,0,0,0,0,0,0,0,0,0,0,0,0,0,0,0.000988141445,0,0,0,0,0,0,0,0,0,0,0,0,0.000716332484,0,0.00855746462,0,0,0,0,0,0,0,0,0,0.000959693583,0,0,0,0,0,0,0,0
0,0,0,0.000361271902,0,0,0,0,0,0,0,0,0,0,0,0,0,0.00271248055,0,0,0.000992062875,0,0,0,0,0,0,0,0.000702740704,0,0,0,0,0,0,0,0,0,0,0,0.000921658393,0.00671937423,0,0,0.000873362557,0.00164338986,0,0,0.000941619774,0,0,0,0,0,0,0,0,0,0.000820345254,0,0.000970874122,0,0,0,0,0,0,0,0,0,0,0,0,0.000416667139,0,0,0,0,0,0.00070972315,0,0.00778050603,0,0,0,0,0,0,0,0,0,0.000925925859,0,0,0,0,0,0,0.000965251481,0
0,0,0,0.00036075009,0,0,0,0,0,0,0,0,0,0,0,0,0,0.00265486781,0,0,0.000992062875,0,0,0,0,0,0,0,0.000686342259,0,0,0,0,0,0,0,0,0,0,0,0,0.0057781169,0,0,0.000827815153,0.00118859002,0,0,0.000923360923,0,0,0,0,0,0,0,0,0,0.000794280554,0,0.000919963034,0,0,0,0,0,0,0,0,0,0,0,0,0.00249376994,0,0,0,0,0,0.000689655045,0,0.011779,0,0,0,0,0,0,0,0,0,0.000929368524,0,0,0,0,0,0,0.000484026961,0
0,0,0,0.000361795074,0,0,0,0,0,0,0,0,0,0,0,0,0,0.00173461068,0,0,0,0,0,0,0,0,0,0,0.000674763937,0,0,0,0,0,0,0,0,0,0,0,0,0.00449437771,0,0,0.000796812825,0.000392464845,0,0,0,0,0,0,0,0,0,0,0,0,0.000774592393,0,0.000892857128,0,0,0,0,0,0,0,0,0,0,0,0,0.00334727906,0,0,0,0,0,0.000689179628,0,0.0149434925,0,0,0,0,0,0,0,0,0,0.000925926415,0,0,0,0,0,0,0.000464253112,0
0,0,0,0,0,0,0,0,0,0,0,0,0,0,0,0,0,0.000829876103,0,0.000807754498,0,0,0,0,0,0,0,0,0,0,0,0,0,0,0,0,0,0,0,0,0,0.00434152948,0,0,0.00076045624,0.000389407913,0,0,0,0,0,0,0,0,0,0,0,0,0,0,0.000874891191,0,0,0,0,0,0,0,0,0,0,0,0,0.00355450178,0,0,0,0,0,0.0006872851,0,0.0170905897,0,0,0,0,0,0,0,0,0,0.000896861608,0,0,0,0,0,0,0,0
0,0,0,0,0,0,0,0,0,0,0,0,0,0,0,0,0,0,0,0,0,0,0.000419815078,0,0,0,0,0,0,0,0,0,0,0,0,0,0,0,0,0,0,0.00500356817,0,0.00077760453,0,0.000386997003,0,0,0,0.000668002996,0,0,0,0,0,0,0,0,0,0,0.000874891288,0,0,0,0,0,0,0.000993048951,0,0,0,0,0,0.00389407969,0,0,0,0,0.000773395468,0,0,0.0196787059,0,0,0,0,0,0,0,0,0,0,0,0,0,0,0,0,0,0
0,0,0,0,0,0,0,0,0,0,0,0,0.000850340561,0,0,0,0,0,0,0,0,0,0.000417013994,0,0,0,0,0,0,0,0,0,0,0.000767460061,0,0,0,0,0,0,0,0.00280504912,0,0.00150601995,0,0.000381097814,0,0,0,0.000650617645,0,0,0,0,0,0,0,0,0,0,0,0,0,0,0.000665336435,0,0,0.00097560919,0,0,0,0,0,0.00386399004,0,0,0,0,0.000744047964,0,0,0.0244866098,0,0,0,0,0,0,0,0,0,0,0,0,0,0,0,0,0,0.000857633315
0,0,0,0,0,0,0,0,0,0,0,0,0.000860584854,0,0,0,0,0,0,0,0,0,0.000416667139,0,0,0,0,0,0,0,0,0,0,0.000745155768,0,0,0,0,0,0,0,0.00373134087,0,0.00148920029,0,0,0,0,0,0.000632111047,0,0,0,0,0,0,0,0,0,0,0,0,0,0,0.000689655024,0,0,0,0,0,0,0,0,0.00423402987,0,0,0,0,0.000733137899,0,0,0.0295720592,0,0,0,0,0,0,0,0,0,0,0,0,0,0,0,0,0,0.000841042964
0,0,0,0,0,0,0,0,0,0,0,0,0.000851788508,0,0,0,0,0,0,0,0,0,0.000417710944,0,0,0,0,0,0,0,0,0,0,0.000723589169,0,0,0,0,0,0,0,0.00362796916,0,0.00222221786,0,0,0,0,0.000707213849,0.000614628218,0,0,0,0,0.000954198576,0,0,0,0,0,0,0,0,0,0.000704224525,0,0,0,0,0,0,0,0,0.0039525717,0,0,0,0,0.000712250821,0,0,0.0306694184,0,0,0,0,0,0,0,0,0,0,0,0,0,0,0,0,0,0.0016
0,0.000811688253,0,0,0,0,0,0,0,0,0,0,0,0,0,0,0,0,0,0.000798085559,0,0,0,0,0,0,0,0,0,0,0,0,0,0.00140449073,0.000888888585,0,0,0,0,0,0,0.00363275905,0,0.00217865029,0,0,0,0,0.00071377656,0,0,0,0,0,0,0,0,0,0,0,0,0,0,0,0.000704225229,0,0,0,0,0,0.000777000999,0,0,0.0032,0,0,0,0,0.000691084941,0,0,0.0310874187,0,0.000780640281,0,0,0,0,0,0.000747383885,0,0,0,0,0,0,0,0,0,0.00153256913
0,0.00080840715,0,0,0,0,0,0,0,0.000898472988,0,0,0,0,0,0,0,0,0,0.000780640562,0,0,0,0,0,0,0,0,0,0,0,0,0,0.0013689304,0.000868809635,0,0,0,0,0,0.00087032231,0.00533333002,0,0.00284698079,0,0,0,0,0,0,0,0,0,0,0,0,0,0,0,0,0,0,0,0,0.000355619051,0,0,0,0,0,0.000742942043,0,0,0.00321285048,0,0,0,0,0.000677966023,0,0,0.0353321929,0,0.000778209673,0,0,0,0,0,0.000747383713,0,0,0,0,0,0,0,0,0,0.00256409923
0,0.000814332007,0,0,0,0.000810372536,0,0,0,0.000884173696,0,0,0,0,0,0,0,0,0,0.00113464008,0,0,0,0,0,0,0,0,0,0,0,0,0,0.000666223218,0,0,0,0,0,0,0.00170940182,0.00555556429,0,0.00286122945,0,0.000689179628,0,0,0,0,0,0,0,0,0,0,0,0,0,0,0.00073421358,0,0.000693963051,0,0,0,0,0,0,0,0.00035536587,0,0,0.000794280777,0,0,0,0,0,0,0,0.0420932739,0,0.000805153559,0,0,0.000920809254,0,0,0.00229357468,0,0,0,0,0,0,0,0,0,0.00344589972
0,0.000844594337,0,0,0,0.000775795473,0,0,0,0.00129869909,0,0,0,0,0,0,0,0,0.000745712124,0.00112443965,0,0,0,0,0,0,0,0,0,0,0,0,0,0,0,0,0,0,0,0,0.00126156329,0.00613631423,0,0.00453676803,0,0,0.001001,0,0,0,0,0,0,0,0,0,0,0,0,0,0.000363635934,0,0,0,0,0,0,0,0,0,0.000335120879,0,0,0.000801281774,0,0,0,0,0,0,0,0.0462883324,0.000782472858,0.000820345254,0,0,0.000925926439,0,0,0.00156372243,0,0,0,0,0,0,0,0,0.000671140811,0.00399201858
0,0.000858369447,0,0,0,0.000759300998,0,0,0,0.00171379915,0,0,0,0,0,0,0,0,0,0.00110864906,0,0,0,0,0,0,0,0,0,0,0,0,0,0,0,0,0,0.000675219115,0,0,0.000806452077,0.00896522699,0,0.00626033693,0,0,0,0.000912409448,0,0,0,0,0,0,0,0,0,0,0,0,0.000353107314,0,0,0,0,0,0,0,0,0,0.000970873881,0,0,0.000784314292,0,0,0,0,0,0,0,0.0493196655,0.000781861273,0.00041631975,0,0,0,0,0,0.00152905192,0,0,0,0,0,0,0,0,0.000664010985,0.00385603855
0,0.000882612944,0,0,0,0,0,0,0,0.00172861082,0,0,0,0,0,0,0,0,0,0.000726215943,0,0,0,0,0,0,0,0,0,0,0,0,0,0,0,0,0,0.000653595008,0,0,0,0.00697575174,0.000934579393,0.0106432966,0,0,0,0.0008826129,0,0,0,0,0,0,0,0.000726743916,0,0,0,0,0.00034013611,0,0,0,0,0,0,0,0,0,0.000527759962,0,0,0,0.000726743645,0,0,0,0,0,0,0.0502688101,0,0.000425531718,0,0,0,0.000802567544,0,0.000753011991,0,0,0,0,0,0,0,0,0.000663129828,0.00497821752
0,0.000903341953,0,0,0,0,0,0,0,0,0,0.000622277654,0,0,0,0,0,0,0,0.000729394577,0,0,0,0,0,0,0,0,0,0,0,0,0,0,0,0,0,0.000647249082,0,0,0.000752444913,0.00854972239,0.000901713259,0.0128901027,0,0,0,0.00169347986,0,0,0,0,0,0,0,0.00105042017,0,0,0,0,0.000332226107,0,0,0,0,0,0,0,0,0,0.000522793923,0,0,0,0.000708716692,0,0,0,0,0,0,0.05417,0,0,0,0,0,0.000809717229,0,0.00074682613,0,0,0,0,0,0,0,0,0.000675676219,0.00461255202
0,0,0,0,0,0,0,0,0,0,0,0,0,0,0.00029585783,0,0,0,0,0.00148588043,0,0.000648087943,0,0,0,0,0,0,0,0,0,0,0,0,0,0,0,0.000647668323,0,0,0,0.00738006948,0.000896861125,0.0128292015,0,0,0,0.00166667038,0,0,0,0,0,0,0.000859107767,0.00101557239,0,0,0,0,0.000215750028,0,0,0,0,0,0.000843169857,0,0,0,0.000515676845,0,0,0,0.000714796292,0,0,0,0,0,0,0.0627114376,0,0,0,0,0,0.000789888298,0,0,0.000399360856,0,0,0,0,0,0,0,0.000686342452,0.00366524004
0,0,0,0.000578368938,0,0,0.000730993645,0,0,0,0,0,0,0,0.000293082927,0,0,0.00102668961,0,0.00146843137,0,0.000628140867,0,0,0,0,0,0,0,0,0,0,0,0,0,0,0,0.000644329787,0,0,0,0.00594177137,0.000903342594,0.0146373936,0,0,0,0.00161681015,0,0,0,0,0,0,0.000832639034,0.000336474051,0,0,0,0,0.000211909143,0,0,0,0,0,0.000806452077,0,0.000619194879,0,0.000304506992,0,0,0,0,0,0,0,0,0,0,0.066467491,0,0,0,0,0,0.000773394695,0,0,0.00037425128,0,0,0,0,0,0,0,0.000695893378,0.00331725204
0,0,0,0,0.000871080331,0.00137174235,0.00036818893,0,0,0,0,0,0,0,0.000293772067,0,0,0.00103627048,0,0.000715820387,0,0.000644330113,0,0,0,0,0,0,0,0,0,0,0,0,0,0,0,0.000636943036,0,0,0,0.00554583221,0.000882613342,0.0144489052,0,0,0,0.000792393323,0,0,0,0,0,0,0.00083963162,0,0,0,0.000698812263,0,0,0,0,0,0,0,0,0,0.00122699001,0,0.00030618508,0,0,0,0,0,0,0,0,0,0,0.0662299356,0,0,0,0,0,0.000773994005,0,0,0.00036205598,0,0,0,0,0,0,0,0.000708717401,0.00265957102
0,0,0,0,0.000869565378,0.00464807386,0.000732600852,0,0,0,0,0,0,0,0,0,0,0,0,0,0,0,0,0,0.000576369151,0,0,0.000401605757,0,0,0,0.00041771102,0,0,0,0,0,0,0,0,0,0.00273842999,0,0.0145992886,0,0,0,0.00077101037,0,0,0,0.000303213978,0,0,0.000841751419,0,0,0,0.000692521332,0,0,0,0,0,0,0,0,0,0.00119545945,0,0,0,0,0,0,0,0,0,0,0,0,0.0646766558,0,0,0,0,0,0.000756430537,0,0,0.000341763243,0,0,0,0,0,0,0,0,0.00180180036
0,0,0,0,0.00165563061,0.00665778541,0.000368732126,0,0,0,0,0,0,0,0,0,0,0,0,0,0,0,0,0,0.000559596666,0,0,0.000393700724,0,0,0.00138504194,0,0,0,0,0,0,0,0,0,0,0.00140766096,0,0.0145385903,0,0,0,0.000762194699,0,0,0,0.000593472171,0,0,0.000829876103,0,0,0,0.000672042971,0,0,0,0,0,0,0,0,0,0.00119689013,0,0,0,0,0,0,0,0,0,0,0,0,0.071238352,0,0,0,0,0.000904976786,0,0,0,0.000675675981,0,0,0,0,0,0,0,0,0.00151790992
0,0,0,0,0.00156985802,0.0104098792,0.000363108129,0,0,0,0,0,0,0,0,0,0,0,0,0.000677507334,0,0,0.000786163561,0,0.000564972032,0,0,0.000390930027,0,0,0,0,0,0,0,0,0,0,0,0,0,0.000845546921,0.000793651277,0.0155555894,0.000677966091,0.0006596309,0,0.000734754034,0,0,0,0.00177514854,0,0,0,0,0,0,0.00033444785,0,0,0,0,0,0,0,0,0,0.00121285965,0,0,0,0,0,0,0,0,0,0,0,0,0.0692668939,0,0,0,0,0.000876423225,0,0,0,0,0,0,0,0,0,0,0,0,0.000617284102
0,0,0,0,0.00153374132,0.0101373447,0.000355871872,0,0,0,0,0,0,0,0,0.000663130245,0,0,0,0.00132275233,0,0,0.000768639662,0,0.000562745723,0,0,0.000774593315,0,0,0,0,0,0,0,0,0,0,0,0,0,0.000282007993,0.000789889088,0.0131689941,0,0,0,0.00216137896,0,0,0,0.00293082839,0,0,0,0,0,0,0,0,0,0,0,0,0,0,0,0,0.000622277827,0,0,0,0,0,0,0.000302114965,0,0,0.000221043136,0,0,0.0653917224,0,0,0,0,0.000852514851,0,0,0,0,0,0,0,0,0,0,0,0.00072727333,0
0,0,0,0,0.000746825971,0.0108910913,0.00035410824,0,0,0,0.000686812696,0,0,0,0,0.000648088332,0,0,0,0.000640615247,0,0,0.000758725015,0,0.000573065924,0,0,0.00038402499,0,0,0,0,0,0,0,0,0,0,0,0,0,0.00114613092,0.000796813149,0.0133751079,0,0.000666222774,0,0.000702741153,0,0,0,0.0049332597,0,0,0,0,0,0,0,0,0.000657029875,0,0,0,0,0,0,0,0.000643086944,0,0,0,0,0,0,0.000298328905,0,0,0.000229727127,0,0,0.0554186612,0,0,0,0,0,0,0,0.000608643258,0,0,0,0,0,0,0,0,0.000719942125,0
0,0,0,0,0,0.0106727027,0.000724112836,0,0,0.00071326669,0.000659631315,0,0,0,0,0.000651042168,0,0,0,0.000628931043,0,0,0.00149365039,0,0.000580382778,0,0,0,0,0.000656599132,0,0,0,0,0,0,0,0,0,0,0.000679347527,0.00116413975,0.000789889175,0.0152752035,0,0,0,0.00104312038,0,0,0,0.00491046142,0,0,0,0,0,0,0,0,0.000692042397,0,0,0,0,0,0,0,0.00065616789,0,0,0,0,0,0,0.000291206052,0,0,0.000351124003,0.00102144984,0,0.0553874151,0,0,0,0,0,0,0,0,0,0,0,0,0.000640614725,0.000618812233,0,0,0.00070972288,0
0,0,0,0,0,0.0114024005,0.000725163489,0,0,0.000700771048,0.000652742023,0,0,0,0.000634517977,0.000634518115,0,0,0,0.000613496695,0,0,0.001443,0,0.000588928042,0,0,0,0,0.000667110625,0,0,0,0,0,0,0,0,0,0,0.000668002996,0.000289184023,0.000791139571,0.0165917071,0,0,0,0.00170183477,0,0,0,0.005388539,0,0,0,0,0,0,0,0,0.00069013144,0,0,0,0.00073637732,0,0,0,0.000670240838,0,0,0,0,0,0,0.000294290782,0,0.0006858708,0,0.00148220991,0,0.058423407,0,0,0,0,0,0,0,0,0.00063091453,0,0,0,0.00063775471,0,0,0,0.000714796014,0
0,0,0,0,0,0.010779956,0.000731528958,0,0,0.00138696211,0.000653595016,0,0,0,0,0.000633714181,0,0,0,0.000621504308,0,0,0.00142146048,0,0,0,0,0,0,0.000664893745,0,0,0,0,0,0,0,0,0,0,0.00065316789,0.000291206163,0.0008,0.019903769,0,0,0,0.00102110037,0,0,0,0.00479478046,0,0,0,0,0,0,0,0,0.00071275806,0,0,0,0,0,0,0,0,0,0,0,0,0,0,0,0.00069589437,0,0,0.00192215105,0,0.0549077066,0,0,0.000689655238,0,0,0,0,0,0.000641848649,0,0,0,0.000635728109,0,0,0,0.000706713495,0.000579709977
0,0,0,0,0,0.0103825225,0.000731528571,0,0,0.00141743419,0.000664893984,0,0,0,0,0.000631313118,0,0,0,0,0,0,0,0,0,0,0,0,0,0.00067567605,0,0,0,0,0,0,0,0,0,0,0,0.00117027552,0,0.0221846635,0,0,0,0.00101420007,0,0,0,0.00487384881,0,0.000877192492,0,0,0,0,0,0,0.000725689516,0,0,0,0,0,0,0,0,0,0,0,0,0.000515198413,0,0,0.0007067141,0,0,0.00250743957,0,0.0581021924,0,0,0,0,0,0,0,0,0.000637754987,0,0,0,0.000641026176,0,0,0,0.000684463051,0.00113895047
0,0,0,0,0,0.00967602642,0,0,0,0.000691562823,0.000654879269,0,0,0,0,0.00126582059,0,0,0,0,0,0,0,0,0.000646830572,0,0,0,0,0.000673853876,0,0.000707713898,0.000787402625,0,0,0,0,0,0,0,0,0.000592767682,0,0.0248706163,0,0,0,0.00033852406,0,0,0,0.00803213006,0,0,0,0,0,0,0,0,0.000727273311,0.000242954078,0,0,0,0,0,0,0,0,0,0,0,0,0,0,0.000691084703,0,0,0.00350466958,0,0.0536770015,0,0,0,0,0,0,0,0,0.000645577699,0,0,0,0.000651042103,0,0,0,0.000697349756,0.00168824045
0,0,0,0,0,0.00915031254,0,0,0,0.000706713898,0.000987492375,0,0,0,0,0.0012391597,0,0.000809060951,0,0,0,0,0,0,0.000670691183,0,0,0,0,0.00134228241,0,0.00072727333,0.000803213461,0,0,0,0,0.000697350453,0,0,0,0,0,0.0244827576,0,0,0,0,0,0,0,0.0105293013,0,0,0,0,0,0,0,0,0.000364963721,0.00166543063,0,0,0,0,0,0,0,0,0.0005485457,0,0,0,0,0,0,0,0,0.00419385084,0,0.0507286095,0.000635324018,0,0,0.000778209837,0,0,0,0,0.00065188985,0,0,0,0,0,0,0,0,0.00230547947
0,0,0,0,0,0.0091145798,0,0,0,0,0.000993377607,0,0,0,0,0.00184956946,0,0,0,0,0,0,0,0,0.000675219379,0,0,0,0,0.00129534017,0,0.000746269144,0,0,0,0,0,0,0,0,0,0,0,0.0245845264,0,0,0,0,0,0,0,0.0146266105,0,0,0,0,0,0,0,0,0.000363372083,0.00167866154,0.000596659014,0.000583089843,0,0,0,0,0,0,0.000557102508,0,0,0,0.000686341948,0,0,0.000709220482,0,0.00398125989,0,0.0502808854,0.000631313039,0,0,0,0,0,0,0,0.000654450196,0,0,0,0,0,0,0,0,0.00173410422
0,0,0,0,0,0.00971502385,0,0,0,0,0.00130463156,0,0,0,0,0.00178464923,0,0,0,0,0,0,0,0.000718390877,0.000688231213,0.000616142998,0,0,0,0.00125548931,0,0.000771604838,0,0,0,0,0,0,0.000625391031,0,0,0,0,0.0295824954,0,0,0,0,0,0,0,0.0177891964,0,0,0,0,0,0,0,0,0,0.00163858028,0,0.00059772897,0,0,0.00055371041,0,0,0,0.000561167131,0,0.000657895138,0,0.000705716178,0,0,0.000712250997,0,0.00436047015,0,0.0471223873,0.00063492115,0,0,0,0,0,0,0,0.000657462025,0,0,0.000609756149,0,0,0,0,0.000705218691,0.00170842633
0,0,0,0,0,0.0101639426,0,0,0,0,0.000653594755,0,0,0,0,0.00176677986,0,0,0,0.000615763819,0,0,0,0.000713267145,0.000694443613,0.00063012005,0,0,0,0.00123305039,0,0.00150037665,0,0,0,0,0,0,0.000633713915,0,0,0,0,0.0335079613,0,0,0,0,0,0,0,0.022536391,0,0,0,0,0,0,0,0,0,0.00232450035,0,0.00295682928,0,0,0,0,0,0.00062034695,0.00028506307,0,0.000652315588,0,0.000718391171,0,0,0.00139566952,0,0.00477867158,0,0.0456720877,0,0,0,0,0,0,0,0,0.000648507944,0,0,0,0,0,0,0,0.000713775606,0.00117095979
0,0,0,0,0,0.00907257989,0,0,0,0,0.00032362496,0,0.000538213309,0,0,0.00116959001,0,0,0,0,0,0,0,0,0.000703729965,0,0,0,0,0.00122175002,0,0.000767459708,0,0,0,0,0,0,0.000660938974,0.000599879772,0,0,0,0.0361038072,0,0,0,0,0,0,0,0.0247288049,0,0,0,0,0,0,0,0,0,0.00156180031,0,0.00319743847,0,0,0,0,0,0.000619963149,0.000872092649,0,0,0,0.000755287561,0,0,0.000697349965,0,0.00455926877,0,0.045735281,0,0,0,0,0,0,0,0,0,0,0,0.000595592647,0,0,0,0,0.000706214696,0.00118482947
0,0,0,0,0,0.00894700403,0,0,0,0,0.00032362496,0,0,0,0,0.0011855396,0,0,0,0,0,0,0,0,0,0,0,0,0,0.000900359784,0,0.000785546284,0,0,0,0,0,0,0.00135318038,0,0,0,0,0.0383300917,0,0,0,0,0,0,0,0.0284329888,0.000586509677,0,0,0,0,0,0,0,0,0.00162759896,0,0.00447699999,0,0,0,0.000681663016,0,0.000631711738,0.000888099463,0,0,0,0.000775795244,0,0,0.000692521304,0,0.00346851952,0,0.0469969901,0,0,0,0,0,0,0,0,0,0,0,0.000585479719,0,0,0,0,0.000702247355,0.0011855405
0,0,0,0,0,0.0108151196,0,0,0,0,0.00031665601,0,0,0,0,0.00119189964,0.000653167781,0,0,0,0,0,0,0,0,0,0,0,0,0.00116076974,0,0.000784314045,0,0,0,0,0,0,0.00135962071,0,0.000341063935,0,0,0.0389030767,0,0,0,0,0,0,0,0.0294512843,0.000592066398,0,0,0,0,0,0,0,0,0.00160565014,0,0.0043559422,0.000876424505,0,0,0,0,0,0.000609013132,0,0,0,0.000795545016,0,0,0.000696864283,0,0.00300546192,0,0.0498385747,0,0,0,0,0,0,0,0,0,0,0.000863557518,0,0,0,0,0,0.000695894148,0.00178042019
0,0,0,0,0,0.0121443504,0,0,0,0,0.000968992013,0,0,0,0,0.001207,0,0,0,0,0,0,0,0,0,0.000689655497,0,0,0,0.00115141028,0,0,0,0,0,0,0,0,0.00141843892,0,0.00102739828,0,0,0.0407156568,0,0,0,0,0,0,0,0.0317438727,0.000590666999,0,0,0,0,0,0.000616142912,0,0,0.00161602995,0,0.00483559085,0.000921658393,0,0,0,0,0,0.000605693707,0,0,0,0,0,0.000742390327,0.000701262153,0,0.0036764697,0,0.0515579959,0,0,0,0,0,0,0,0,0.000639795112,0.000581395363,0,0,0,0,0,0,0.000693480721,0.00183599022
0,0,0,0,0,0.0149735137,0,0,0,0,0,0,0,0,0,0.000601684898,0,0,0,0,0,0,0,0,0,0.000698811564,0,0,0.000780030664,0.000554323596,0,0,0,0.000586509988,0,0,0,0,0.00145985486,0,0.00101419901,0,0,0.0433872489,0,0,0,0,0,0,0,0.0341382005,0,0,0,0,0,0,0.000628140823,0,0,0.00065702998,0,0.00458414987,0.000953288449,0,0,0,0,0,0.000591366056,0,0,0,0.000806452256,0,0.000783699472,0.000707713393,0,0.00323148989,0,0.0651902511,0,0,0,0,0,0,0,0,0.0012730695,0.00059382417,0,0,0,0,0,0,0,0.00253164962
0,0,0,0,0.000323624927,0.0185856013,0,0,0,0,0,0,0,0,0,0,0,0,0,0,0,0,0,0,0,0.000721500999,0.00097943236,0.000638570096,0.000780639266,0.000562430354,0,0,0,0.000297619043,0,0,0,0.00076277717,0.00075872467,0,0.000668002985,0,0,0.042968726,0,0,0,0,0,0,0,0.0360177144,0,0,0,0,0,0,0,0,0.000626959026,0,0,0.00332226096,0.00101316966,0,0,0,0,0,0.00117164622,0,0,0,0,0,0.00039401098,0,0,0.00271411087,0,0.0720417634,0.000587544268,0,0,0,0,0,0.000793651039,0,0.00190840055,0.000582750772,0,0,0,0,0,0,0,0.00320307202
0,0,0,0.000747943043,0,0.018153003,0,0,0,0,0,0,0,0,0,0,0,0,0,0,0,0,0,0,0,0,0.000959692623,0.000630517264,0.000795545282,0.000584111768,0,0,0,0,0,0,0.000821693006,0.000764526362,0.000750187973,0,0.000664010933,0,0,0.0437288824,0,0,0,0,0.00077041629,0,0,0.0374443194,0,0,0,0,0,0,0,0,0.000628140786,0,0,0.00335796013,0.00107990911,0,0,0,0,0,0.00120481955,0,0,0,0,0,0.000415282012,0,0,0.00122174908,0,0.075641013,0,0,0,0,0,0,0,0,0.00195821984,0.000584454034,0,0,0,0,0,0,0,0.00388097969
0,0,0,0,0,0.0196150845,0,0,0,0,0,0,0,0,0,0,0,0,0,0,0,0,0,0,0,0,0.000943396381,0.00060240997,0.000801282349,0,0,0.000780640343,0,0,0,0,0.000814996329,0.000753579879,0,0,0,0,0,0.0415906158,0,0,0,0,0.000740191716,0.000691084656,0,0.0357881999,0,0,0,0,0,0.000677966128,0,0,0,0,0,0.00274536986,0.00110131965,0,0.000560224057,0,0,0,0.000601323289,0,0,0,0,0,0,0,0,0.000613874077,0,0.0800000836,0,0,0,0,0,0.000593119929,0,0.000713267332,0.00131926028,0.00059312038,0,0,0,0,0.000595593242,0,0,0.0045016077
0,0,0,0,0.00068352669,0.016630533,0,0,0,0,0,0,0,0,0,0,0,0,0,0,0,0,0.000886524535,0,0,0,0,0.00174622087,0.000811688344,0,0,0,0,0,0,0,0,0.000753579879,0,0,0,0,0,0.0417430411,0,0,0,0,0.000735835303,0,0,0.0363697973,0,0,0,0,0,0.00132979056,0,0,0,0,0,0.0017409505,0.00112994007,0,0,0,0,0,0.000600961966,0,0.000725688954,0,0,0,0.000907440963,0.00103590946,0,0.000626959026,0,0.080436098,0,0,0,0,0,0,0,0.00137362913,0.000688230545,0,0,0,0,0,0.000592767545,0,0.000682128288,0.00390116856
0,0.000250814935,0,0,0.000671592212,0.0164114003,0,0,0,0,0,0,0,0,0,0.000596302819,0,0,0,0,0.000622665212,0,0.000873361684,0,0,0,0,0.00172018042,0.000808407393,0,0,0,0,0,0,0,0,0.000740191716,0,0,0,0,0.000742390616,0.0430341112,0,0,0,0,0.000722021932,0,0,0.0365568016,0,0.000726215686,0,0.000624609482,0,0.000656167667,0,0,0,0,0,0.00173129941,0,0,0,0,0,0,0.000607902727,0,0,0,0,0,0.000948767442,0.00248403061,0,0.000634115561,0,0.0874567962,0,0,0,0,0,0,0,0.00204778128,0.00138888677,0,0,0,0,0,0.000915191824,0,0.000652315588,0.00386846847
0,0.000373413219,0,0,0.00067981019,0.0145879043,0,0,0,0,0,0,0,0,0,0.000588927866,0,0,0,0.000715820122,0,0,0.00084175121,0.00079113878,0,0,0,0.00254381071,0.000768048541,0.000623441193,0,0,0,0,0,0,0,0.000736377181,0.000767459854,0,0,0,0,0.0426675645,0,0,0,0,0,0,0,0.0414821949,0,0.000710732054,0,0.000610128295,0,0.000635727883,0,0,0,0,0,0.00143164077,0,0,0,0,0,0,0.000613497059,0,0,0,0,0,0.000977516967,0.00360231082,0,0,0,0.0876129848,0,0,0,0,0,0.00184274908,0,0.00266489176,0.00218818583,0,0,0,0,0,0.00062034719,0.000256015937,0.0012453296,0.00320512876
0,0.000379362862,0,0,0.000689655162,0.0141202041,0,0,0,0,0,0,0,0,0,0.000587199236,0.000754716984,0.000730459722,0,0.000729927242,0.000601684425,0,0.000821692683,0.000796178371,0,0,0,0.00277624115,0.000363107955,0.000628140968,0,0,0,0,0.000630516693,0,0,0,0.000769230822,0,0,0,0,0.0393958803,0,0.00061996264,0,0,0,0,0,0.0382487694,0,0.000705218381,0,0.000619194887,0,0.000312500156,0,0,0,0,0,0,0,0,0,0.000650618095,0,0,0.000634920776,0.000871839704,0,0.000514933035,0,0,0,0.00724637987,0,0,0,0.0849256781,0,0,0.00162205976,0,0,0.00215783017,0,0.00333778037,0.00148698973,0,0,0,0,0,0.000618429088,0.000256937227,0.00122399003,0.00194552934
0,0.000383730104,0,0,0.000716845901,0.0135929471,0,0,0,0,0,0,0,0,0,0,0.00075528753,0,0,0,0.000597729375,0,0,0.000813669992,0,0,0,0.00326442242,0,0,0,0,0,0.000673854197,0,0,0.000759301302,0,0,0,0,0,0,0.042065666,0,0,0,0,0,0,0,0.0379955152,0,0.000704225229,0,0.000607903207,0.000708214603,0,0,0,0,0,0,0,0,0.00067613282,0,0.000654879238,0,0,0.000651890026,0.0017406408,0,0.000517330829,0,0,0,0.00894775224,0,0,0.00128617096,0.0749902613,0,0,0.00157109242,0,0,0.00184275,0,0.00486697151,0.00154440107,0,0,0,0,0,0,0,0.00121729008,0.00130463014
0,0,0,0,0,0.0126865698,0,0,0,0.000668449368,0,0,0,0,0,0,0.000742941999,0,0.000287356014,0,0.000590318955,0,0,0.000834724624,0,0,0,0.00459210625,0,0,0,0,0,0.000672043583,0,0,0,0,0,0,0,0,0,0.0439024323,0,0,0,0,0,0,0,0.0362543888,0,0.000697350209,0,0.000889152825,0,0,0,0,0,0,0,0,0,0.000657030289,0.000576701172,0.000675675418,0,0,0.00033557003,0.00256410025,0,0,0,0,0,0.0133573947,0,0,0.0016468993,0.0709007167,0,0,0.00228310444,0,0.000341997003,0.00185873911,0,0.00434783252,0.00230061137,0,0,0.000579374038,0,0.00064184913,0,0,0.00121654955,0.00131666025
0,0,0,0,0.000722542938,0.018874873,0,0,0,0.000667111519,0,0,0,0,0,0,0.000726744484,0,0.000856163673,0,0,0,0,0.000838925736,0,0,0,0.00545851183,0,0,0,0,0,0.000663570192,0.000615764225,0,0,0,0,0,0,0,0,0.044343589,0,0,0,0,0,0,0,0.0360973957,0,0,0,0.000882872482,0,0,0,0,0,0,0,0,0,0,0.000568828196,0.000693000999,0,0,0,0.00175900943,0,0,0,0,0,0.0182012945,0,0,0.00199601063,0.0687688206,0,0,0.00225734097,0,0.000335120879,0.00187382991,0,0.00427089769,0.000805153408,0,0,0,0,0.000641025791,0,0,0.000612370159,0.000665778971
0,0,0,0,0.000724113054,0.0220808031,0,0,0,0.000668449068,0.000677507056,0,0,0,0,0,0.000732601365,0,0.00116549983,0,0,0,0,0.000845308739,0,0,0,0.00845608811,0,0,0,0,0,0.00068073486,0.000302847007,0,0,0,0,0,0,0,0,0.0458069054,0,0,0,0,0,0,0,0.0356108107,0,0,0.000612744725,0.000579373783,0,0,0.00057175528,0,0.000620732601,0,0,0,0,0,0.000568181793,0.000703729451,0,0,0,0.000865801258,0,0,0,0,0,0.0210144971,0,0,0.00330469143,0.0661600326,0,0,0.00371747204,0,0,0.00184275092,0,0.00809353089,0.000811687896,0,0,0,0,0.000316455887,0,0,0.000612745313,0.000674309048
0,0.000800640551,0,0,0.000716331954,0.0206896369,0,0,0,0.000683995007,0.0019854391,0,0,0,0,0,0.00212614544,0,0.00148456013,0,0,0,0,0.000882613342,0,0,0,0.0102436356,0,0.00070521924,0.000810373508,0,0,0,0.000298150997,0,0.000738552109,0,0,0,0,0,0,0.0396881062,0,0,0,0,0,0,0,0.0368776953,0,0.000667110926,0.000606795717,0.000578369365,0,0.000588235209,0.000585480023,0,0.00123993108,0,0,0,0,0,0.000571429161,0.000696864171,0,0,0,0.00083472524,0,0,0,0,0,0.0231548141,0,0,0.0037012098,0.0672745737,0,0,0.00444115036,0,0,0.00121654955,0,0.0100574964,0.000830564315,0,0,0,0,0,0,0,0.000623052934,0
0,0.000809716754,0,0.000684932093,0,0.0255335781,0,0,0,0.00204360082,0.00408440982,0,0,0,0,0,0.00140548115,0,0.00295857992,0,0,0,0,0,0,0,0,0.0128706934,0,0.000739097707,0,0,0,0,0.000302663026,0,0.00217865033,0,0.000714286203,0,0,0.000724112836,0,0.0386550191,0,0,0,0,0,0,0,0.0357361125,0,0.000655738172,0,0.000586166489,0,0,0.000602046943,0,0.00186566914,0,0,0,0,0,0.000567215406,0,0,0,0,0.000818330651,0.000794281245,0,0,0,0,0.0241305922,0,0,0.00371120297,0.0654358034,0,0,0.00362845287,0,0,0,0,0.0114015729,0,0,0,0,0,0,0,0,0,0
0,0.000822368044,0,0.000686341531,0,0.0313935807,0,0,0,0.00203527544,0.00507785945,0,0,0,0,0,0.00138984982,0,0.00182259981,0,0,0,0.000639794885,0,0,0,0,0.011454732,0,0.00114416059,0,0,0,0,0,0,0.00289645072,0,0.00071022745,0.00049407093,0,0.000349405924,0,0.0435659848,0,0,0,0,0,0,0,0.0304615955,0,0,0,0.000591716168,0,0,0,0,0.00180831947,0,0,0,0,0,0.000574052771,0,0,0,0,0,0.0008,0.000576700596,0,0,0.000968992016,0.0197504901,0,0,0.00273411099,0.0657276453,0,0,0.00282884801,0,0,0,0,0.0143566804,0,0,0,0,0,0,0.000580045904,0,0,0
0,0.000839631208,0,0,0,0.031734132,0,0,0,0.000667557296,0.00507785706,0,0,0,0,0,0.00140548027,0,0.00123228941,0,0.000589623222,0,0.000650195349,0,0,0,0,0.0099941265,0,0.0011636906,0.000834724624,0,0,0,0,0,0.00653595209,0,0.000688704652,0.000246792113,0,0.000683526963,0,0.0469143609,0,0,0,0,0,0,0,0.0321285312,0,0.000643086888,0.000588234891,0.000602046972,0,0,0,0,0.00179211003,0,0,0,0,0,0.000580720302,0,0,0,0,0,0.00081499602,0.00058275129,0,0,0,0.0184552055,0,0,0.0014306201,0.0707537612,0,0,0.00215054016,0,0,0,0,0.014088395,0,0,0,0,0,0,0,0,0,0
0,0.000851789189,0,0,0,0.037064836,0,0,0,0,0.00496688984,0.00065659887,0.00148368071,0,0,0,0.0014255201,0,0.000625000125,0,0.000581057966,0.000597014982,0.000668896185,0,0,0,0,0.00940534079,0,0.000798722444,0.000841042964,0,0,0,0,0,0.00771492355,0,0.000683059925,0,0,0.000687284804,0,0.0533512825,0,0,0,0,0,0,0,0.0324511251,0,0.00129282023,0.000580383172,0.000603135836,0,0,0.000581394892,0,0.000589622855,0,0,0,0,0,0.000576369436,0,0,0,0,0,0.00081699303,0.000575704764,0,0,0,0.0185185001,0,0,0.0014566605,0.0748733935,0,0,0.00217548969,0,0,0,0,0.0133296735,0,0,0,0,0,0,0,0,0,0
0,0.000862812701,0,0,0,0.0381892004,0,0,0,0,0.00419355004,0,0.00220588426,0,0,0,0,0,0.00123686017,0.000706215501,0.000586509839,0.00059101669,0.000661375993,0,0,0,0,0.00955610274,0,0.000834724854,0.000820345254,0.000843170413,0,0,0,0,0.00698528881,0.00133779056,0,0,0,0.000673401133,0,0.0627922087,0,0,0,0,0,0,0,0.0308601021,0,0.00190597006,0.00115540147,0,0,0,0.00115941951,0,0.000589622737,0,0,0,0,0,0.000566892964,0,0,0,0,0,0,0.000581395122,0,0,0,0.0190750082,0,0,0.000758149886,0.0771604558,0,0,0.00143368989,0,0,0,0,0.0107990994,0,0.000548245815,0,0,0,0,0,0,0,0.00132978951
0,0,0,0,0,0.0431719513,0,0.000626959352,0,0.000681199273,0.0032195808,0,0.00296515953,0,0,0,0,0,0.000617664734,0.000708215503,0.000593119573,0,0.000677047968,0.000989119881,0,0,0,0.0090852161,0,0,0,0.001718211,0,0,0,0,0.00651230221,0.00203251995,0,0,0,0,0,0.065894005,0,0,0,0,0,0,0,0.0337792792,0,0.00192678042,0.00088704877,0,0,0,0.00112739955,0.000772797383,0.00120192022,0,0,0,0,0,0.000569152156,0,0,0,0,0,0,0,0,0,0,0.0169189079,0,0,0,0.0804181949,0.00030543721,0.000365229916,0,0,0,0,0,0.00833782277,0,0.000554939157,0,0,0,0,0,0,0,0.000654879317
0.00057372306,0,0,0,0,0.0412723619,0,0.000628140911,0,0.000698812528,0.00284449968,0.000619194638,0.00332840424,0,0,0.000599519736,0,0,0.000614250876,0.000730459781,0.00118977005,0,0.000683527371,0.00102668961,0,0,0,0.00739826891,0,0,0,0.00179372125,0,0,0,0,0.00718907072,0.00268636901,0,0.000487091776,0,0,0,0.0724825993,0,0,0,0,0,0,0,0.0327040152,0,0.0013288988,0.000603500241,0,0,0,0.00111544981,0.000808406671,0.00060422968,0,0,0,0,0,0.00170358103,0,0,0,0,0,0,0,0,0,0,0.017943803,0,0,0,0.0823870181,0.000598801757,0,0.000713266764,0,0,0,0,0.00504781712,0,0.000568827725,0,0,0,0,0,0,0,0.000635727969
0.000560537957,0,0,0,0,0.0394350349,0,0.000628140823,0,0.000710227068,0.0028391224,0.000604229722,0.00333086182,0,0,0,0.000685870714,0,0.000640204673,0,0,0,0.000690607436,0.00107527049,0,0,0,0.00679431789,0,0,0,0.00181652989,0,0,0,0,0.00622710807,0.00638441377,0,0.000483091867,0,0,0,0.0820658817,0,0,0,0,0,0,0,0.0347551533,0,0.00137552066,0.000613496985,0,0,0,0.00166666563,0.00162337938,0.000621890881,0,0,0,0,0,0.00195858867,0,0,0.0008,0,0,0,0,0.000732063858,0,0,0.020099992,0,0,0,0.0946414104,0.000583430995,0,0.00209936933,0,0,0,0,0.00330205044,0,0.000561797498,0,0,0,0,0,0,0,0.000617664899
0.00110132002,0,0,0,0,0.0384923211,0,0.000645995006,0,0.000716332006,0.00215516812,0.000583089895,0.00256410077,0,0,0,0,0,0.000632111113,0,0,0,0.000701754034,0.00107180934,0,0,0,0.00869025137,0,0,0,0.00187969968,0,0,0,0,0.00898634137,0.00771294285,0,0.000488520215,0,0,0,0.0866956333,0,0,0,0,0,0,0,0.036051218,0,0.00141242939,0,0,0,0,0.00169874972,0.00167644925,0,0,0,0,0,0,0.00138811943,0,0,0,0,0,0,0,0.000734754181,0,0,0.0174582913,0.000767459647,0,0.000773994005,0.0994977964,0,0,0.00280111933,0,0,0,0,0.00230414943,0,0,0,0,0,0,0,0,0,0.000598443801
0.00108814071,0,0,0,0,0.0389112883,0,0,0,0.00073421337,0.00123305046,0.00056369817,0.00220588182,0,0,0,0,0,0.000627745942,0.000742942172,0,0,0.00069735007,0.00110988027,0,0,0,0.00948844429,0,0,0,0.00197044057,0,0,0,0,0.0080588624,0.00615174306,0,0.0005,0,0,0,0.085845626,0,0,0,0,0,0,0,0.0414239083,0,0.00143471897,0,0,0,0,0.00115874829,0.00175593012,0,0,0,0.000622664866,0,0,0.00221239014,0,0,0,0,0,0,0,0.0007429413,0,0,0.0164059066,0.000755857351,0,0.000768639508,0.105410369,0,0,0.00346019887,0,0.000731529257,0,0.000592767504,0.00127356021,0,0,0,0,0,0,0,0.000641848969,0,0
0.000549451054,0,0.000610127766,0,0,0.0350659871,0.000586510047,0,0,0.000735294085,0.000617664592,0.000559597226,0.00147600999,0,0,0,0,0,0.000620347049,0.000747943128,0,0,0.00139957992,0.00111110914,0.000680271815,0,0,0.0118823989,0,0,0,0.00204498954,0,0,0.000291715028,0,0.0064011431,0.00713800068,0,0.000252780914,0,0,0,0.0922031914,0,0,0,0,0,0,0,0.0431091143,0,0.000742942043,0,0.000608273276,0,0,0.00115207391,0.00178571052,0,0,0.00032216509,0.000616903465,0,0,0.00220628986,0,0,0,0,0,0,0,0.00218023006,0,0,0.0154661062,0.000728331758,0,0,0.114712068,0,0,0.00409557098,0,0.000712251234,0,0,0.00101112044,0,0,0,0,0,0,0,0.000661812859,0,0.000593824314
0.000544958783,0,0.000601684967,0,0,0.0401208366,0.000570125,0,0,0,0,0.000554324016,0.00149030954,0,0,0,0,0,0,0.000717359484,0,0,0.00138600198,0,0.000689654548,0,0,0.0146124251,0,0,0,0.00213219893,0,0,0.000288351014,0,0.00494350141,0.0149617053,0,0.000257467068,0,0.000705715695,0,0.0921141692,0,0,0,0,0,0,0,0.0507669266,0,0.00220102594,0,0.000617665003,0,0,0,0.00176523136,0,0,0.00032658415,0.00123686088,0,0,0.00225352113,0,0,0,0,0,0,0,0.00142653067,0,0,0.0179402009,0.001443,0,0,0.125641275,0,0,0.00402954943,0,0.000685400581,0,0,0.000519750999,0,0,0,0,0,0,0,0.000651465894,0,0
0.000545553517,0.000753580633,0.000608272944,0,0,0.043410207,0.000560852278,0.000617284091,0,0,0,0,0.000736920059,0,0,0,0,0,0,0.000677506991,0,0,0.00106157115,0,0,0,0,0.0157759029,0,0,0,0.00106723923,0,0,0.000282167009,0,0.00395114826,0.015811703,0,0.000263434872,0,0.000698811564,0,0.0931850083,0,0,0,0,0,0,0,0.0559418267,0,0.00222387029,0,0.000634114781,0,0,0,0.00176991016,0,0.000738006987,0.000335344947,0.00187265926,0,0,0.0016929998,0,0,0,0,0,0,0,0.00141543081,0,0,0.0179640915,0.000699301278,0.000594883543,0,0.133089996,0,0,0.00426508762,0,0.00066137591,0,0,0.000529101263,0,0,0,0,0,0,0,0.000329598006,0,0
0.000563062929,0,0.000295682877,0,0.000718390783,0.0403523265,0.000558036144,0,0,0,0,0,0.000755286783,0,0,0,0,0,0,0.000664894141,0,0,0.00106989958,0,0,0,0,0.0167526119,0,0,0,0,0,0,0.000281372982,0,0.00290065025,0.0207453996,0,0.000266525129,0,0,0,0.0915841812,0.000775794798,0,0,0,0,0,0,0.0564566221,0.000584453898,0.00366837462,0.000654450327,0.000640204869,0,0,0,0.00171379863,0,0.000734753807,0.000339213058,0.0028481003,0,0,0.00113571986,0,0,0,0,0.000710732119,0,0,0.00069686419,0,0.000904977042,0.0191790087,0.000685401136,0.000571101627,0,0.135435551,0,0,0.00293351144,0.000694926933,0.000644330238,0,0,0.000531915151,0,0,0,0,0,0,0.00103734011,0,0,0
0,0,0.00172910917,0,0.00142959205,0.041348087,0.000565291073,0,0,0,0,0,0.000763358726,0,0,0,0,0,0,0.000967741782,0,0,0,0,0,0,0,0.018205504,0,0,0,0,0,0,0.000276701998,0,0.00214132929,0.0260492101,0,0,0,0,0,0.0864264596,0,0,0,0,0,0,0,0.0576922585,0.00056947611,0.00589970475,0.000670240375,0.000641437442,0,0,0,0.000835421647,0,0.000735294087,0.000338065842,0.0034898504,0,0,0.000581058257,0,0,0,0,0.000717874803,0,0,0.000678425811,0,0,0.0181383009,0.000669791751,0.000576701201,0,0.132358885,0,0,0.00291262111,0,0,0,0,0,0,0.000573722797,0,0,0,0.000611621237,0.000520833049,0,0,0
0,0,0.00171135111,0,0.00143678182,0.0410586644,0.000570125014,0,0,0,0,0,0.00113293008,0,0,0,0,0,0,0.000315457198,0,0,0,0,0,0,0,0.020600513,0,0,0,0,0,0,0.000270855904,0,0.000714285734,0.0275561585,0,0,0,0,0,0.0797236319,0,0,0,0,0,0.000557103165,0,0.060332351,0.000561166766,0.00886917642,0.0013157894,0.000639795144,0,0,0,0,0,0.000736920177,0.000329164068,0.00509878929,0,0,0.000587543857,0,0,0,0.000704722265,0.000714796003,0,0.000498007783,0.000657895207,0,0,0.0198253085,0.000673400865,0.000573394235,0,0.133122942,0,0,0.00386598008,0,0,0,0,0,0,0.000569475997,0,0,0,0.000623053017,0.00104822045,0,0,0
0,0,0.00339366905,0,0.00141542841,0.0386904287,0.000581734038,0,0,0,0,0,0.00113635959,0,0,0,0,0,0,0.00093052173,0,0,0,0,0,0,0,0.025487586,0,0,0,0,0,0,0.000272330971,0,0,0.0296052853,0,0,0,0,0,0.0702345021,0,0,0,0,0,0.000558659191,0,0.0566057694,0.000558971078,0.00851221509,0.000332667995,0,0,0,0,0,0,0.000732063906,0.000327654081,0.00555555929,0,0,0.000588927555,0,0,0,0.000689180179,0.000724638262,0,0.000503778082,0,0,0,0.0191329092,0.000659630949,0.000566572202,0,0.124705883,0,0,0.00359242088,0,0,0,0,0,0,0.000564016151,0,0,0,0.0012531295,0.00103896048,0,0,0
0,0,0.00504483809,0,0.00142247561,0.0410122,0,0,0,0,0,0,0.00112867012,0,0,0,0,0,0,0.000946372675,0,0,0,0,0,0,0,0.0275381939,0.000651890339,0,0,0,0,0,0.000268527935,0,0,0.0336712058,0,0,0,0,0,0.0711335155,0,0,0,0,0,0.000572738186,0,0.0624082091,0.000561166998,0.00790662492,0.00101145999,0,0,0.00057012475,0,0,0,0.000738006987,0.000313873126,0.00752951369,0,0,0,0,0,0,0.000697837132,0.000719424342,0,0.000516796159,0,0,0.000442478231,0.0215672894,0.00065703024,0,0,0.127929603,0,0,0.00192430965,0,0,0,0.000618046915,0,0,0.00113250307,0,0,0,0.00126422059,0.00104877008,0,0,0
0,0,0.00538244263,0,0.00213067716,0.0325203554,0,0,0,0,0,0,0.000366300293,0,0,0,0,0,0,0.000640614459,0,0,0,0,0,0.000668002996,0,0.0324905929,0.000651889883,0,0,0,0.000741290311,0,0.000270123913,0,0,0.0404375402,0,0,0,0,0,0.061806725,0,0.00068073468,0,0,0,0.000571428836,0,0.0690631796,0,0.00613027273,0.00103306012,0,0,0.000564972241,0.00060459531,0,0,0,0,0.0110575025,0,0,0.000577700797,0,0,0,0.00103234692,0,0,0.000521104995,0.000625391029,0,0.000433651151,0.0197353001,0.000647249405,0.000531915152,0,0.117909435,0,0,0.00124455986,0,0,0,0.0012492207,0,0,0.00113507368,0,0,0,0.00130548044,0.0013027603,0,0,0
0,0,0.00525151784,0,0.00139664834,0.0306530066,0,0,0,0,0,0,0.000360231222,0,0,0,0,0,0,0.000650195143,0,0,0,0.000284900199,0,0,0,0.0417209983,0.000654021768,0,0,0,0.00072150136,0,0,0.000697836822,0,0.0460967138,0,0,0,0,0,0.0522633745,0,0,0,0,0,0.000580046196,0,0.0739067189,0,0.00533130045,0.00105783013,0,0,0.000562113855,0,0,0.000636132223,0,0.000602046785,0.010672298,0,0,0.000583771392,0,0,0,0.00101488504,0,0,0.000531349867,0.000615764254,0,0,0.0211219082,0.000320307075,0.000522465861,0,0.11567295,0,0.000683526606,0.00120191899,0,0.00061162073,0,0,0,0,0.00114877007,0,0.000614250691,0,0.000859106771,0.00130821971,0,0,0
0,0,0.00570394786,0,0.00140350778,0.0342770139,0,0,0,0,0,0,0.000353606975,0,0,0,0,0,0,0.000551510873,0,0,0,0.000277546148,0,0,0,0.0504516242,0.00066050236,0,0,0,0.000726215843,0,0,0,0,0.0473324284,0,0,0,0,0.00122174894,0.0465413827,0,0,0.000587543915,0,0,0.00057339407,0.000652316164,0.0807116642,0,0.00564759225,0.00140944005,0,0,0.000555864157,0,0,0.00129870012,0,0.000602773058,0.0107364931,0,0,0.000588582026,0,0,0,0.000670690851,0,0,0.000561167058,0.00123915941,0,0,0.0197987051,0.000310945085,0.000523286276,0,0.122980002,0,0.000677506982,0.000583770684,0,0.000604961289,0,0,0,0.000883391654,0.000592416664,0,0,0,0.000641025996,0.000792811911,0,0,0
0,0,0.00545912978,0,0.000681662783,0.0291902298,0,0,0,0,0,0,0.000668448985,0,0,0,0,0,0,0.000326796806,0,0,0,0.000274122937,0,0,0,0.053523015,0.000667556991,0,0,0,0.00069930079,0,0,0,0,0.050022715,0,0.000571429081,0,0,0.000587888931,0.0435524795,0,0,0.000584453762,0,0,0,0.000660939067,0.0857355777,0,0.00554733651,0.000718907267,0,0,0.000559284261,0,0,0.00130377982,0,0.000598802113,0.0111984907,0,0,0.000597729064,0,0,0,0,0,0,0,0.00121358881,0,0.000791766371,0.0206422031,0.000313676082,0.00052465887,0,0.127040936,0,0.00132713972,0.000575042975,0,0.000593823779,0,0,0.000585137861,0.000859845133,0.000597371871,0,0,0,0.000648508139,0.000535618776,0,0,0
0,0,0.00446677943,0,0,0.0345609503,0,0,0,0,0,0,0,0,0,0,0,0,0,0,0,0,0,0.000395570004,0,0,0,0.0609258384,0.000655738344,0,0,0,0,0,0,0,0,0.0475375715,0,0,0,0,0.000589274882,0.0394736765,0,0,0,0,0,0,0.000679809932,0.0951421467,0.000189933934,0.00781832372,0.000728332248,0,0,0,0,0,0.00161707691,0,0.000595237989,0.0106189011,0,0,0,0,0.000794912831,0,0,0,0,0,0.000604230048,0,0,0.022591607,0,0.00053533186,0,0.126218071,0,0.00131406032,0,0,0.000598801877,0.000409165342,0,0.000580045746,0,0,0,0.000598801874,0.000708717233,0,0.0011166899,0,0,0
0,0,0.00305894962,0,0,0.0339602418,0,0,0,0,0.000607165106,0,0,0,0,0,0,0,0,0,0,0,0,0.000388801995,0,0,0,0.0652027222,0.000649773035,0,0,0,0,0,0,0,0,0.044906191,0,0,0,0.000729395441,0,0.0335917101,0,0,0,0,0,0,0.00136986008,0.10195299,0.000289855062,0.0066127781,0.000744602593,0,0,0,0,0,0.00291262155,0,0.000607903118,0.0139817888,0,0,0,0,0,0,0,0,0,0,0.000294985022,0,0,0.0242086099,0,0.000538503209,0,0.128046419,0,0.00131061539,0,0,0.0011997595,0.00243505985,0.000664010985,0.000590319251,0,0,0,0,0.00070126168,0,0.000847937231,0,0,0
0,0,0.00404932893,0,0,0.0316602028,0,0,0,0,0.000616903237,0,0,0,0,0,0,0,0.000594529697,0,0,0,0,0,0,0,0,0.0619700973,0.00064516105,0,0,0,0,0,0,0,0,0.0412844121,0,0,0,0.000735294519,0,0.0280948056,0,0,0.000586509801,0,0.000619963333,0,0.000691085024,0.108237036,0.000297442002,0.00927909332,0,0,0,0,0,0,0.00414540743,0,0.000609756141,0.017746,0,0,0,0,0,0.000321957943,0,0,0,0,0.00029429116,0.000740192161,0,0.0223105101,0,0.00053561873,0.000733675981,0.134597567,0,0.000648507936,0,0,0.00116413967,0.00231660093,0.00133779136,0.000587888908,0,0,0,0,0.000723589203,0,0.000291206053,0,0,0
0,0,0.00251536907,0,0,0.0329912067,0,0,0,0,0.000625781922,0,0,0,0,0,0,0.00144404379,0.00119402993,0,0,0,0,0,0,0,0.000617664704,0.0656922533,0,0,0,0,0,0,0,0,0,0.0468346159,0,0,0,0.000737462856,0,0.028483829,0,0,0.000591716069,0,0,0,0.000679347723,0.120165061,0.000304878187,0.0115546046,0,0,0.000687284704,0,0,0,0.00705089331,0,0,0.0184952945,0,0.000678887298,0,0.000692520916,0,0.000320306956,0,0,0,0,0,0.000750750661,0,0.0231150991,0,0.000536481052,0.000706214696,0.133333264,0,0.000644330142,0.000549753136,0,0.000604961042,0.00232918956,0.00134499071,0,0,0,0,0,0,0,0.00087361715,0,0,0.00066755722
0,0,0.00137363051,0,0,0.0303457871,0,0.0012539198,0,0,0.000632911227,0.000698811676,0,0,0.000865052215,0,0,0.00173973437,0.00121506939,0,0,0,0,0,0,0,0.000618429082,0.0628424623,0,0.000676589878,0.00075643028,0,0,0.000543182863,0,0,0,0.0454545542,0,0.000574052738,0,0.00148368047,0,0.0276817083,0,0,0,0,0.000592066079,0,0,0.134280995,0,0.0124412038,0,0,0,0.000564971959,0,0,0.00702076519,0.000735293784,0,0.0165109017,0,0.000660938921,0,0.000682593537,0,0.000310366066,0.000738552127,0,0,0,0,0,0.000801282123,0.0240450126,0,0,0.000696378905,0.134233784,0,0.000626959177,0,0,0.000599519736,0.00303720845,0.00138026248,0,0,0,0.000653595281,0,0,0,0.00145687952,0,0,0
0,0,0.000554631205,0,0,0.0259831019,0,0.00124223903,0,0,0.000626565917,0.000685401273,0,0,0.00083402762,0,0,0.00276052019,0.00126103047,0,0,0,0.000636536658,0,0,0,0.00062578196,0.0615563062,0,0,0,0,0,0,0,0,0.000713266717,0.0411984896,0.000616142733,0.000597371744,0,0.000758149886,0,0.0266551849,0,0,0,0,0.000593119917,0,0,0.137593041,0,0.0153026891,0,0,0,0,0,0,0.00650651743,0.00143781027,0,0.0160891014,0,0.000637348714,0,0.00134770925,0,0,0.00147820037,0,0,0,0,0,0,0.0227887014,0,0,0,0.12882979,0,0.00061842884,0,0,0.000591715736,0.00155641902,0.00136705313,0,0,0,0.000659195877,0,0.000728331814,0,0.000871080418,0,0,0
0,0,0,0,0,0.0216934954,0,0.00124456,0,0,0.000627745691,0,0,0,0.000800641303,0,0,0.00335344945,0.00128616952,0,0,0,0.000636536953,0,0,0,0.000640615102,0.0539077054,0,0,0,0,0,0,0,0,0.000714286306,0.0442199388,0.000614628069,0.0005984438,0,0,0,0.0251299513,0,0,0,0,0.000595948451,0,0,0.143033057,0.000652742102,0.0130889954,0,0,0.000676589959,0,0,0,0.00853292589,0.00212766072,0,0.0118899002,0,0.00127550946,0,0.00136518803,0,0,0,0,0,0,0,0,0,0.0182903032,0,0,0.000689655131,0.134303471,0,0.000607165103,0,0.000626566316,0.000585822864,0.00157603987,0.00137930962,0,0,0,0.00068073468,0,0.000729927112,0,0.000870575298,0,0.0005521808,0
0,0,0,0.000665779347,0,0.0211364956,0,0.000645161063,0,0,0,0,0,0,0,0,0,0.00487964111,0.000661812727,0,0,0,0.000643086888,0,0,0,0.000662690906,0.0476190495,0,0,0,0,0,0,0,0.000752444977,0.000689654679,0.0406701151,0.000618811733,0.000601322806,0,0,0,0.0304232618,0,0,0,0,0,0,0,0.151480985,0,0.0162195985,0,0,0,0,0.000691563302,0,0.00985663519,0.0028248604,0,0.0120405962,0,0.00158128033,0,0.000676132482,0.0007396447,0,0,0,0,0,0,0,0.000769823545,0.0182796005,0,0,0.00065702998,0.144470034,0,0,0,0,0,0.00161159935,0.00104821751,0,0,0,0.000697836695,0,0.000706215353,0,0.000871079843,0,0.000537346156,0
0,0,0,0.000648928931,0,0.0179541907,0,0.000660938552,0,0,0,0.000654450046,0,0,0,0,0,0.00741456379,0.000666223103,0,0,0,0.000636131832,0,0,0,0.00067385372,0.0467753192,0,0,0,0,0,0,0,0,0.000705219114,0.042171861,0.000619963066,0.000612369773,0,0,0,0.024825805,0,0,0,0,0,0,0,0.150589059,0,0.015907701,0,0.000651041646,0,0.000528540745,0,0,0.0103122951,0.002772,0,0.00778209527,0,0.00154321063,0,0.0006887052,0.00218818007,0,0,0,0,0,0,0,0.000773994014,0.0193706941,0,0.000592768254,0.000627352779,0.148448316,0,0,0,0,0,0.00161421111,0.000687285395,0,0,0,0,0,0,0,0.000189717092,0,0.000549450903,0
0,0,0,0.000651466268,0,0.0146092015,0,0.000660065715,0,0,0,0.000648507703,0,0,0,0,0,0.00975456683,0.000674308982,0,0,0,0.00127714037,0,0,0,0.000684931927,0.0454869273,0,0,0,0,0,0,0,0,0.000685400999,0.0428735862,0.000629327014,0,0,0,0,0.0255189903,0,0,0,0,0,0,0,0.157650944,0,0.016373595,0,0,0,0,0,0,0.00833830512,0.00350140112,0.000651465914,0.00837089389,0,0.00156249948,0,0,0.00297397934,0,0,0,0,0,0,0,0.00075075081,0.0211224894,0,0.000604960756,0.000602046972,0.146372678,0,0,0,0.000656599001,0,0.0016025654,0,0,0,0,0,0,0,0.000565931135,0,0,0.000540249339,0
0,0,0,0.00063613229,0,0.0142321949,0,0.000674309129,0,0,0,0.000958466976,0,0,0,0,0,0.0114764488,0.00140646938,0,0,0,0.00125865402,0,0.000683527105,0,0.000693962855,0.0405017484,0,0,0,0,0,0,0,0,0.000680271672,0.0413021195,0.000643914572,0,0,0,0,0.025387307,0,0,0,0,0,0,0,0.15427007,0,0.0175439038,0,0,0.000692521152,0,0,0,0.00737462431,0.00273410826,0,0.0067092705,0.000803858874,0.00156837946,0.000821018232,0,0.00289436015,0,0,0,0,0,0,0,0,0.0224673034,0,0.000612370012,0.000589275265,0.135817309,0,0.000621504308,0,0.00135134949,0,0.00121457499,0,0,0,0.00061576386,0,0,0,0,0,0,0.000532480744,0
0.000637349161,0,0,0,0,0.0148322015,0,0.00070323481,0,0,0.000303397941,0.000324674907,0,0,0,0,0,0.0122257222,0,0,0,0,0.00125,0,0.000668895842,0.000833333362,0,0.0392934588,0,0,0,0,0,0,0.00062422005,0,0,0.0424631685,0.000637348969,0,0,0.000736919956,0,0.0279449703,0,0,0,0,0,0,0.000749624475,0.147616,0,0.0163378923,0,0,0.00068775825,0,0,0,0.00550964133,0.00203665889,0,0.00460223832,0,0.00155569044,0.000807102998,0,0.000709722683,0,0,0,0,0.000706714143,0,0,0,0.017882703,0,0.00122698972,0.0017462115,0.131723953,0,0.000622664648,0,0.000685870581,0.000594530184,0.000816993022,0,0,0,0.000604960563,0,0,0,0,0,0,0.00052328585,0
0.000652316034,0.000733675504,0,0,0,0.0109667009,0,0,0,0,0.000300119892,0.000312304995,0,0,0,0,0,0.0141956294,0,0,0,0,0.00063572788,0,0.00125234983,0.000856164404,0,0.0390121665,0,0,0,0.00111940089,0,0,0.00124921985,0,0,0.0457761241,0,0,0,0.000736376943,0,0.0313559112,0,0,0,0,0,0,0,0.158543276,0,0.0165314974,0,0,0,0.000502259759,0,0,0.00465658255,0.00132890013,0,0.00400267172,0,0.000928793248,0.000808406509,0,0.00071073167,0.000254064994,0,0,0,0.000690131257,0,0,0,0.0151981945,0,0.000618046942,0.00058685367,0.123274201,0,0,0,0.000670690925,0,0.000829875912,0,0,0,0,0.000706713627,0,0,0,0,0,0.000521104789,0
0.00201207148,0.000735834507,0,0,0,0.0111110962,0,0,0,0,0.000300842142,0.000304691766,0,0.00114679072,0,0,0,0.013633536,0,0,0,0,0.000615763819,0,0.00237811838,0.000850339932,0,0.0405998671,0,0,0,0.00109970987,0,0,0.00121359013,0,0,0.0425669813,0,0,0,0.000709220291,0,0.0341588011,0.000635324097,0,0.000731529111,0,0.000597015152,0,0,0.157713536,0,0.0141777206,0,0,0,0,0,0,0.00348431902,0,0,0.00405953947,0,0.000936914277,0,0,0.000711743835,0.000256410166,0,0,0,0.000686813266,0,0,0,0.0129803053,0,0.000613121465,0.000592767955,0.118344449,0,0,0,0.000664893858,0,0.0008375213,0,0,0,0,0,0,0,0.00107526957,0,0,0.000515197899,0
0.000679347764,0.000729395153,0,0,0,0.0107945011,0,0,0,0.000849617562,0.000299580981,0.000893388859,0,0.00170647993,0,0,0,0.0129309919,0,0,0,0,0,0,0.00296032903,0,0,0.0401325529,0,0,0.000579373568,0.0025983686,0,0,0.00122100024,0,0,0.0433473705,0.000695410125,0,0,0.000706215148,0,0.04436856,0,0,0,0,0.0011737108,0,0,0.163145908,0,0.0116883545,0,0,0,0,0,0,0.00297265022,0,0,0.00318923017,0,0,0,0,0,0.000255885121,0,0,0,0.000685400999,0,0,0,0.0120341009,0,0,0.000598801933,0.121767578,0,0,0,0.000657894849,0,0.00083333272,0,0,0,0,0,0,0,0.00160686036,0,0,0,0
0.000675676219,0.000744047946,0.000667556924,0,0,0.0124113037,0,0,0.000620346975,0.000833333003,0.000305437058,0.000290022953,0,0.00112423042,0.0013605394,0,0,0.0104961952,0,0,0,0,0,0,0.00352525883,0,0,0.0424354078,0,0,0,0.00263952011,0,0,0.00182815046,0,0,0.0448565383,0,0,0,0.000677047866,0,0.0488044415,0,0,0,0,0.000575373986,0,0,0.176613212,0,0.00811161398,0,0,0,0,0,0,0.00119831918,0,0,0.00322580888,0,0,0,0.000344828209,0,0.000171910022,0,0,0,0,0,0.000734213822,0,0.00832265754,0,0,0.00060349997,0.120134456,0,0,0,0.00131839016,0,0.000839630872,0,0,0,0,0,0,0,0.00160085018,0.00119190024,0.000706215237,0,0
0.000657462354,0.000740740643,0.0006784261,0,0,0.012389405,0,0,0.000602772671,0.000841042749,0.000308261025,0.000861078841,0,0.00112295987,0.000660939213,0.000639795131,0,0.00922979095,0.000683527084,0,0,0,0,0,0.00410316761,0,0,0.0360659981,0,0,0,0.00342465736,0,0,0.00123762035,0,0,0.0439439044,0,0,0,0.000653595069,0,0.0556010881,0,0,0,0,0.000563062837,0,0,0.174131422,0,0.00826719954,0,0,0,0,0,0,0.00122548941,0,0,0.0021881792,0,0,0,0.000704225088,0,0,0,0,0,0,0,0.000745155768,0,0.00586319128,0.000625,0,0,0.115571781,0,0,0,0.00197758926,0,0.000846023937,0,0,0,0,0,0,0,0.00159235995,0.000596659109,0,0,0
0,0.000750751089,0.00136986028,0,0,0.0120213952,0,0,0.000883392537,0.00081766103,0.000310558881,0.000829187366,0,0.00166666888,0,0.000605326802,0,0.00830671176,0.000676133181,0,0.000915192392,0,0,0,0.00564889358,0,0,0.0324143194,0,0,0,0.00369003978,0,0,0.000603136039,0,0,0.0510122166,0,0.000338752996,0,0,0,0.0605086987,0,0,0,0,0.000560851632,0,0,0.173630713,0,0.00568181435,0,0,0,0,0,0,0.000606795944,0,0,0.00221566052,0,0,0,0.000711237946,0,0.00053763427,0,0.000782472761,0,0,0.000628141281,0.000735294376,0,0.0066533575,0.000625781786,0.00116008974,0,0.107128481,0,0,0,0.00260247053,0,0.00083542213,0,0,0,0,0,0,0,0.00160771946,0,0,0,0.000697349965
0,0,0.000682594554,0,0,0.013297904,0,0,0.000872600581,0,0.000314267871,0.000547945148,0,0.00111606973,0,0.00058275129,0,0.00632510923,0.000654450327,0,0.00154607011,0,0,0,0.00722125614,0.000783699079,0,0.0343773828,0,0,0,0.00375094116,0,0,0.00059488401,0,0,0.0476048669,0,0.00134048005,0,0,0.000693480402,0.0654714357,0,0,0,0,0.00054884715,0,0,0.16731,0,0.00498670548,0,0.000576368845,0,0,0.000703729676,0,0,0.000683060519,0,0.00221729114,0,0,0,0.000727802434,0,0.000552180717,0,0.000769823188,0,0,0,0,0,0.00473293317,0.000615763819,0,0,0.103186757,0,0,0,0.000644744766,0,0,0,0.000659631042,0,0,0,0,0.000609756222,0.00110314054,0.000612744847,0,0,0.000707714607
0.000634517671,0,0.000689179752,0,0,0.0144014845,0,0,0,0,0.000325944835,0.000536481063,0,0.000858614957,0,0.000578369152,0,0.00631313081,0.000649773133,0,0.00158528936,0,0,0,0.00730994577,0.000798084932,0,0.0329835058,0,0,0.000535906378,0.00521221301,0,0,0,0,0,0.0507955691,0,0.00131492021,0,0,0,0.0723195661,0,0,0,0,0.000548545986,0,0.000754147738,0.157992,0,0.00494723168,0,0,0,0,0.000699790294,0,0.00120772931,0.000686342434,0,0.00151630061,0,0,0,0.000728332099,0,0.000284737992,0,0.00076335894,0,0,0,0,0,0.00514050841,0.000614250723,0.00056085202,0,0.101348474,0,0,0,0.000638570176,0,0,0,0.000643914866,0,0,0,0,0.00122698945,0.00109589002,0.000630517256,0,0,0.000708716893
0.00127226094,0,0.000693000999,0,0,0.0110906081,0,0.000668895678,0.000571754778,0,0,0,0,0.00029498504,0,0.00113057982,0,0.00630119855,0.000628931004,0,0.00160051078,0,0,0,0.00909623812,0,0,0.0343330955,0,0,0.000537346303,0.00489827044,0,0.000524109251,0,0,0,0.0523012927,0,0.00127796013,0,0,0,0.076201806,0,0,0,0,0,0,0.0015026295,0.145903235,0,0.0043046325,0,0,0,0,0.0006684487,0,0.000603865018,0.000676590156,0.000283285879,0.00151285977,0,0,0,0.000765111136,0.000621118108,0,0,0,0,0,0,0,0,0.00273973093,0.000588235135,0.00057372306,0,0.106233227,0,0,0,0,0,0,0,0,0,0,0,0,0.000626958707,0.00112802963,0.00191693016,0,0,0.000712758345
0.0019292595,0,0,0,0,0.00842697337,0,0,0.000575043526,0,0,0,0,0,0,0.000568504994,0,0.00686212911,0.000615385089,0,0.00224647119,0,0,0,0.00795989849,0,0,0.0371079293,0,0,0.000540249076,0.00428921778,0,0.000521104754,0,0,0,0.0561528861,0,0.00131578938,0,0.000564971937,0,0.0727034436,0,0,0,0,0,0,0.00147710037,0.13938296,0,0.00194932326,0,0.000537923867,0,0,0.00131062009,0,0.000595593062,0,0.000285551053,0.00154679065,0,0,0,0.000772201076,0.00125785945,0,0,0,0,0,0,0,0.000714285899,0.00205198005,0,0.000569475757,0,0.104530446,0,0.000549752839,0,0,0.000647249164,0.000829187519,0,0,0,0.000626958989,0,0,0.000631312714,0.000574712768,0.00196335029,0,0,0.000731529302
0.00188441921,0,0,0,0,0.00765551161,0.000562746076,0,0,0,0,0,0,0,0.00056369823,0,0,0.00434512857,0.000594177057,0.000546150082,0.0022364213,0,0,0,0.00715563434,0,0,0.0359979935,0,0,0.000538793138,0.0070896412,0,0.000519210864,0,0,0,0.0659383266,0,0.00130634021,0,0,0,0.0707461793,0,0,0,0,0,0,0.00145984989,0.135095002,0,0,0,0.000536192847,0,0.000545554021,0.00128866088,0,0.000589622719,0,0.000278706879,0.000769231238,0,0,0.000746268725,0,0.000630914748,0,0,0,0,0,0,0,0.000698323792,0.00201072147,0.000586510158,0.000573065813,0,0.117850321,0,0.000545554012,0,0,0.000638978355,0,0,0,0,0.000625000313,0,0,0.000629327249,0.000602773197,0.00131405946,0,0,0
0.00124688015,0,0,0,0,0.00669855826,0,0,0,0,0,0,0.000506586022,0,0,0,0,0.00334957473,0,0.000548847194,0.002262439,0.000573065657,0,0,0.00425015085,0,0,0.0324180112,0,0,0,0.00697894103,0,0,0,0,0,0.0693587257,0,0.00132100065,0,0,0,0.0699495646,0.000579710093,0,0,0,0,0,0.00141944919,0.125849215,0,0,0.000584794782,0.000532765178,0,0,0,0,0.000592768096,0,0,0.000771605143,0,0,0.000728331685,0,0.000632111068,0,0,0.000764526323,0.000315456909,0,0,0,0.000705715897,0.00133957935,0,0,0,0.129862174,0,0.000527704332,0,0,0.000647248839,0,0,0,0,0.000632511302,0,0,0.000624609888,0,0.000676590176,0,0,0
0.000610500999,0,0,0,0,0.00574712444,0,0,0,0,0,0,0.000505560802,0,0.000556793249,0,0,0.00251572461,0.00056721521,0.00108519001,0.00166556073,0.00116143972,0,0,0.00306748095,0,0.000743493633,0.0292175029,0,0,0,0.005447377,0,0,0,0,0,0.0635577596,0,0.00133600997,0,0,0,0.0670180576,0,0,0,0,0,0.00057438313,0.000693481442,0.122987912,0,0,0.000582750999,0,0,0,0,0,0,0,0.000284252123,0,0,0,0.00073206388,0,0.000628931263,0,0,0.000808406821,0.00067159215,0,0,0,0.00070422507,0.00196464035,0,0,0,0.13207726,0.000724638017,0.000699912034,0,0,0.00131233665,0,0,0,0,0,0,0,0.000607164754,0,0.00202702989,0,0,0
0.000599160459,0,0,0,0,0.00591132945,0,0,0,0,0.000762776748,0,0.00049975027,0,0.000555246833,0.000564015982,0.000741840252,0.00327011351,0.000560224085,0.00108167045,0.000997340658,0.00116482039,0,0,0.0024829293,0,0.000753011991,0.0304172864,0,0,0.000559909815,0.00623268495,0,0,0,0,0,0.0624662841,0,0,0,0,0,0.0645405677,0,0,0,0,0,0,0.000690607994,0.126533296,0,0,0.000594530244,0,0,0,0.00062617383,0,0,0.000672042799,0.000284900028,0,0.000674308841,0,0.000725162809,0,0.00062189072,0,0.000783084734,0,0.000693480693,0,0,0,0.00141944596,0.00130377971,0,0,0,0.14011257,0,0,0,0,0.000672494667,0,0,0,0,0,0,0,0.000596303052,0,0.0020618603,0.000775794849,0,0
0.000612744939,0.000741289637,0,0,0,0.00510725077,0,0,0,0,0,0,0.000493826557,0,0.000546746869,0.00056785924,0.000736920118,0.00323205919,0.000549451109,0.00107411028,0.000668449068,0.00119118933,0,0,0.00256738823,0.00078186064,0.000762194851,0.0265474999,0,0,0.00113057996,0.00681199143,0,0,0,0,0,0.0576057028,0,0,0,0,0,0.0634085216,0,0,0,0,0,0,0,0.118006002,0,0,0.000603865163,0,0,0,0.001243782,0,0,0.000675675836,0.000291036112,0,0,0,0.000716331762,0,0.000630915271,0.000663569814,0.00079051393,0,0.000708717094,0,0,0,0.00139275807,0.00214087066,0,0,0,0.138675792,0,0,0,0,0.000668896139,0,0,0,0,0,0,0,0.000586165709,0,0.00139470003,0.000778210358,0,0
0,0,0.000656599067,0,0,0.00525210252,0,0,0,0,0,0,0.000492610904,0,0,0.00113442991,0.00149365218,0.00164473649,0,0.00105876037,0.000664452428,0.00120264969,0,0,0.00264200865,0,0,0.0253248591,0,0,0.00114089971,0.0057862489,0,0,0,0,0,0.0569147322,0,0.00072674366,0,0,0,0.0659204007,0,0,0,0,0,0,0,0.120113068,0,0,0.000613121391,0,0,0,0.000626565732,0,0,0.000687757792,0,0,0,0,0,0,0,0,0.000803859042,0,0.00145985054,0,0.000308260867,0,0.0020422053,0.00211639957,0,0,0,0.138424389,0,0,0,0,0.000679809449,0,0,0,0,0,0,0,0.00060459477,0,0.00141844061,0,0,0
0,0,0.000660502163,0,0,0.00539373978,0,0,0,0,0,0,0.000488280658,0,0,0.000564653217,0.000766871121,0.00193298978,0,0.00080342846,0.000668002994,0.00122324034,0,0,0.00328298807,0,0,0.0219780196,0,0,0.00118553991,0.00443382734,0,0,0,0,0,0.0549242082,0,0.000730994016,0,0,0,0.0723844623,0,0.00031387312,0,0,0,0,0,0.115047934,0,0,0,0.000282007926,0,0,0.000638978177,0,0,0,0,0,0,0,0,0,0,0,0.00120676026,0,0.0011459101,0,0.000305809978,0,0.0027118605,0.0014097702,0,0.000583430829,0,0.140325711,0,0,0,0,0.00133511503,0,0,0,0.000554324223,0,0.000733138038,0,0.000597014973,0,0.000699301062,0,0,0.00071326681
0,0.000734214137,0.000653167671,0,0,0.00554323756,0,0,0,0,0,0,0.000473934051,0,0,0.000553096839,0.000793651395,0.00322997036,0,0.000815661277,0,0.000616903299,0,0,0.00334448672,0,0,0.0158665752,0,0,0.00120554988,0.00549450989,0,0.000503017973,0,0.00092250853,0,0.0549836978,0,0.000738551923,0,0,0.000872600113,0.0755619664,0,0,0,0,0,0,0,0.109285028,0,0,0,0.000282325978,0,0,0.00063653712,0,0,0,0,0,0,0,0,0,0,0,0.000802568132,0,0.00157603994,0,0.000904158969,0,0.00196206174,0.00234521949,0.000678886699,0.000584794784,0,0.146945372,0,0,0,0,0.0013513524,0,0,0,0.000552181252,0,0,0,0.000592768275,0,0,0,0,0.000708716692
0,0,0.00129281993,0,0,0.0044395104,0,0,0,0,0,0,0.000965717389,0,0,0.00055279223,0.000779422808,0.00191571144,0,0,0,0.000610873928,0,0,0.00400267304,0,0,0.0145044034,0,0,0.00190596818,0.00628492101,0,0.000508388114,0,0.000449640162,0,0.0540997017,0,0.000739644786,0,0,0.000888098663,0.0758327048,0,0,0,0,0,0.000613120974,0,0.109879088,0,0,0,0.000284413803,0,0,0.00128123007,0,0,0,0,0.000657894724,0,0,0,0,0.000327654113,0,0,0,0.00241352116,0,0.00120408957,0,0.00129115614,0.00463822126,0,0.000581395196,0,0.147105126,0,0,0,0,0.00137173916,0,0,0,0,0,0,0,0,0,0.000716846261,0,0,0.000712250642
0,0,0.00197758643,0,0,0.00321887987,0,0,0,0,0,0,0.000482858711,0.000625390892,0,0.00055005497,0.000801281949,0.000935162203,0,0,0.000661376164,0,0,0,0.00276625182,0,0,0.0103648444,0,0,0.00287173008,0.00706713256,0,0.00103199001,0,0.000448833165,0,0.0512033476,0,0.00223714033,0,0,0.000884956393,0.0805422888,0,0,0,0,0,0.000620346694,0,0.112642212,0,0,0,0.000280740999,0,0,0.00127146002,0,0,0,0,0,0,0,0,0,0.000335120959,0,0,0,0.00244499002,0,0.00119616959,0,0.000654021945,0.00395376968,0,0.000588581787,0,0.145513922,0,0.000560224239,0,0,0.000695894074,0.000800640727,0,0,0,0,0,0,0,0,0.000370095834,0,0,0
0,0,0.00192678234,0,0,0.00257466214,0,0,0,0.000706215099,0,0,0.000478926926,0.000620731878,0.00118933963,0.00054794503,0,0.000606061107,0,0,0.00195950098,0,0,0,0.00281491823,0.000653594742,0,0.0094884468,0,0,0.00359242297,0.00502512965,0,0.00103092959,0,0.000446828008,0,0.0539832295,0,0.00230060889,0,0.000614250999,0.000881834146,0.0831631933,0,0,0,0,0,0.000912964046,0,0.118396472,0,0,0,0.000278396033,0,0,0.00127550935,0,0,0,0.00066093916,0.000637349064,0.00058997107,0,0,0,0.000996678321,0,0,0,0.00406835264,0,0.000580383208,0,0,0.00482800241,0,0.000586165659,0,0.152669235,0,0.000554324275,0,0.000597371778,0,0.000809716811,0,0,0,0,0,0,0,0,0.0007462693,0,0.000789266322,0
0,0,0.00065616778,0,0,0.00297619303,0,0.00061087427,0,0.000687285296,0,0.000543182939,0.000941620377,0.000615385378,0.0014224802,0,0,0.00058582302,0,0,0.00272664915,0,0,0,0.000732601072,0,0,0.00690846195,0,0.000567859239,0.00550161797,0.00365497026,0,0.000530504259,0,0,0,0.0562919252,0,0.000736920177,0,0.00062034719,0,0.0889564303,0,0.000573722744,0,0,0,0.00250941021,0,0.122129828,0,0,0,0,0.00133333044,0,0.00065746205,0,0,0,0,0.000625781974,0.000579374508,0,0,0,0.00199202994,0,0.000755858322,0,0.00576606125,0,0,0.000591365745,0,0.00594883917,0,0.000593824348,0,0.154724727,0,0.00111793997,0,0.000599880072,0,0,0.000543478035,0,0,0,0,0,0,0,0,0,0.000795545203,0
0,0,0.000665335553,0.000663570305,0,0.00342130858,0,0.000595593092,0,0.000678425524,0,0.000550358408,0.000938085764,0,0.00209301984,0,0,0,0,0,0.00206612158,0.00064766843,0,0.000633714091,0.000738007398,0,0,0.00514138955,0,0,0.00617284239,0.00289644889,0,0,0,0,0,0.0582393807,0,0.000738551923,0,0.000638161793,0,0.090609322,0,0.000567858831,0,0,0,0.0034876299,0,0.125221136,0,0,0,0,0.00130463104,0.00112675955,0.000661812831,0,0.000620732371,0,0,0,0.000565611096,0,0,0,0.00196592016,0,0.000754147777,0,0.00877892987,0,0,0.000570450728,0,0.00873617314,0,0.00060975643,0,0.159457337,0,0.00113250012,0.00140449439,0.000309597939,0,0,0.000556792724,0,0,0,0,0,0,0,0,0,0.000772200914,0
0,0,0,0.000662691012,0,0.0032347554,0,0.000576701057,0,0.000678886705,0,0.000567858773,0.00188147039,0,0.0023191109,0,0,0,0,0,0.00141844017,0.000636943073,0,0.000642261114,0.000754147861,0,0,0.00261323922,0,0,0.00692156035,0.00138408105,0,0,0,0,0,0.0581098387,0,0.000717359742,0,0.000661812462,0,0.102730359,0,0.000578703869,0,0,0,0.003142681,0,0.136240199,0,0,0,0,0.000647249331,0.000557724238,0.000657461393,0,0.00127550968,0.000769823205,0,0,0.000564652827,0,0,0,0.00190476046,0,0.00146199004,0,0.010069697,0,0,0.000558035894,0,0.0114744987,0.000673854092,0,0,0.164838943,0,0.00057970978,0.00137836066,0,0.000634518306,0,0.000565611253,0,0,0,0,0,0,0,0,0,0.000756430098,0
0,0,0,0.000332004888,0,0.00320219849,0,0,0,0.00130975895,0,0.000565931118,0.00193329938,0,0.00256768926,0,0,0,0,0,0.00143163986,0.000654021957,0.000769231412,0.000655307899,0.000769823399,0,0.000318269123,0.00343347691,0,0.000603864764,0.00553746487,0,0,0,0,0,0,0.0583379247,0,0.000705218846,0,0.00067249534,0,0.11693245,0,0.000595592667,0,0,0,0.00407779174,0,0.13705204,0,0,0,0,0.000651890424,0.000545851829,0.000673854392,0,0.00130804487,0.000744602369,0,0,0.00055096404,0,0,0,0.00189513973,0,0.00143369011,0,0.00921659288,0.000599520144,0,0.000545851834,0,0.0114220009,0.000680272332,0,0,0.156347035,0,0.000581394773,0.000678425924,0,0.000611995003,0,0.00113895035,0,0,0,0,0,0,0,0,0,0,0
0,0,0,0.000334672084,0,0.00321396109,0,0,0,0,0,0.000569151839,0.0014866197,0,0.00280766896,0,0.000732601585,0,0,0,0.00142348967,0.000673853621,0.000756429879,0,0.000769822834,0,0,0.00348128912,0,0.000620347165,0.00606641018,0,0,0.000586853757,0,0,0,0.0570902452,0,0.000685400725,0,0.000670691207,0,0.123811066,0,0,0,0,0,0.00468165195,0,0.13968,0,0,0,0,0,0.000536769033,0.000681663234,0,0.00131406041,0.000716332003,0.000671591753,0,0.000553096893,0,0,0,0.00122925968,0,0.00138503978,0,0.00886262349,0.000593119929,0,0.000538502808,0,0.0116411036,0,0,0,0.161524888,0,0.000575373759,0.000689655,0,0.000592767545,0,0.0011474497,0,0,0,0,0,0,0,0,0,0,0
0,0,0,0.000338294917,0,0.0023452204,0,0,0,0,0,0.000585479754,0.00100402057,0.000582411209,0.0032543,0,0.000717360201,0,0,0,0.00145032952,0,0,0,0.000783085047,0,0,0.00342759076,0.00073746333,0.00063131284,0.00742413549,0,0.00139469902,0.00118764975,0,0,0,0.0533480568,0,0.00066889607,0.00065061771,0,0,0.13356493,0,0.000600961493,0,0,0,0.00599368874,0.000705219086,0.135502,0,0,0,0,0.000643087362,0.000258665081,0,0,0.000664893915,0.000726743831,0.000657029882,0,0,0,0,0.000754717427,0.00123229052,0,0.000992720119,0,0.0081967141,0,0,0.000529942246,0,0.0138968013,0,0,0,0.151717,0,0.000591016773,0.00138312677,0,0.000569151913,0,0.00117509034,0,0,0,0,0,0,0,0,0,0,0
0,0,0,0.000343406872,0,0.00361990826,0,0.000570450914,0,0,0,0,0.0010443902,0.000565611206,0.00381861837,0,0.000718390719,0,0,0,0.00144612981,0,0,0,0,0,0.000633714181,0.00254236995,0.000713266928,0.00064599501,0.00654878954,0,0.000690608271,0.00117233029,0,0,0,0.0521304979,0,0.000647248678,0.000636536866,0,0,0.144000533,0,0.00121212099,0,0.000301750166,0,0.00529595249,0.000703729916,0.135008,0,0,0,0,0.00126422157,0,0,0,0.00131752375,0.000726216177,0.000643087308,0,0.000515996008,0,0.000551875842,0.000753011982,0.000615385142,0,0.000662251915,0,0.0108381978,0,0,0.000506072876,0,0.0154695929,0,0,0,0.147265,0,0,0,0,0.000554016991,0,0.00120627064,0,0,0,0,0,0,0,0.000684931784,0,0,0.000686342114
0,0,0,0,0,0.00307017908,0,0.00114612962,0,0.000597729324,0,0,0.00107875,0.000568504707,0.00215516906,0.00109589039,0,0,0,0.00074682626,0.00178826952,0.000689655169,0,0,0,0,0.000624610244,0.00248139047,0.000699790024,0.000648507658,0.0038835,0,0.000694927051,0.00120845982,0,0,0,0.0516190916,0,0.000622278276,0.000641437169,0,0,0.158739838,0,0.00117855063,0.000671140926,0.000288850043,0,0.00438322035,0.00071073177,0.139137107,0,0,0,0,0.00123838941,0,0,0,0.00130463254,0.00072992651,0.000641436681,0,0.000507614159,0,0.000544662108,0.00072886277,0.000630119811,0,0,0,0.014245,0,0,0.000520021019,0,0.0157480036,0,0,0,0.144009674,0,0,0,0,0.000537924041,0,0.000602047273,0,0,0,0.000672043009,0,0,0,0.000654879138,0,0,0.000687758376
0,0,0,0,0.000600600993,0.00304613131,0.000542887579,0.00170940017,0,0.00117786025,0,0,0.000548846787,0,0.00450023905,0.00113378995,0,0,0,0,0.00211714968,0,0,0,0,0,0.000622278101,0.00158856051,0.000696378758,0,0.00257399871,0,0,0.00119832005,0,0,0,0.0531250499,0,0,0.000644745393,0,0,0.162969788,0,0.00120408981,0.000639795011,0.00145179983,0,0.00312305091,0.000698811625,0.149546,0,0,0,0,0,0,0,0,0.000649350524,0.000746269487,0.000634921203,0,0,0,0.000541418919,0.000706215251,0.000618046913,0,0,0,0.0123674938,0,0,0.000511509032,0.000702246664,0.0149548947,0.000779422715,0,0,0.135962011,0,0,0,0,0.000535045463,0,0.000618812116,0,0,0,0.000672494939,0,0.000615385142,0,0.000632510942,0,0,0.000679347885
0,0,0,0,0.000582750922,0.00303292973,0.000540540826,0.00116009059,0,0.000586165805,0,0,0.00113830393,0,0.00377714882,0.0016713107,0.00153138926,0,0,0,0.0021818198,0,0,0,0,0,0.000598085847,0.00233644993,0.000677047684,0,0.000643915328,0,0,0.0011723302,0,0.00149142438,0,0.049140479,0.00112360057,0,0.000992063382,0,0,0.158187175,0,0.00121655038,0.000615005864,0.00113249983,0,0.00251099071,0,0.154515,0,0.000652315725,0,0,0,0,0,0,0,0,0,0,0.000503525453,0,0.000537924089,0.000701261633,0,0,0,0,0.0099573343,0,0,0.000509943846,0.00138985343,0.010888301,0.000794280681,0,0,0.127785052,0,0,0,0,0.00054734517,0,0.000619194755,0,0,0,0.000658328095,0,0.000630119773,0,0.000598801751,0,0,0.000679348292
0,0,0,0,0.000572737721,0.0050167208,0.000549450862,0.00117578002,0,0,0.000703235207,0,0.000581394892,0,0.00377357863,0.00305046939,0,0,0,0,0.00145878973,0.000709219652,0,0,0,0,0.000599520264,0.00152438942,0.000677507289,0,0.00130038873,0.000617284193,0,0.000590319025,0,0.00178571602,0,0.048806099,0,0,0.00132012899,0,0,0.159142002,0,0.000611995009,0.000601685182,0.00128487969,0,0.00192678034,0,0.156049,0,0.000666222703,0,0,0.000569151713,0,0,0,0,0.000814996011,0,0,0.000507098747,0,0.00053022302,0,0,0,0,0,0.00796524242,0,0,0.000507356813,0.00138121564,0.0128059022,0.00080192518,0,0,0.118463098,0,0,0,0,0,0,0,0.000600601179,0.000603500302,0,0,0.00057937403,0.000631313036,0,0.000589274989,0,0.00129115985,0.000341529901
0,0,0,0,0.000555246948,0.00563607085,0.000551571525,0.00117646956,0,0,0,0,0.000594883543,0.000549148672,0.00358680122,0.00385674941,0,0,0,0,0.000739098594,0,0,0,0,0,0,0.00150943021,0.00136146967,0,0.000652742025,0.000602047082,0,0,0,0.00175685101,0.000329381062,0.0469275281,0,0,0.00132626073,0,0,0.163080052,0,0.000620731712,0,0.0018175196,0,0.00191448912,0,0.159017,0,0.000673400863,0.00164799002,0,0.000537923819,0.00047460804,0,0,0,0.0016920478,0,0,0.00051150874,0,0.000533048755,0.000685400725,0,0,0,0,0.00722542892,0,0.000584454144,0,0.000998667215,0.011877802,0.000809716881,0,0,0.116315923,0,0,0,0,0,0,0,0.000590319025,0,0,0,0.000579710241,0.000648087774,0,0.000588234825,0,0.000619963046,0
0,0,0,0,0.000547344751,0.00470219009,0.000545255846,0.000583430807,0,0,0,0.000316456172,0.000615005993,0,0.00507983139,0.00474860219,0,0,0.000641026112,0,0.00150375922,0,0,0,0,0.00071890663,0.00122026011,0.00147058944,0.00200802956,0,0,0,0,0,0,0.00140252407,0.00128865951,0.0514130664,0.000563380152,0,0,0,0.000669791938,0.166156619,0,0,0,0.00191047822,0,0.00134317957,0,0.158051132,0,0,0.001703,0,0.00053792384,0,0,0,0,0.00171232803,0,0,0.000520290849,0,0.000534188185,0,0,0,0,0,0.00654070548,0,0,0,0.000966494531,0.0123492005,0.00083472523,0,0,0.116973301,0,0,0,0,0,0,0,0.00030030006,0,0,0,0.000571428778,0.000660939241,0,0,0,0,0
0,0,0,0,0.000536192879,0.00313479969,0.000546448116,0,0,0.000566571755,0.000325308845,0.000312305027,0.000628536292,0,0.00449172921,0.00537939082,0,0,0.000618429218,0,0.00255102134,0,0,0,0.000803858905,0.00146951049,0.00147667049,0.000722543121,0.00130378044,0,0,0,0,0,0,0.00138600269,0.00195694915,0.0511956143,0,0,0,0,0.0006385697,0.162492283,0,0,0,0.00186766079,0,0.00136892966,0,0.169620015,0,0,0.00312067103,0,0.000537056826,0.000481464148,0,0,0,0.00170648535,0,0,0,0,0,0,0,0,0,0,0.0052434512,0,0,0,0.000622665003,0.0116279013,0,0,0,0.111943778,0,0,0.000702246557,0,0,0,0,0,0,0,0,0,0,0,0,0,0,0
0,0,0,0,0,0.00461538,0,0,0,0.000567215403,0,0.000310559137,0,0.000553710332,0.00411223899,0.00591549154,0,0,0.000601323259,0,0.00291121054,0,0,0,0.000805801755,0.00148257988,0.00293254965,0.000706215095,0.0019480498,0,0,0,0,0,0,0.000679348281,0.00196335073,0.0506841005,0,0,0,0,0,0.166252559,0,0,0,0.00185380957,0,0.00203803982,0,0.174492084,0,0,0.0024005493,0,0.00053050415,0.000485909025,0,0,0,0.00177935929,0,0,0,0,0,0,0,0,0,0.000747384348,0.00445765021,0,0,0,0.000610873697,0.0068886244,0,0,0,0.119288074,0,0,0,0,0,0,0,0,0,0,0,0,0.000675218981,0,0,0,0,0
0,0,0,0.000315259143,0,0.00405904097,0,0,0.000682594575,0.000285714205,0,0,0,0.000555555812,0.0031599394,0.00363941938,0,0,0.000606428131,0.000664894207,0.00277007966,0,0,0,0.000765696775,0.000755287312,0.00398405948,0.000706713439,0.00292969079,0,0,0,0,0,0.00067888728,0.00065359515,0.00131062042,0.0560719202,0,0,0,0,0,0.185391729,0,0,0,0.00156413097,0,0.00206043986,0,0.170083,0,0,0.00210970052,0,0,0.000488998201,0,0,0,0.000896056799,0,0,0,0,0,0,0,0,0,0,0.0022238698,0,0,0,0,0.00787630764,0,0,0,0.112708648,0,0,0,0,0,0,0,0,0,0,0,0,0.000695409847,0,0,0,0,0
0,0.000638977958,0,0,0,0.00365229898,0,0,0.000665779142,0.00028248591,0,0,0,0.000558347342,0.00296295893,0.00476725047,0,0,0.000612745034,0.000681199137,0.00344589972,0.000626174299,0,0,0.000760456219,0.000761615065,0.00544413187,0,0.00369375095,0,0,0,0,0,0.000666222703,0.000646831128,0.00137551936,0.0536168086,0,0,0,0,0,0.186218716,0,0,0,0.00051387494,0,0.00211119074,0,0.169927,0,0,0.00216137911,0.0005411261,0,0,0,0,0,0,0,0.000667111126,0,0,0,0,0,0,0,0,0.00073313801,0,0,0,0,0.00748848307,0,0,0,0.120900148,0,0,0,0,0,0,0,0,0,0,0,0,0.00140056008,0,0,0,0,0
0,0.000647667756,0,0,0,0.00371470967,0,0,0.000655307672,0.000280740895,0.000607532636,0,0,0.000561797892,0.00220156989,0.00476456896,0,0,0.000608642913,0.000701262167,0.00408998146,0.00119048005,0,0,0.000750751299,0.00077881591,0.00796359366,0,0.00485437209,0,0,0,0,0,0,0,0.00205198091,0.054636116,0.000522466229,0,0,0,0,0.193725146,0,0,0,0.000516261781,0,0.00212766098,0,0.18004,0.000592416985,0,0.0021490008,0.000545255762,0,0.000491884065,0,0,0,0,0,0,0,0,0,0,0,0,0,0,0.000751315041,0.000567859127,0,0,0.000580383047,0.00643275167,0,0,0,0.133770839,0,0.000602409922,0,0,0,0,0,0,0,0,0,0,0.000697837027,0,0,0,0,0
0,0,0,0,0,0.00295638885,0,0,0.000625782258,0,0.00119545977,0,0,0.00057077607,0.00173010029,0.00397275826,0,0,0.000625390881,0.000701261913,0.005,0.000860091582,0,0,0,0.000768640092,0.00880682317,0,0.00253164886,0.000592767699,0,0,0.000738551846,0,0.000652741722,0,0.00171821023,0.0588487535,0,0,0,0,0,0.201005205,0,0,0,0.000518135016,0,0.00210821985,0,0.191261739,0.000587889104,0,0,0.000563062925,0,0.000505050797,0,0,0,0,0,0,0,0,0,0,0,0.00070126194,0,0,0,0.000553097228,0,0,0.000588928214,0.0058105811,0,0,0,0.134004148,0,0.000601323259,0,0,0.000554324195,0,0,0,0.00056980117,0,0,0,0,0,0,0,0,0.000664452171
0,0.000638162519,0,0,0,0.00144612962,0,0.00060753318,0.000629326628,0,0.00182371053,0,0,0.00115406712,0.00100907949,0.00378567159,0,0,0,0.000710731955,0.00504370642,0.000842696583,0,0.000759878185,0,0,0.00733568268,0.000707213546,0.00184843087,0.00185873833,0,0,0.00221728992,0,0.000656167976,0,0.00140547991,0.0523999313,0,0,0,0,0,0.193999248,0,0,0,0.000513875128,0,0.0021201397,0,0.192375031,0.000603136277,0,0,0.000558346678,0,0.00051493312,0,0,0,0,0,0,0,0,0,0,0,0.00137836041,0,0,0,0.0021680247,0.000563380203,0,0.000602046857,0.00464037195,0,0.000634114854,0,0.129064291,0,0.000593472152,0,0,0.000546746009,0.000305249893,0,0,0.00110314358,0,0,0,0,0,0,0,0,0.000639795019
0,0,0,0,0,0.00394737059,0.00218340823,0,0.00210084059,0.00126904081,0,0.00224215,0,0.00224718892,0.00410678214,0.00422832903,0.00229884936,0.00424628004,0.00662251788,0,0.00781249953,0,0.00418995109,0.00268097043,0.0025773199,0,0.003239741,0.00261780105,0.00418410167,0.00688073952,0,0.00429184013,0.00557103212,0,0,0,0,0.0668380207,0.00183823919,0.00238662969,0,0.00294117791,0.00431034155,0.251146956,0.00235293878,0.00113122051,0,0.00190475834,0,0.00264549997,0,0.251447505,0.0022471898,0,0.00132979028,0.0021096985,0,0,0,0.00287356121,0.00222222078,0,0,0.00244499005,0,0.00240385024,0,0,0,0.00522193869,0,0.00242131046,0,0.00576923104,0,0,0,0,0,0,0.00226757018,0.175949223,0,0,0,0.00255754097,0.000666666775,0,0,0.0032206119,0.00198019901,0.0024213109,0,0,0,0.00227272959,0.00328228144,0,0,0.00224719002
0,0,0,0,0,0.00296735905,0.00218341105,0,0,0.00284090994,0,0,0,0.00223214094,0.00437636991,0.00451466833,0,0.00492610773,0.0139211014,0,0,0,0.00439882833,0.00604229698,0.00277008042,0,0.0034168613,0.00282486147,0,0.00753768962,0,0.00469483798,0.00298506887,0,0.002564101,0,0,0.0637522834,0.00194932045,0.00533333021,0,0.00321542852,0.00460829051,0.259767334,0.00242717988,0.00115207033,0,0.00267200874,0,0.0028985487,0,0.242315438,0.002433091,0,0.00145349074,0.0070093486,0,0,0,0.00303029939,0.00229358122,0,0,0.00254452901,0,0.00479615847,0,0,0,0.00544960114,0,0.00261097112,0,0.00824741893,0,0,0,0.00221238987,0,0,0.00244499029,0.151596103,0,0,0,0.00260417076,0.000766284104,0,0,0.00268817035,0,0,0,0,0,0.002457,0.00476189881,0,0,0.00495049802
0,0,0,0,0,0.0029585813,0.0022831097,0,0,0,0,0,0,0.00230946875,0.00210525926,0.00449438063,0,0.00236407031,0.0141176079,0,0,0.00222717073,0.0070821471,0.0061538508,0.00284091051,0,0.00350467007,0.00307692034,0,0.00508906107,0,0.00242131162,0.00291545,0.00227273043,0.00265252037,0,0,0.0529891788,0.00198413054,0.00775194388,0,0,0.00238095131,0.265843331,0.00244498817,0,0,0.00210969888,0,0.00613496834,0,0.24154633,0.00261096893,0,0.00306748074,0.00699300993,0,0,0,0.00298507146,0,0,0,0.00254452977,0,0.00497511846,0,0,0,0.00542005881,0,0.00254452992,0,0.0102249486,0,0,0,0.00229358014,0,0,0,0.136604616,0,0,0,0.00255101893,0.00124687969,0,0,0.00280899202,0,0,0,0,0,0.00242717908,0.00238662921,0,0,0.002457
0,0,0,0,0,0,0,0,0,0,0,0,0,0.00239233813,0.00215516948,0.00238095024,0,0.00240385084,0.0101266026,0,0,0.00442477938,0.0119047977,0.0126183082,0,0,0.00357994911,0.00304877835,0,0.0056338,0,0,0.00273223984,0.00226757061,0.00252525013,0,0,0.0466102047,0.00198019982,0.0078328982,0,0,0,0.314536654,0.00251256111,0,0,0,0,0.00662251921,0,0.246376476,0.00273224115,0,0.00312499844,0.00740740637,0,0,0,0.00290698015,0,0,0,0.00229357899,0,0.00240384966,0,0,0,0.00537634188,0,0,0,0.0105485011,0,0,0,0.00237530002,0,0,0,0.115492581,0,0,0,0.00252524922,0,0,0,0.00282485833,0,0,0,0,0,0,0.00242131046,0,0,0.0049751199
0,0,0,0,0,0,0,0,0,0,0,0,0,0,0.00225224944,0,0,0,0.0106667035,0,0,0.00453514277,0.0225080061,0.0197368114,0,0,0.00239233902,0,0,0.00287356149,0,0,0,0.00225225043,0.0026109699,0,0,0.0371428177,0.00200400914,0.00777201619,0,0,0,0.331695334,0.00251256113,0,0,0,0,0.0136054046,0,0.228902831,0,0,0,0.00483091594,0,0,0,0,0.00253807096,0,0,0.00219298075,0,0.00243308976,0,0,0,0.00271002957,0,0,0,0.014,0,0,0,0.00241546053,0,0,0,0.102803832,0.00179533007,0,0,0,0,0,0,0,0,0,0,0,0,0,0,0,0,0.00519481047
0,0,0,0,0,0,0,0,0,0,0,0,0,0,0,0,0,0,0.00852273051,0,0,0.00452488285,0.0284810066,0.0380623266,0,0,0,0,0,0,0,0.00251888935,0,0,0.00277777928,0,0,0.0320699805,0.00421052232,0.00526316137,0,0,0,0.348130346,0,0,0,0,0,0.0243902068,0,0.192560139,0,0,0,0.00490195951,0,0.00297619063,0.00267379973,0,0,0,0,0,0,0.00246304879,0,0,0,0.00272479973,0,0,0,0.0144033,0,0,0,0.00259066938,0,0,0,0.101307226,0,0,0,0,0,0,0,0,0,0,0,0,0,0,0,0,0,0.00519480943
0,0,0,0,0,0,0,0,0,0,0,0,0,0,0,0,0,0,0.00586509941,0,0,0.00453514141,0.0358305936,0.0505050899,0,0,0,0,0,0,0,0,0,0,0.00295857976,0,0,0.0209581154,0.00429184189,0.0024271799,0,0,0,0.393616612,0,0,0,0,0,0.0243902044,0,0.172907551,0,0,0,0.00492611286,0,0.00288184017,0,0,0,0,0,0,0,0,0,0,0,0,0,0,0,0.0137795055,0,0,0,0.0026954207,0,0,0,0.0945453837,0,0,0,0,0,0,0,0,0,0,0,0,0,0,0,0,0,0.00505051172
0,0,0,0,0,0,0,0,0,0,0,0,0,0,0,0,0,0,0.00294117947,0,0,0.00236967116,0.043478273,0.0588234941,0,0,0,0,0,0,0,0,0,0,0,0,0,0.0149700067,0.00423727949,0.00235293995,0,0,0,0.39651418,0,0,0,0,0,0.0263158082,0,0.177852564,0,0,0,0.00243308873,0,0.00280112134,0,0,0,0.00371746848,0,0,0,0,0,0,0,0,0,0,0,0.0136718973,0,0,0,0.00286532983,0,0,0,0.082031341,0,0,0,0,0,0,0,0,0,0,0,0,0,0,0,0,0,0.0050761401
0,0.0030030015,0,0,0,0,0,0,0,0,0,0,0,0,0,0,0,0,0,0,0,0,0.044554508,0.0668605,0,0,0,0,0,0,0,0,0,0,0,0,0,0.0147492535,0,0,0,0,0,0.379591902,0,0,0,0,0,0.0279502866,0,0.184549462,0,0,0,0.00232019035,0,0,0,0,0,0.00344828059,0,0,0,0,0,0,0,0,0,0,0,0.0145455029,0,0,0,0.00298507018,0,0,0,0.094420515,0,0,0,0,0,0,0,0,0,0.00263157932,0,0,0,0,0,0,0,0
0,0.00280898899,0,0,0,0,0,0,0,0,0,0,0,0,0,0,0,0,0,0,0,0.00222716982,0.0553690884,0.0777479922,0,0,0,0,0,0,0,0,0,0,0,0,0,0.00578033948,0,0,0,0,0,0.383233237,0,0,0,0,0,0.0287356115,0,0.163223339,0,0.00208768025,0,0,0,0,0,0,0,0.00336699963,0,0,0,0,0,0,0,0.00206611969,0.00249376883,0,0,0.0143338971,0,0,0,0,0,0,0,0.092592563,0,0,0,0,0,0,0,0,0,0,0,0,0,0,0,0,0,0
0,0,0,0,0,0,0,0,0,0,0,0,0,0,0,0,0,0,0,0,0,0,0.0801393968,0.08,0,0,0,0,0,0,0,0,0,0,0,0,0,0.0055096389,0,0,0,0,0,0.380217944,0,0,0,0,0,0.0291776936,0,0.144814022,0,0.00203665961,0,0,0,0,0,0,0,0.00340136129,0,0,0,0,0,0,0,0,0.00254452967,0,0,0.0137097,0,0,0,0,0,0,0,0.0875576263,0,0,0,0,0,0,0,0,0,0,0,0,0,0,0,0,0,0
0,0,0,0,0,0,0,0,0,0,0,0,0,0,0,0,0,0,0.00234192019,0,0,0,0.0892857777,0.0865853654,0,0,0,0,0,0,0,0,0,0,0,0,0,0,0,0,0,0,0,0.372583413,0,0,0,0,0,0.0261904882,0,0.157598441,0,0.0018975283,0,0,0,0,0,0.00273223934,0,0.00338982878,0,0,0,0,0,0,0,0,0.00269541995,0,0,0.0107034011,0,0,0,0,0,0,0,0.0844444507,0,0,0,0,0,0,0,0,0,0,0,0,0,0,0,0,0,0
0,0,0,0,0.00150376072,0,0,0,0,0,0,0,0,0,0,0,0,0,0,0,0,0,0.109589,0.0852803659,0,0,0,0,0,0,0,0,0,0,0,0,0,0,0,0,0,0,0,0.363636079,0,0,0,0,0,0.032879802,0,0.165202359,0,0.00177620018,0,0,0,0,0.00202839913,0,0,0.00657894039,0,0,0,0,0,0,0,0,0.0025125591,0.00185529096,0,0.0122478024,0,0,0,0,0,0,0,0.08,0,0,0,0,0,0,0,0,0,0,0,0,0,0,0,0,0,0
0,0,0,0,0.00135685041,0,0,0,0,0,0,0,0,0,0,0,0,0,0.00207469044,0,0,0,0.138225,0.0823799165,0,0,0,0,0,0,0,0,0,0,0,0,0,0,0,0,0,0,0,0.350574973,0.00287356043,0,0,0,0,0.0288889127,0,0.171848208,0,0.00163933987,0,0,0,0,0.00294694876,0,0,0.00335570201,0,0,0,0,0,0,0,0,0.00244499076,0.00331675159,0,0.0188022075,0,0,0,0,0,0,0,0.0666666733,0.00140449073,0,0,0,0,0,0,0,0,0,0,0,0,0,0,0,0,0
0,0,0,0,0.001287,0,0,0,0,0,0,0,0.00219298035,0.00183485868,0,0,0.00169205042,0,0.00195312172,0,0,0,0.162252,0.0773420232,0,0,0,0,0,0,0.00387596857,0,0,0,0,0,0,0,0,0,0,0,0,0.350102994,0,0,0,0,0.00145984978,0.0269397035,0,0.174640797,0,0.00160255965,0,0,0,0.0017857107,0.00372439082,0,0,0.0131148026,0,0,0,0,0,0,0,0,0.00226756916,0.00626958818,0,0.0178117007,0,0,0,0,0,0,0,0.0786026,0.00140055975,0,0,0,0,0,0,0,0,0.00228310906,0,0,0,0,0,0,0,0
0,0,0,0,0.00121950998,0,0,0,0,0,0,0,0.00206186037,0,0,0.00260416911,0.00334448161,0.00212766004,0.00188679079,0,0,0,0.16113,0.0675105,0,0,0,0,0,0,0.00381678969,0,0,0,0,0,0,0,0,0,0,0,0,0.345697401,0,0,0,0,0.00135317976,0.0252192929,0,0.186216863,0,0,0,0,0,0.00173610997,0.00529100635,0,0,0.0220820221,0,0,0,0,0,0,0,0,0.00232018979,0.00744048238,0,0.0265289955,0,0,0,0,0,0,0,0.0660793066,0.00140844979,0.0018691597,0,0,0,0,0,0,0,0.00212766094,0,0,0,0,0,0,0,0
0,0,0,0,0.00113122038,0,0,0,0,0,0,0,0.0018903597,0,0,0.00257731918,0.0016638902,0,0,0,0,0,0.182370818,0.0705127859,0,0,0,0,0,0,0.0037313403,0,0,0,0,0,0,0,0,0,0,0,0,0.314165463,0,0,0,0,0.00127877029,0.0225321989,0,0.186095505,0,0,0,0,0,0.00162602039,0.0069808014,0,0,0.0288461942,0,0,0,0,0,0,0,0,0,0.0120643002,0,0.023836799,0,0,0,0,0,0,0,0.0389609922,0.00136799052,0,0,0,0,0,0,0,0,0.00391389043,0.00180504919,0,0,0,0,0.000793650674,0,0.00171527069
0,0,0,0,0.00105931966,0,0,0,0,0,0,0,0,0,0,0.0025,0,0,0,0.00191939004,0,0.00145348996,0.188679189,0.0769230462,0,0,0,0,0,0,0.00370369889,0,0,0,0,0,0,0,0,0.00129701995,0,0,0,0.291381993,0,0,0,0,0.00123915931,0.0186334946,0,0.192105527,0,0,0,0,0,0.00158729968,0.0101179992,0,0,0.0282132,0,0,0,0,0,0,0,0,0,0.0171319971,0,0.0286176937,0,0,0,0,0,0,0,0.034782593,0.00136799063,0.00169491925,0,0,0,0,0,0,0,0.00542495179,0.00176055972,0.00128865959,0,0,0,0,0,0.00161290135
0,0,0,0,0,0,0,0,0,0,0,0,0,0,0,0.002262439,0,0,0,0.00178253025,0,0,0.181818,0.0754132302,0,0,0,0.00147928899,0,0,0.00364964102,0,0,0,0,0,0,0,0,0,0,0,0.00222717058,0.283765344,0,0,0,0,0.00117508978,0.0201613089,0,0.179747036,0,0,0,0,0,0.00156249953,0.00811688114,0,0.00148587936,0.0391849687,0,0,0,0,0,0,0,0,0,0.0237226083,0,0.0276659961,0,0,0,0,0,0,0,0.0248962025,0,0,0,0,0,0,0,0,0,0.00665557226,0.00172116941,0,0,0,0,0,0,0.00148587944
0,0,0,0.00189035864,0,0,0,0,0,0.00292398035,0,0,0,0,0,0.00225224944,0,0,0,0.00169778954,0,0,0.169264971,0.0674044067,0,0,0,0.00142449943,0,0,0.00336700131,0,0,0,0,0,0,0,0,0,0,0.00242718155,0.00671141302,0.278517087,0,0,0,0,0,0.0180608353,0,0.18292651,0,0,0.00199600998,0,0.000766870769,0.00150150045,0.00782472429,0,0.00141642919,0.0495208058,0,0,0,0.00194553016,0,0,0,0,0,0.0297973851,0,0.0244917002,0,0,0,0,0,0,0,0.0247934025,0,0,0,0,0,0,0.00106496034,0,0,0.00623052776,0.00168919003,0,0,0,0,0,0,0
0,0,0,0.00179211159,0.000959693295,0,0,0,0,0,0,0,0,0,0,0.00202839919,0,0,0,0,0,0,0.167330828,0.053319932,0,0,0,0.00132979094,0,0,0,0,0,0,0,0,0,0,0,0,0,0,0.00867679182,0.278619479,0,0.00119617012,0,0,0,0.0196261506,0,0.180875287,0,0,0,0,0,0.00150149865,0.0062794322,0,0.00133690075,0.0423198169,0,0,0,0.00380952019,0,0,0,0,0,0.0366430142,0,0.0251955005,0,0,0,0,0,0,0,0.0245901269,0,0,0,0,0,0,0.00103519971,0,0,0.00904977407,0.00162074984,0,0,0,0,0,0,0
0,0,0,0.00172711979,0.000923361257,0,0,0,0,0,0,0.00161811963,0,0,0,0,0,0,0,0,0.00173009875,0,0.16287901,0.0489021658,0,0,0,0,0,0,0,0,0,0,0,0,0,0,0,0,0,0,0.01,0.270156404,0,0,0,0,0,0.0184843076,0,0.176603325,0.00305809878,0,0,0,0.00140647044,0,0.0048,0,0.00131062083,0.0383435578,0,0,0,0.0035650584,0,0,0,0,0,0.0412735562,0,0.0244610078,0,0,0,0,0,0,0,0.0198413019,0,0,0,0,0,0,0.000987166707,0,0,0.0111111004,0.00156494953,0,0,0,0,0,0,0
0,0,0,0.00162074927,0.000875657029,0,0,0,0,0,0,0,0,0,0,0,0,0,0,0,0.00172117026,0,0.159555923,0.0415822042,0,0,0,0,0,0,0,0,0,0,0,0,0.0010449291,0,0,0,0,0,0.00984252472,0.272602184,0,0,0,0,0,0.0209424,0,0.1829273,0.00568181756,0,0,0.000933707358,0,0,0.00470957887,0,0.00251256299,0.0392442122,0,0,0,0.00164203961,0,0,0,0,0,0.0417163029,0,0.0236758031,0,0,0,0,0.00227790023,0,0,0.018315008,0.00120773041,0,0,0,0,0,0.000951474753,0,0,0.0111111027,0,0,0,0,0,0,0,0
0,0,0,0.0029850689,0.000845309356,0,0,0,0,0,0,0,0,0,0,0,0,0,0,0,0.00166388887,0,0.161904951,0.0383023042,0,0,0,0,0,0,0,0,0,0,0,0,0.000997008982,0,0,0,0,0,0.00917430844,0.254672619,0,0,0,0,0,0.0149999951,0.00201206986,0.187227056,0.00802139249,0,0,0,0,0,0.0028089909,0,0.002469138,0.0364864927,0,0,0,0.00141442967,0,0,0,0,0,0.0456789636,0,0.0279528081,0,0,0,0,0,0,0,0.0141342662,0.00115606949,0,0,0,0,0.0011148296,0.000909918422,0,0,0.01,0,0,0,0,0.00072833164,0,0,0
0,0,0,0.00139275936,0.000798721797,0,0,0,0,0,0,0,0,0,0,0,0.00129032046,0,0,0,0.00161550994,0,0.138889,0.0425742872,0,0,0,0,0,0,0.00268817062,0,0,0,0,0,0.00094073381,0,0,0,0,0,0.00681431075,0.253672018,0,0.00104383983,0,0,0,0.0118110047,0.00195312172,0.201232242,0.0101010025,0,0,0,0,0,0.00131062024,0,0.00540864946,0.0335917713,0,0,0,0.00126103021,0.00102041009,0,0,0,0,0.0481481825,0,0.0299079955,0,0,0,0,0,0,0,0.0102739802,0.00112866957,0,0,0,0.00124532976,0.00105708025,0.000884173048,0,0,0.0107143043,0,0.000966183644,0,0,0.000714796039,0,0,0
0,0,0,0.00133156011,0.000765696744,0.00147493021,0,0,0,0,0,0,0,0,0,0,0,0,0,0,0,0,0.136561,0.0502901161,0,0,0,0,0,0,0.00256409923,0,0,0,0,0,0,0,0,0,0,0,0.00312989066,0.241379211,0,0.00299102925,0,0,0,0.00942029405,0,0.217076987,0.00954653169,0,0.00173913053,0,0,0,0.00125945003,0,0.00584112134,0.024630534,0.00105042017,0,0,0.00111111009,0.000981354438,0,0,0,0,0.0475609424,0,0.0300892113,0,0,0,0,0,0,0,0.0103448338,0,0,0,0,0.00118063967,0.000990099101,0,0,0,0.0124152991,0,0.000936330318,0,0,0,0,0,0
0,0,0,0,0.000366838109,0.00143062054,0,0,0,0,0,0,0,0,0,0,0,0,0,0,0,0,0.14011,0.0420650021,0,0,0,0,0,0,0.00245699975,0,0,0,0,0,0,0,0,0,0,0,0.00288183781,0.231152719,0,0.00473037074,0,0,0,0.00870146861,0,0.234127453,0.00902934919,0,0.00165288944,0,0,0,0,0.00117924971,0.00929152427,0.0180180491,0,0,0,0,0.000931965659,0,0,0,0,0.0483870573,0,0.0285610993,0,0,0,0,0,0,0,0.00657894105,0,0,0,0,0.00115075035,0.000938085732,0,0,0,0.0101064,0,0.000914076895,0,0,0.000726744336,0,0,0.00102881009
0,0,0.00123916017,0,0,0.00139276033,0,0,0,0,0,0,0,0,0,0,0,0,0,0,0,0,0.135603953,0.0481335933,0,0,0,0,0,0,0.00246914079,0,0,0,0,0,0,0,0,0.000943396196,0,0,0.00269905841,0.225000243,0,0.00550963882,0.00143677951,0,0,0.00906891728,0,0.251101125,0.00621117888,0,0.000775194322,0,0,0,0,0.00111731998,0.0193889788,0.0170576051,0,0,0,0,0.000896860532,0,0,0,0,0.0455104186,0,0.0280859969,0,0,0,0,0,0,0,0.00319489067,0,0,0,0,0.00112232963,0.00178890962,0,0,0.00146199004,0.0107107957,0,0.000881057365,0,0,0.000689179683,0,0,0.000976561977
0,0,0.00121654933,0,0,0.001321,0.00101317043,0,0,0,0,0,0,0,0,0,0,0,0,0,0,0,0.139200972,0.050572495,0,0,0,0,0,0,0.0025062699,0,0,0,0,0,0,0,0,0.000910747461,0,0,0.00127550997,0.215022735,0,0.00684932026,0.00134228059,0,0,0.0074712691,0,0.256926646,0.00389104774,0.00114679079,0,0,0.00102353945,0,0,0.00105263081,0.0247695492,0.0219560954,0,0,0,0,0.000864303388,0,0,0,0,0.0451912136,0,0.0282286998,0,0,0,0,0,0,0,0,0,0,0,0,0.00109890044,0.00331675083,0,0,0.00138312947,0.00898472973,0,0.000846023949,0,0,0.000670241253,0,0.000644330174,0.000961538275
0,0,0.0012135905,0,0,0.001287,0,0,0,0,0,0,0,0,0,0,0,0,0.00100907976,0,0,0,0.14903804,0.0479203924,0,0,0,0,0.00078064,0,0.00258398088,0,0,0,0,0,0,0,0,0.000889679395,0,0,0,0.1996545,0,0.00676285219,0.00126263061,0,0,0.00522465796,0,0.262779594,0.00183150092,0.00109649008,0,0,0.000986193796,0,0,0.00098619281,0.0295429282,0.025048205,0,0,0,0,0,0,0,0,0,0.049999995,0,0.0253946081,0,0,0,0,0,0,0,0,0,0,0,0,0.00106044973,0.00304182943,0,0,0.00268097016,0.00720339223,0,0.000792392702,0,0,0.000648928574,0,0.000621891155,0.00092678423
0,0,0.00123608978,0,0,0.00125786035,0,0,0,0,0,0,0,0,0,0,0,0,0.00100199999,0,0,0.00109050949,0.150392949,0.0430293062,0,0,0,0,0.000786782352,0,0,0,0,0,0,0,0,0,0,0.00124275093,0,0,0,0.173377821,0,0.00894377948,0.00119903981,0,0,0.00741839822,0,0.272520691,0.00172413976,0.00207899998,0,0,0.00094073425,0,0,0.000892857128,0.0340022246,0.0281817915,0,0,0,0,0,0,0,0,0,0.0484880068,0.00137551994,0.0231698991,0,0,0,0,0,0,0,0,0,0,0,0,0.00101316955,0.00354359093,0,0,0.00252844914,0.0075396809,0,0.000777001386,0,0,0.000637755182,0,0.00123380984,0.00182314995
0,0,0.0012562803,0,0,0,0,0,0,0,0,0,0,0,0,0,0,0,0.000968992031,0,0,0,0.144850017,0.036484212,0,0.000821017985,0,0,0.00075700215,0,0,0.00161942976,0,0,0,0,0,0,0,0.00156128012,0,0,0.00114416078,0.168295161,0,0.0102207967,0.00117371019,0,0,0.00849857864,0,0.277483555,0,0.00101112027,0,0,0.000437444805,0,0,0.000839630626,0.0360602351,0.0337954845,0,0,0,0.000695410087,0,0,0,0.000956937868,0,0.0503952737,0,0.0187007972,0.000881833675,0,0,0,0.00150601997,0,0,0,0,0,0,0,0.00101729013,0.0039735117,0,0,0.00236128038,0.00862715883,0,0,0,0,0,0,0.00176367013,0.00179533013
0,0,0.00127713946,0.000966184031,0,0,0.000943395828,0,0,0,0,0,0,0.00103413038,0,0,0,0,0.00193237051,0,0,0,0.136593078,0.0295030885,0,0.00157480031,0,0,0.00072833171,0,0,0.00322840913,0,0,0,0,0,0,0,0.0014903108,0,0,0.00224718912,0.157314961,0,0.0118016943,0.00114415944,0,0,0.00805730242,0,0.291728504,0,0.000949667996,0,0,0.000408496797,0,0,0,0.0325732466,0.0383332885,0,0,0,0.000657894688,0,0,0,0.000955110086,0,0.0510880231,0,0.0167653047,0.000870322117,0,0,0,0.000711237859,0,0,0,0,0.000822368273,0,0,0,0.00249688022,0,0,0.00334075963,0.0091844184,0,0,0,0,0,0,0.00170842637,0.00173310069
0,0.0011723304,0.0012658198,0.00184671948,0,0,0.00094786656,0,0,0,0,0,0,0.00101729033,0,0,0,0,0,0,0,0,0.128436068,0.0280810871,0,0.00543057234,0,0.000677966369,0.000705219128,0,0,0.00322580761,0,0,0,0,0,0,0,0.00224383038,0,0.000582071877,0.00110987929,0.14785206,0,0.00962963376,0,0,0,0.00628366603,0,0.290625812,0,0.000962463623,0,0,0.000381387852,0,0,0,0.0262009173,0.0430555933,0.000785545928,0,0,0.000648929228,0,0,0,0.00092336098,0,0.0526557211,0,0.0125563027,0.000794912661,0,0,0,0.00205761035,0,0,0,0,0,0,0,0,0.0017762,0,0,0.00321888077,0.00970524909,0,0,0,0,0,0,0.00218578842,0.00256629872
0,0,0,0.00263852046,0,0,0,0,0,0,0,0,0,0.00101112026,0,0,0,0,0.0017123303,0,0,0,0.120270036,0.0257966936,0,0.00648855059,0,0,0.000677047664,0,0,0.00405515036,0,0,0,0,0,0,0,0.00287977066,0,0.000546448302,0,0.137848376,0,0.0099715064,0,0,0,0.00351802954,0,0.30039299,0,0.000926783674,0,0,0,0,0,0,0.0252192633,0.0418005983,0.00153846048,0,0,0,0,0,0,0.000900090189,0,0.0536027946,0,0.0118676037,0.000765111259,0,0,0,0.00194300996,0.000751879714,0,0,0,0,0,0,0,0.00169971998,0,0,0.00306121988,0.0109513987,0,0,0,0,0,0,0.00188882415,0.00321801833
0,0,0.00115740962,0.00259515945,0,0,0,0.00149925052,0,0.00127389043,0,0,0,0.00096061574,0,0,0,0,0.00165426015,0,0,0,0.12140411,0.019005879,0,0.00593471715,0,0,0,0,0,0.00407497554,0,0,0,0,0,0.000686812827,0.000676589811,0.00391180981,0,0.000536481278,0,0.145191706,0,0.0119048021,0,0,0,0.00258175933,0,0.323496388,0,0.000902526951,0,0,0,0,0.000380517904,0,0.0224839249,0.0455271964,0.000366838059,0,0,0,0,0,0,0.000868056125,0.000853971025,0.050431,0,0.0115193044,0.000735835493,0,0,0,0.00130039057,0.000718391084,0,0,0,0,0,0,0,0.000554017024,0,0,0.00388349904,0.0124509024,0,0,0,0,0,0,0.00161725451,0.00384024827
0,0,0.00227790023,0.00268383989,0,0.00101111988,0,0.00146305974,0,0,0,0,0,0.00097560959,0,0,0,0,0.00319744138,0,0,0,0.128410533,0.0203192747,0,0.0069495209,0,0.000624999981,0,0,0,0.00247320197,0,0,0,0,0,0,0.000654449902,0.00423429873,0,0.000498007988,0.00111235033,0.138138477,0,0.0128453999,0,0,0,0.00169492081,0,0.331529514,0.00114286032,0,0,0,0,0,0.00150038035,0,0.0212765528,0.0402477125,0.000719942042,0,0,0,0.000604961229,0,0,0.000849618173,0.000826446458,0.0432811172,0,0.0102166994,0.000693963393,0,0,0,0.00124377985,0,0,0,0,0,0,0,0,0.000539957235,0,0,0.00551471095,0.0122257054,0,0,0,0,0,0.00109290094,0.000525485582,0.00261388917
0,0,0,0.00334879139,0,0,0,0.00211863977,0,0,0,0,0,0,0,0,0,0,0.0026923104,0,0,0,0.129019685,0.019033627,0.000613874355,0.00591856059,0,0.00121433055,0,0,0,0.00167504047,0,0,0,0,0.000657029619,0.000669344416,0.000626959114,0.00427655296,0,0.000462963051,0,0.141921478,0.00155038879,0.0130174959,0,0,0,0.00165152979,0,0.336972106,0.00221484164,0,0,0.000740741258,0,0,0.00149254063,0,0.0125786165,0.0401855201,0.000699790147,0,0,0,0.000599880192,0,0,0,0.000821693505,0.0375413125,0,0.011522098,0.000647667811,0,0,0,0.00121211942,0,0,0,0,0,0,0,0,0.00106610019,0,0,0.00349345066,0.0134088499,0,0,0,0,0,0,0,0.00395682899
0,0,0,0.00319332121,0,0,0,0.000677506767,0,0,0,0,0,0,0,0,0.000384025202,0,0.00253439994,0,0,0,0.128613344,0.0122137278,0.000587543756,0.0049157289,0,0.000609756001,0,0,0,0.000817661316,0,0,0,0,0.000626565972,0.00064766821,0.000621504113,0.00281689965,0,0,0.00111110963,0.150042585,0.0029806311,0.0122883057,0,0,0.000648929313,0.00163131938,0,0.346420619,0.00430107849,0,0,0.000733675734,0,0,0.00570776228,0.00068587025,0.0133531074,0.0396946722,0.000707214253,0,0,0,0.00181268929,0,0,0,0.000794281348,0.0294354941,0,0.0109467047,0,0,0,0,0,0,0,0,0,0,0.00143369245,0,0,0.000528261814,0,0,0.00412882172,0.0106509158,0,0,0,0,0,0,0,0.00511944773
0,0,0,0.0023342696,0,0,0,0.0013046296,0,0,0,0,0,0,0.000735294225,0.000635728053,0.000361011032,0,0.00377487961,0,0,0.000766283675,0.131210714,0.0117004591,0.000565291293,0.00421347798,0,0.000602046975,0,0,0,0,0,0,0,0,0.000615005945,0.000634517931,0.000604230109,0.00204917951,0,0,0.00112233038,0.16174872,0.00643776749,0.0125577972,0,0.000687758312,0,0.000807102998,0,0.345272623,0.00626305069,0,0,0.000706214979,0,0,0.00706845389,0,0.0184815216,0.0442225221,0.000698324018,0,0,0,0.00116618002,0,0,0,0.000786164528,0.0202613919,0,0.00963785195,0,0,0.000669343747,0,0,0,0,0,0,0,0.0013793097,0.000789889175,0.00080580191,0.00106212986,0,0,0.00507415777,0.0114744971,0,0,0,0,0,0,0,0.00450740989
0,0,0,0.00376971147,0.000771009977,0,0,0.000648929099,0,0,0,0,0,0,0.000711237831,0.000622278017,0.000342699966,0,0.00424282104,0,0,0.000759878214,0.138271774,0.00768048355,0.00112803227,0.00381150191,0,0.000604961011,0,0,0,0,0,0,0,0,0.000610874435,0.00030432114,0.0011682199,0.000665779147,0,0,0.0011236009,0.172741978,0.0105485201,0.0131043006,0,0.000673401201,0,0,0,0.340165772,0.0106270064,0,0,0.00140350803,0,0,0.0107407024,0,0.0204878255,0.0428702106,0.000686342177,0,0,0.00052356022,0.00118133032,0,0,0.000755858124,0,0.0135101068,0,0.00753465705,0,0,0.000631313272,0,0.00109648948,0,0,0,0,0,0.00133244566,0,0,0.000535906233,0,0,0.00292825886,0.0148107938,0,0,0,0,0,0,0,0.0060606126
0,0,0,0.0030000014,0,0,0,0.00131666031,0,0,0,0,0.000535619017,0,0.00067159214,0.000598444267,0.000326583973,0,0.00613298946,0,0,0.000751879985,0.135956538,0.00465839387,0.001091704,0.00341763126,0,0.00060422977,0,0,0,0,0,0,0,0,0,0.000293255056,0.00116414041,0.00130293009,0,0,0,0.169868951,0.0105401726,0.012791396,0,0.000671591891,0,0,0,0.335016723,0.0122309083,0,0,0.00204778392,0,0,0.011144108,0,0.0261927108,0.0443566177,0.000691085162,0,0,0,0.00116617944,0,0,0.00145984941,0,0.0102272982,0,0.00622407059,0,0,0.000617283564,0,0.00102040977,0,0,0,0,0.000673854129,0.00129785895,0,0,0.000539084095,0,0,0.00177683012,0.0177984973,0,0,0,0.000645578248,0,0,0,0.00534442137
0,0,0,0.00296442937,0,0.0008598454,0,0.000651042165,0,0,0.0010976899,0,0.000528820987,0,0.000636943291,0.000583431161,0.000321336924,0,0.00781739141,0.000654449836,0,0.000724113353,0.136854518,0.00481540947,0.000533332947,0.00067934797,0,0.000603500121,0,0,0,0,0,0,0,0.000874891103,0,0.000854213716,0.00172712069,0,0,0,0,0.164772574,0.00869566087,0.011534,0,0.000672042897,0,0,0,0.324357292,0.0135009028,0,0,0.00133868932,0,0,0.0112697211,0,0.034029092,0.0535714321,0.000664893988,0,0,0,0.00114220045,0,0,0.00255101934,0,0.00663717177,0,0.00620933715,0,0,0,0,0.000986192619,0,0,0,0,0,0.0018598889,0,0,0,0,0,0.00168918995,0.0166314915,0,0,0.000701262271,0.000666223129,0,0,0,0.00760678163
0.000689179628,0,0,0.00296052907,0,0,0,0,0,0,0,0,0.000529380771,0.000876424028,0.000610127844,0.000285063088,0.000313282953,0,0.00928143194,0.000652316277,0,0.000708215166,0.139582362,0,0.000524934332,0.0006626907,0,0,0,0,0,0,0,0,0,0.000861325783,0,0.000561481787,0.00114351052,0,0,0,0,0.176117098,0.00932400991,0.00949720858,0,0.000680735112,0,0,0,0.32146911,0.0136323989,0,0,0.00130463025,0,0,0.0114985021,0,0.040622259,0.060158906,0.000646831005,0,0,0,0.00110988042,0,0,0.00397111801,0,0.00262960041,0.000780640062,0.00529723264,0,0,0,0,0.000956022956,0,0,0,0,0,0.00180397295,0,0,0,0,0,0.00168123918,0.0178479911,0,0,0.000680272283,0.000675675742,0,0.00176678077,0,0.0065601834
0.00136799004,0,0,0.00131148051,0,0,0,0,0,0,0,0,0.000522466213,0.000848175951,0.000575705225,0,0,0,0.0112826977,0,0,0.000683526845,0.145927235,0.00166113045,0.000529660862,0.00126582153,0,0,0,0,0,0,0,0,0,0.000819672233,0,0.0011049704,0.00115339974,0.000620731546,0,0,0,0.179449845,0.00809248571,0.00728597159,0,0.000670690951,0,0,0,0.322389902,0.0139593997,0,0,0.00126341939,0,0,0.0130792017,0.000320717933,0.0528804351,0.0610151088,0,0,0,0,0.00111981919,0,0,0.00801749253,0,0.00113121984,0.00155279969,0.00481858899,0,0,0,0,0.000939850282,0,0,0,0,0,0.000597014954,0,0,0,0,0,0.00128783027,0.016766795,0,0,0,0,0.000178922955,0.00221238933,0,0.00678349216
0.001386002,0,0,0.000642673779,0,0,0,0,0,0,0,0,0,0.000842460202,0.000558035864,0,0.000203874001,0,0.0127671993,0,0,0,0.158233254,0,0.000532480998,0.00180613642,0.000614250952,0,0,0,0,0,0,0,0,0.000775194242,0,0.000557414287,0.00172413966,0.000610874077,0.00064766767,0,0,0.180506822,0.00773481348,0.00667750222,0,0.000664894211,0,0,0,0.326749391,0.0148833043,0,0,0.00125078022,0,0,0.0152415959,0.000314464926,0.0614928984,0.0644699087,0,0,0,0.000526038886,0,0,0,0.0114984915,0,0.000786782225,0.000760456067,0.00361915119,0,0,0,0,0.00091240933,0,0,0,0,0.000648929046,0.000588582101,0,0,0,0,0,0.00126023955,0.0170962017,0,0,0,0,0.000176367081,0.00309186987,0,0.00628414828
0.000687284708,0,0,0.000322581093,0,0,0,0,0,0,0,0,0,0,0.00157562929,0,0.000202757968,0,0.0128896997,0,0,0,0.161241424,0,0,0.00174115021,0.000601322862,0,0.000645161308,0,0,0,0,0,0,0.000770416271,0,0.000559283764,0.00233371918,0.00121065045,0.000628140552,0,0,0.185704919,0.00938478338,0.00804290266,0,0.000690608122,0.000563698071,0,0,0.326975521,0.0122143019,0,0,0.00123229067,0,0,0.0230050005,0.00123762122,0.062035513,0.0701275788,0,0,0,0,0,0,0.000684932093,0.0121324049,0,0.000781250273,0,0.00292086959,0,0,0,0,0,0,0,0,0.00061766525,0.000649773277,0.000586166236,0,0,0,0,0.000592416861,0.000619963046,0.0160518976,0,0.000626174299,0,0,0.000175715995,0.00382978983,0,0.00463214861
0.00140350806,0,0,0,0,0,0,0,0,0,0.00103841956,0,0,0,0.00103306013,0,0.00020056195,0,0.0113317046,0,0,0,0.174226942,0,0,0.00230281955,0.000579374138,0,0.000665336019,0,0,0,0,0,0,0.000755286652,0,0.000555863747,0.00235571003,0.000585822827,0.000628536238,0,0,0.208981079,0.0108481002,0.00890518723,0,0.000665336218,0,0,0,0.325716028,0.0123077013,0,0,0.000612744985,0,0,0.0233812874,0.00178359009,0.0640460171,0.0742154166,0,0,0,0,0,0,0.000652315794,0.0154142971,0,0.000378787989,0,0.00225812016,0,0,0.000554016991,0,0,0.000609013222,0,0,0,0.000644329852,0.000568504991,0.000984897903,0,0,0,0.00120772989,0,0.0144053934,0,0,0.000628140729,0,0.00026150599,0.00382328096,0,0.00462208106
0.00138026194,0,0,0,0,0,0,0,0.000772797849,0,0.00101420041,0,0,0,0.000994035676,0,0.000205633919,0,0.0156838027,0,0,0,0.182381548,0,0,0.00334635009,0.000557102998,0,0.000661376247,0,0,0,0,0,0,0,0,0.000555863595,0.00115141055,0.000581733919,0.000621891023,0,0,0.19967028,0.0131702951,0.00727273297,0,0.000675219232,0.000549451175,0,0,0.337932503,0.012731492,0,0,0.000608643016,0,0,0.0254580089,0.00176783057,0.0717409392,0.0755905074,0,0,0,0,0,0,0.00127550966,0.0156583939,0,0,0,0.00252392962,0,0,0.00110926012,0,0.000865800653,0.00121064999,0,0,0,0.000660938908,0.000578034844,0.000961539395,0,0,0,0.00120626987,0,0.0156415995,0,0,0.00061766471,0,0.000259604891,0.00335008281,0,0.00372142034
0.00137456906,0,0,0,0,0,0,0,0.000762776751,0,0.000997008891,0,0,0,0.00097418362,0,0.000212720904,0,0.0140845027,0,0,0,0.195300314,0,0.000581395017,0.00445185874,0,0.000653168218,0.000685871311,0,0,0,0,0,0,0,0,0.000562430079,0.00113572018,0.00056882796,0.000609012923,0,0,0.20285613,0.0174792643,0.00595854768,0,0.00068399501,0.000538212755,0,0,0.35674579,0.012195094,0,0,0.00120120176,0,0,0.0305555786,0.00232018979,0.0810657378,0.0802239163,0,0,0,0,0,0.000852515145,0,0.0182216111,0,0,0,0.00282050915,0,0,0.00163399004,0,0.000843882199,0.00301023002,0,0,0,0,0.000578703965,0.00032258098,0,0,0,0.00120991954,0,0.0129766996,0,0,0.000615384812,0,0.000258664916,0.003314,0,0.00297297122
0.00130633598,0.000831254885,0,0,0,0.000652315828,0,0,0.000747943043,0.00066181338,0.00098619281,0,0.00052994202,0,0.000954653941,0,0.000332888977,0.000589275203,0.016765304,0,0,0.000561481864,0.203989576,0.00141044042,0.00122849987,0.00580109958,0.000514138908,0.000662691044,0.000702247131,0,0,0.000827814549,0,0,0,0,0,0,0.000840335887,0,0.000595948327,0,0,0.203149608,0.0172711553,0.00466562979,0,0.000683527286,0.000537345897,0,0,0.365238051,0.0121681071,0.000750187574,0,0.0011778554,0,0.000364430877,0.0348072657,0.00347221955,0.0909605002,0.0817318516,0,0,0,0,0,0.00078926629,0,0.0218794974,0.000725163489,0,0.000703235046,0.00127485958,0,0,0.00106951996,0,0.000841042964,0.00243457122,0,0,0,0,0,0.000316255906,0,0,0,0.00118343006,0.000569151959,0.0140010978,0,0,0.000585822745,0,0,0.00245298271,0,0.00127644002
0.00129115601,0.000828499793,0,0,0,0.000650617693,0,0,0.000722542938,0,0.000949667681,0,0.000545256019,0,0.000935890834,0,0.000342230959,0.000579039419,0.0202156081,0,0.00102669124,0.00054884681,0.215639454,0.00138312994,0.00185528967,0.00905101996,0.000498008038,0.000681199077,0,0,0,0.000823045556,0,0,0.000309022981,0,0.00059630309,0,0.000557413834,0,0.000594530012,0,0,0.208115317,0.0158665657,0.00546022147,0,0,0,0,0,0.374733611,0.0122390026,0,0,0.000868558821,0,0.000353357109,0.0378737125,0.00572737444,0.0934856146,0.0850658589,0,0.000372856086,0,0,0,0,0,0.0213523033,0.000705218691,0,0.000686341745,0.000770811902,0,0,0.00105597007,0,0.000821017985,0.00240529063,0,0,0,0,0,0.000314861077,0,0,0,0.000588582045,0.000562745877,0.015489097,0,0,0.000569152101,0,0.000511509222,0.00239424899,0,0.000557414391
0.00252047879,0,0,0,0,0.00066093881,0,0,0.00143062054,0.000625390829,0.000936329757,0,0.00110132285,0,0.0004610418,0,0.000711238373,0.00115539983,0.026603,0,0,0.00107411431,0.220604014,0,0.00315856066,0.00988544309,0.000479385828,0.000694443626,0,0.000641436801,0,0.00245298011,0,0,0,0,0.00119118944,0.000584454319,0.000555246765,0,0,0,0,0.207132816,0.0167445,0.00601779205,0,0,0,0,0,0.384128154,0.0113555995,0,0,0.000581733863,0.000470366866,0.0010402196,0.043732095,0.00680271699,0.0978440287,0.0851815746,0,0.000364431158,0,0.000572081862,0,0,0,0.0207600015,0.000661813124,0,0.000673854294,0.00126711012,0,0,0.00105263111,0,0.000803213145,0.00368549907,0,0,0,0,0,0.000212720956,0,0,0,0.00058038273,0.000555863823,0.0232189962,0,0.00127388969,0.000558971111,0,0.000509944257,0.00236592948,0,0.000558659063
0.00242865541,0,0,0,0,0.000648929092,0,0,0.000726743645,0.000610127627,0.000905797099,0.00121951134,0.00129413909,0,0.000455996146,0,0,0.00112422897,0.0284051943,0,0,0.00107991398,0.209281075,0,0.00252047793,0.012290498,0.000477783176,0.000699300859,0,0.000603499698,0,0.000805153309,0,0,0,0,0.00058892776,0.00117855021,0,0,0,0,0,0.202578493,0.0167038017,0.00612354042,0,0,0,0,0,0.391589065,0.00997861703,0,0,0,0.000919964075,0.00105336967,0.0464270212,0.00688862855,0.102976684,0.0770927388,0,0,0,0,0,0,0,0.0181438095,0,0,0.000676589756,0.00103092981,0,0,0.00105597007,0.00164745017,0.000784929393,0.00365407939,0,0,0,0,0,0.000213128939,0,0,0,0,0.000546447867,0.0270833067,0,0.00187969633,0.000551268218,0,0.000514932962,0.00158730008,0,0
0.00384160835,0,0,0,0,0.000643086832,0,0,0.000705715897,0.000609013456,0,0.000794913345,0.000756286813,0,0.000446827811,0,0,0.00112108077,0.0294985147,0.000594529807,0,0.00106666604,0.216832871,0,0.00222788085,0.0130918972,0.000465115978,0.000696864424,0,0,0,0,0,0,0,0,0.00114286065,0.000601684967,0,0,0.000580046474,0,0,0.19698015,0.0182534,0.00730307766,0,0.000716331762,0,0,0,0.39358451,0.00607142747,0,0,0.000289686903,0.000453515083,0.00104166975,0.0479127184,0.0068220594,0.113754572,0.0745557667,0,0,0,0,0,0.00107372943,0,0.0182633004,0,0,0,0.0010476699,0,0,0.00104767113,0.00156986044,0.000764526081,0.00300661028,0,0,0,0,0,0,0,0,0,0,0.000537056818,0.0344585139,0,0.00152624962,0,0,0.000508905597,0.00155885047,0,0
0.00379230187,0,0,0,0,0.000648507825,0.000655307695,0,0,0.00119688827,0,0.000758149659,0.0011702755,0,0.000430477978,0,0,0.00111234858,0.0287153885,0,0,0.00105764193,0.210362554,0,0.0022493579,0.0139521949,0.000459558947,0,0.000784314205,0.000569800885,0,0,0.000335121086,0,0,0,0.00319395872,0.00120119952,0,0,0.000590667395,0,0,0.199793092,0.0158227937,0.00951646029,0,0.00071073219,0.000518941152,0,0,0.398487783,0.00563549387,0,0,0.000293771953,0.00044863207,0.00106081933,0.0459661739,0.00558659287,0.118107758,0.0737099838,0,0,0,0,0,0.00138792968,0,0.017125589,0,0,0,0.00134119936,0,0,0.00106495881,0.0015432109,0.000745712218,0.00375940127,0,0,0,0.000588928186,0.000511770849,0,0.000505817069,0,0,0.0011376604,0.00052548576,0.034703909,0,0.00119831986,0,0,0.00050942416,0,0,0
0.0051457971,0,0,0,0,0.00064766789,0,0,0,0.00116211689,0.000815661334,0.000745711684,0.00182482316,0,0.00042808186,0,0,0.000554939041,0.0283888902,0,0,0.00108873198,0.20892391,0,0.00192555039,0.0120828952,0,0,0.000804505173,0.000566892736,0.00108108037,0,0.000348674834,0,0.000525209953,0.00067888714,0.0031736897,0,0,0,0.000604595441,0,0,0.18880633,0.0163513033,0.0106382993,0,0.000716846221,0.00051072465,0,0.000634517648,0.407456529,0.00509831821,0,0,0,0.000439947105,0.00101146008,0.044733534,0.00503637347,0.119442658,0.0702051501,0.000591016874,0,0,0,0,0.00198806986,0,0.018694819,0,0,0,0.000823270612,0,0,0.00107643089,0.00229183066,0.00148587939,0.00368549999,0.000823045356,0.000843882386,0,0.000567537185,0.000501253105,0,0,0,0,0.00170164056,0,0.0336851164,0,0.00116753994,0,0,0.00052002091,0,0,0
0.00646793528,0,0,0,0,0,0,0,0,0.00115075052,0.00157852929,0.000736377181,0.000604960745,0,0.000434216026,0,0,0.000568505111,0.0299717929,0,0,0.00109769361,0.203067363,0,0.0019455292,0.0123167132,0,0,0,0.000571755129,0,0,0.000358166313,0,0.000523560178,0,0.0043402766,0,0,0,0.000609013254,0,0,0.189132118,0.0123412963,0.0110256044,0,0,0,0,0.000635324241,0.405862049,0.00583090451,0,0,0,0.000431778854,0.00198806996,0.0424222397,0.00357732762,0.114576,0.0678051385,0,0.000661812718,0,0,0,0.0029013492,0.000587199001,0.0143247301,0,0,0,0.000840336356,0,0,0.00109649085,0.00299177086,0.000744047917,0.00181927966,0,0.000819671761,0,0.000567859216,0.000493826799,0,0,0,0,0.00172611936,0,0.0373880828,0,0.00118273003,0,0,0,0,0,0
0.00762527342,0,0.000672948304,0.000538793192,0,0,0,0,0,0.0011396,0.00155038749,0.000722543595,0.00062972313,0,0.000442281962,0,0,0.000568181843,0.0272665047,0,0,0.000551572002,0.205640549,0,0.00161917089,0.0113371941,0,0,0,0.000582072133,0,0,0.000358680143,0,0.000523559948,0,0.00505351035,0,0,0,0.00061881183,0,0,0.18283321,0.0101670051,0.0147668328,0,0,0.000499499849,0,0.00126742746,0.400104562,0.00506878904,0,0,0,0.000439753885,0.00129954983,0.0419418935,0.00369783179,0.124571087,0.0698673554,0,0,0,0,0,0.00472888049,0,0.0128028033,0,0,0,0.00116009053,0,0.000528820946,0,0.00297397859,0.00147275034,0.00182593065,0,0.000790513878,0,0,0.000497265186,0,0,0,0.00179533261,0.00170648044,0,0.0348404153,0,0,0,0,0,0,0,0
0.00815216667,0,0.000654449738,0,0,0,0,0,0,0.00226757011,0.00147820025,0,0.000645578492,0,0,0,0,0.000560538025,0.0220802993,0,0.000811688117,0,0.194051531,0,0.00162021984,0.0102261519,0,0,0,0.000588928084,0,0,0.000370645221,0,0.000510724877,0,0.00622407014,0.000290022967,0,0,0.00062422015,0,0,0.191900906,0.00867051896,0.0169094901,0,0,0.000498008329,0,0.000626958776,0.390419212,0.00358679978,0,0,0,0.000443852687,0.00191083198,0.0462838005,0.00282921735,0.127305526,0.0668180917,0,0.000654450131,0,0,0,0.00456759857,0,0.0162906979,0,0,0,0.00117716007,0,0.000536769206,0,0.00220264032,0.00073475395,0.00177409984,0,0.000784313766,0,0,0.0004914,0,0,0,0.00178731129,0.00225478935,0,0.0411176064,0,0,0.000496278165,0.000667111199,0,0,0,0
0.00634584901,0,0.000625000125,0,0,0,0,0,0,0.00171821115,0.000705715977,0,0.000658328226,0,0,0,0,0.000574053111,0.0187416069,0,0.000793021395,0,0.19631207,0,0.00161289953,0.00959092373,0.000485436756,0,0,0.000298685947,0,0,0,0,0.000499251219,0,0.00775194391,0.000488472096,0,0,0.000950570459,0.00070323552,0,0.199470389,0.00764748983,0.0171493677,0,0,0.000245579976,0,0.000615385237,0.388856667,0.00574713103,0,0,0,0,0.0025094144,0.0486815017,0.00256409907,0.128662901,0.0709524491,0.000613874269,0.000648088041,0,0.000613874271,0,0.00679267984,0,0.0188957094,0,0,0,0.000588927708,0,0.000547644751,0,0.00145984887,0.000722021889,0.00180723072,0,0,0,0.000550357937,0,0,0,0,0.00261779843,0.00226372011,0,0.0420281875,0,0,0.000483793168,0,0,0,0,0
0.00585417582,0,0,0,0,0,0,0.000651890215,0,0.00171330998,0.000693963296,0,0.000646831122,0,0.000455580798,0,0,0.000561797946,0.0172413862,0.000602772808,0.000778815227,0,0.192547455,0.000817660728,0.00125628005,0.00717471172,0,0,0,0,0,0,0,0,0.000495785959,0,0.00810811308,0.000757575288,0,0,0.000943396833,0.000701262116,0,0.216345892,0.00366300073,0.0153980573,0,0,0.000242014087,0,0.000303030184,0.386901722,0.00612832626,0,0,0,0,0.0033516186,0.0454851636,0.00203458913,0.128545845,0.0761960031,0.00119332044,0,0,0.000615763748,0,0.00718804197,0,0.0209172021,0,0,0,0,0,0.000551876264,0,0.00146412967,0.000710732102,0.00118412961,0,0,0,0.000543774188,0,0,0.000529660829,0,0.00352113406,0.0016997198,0,0.04141692,0,0,0,0,0,0,0.000521104836,0
0.00511027031,0.000724113032,0,0,0,0,0,0,0,0.00223713794,0.000697350328,0.00143061572,0,0,0,0,0,0.00110803369,0.0176784872,0,0.000751879925,0.000553403154,0.197328945,0,0.00062034714,0.00668449003,0,0,0,0.000620346965,0,0.000757001923,0,0,0.000970401581,0,0.00863094716,0.000757576045,0,0,0,0.000720460726,0,0.21680192,0.00148699051,0.0159419892,0,0,0.000710900023,0,0,0.372892763,0.00773015641,0,0.000647667844,0,0,0.00415183958,0.0486432673,0.00201410111,0.128732851,0.0799388227,0.00205760966,0,0,0,0,0.0107405046,0,0.0219900161,0,0,0,0,0,0.000285062874,0,0.00150038037,0.0007077139,0.00118203033,0,0,0,0.00053676884,0,0,0.00105096972,0,0.00219876528,0.00229225963,0,0.0427144876,0,0,0,0,0,0,0.000520020863,0.000567215153
0.00552049931,0.000692041754,0,0,0,0,0,0,0,0.00163845037,0.000697349861,0.0028715,0,0,0,0,0.000752444932,0.00165016485,0.0177049018,0,0.000736919808,0.000564334239,0.200602135,0,0,0.00784023152,0,0,0,0,0,0.000756430023,0.000762195412,0,0.000473037178,0,0.0079976269,0.00130645789,0,0,0,0.000720461064,0,0.227103639,0.00142857058,0.0171912566,0,0,0.000921234106,0,0,0.36823197,0.0125088977,0,0.00189873035,0,0,0.00585479766,0.0468044208,0.00248261921,0.124109437,0.0921205438,0.00237106966,0,0,0,0,0.0122179043,0,0.0251851732,0,0,0,0,0,0.000288184037,0.00087873451,0.000759878275,0.000695409722,0.000597729276,0,0,0.000526869816,0.00103787966,0,0,0.00105763996,0,0.00211148357,0.00234603894,0,0.0474262083,0,0,0,0.00125235004,0,0,0.000527147981,0.000565930795
0.00425304945,0.00066979219,0,0,0,0,0,0.000627353111,0,0.00166759004,0.00070422482,0.00348675052,0,0,0,0.000540832728,0,0.00218818728,0.0163566086,0,0.000714796021,0.000568827857,0.194770459,0,0,0.00861045367,0,0,0,0,0,0,0,0,0.000470146058,0,0.00672907801,0.00135501297,0,0,0,0.00144509053,0,0.242164625,0.00141044007,0.0215945693,0.000609385046,0,0.000451060018,0,0,0.351418706,0.0123065995,0,0.00129450023,0.000621891312,0,0.00509049394,0.045350806,0.00346020983,0.119489543,0.105151454,0.00355872014,0,0,0,0,0.0142067041,0,0.030701795,0.000495294883,0,0,0,0,0,0.000587889196,0.000801925241,0,0.000592416834,0,0,0.000544069848,0.00104602985,0,0.000621504302,0.0013088995,0,0.000817661554,0.00238379087,0,0.0498914801,0,0,0,0.000610128051,0,0,0,0.000564972219
0.00343370165,0,0,0,0,0,0.000567858904,0,0,0.000823722456,0.000701262195,0.00583791642,0.000584453723,0.000672947569,0,0.000538792898,0,0.00246305355,0.0152380997,0,0.000724112487,0.000581734055,0.204344597,0,0.00063211105,0.00847971178,0.000511770803,0,0,0,0,0.00071942485,0,0.000258933095,0.000470367124,0.000688705162,0.00402761969,0.000533902725,0,0,0,0.000724638417,0,0.244507643,0.000700771174,0.026685355,0,0,0.000683060405,0,0.000575373716,0.343441141,0.0154852001,0,0.00128122962,0.00124766014,0,0.00546150115,0.0480573101,0.00389673953,0.111577851,0.110424729,0.00429447796,0,0,0,0.000550054774,0.0156817919,0,0.0348107944,0.000491641633,0,0.00102511976,0,0,0,0.000582071916,0.000823044852,0,0.000597728987,0.000383141891,0.00072833205,0.000562113808,0.000517865795,0,0.000621504302,0.00157315009,0,0.000809060951,0.00124610966,0,0.0519564239,0.000730994159,0.000670241026,0,0.000602047202,0,0,0,0.000564015926
0.00181346969,0.000660502321,0,0,0,0,0.00166205015,0,0.00066093916,0.000559909899,0.000683995024,0.00782313437,0.000551572071,0,0,0.000549451054,0,0.00222345516,0.0111180037,0,0.000694926884,0.000578035149,0.206352997,0,0.000638569828,0.0127958914,0,0,0,0,0,0.000695893681,0,0.000253421111,0.000238321938,0.000694926842,0.00398860039,0.000529380849,0,0,0,0.000734213871,0,0.246917654,0.000690130778,0.0318820712,0,0,0,0,0.000574712884,0.343415766,0.0149305982,0,0.000642260863,0.00127713937,0.000554631089,0.00565124096,0.0464530055,0.00382043878,0.105577349,0.112599158,0.00512504966,0.00126742999,0,0,0.000555247199,0.0125622948,0,0.0354203891,0,0,0.00105319034,0,0,0,0.00174014134,0.00084316957,0.000691563044,0.000606428194,0.00189681071,0,0.00111545011,0,0,0.000625391136,0.00123131058,0,0,0.000641436604,0.000527425802,0.0550716978,0.00071994194,0.00066934375,0,0.000601684701,0,0,0.000552180855,0.00112739989
0.00157314963,0,0,0.000550357881,0,0,0.00162074929,0,0.0013431806,0,0,0.00954022843,0.000528540946,0,0.000514667981,0.000538792794,0,0.0028280511,0.0106762013,0,0.000702246908,0,0.207768719,0,0.000643501154,0.0142764315,0,0,0,0,0,0.000692042324,0,0.000250878078,0,0,0.00456621038,0,0.000552486253,0,0,0.000744602518,0,0.248889949,0.00133333045,0.0371471604,0,0,0,0,0,0.330953306,0.0128829987,0,0.000996016256,0.00128700251,0.000574053437,0.00395987072,0.049879829,0.00522814154,0.0999084467,0.107703088,0.00527295096,0.000641437284,0,0,0.000587543482,0.0106962052,0,0.0388235618,0,0,0.00105932002,0,0,0,0.00197182884,0,0.000706214968,0.000616142813,0.00110050958,0,0.000557102848,0,0,0.000643086888,0.00175715973,0.000616522943,0,0.000654450196,0,0.0500090928,0.000721501143,0.000337382158,0,0,0,0,0.000548546224,0.00141883766
0.00156412948,0,0,0,0,0,0.00369004011,0,0.00205058064,0,0,0.00932165808,0.000512821183,0.000697836817,0.000520562237,0.000537924122,0.000780640156,0.00230548034,0.00891266029,0,0.000696379072,0.000590667258,0.201868539,0.00123839115,0,0.0151515388,0,0,0,0,0,0.000692520992,0,0.000251635955,0.000474383035,0,0.00505334054,0,0.00108519002,0,0,0.000738552174,0,0.248866535,0,0.0337518033,0,0,0,0.000278862025,0,0.341988318,0.0138327001,0,0.000990099333,0.00129449828,0.000582750925,0.00365918022,0.0537091628,0.0064132984,0.0956971228,0.115611,0.00385109111,0,0,0.000651041973,0.000614628231,0.0103141973,0,0.0415931285,0,0,0.00158814076,0,0,0,0.00248344014,0,0.00250179039,0.000621890732,0.000725689175,0,0,0,0,0.000655737688,0.00227233029,0.000619578965,0,0.000676590189,0.00081037303,0.0476060888,0.00147710436,0.000339442926,0,0.000589275044,0,0.000667110926,0.000833796559,0.00312856071
0.00209095958,0,0,0,0,0.000621504303,0.00572320248,0,0.00379571859,0.00053219828,0,0.00671592157,0.000490677186,0.000687758497,0,0,0,0.00235017315,0.00785796692,0,0.000693481025,0.00059559282,0.199008742,0.00124533024,0,0.0149303645,0,0,0,0,0,0.000667556852,0,0.00024925211,0.000467726767,0,0.00456620947,0,0.00213219979,0,0,0.00149813083,0,0.246210275,0,0.0292096092,0,0,0,0,0.000579373793,0.343915371,0.0145502996,0.000777000595,0.0019973402,0.00064474511,0,0.00206932099,0.0514929858,0.00646552088,0.0990871522,0.116984044,0.00403225842,0.000639795176,0,0,0.00124688137,0.00672121798,0,0.0411628702,0,0,0.00181534995,0,0,0,0.00299564117,0,0.00212614903,0.000634518071,0.000713266952,0,0,0,0,0.000657029961,0.00233728951,0.000630915429,0,0.000696379114,0.000811248869,0.0450796859,0.00147710355,0.000338295039,0,0.000576368995,0,0,0,0.00310909802
0.00156903913,0,0.000482393112,0,0,0,0.00641684171,0.000626566137,0.00490539798,0.000539374209,0,0.00665779427,0.000952835187,0.00068399501,0,0,0,0.00118623974,0.00514579204,0,0.00140944056,0.000598444186,0.196635432,0.00127146065,0,0.0184048717,0,0,0,0,0,0,0,0.000253165103,0.000470809896,0,0.00701853039,0,0.00265252098,0,0,0,0,0.245020946,0,0.0326014885,0,0,0,0,0.00112739902,0.335826659,0.00990099444,0.000775194117,0.00133244987,0.000644330219,0,0.000511508924,0.0569307391,0.00908656,0.0974427259,0.115059454,0.00271002989,0.000646830792,0,0,0.00187617309,0.00388523934,0,0.0418315641,0,0,0.0023340207,0,0.000574053165,0,0.00235972393,0,0.00142248014,0.000636942743,0.000694444157,0,0,0.00150830033,0,0.000647248839,0.00215400907,0.0006277457,0,0.00142755156,0.00135722062,0.0475375971,0.00151057378,0.000340598865,0,0.000580382934,0,0,0,0.00370160129
0.00105876249,0,0.000946074316,0,0,0,0.00556399272,0.000628535766,0.00630251697,0.000535905851,0,0.00637699747,0.000957853341,0.000680735541,0,0,0,0.00059136586,0.00503074191,0,0.0014134296,0,0.189326973,0.00191083029,0.000675219122,0.0194142068,0,0,0,0,0,0,0,0,0.000463176802,0,0.00720046204,0,0.00399573998,0,0,0,0,0.247162129,0,0.032748497,0,0,0,0,0.00113506969,0.349291745,0.00895140592,0,0.00134861863,0.000628536147,0,0.0012946658,0.0631098022,0.0118072027,0.0963620263,0.130702457,0.00201748005,0.000657029993,0.000309981119,0,0.000645160979,0.00329934112,0,0.0466173945,0,0,0.00313479959,0,0.00117164554,0,0.00155844149,0,0.00207755912,0.000641026056,0.000692041942,0.000550964169,0,0.000501505133,0,0.00256082046,0.00213219895,0.000626174487,0,0.00143781416,0.00137664972,0.0501165694,0.000764526324,0,0,0.000578369031,0,0,0,0.00383933856
0,0.000326158033,0.000702575921,0,0,0,0.00642927846,0.000620731904,0.0102248963,0.000533617956,0,0.00545922332,0.000966650781,0.000694443768,0.000520290905,0,0,0.000592066067,0.0050761501,0,0.000684462921,0,0.193162749,0.00359476826,0.00068870479,0.0150067972,0,0,0,0,0,0,0,0,0.000468383933,0,0.00806452097,0,0.0040783045,0,0,0,0,0.24874976,0,0.030194474,0,0,0,0,0.00111482923,0.354527338,0.00731551551,0,0.000664452462,0,0,0.00130480245,0.0770675949,0.0126151975,0.0983824725,0.124326791,0.00067294807,0.000659196115,0.000313479862,0,0.000650617788,0.00332930043,0,0.0423968092,0,0,0.00372539078,0,0,0,0.00102511579,0,0.00204081991,0,0.000688231052,0.000541418958,0,0.000496523839,0,0.00320306978,0.00164294002,0.00063492082,0,0.000709220099,0.00138965961,0.0469778636,0.000780031264,0,0,0,0.000560223972,0.000643915164,0,0.00416914824
0,0.00031948905,0.000696056554,0,0,0,0.00686611293,0,0.0143934013,0.000546149989,0,0.00445293044,0.00048947634,0.000689179628,0,0,0,0.000596658554,0.00423489371,0,0.000686813446,0,0.202328385,0.00462045808,0.00068587102,0.0135851968,0,0,0,0,0,0,0,0,0.000476416855,0,0.00899593316,0,0.00560224319,0,0,0.000771009969,0,0.258108688,0,0.0247046606,0,0,0.000494560158,0,0.00219901365,0.352936049,0.00557967099,0,0.000646830841,0,0,0.00132345231,0.0779750772,0.0167312995,0.0988215611,0.131082343,0.000671140811,0,0.000312110218,0,0.00066445213,0.0018292696,0,0.043054,0.000431592747,0.000583770884,0.00377970164,0,0,0.000557723856,0.00101884931,0,0.00135134993,0,0,0.00026595701,0.000573394133,0.000490676825,0.000617283916,0.00257898005,0.000548846992,0.000643501319,0,0.00141242924,0.00140687008,0.0420485252,0,0,0,0,0.000567536984,0,0,0.00428134119
0,0.000928792841,0.000701919133,0,0.000694927233,0,0.00899804601,0,0.0134408939,0.00055340319,0,0.00258231129,0.000501001949,0,0.000512033091,0.000552792258,0,0.000581733885,0.00341879895,0,0.00170415918,0,0.19159287,0.00403225933,0.000673854031,0.0161942928,0,0,0,0,0,0,0,0,0.00142721149,0,0.00882872424,0,0.00506757186,0.000557723728,0,0,0,0.257682026,0,0.0291077738,0,0,0.000505306348,0,0.00329308719,0.353220561,0.00492308091,0,0.000647667697,0,0,0.00158646195,0.0753845741,0.0182716225,0.109871136,0.128172675,0,0,0.000317259093,0,0.000660501997,0.00121286052,0,0.0467706134,0.00129310014,0,0.00473538051,0,0,0.000539373845,0.00151057485,0,0.00133689997,0,0.000684462893,0.000256674089,0.000592416796,0.000489476116,0.000645577877,0.00657029803,0.000543774121,0.000650618035,0,0.00142959208,0.00143431006,0.0354918968,0,0,0,0,0.000576037002,0,0,0.00372902756
0,0.000293255126,0.000707881423,0,0.00139372948,0,0.0103315974,0,0.0149864062,0,0,0.00254290917,0.00101266012,0,0.000516262066,0,0,0.000584453744,0.00339943247,0,0.00337837984,0,0.192166399,0.0047201602,0.000674764395,0.015614406,0,0,0,0.000618047019,0,0,0,0,0.00168837285,0,0.0091015901,0,0.00488787043,0,0,0,0,0.265725235,0,0.0342919874,0,0,0.000505305989,0,0.0029891287,0.345446032,0.00310945083,0,0.000638162216,0,0,0.00155279805,0.0819521057,0.0211232262,0.119117928,0.130316122,0,0,0.000316655813,0,0,0.000609013203,0,0.0402740207,0.00151450025,0,0.00449186093,0,0,0.000519481041,0.000513347335,0,0.00136704954,0.00063938579,0.00136704993,0.000250751958,0.000615385191,0.000998501697,0.000660502589,0.00918993308,0.000541126091,0,0,0.00141542761,0.0011757798,0.0314054799,0,0,0,0,0.000568504852,0,0,0.00256739746
0,0,0.000237304105,0,0.00205619915,0,0.0142996054,0,0.0136892968,0,0,0.0025,0.000505561434,0,0,0,0,0,0.00287356428,0,0.00401069769,0,0.198466233,0.00677507126,0,0.0127773951,0,0,0,0.00061462822,0,0,0,0,0.00178845633,0,0.0121015039,0,0.00374856014,0,0.000578704058,0,0,0.271592429,0,0.0337423792,0,0,0.000513083791,0,0.00290698034,0.343414434,0.00246913878,0,0.000613121036,0.000582071893,0,0.000532198066,0.0865043715,0.0249790896,0.120051723,0.132456914,0,0,0,0,0,0,0,0.0393922178,0.00110816066,0,0.00430786991,0,0,0.000516262113,0.00103145966,0,0.00135135063,0.000637754761,0.0020576108,0,0,0.000514402884,0,0.0114108023,0,0,0,0.00139762402,0.00116413963,0.027129298,0,0,0,0,0.00055741357,0,0,0.00197628183
0,0,0.000481927848,0,0.00139469979,0,0.0148256976,0,0.0136611947,0,0,0.00369685918,0.00101368048,0,0.000529661105,0,0,0,0.00232018945,0,0.00454250186,0.00063451785,0.203357848,0.00824742293,0,0.0111915993,0,0,0,0.00061690306,0,0,0,0,0.00182958855,0,0.0119261035,0,0.00318102956,0,0.000563697665,0,0,0.273455583,0,0.0318207124,0.000685871265,0,0.000509165038,0,0.00287806957,0.335605132,0.00246457113,0,0.000611621341,0,0,0.000525210037,0.0903416534,0.0233400826,0.12568437,0.128583331,0,0,0,0,0,0,0,0.0388268226,0.00160623978,0,0.00445897955,0,0,0.000778815653,0.0015715016,0,0.00138407971,0.000648508152,0.00136986019,0,0,0,0,0.0125718025,0,0,0,0.00137646119,0.000597015267,0.0242595947,0,0,0.000598085795,0,0.000555863901,0.000588234759,0,0
0,0.000547344918,0,0.000621118201,0.00137836003,0.000742390327,0.0181774031,0,0.0121048991,0,0,0.00559005895,0.000997009186,0,0,0,0,0,0.00228702058,0,0.00443037862,0.000609756054,0.205779478,0.00899032309,0,0.0110293974,0.000624609725,0,0.00102987003,0,0.000589622927,0,0,0,0.00215517361,0,0.0137882032,0,0.00289519189,0,0.000557724281,0,0,0.269216266,0,0.0331050279,0,0,0.00052137635,0,0.00442477973,0.332182507,0.00383142065,0,0,0.000579039245,0,0.000534474105,0.0907250182,0.0227004281,0.13338344,0.128119663,0,0,0,0.000688230682,0,0,0,0.0377094827,0.00160920053,0,0.0039950816,0,0,0.00124812984,0.00206825398,0,0.000709723077,0.000653168037,0.000689655238,0,0.000644330238,0,0,0.0124542025,0.0022160706,0,0,0.000713266805,0.000582071772,0.0209813135,0,0.000595592949,0.000598801875,0,0.000564015759,0.00144424892,0,0
0,0,0,0.000626173964,0.00139762037,0.000750751187,0.0170565058,0,0.0110073742,0.000566892863,0,0.00627353188,0.000985706205,0,0,0,0,0,0.00227272979,0,0.00495356322,0.000594177216,0.211236704,0.00767620161,0,0.00815771641,0.000610128196,0.000637348905,0.0010070502,0,0.00114285956,0,0,0,0.00215633359,0,0.0149999925,0,0.00291714996,0.000550054777,0.000540249164,0,0,0.27971026,0,0.0316455396,0,0,0,0,0.00643003812,0.335612,0.00478010996,0,0,0,0,0.000547046008,0.0882054767,0.0245477968,0.141950545,0.132164021,0,0,0,0.000671140811,0,0,0,0.0361377867,0.00140187023,0,0.00276243057,0.000638570121,0.000599161173,0.000983767589,0.00307535064,0,0.000713776087,0.000650617931,0.000672495007,0,0,0,0,0.00990098782,0.00284737977,0,0,0,0,0.0180801964,0.00073800696,0.000592417168,0,0,0.000561798261,0.00340328985,0,0
0,0,0,0.000635324141,0.0013774105,0.000753579759,0.0158451048,0,0.00766156032,0.00165928682,0,0.0063251124,0.00152516807,0,0,0,0,0,0.00167597957,0,0.00478754747,0.000588234944,0.219942733,0.00643776871,0,0.00687757684,0.000603135767,0.000631711834,0.000997008982,0.000579709757,0.00106724004,0.000655308022,0,0,0.0016519796,0.000821692833,0.0137758771,0.000495294968,0.00292227174,0.000544662074,0.000535905983,0,0,0.282518873,0,0.0304543963,0,0,0,0,0.00683198099,0.349863544,0.00438596296,0.00236779947,0,0,0,0,0.0868815623,0.0238847896,0.144078812,0.13638168,0,0,0,0.000677506991,0,0,0,0.0347826094,0.00143884976,0,0.00213414962,0,0.000606427881,0.000503270823,0.00309118744,0.000797448083,0.000725163249,0,0.000664452125,0,0,0,0,0.0105501034,0.003921572,0,0,0,0,0.020012896,0.00219298016,0,0,0,0.000578368874,0.00458978783,0.000701262194,0
0,0,0,0.000619578952,0.000693000999,0.000780030929,0.0162850049,0,0.00707071162,0.00220143593,0,0.00633311568,0.00102406689,0,0,0,0,0.000626174447,0.00190839355,0,0.00465928985,0.00058309007,0.231983072,0.00564971887,0,0.00575953763,0.000607164721,0.000606796257,0,0.00114942993,0.00101060958,0.000650618255,0,0,0.00111359035,0.000816326971,0.0132409044,0.00048828097,0.00174316918,0.000542005084,0,0.000823722404,0,0.282149571,0,0.0305135667,0,0,0,0,0.00776941837,0.345943486,0.0035098912,0.00321543104,0,0,0,0,0.0894800695,0.0213629006,0.145087513,0.144129078,0.000351370144,0,0.000650195073,0.000662690747,0.000650618302,0,0,0.0296209202,0.000991079604,0,0.00121359003,0,0.000617284267,0.000520832914,0.00369393232,0.000786781556,0,0.000680735327,0.000650618092,0,0,0,0,0.00776627066,0.00512236933,0,0,0,0,0.0201167879,0.00291333004,0.000581057991,0,0,0.000568182378,0.00585610799,0.00146091915,0
0.000669344111,0.000556482993,0,0.000621504343,0.0006877581,0.000818331284,0.0185184944,0,0.00565535345,0.00271444262,0,0.00576923133,0.00052854086,0,0,0,0,0.000643501255,0.000797871595,0.000514402892,0.00436046887,0.000591715825,0.226600475,0.00558659109,0,0.00446761129,0.000599161005,0,0,0.000578369346,0.00100503025,0.000647249065,0,0,0.00112675948,0.000801925368,0.014497459,0.000490677072,0.000574052806,0.000543182863,0.000561167224,0,0,0.273234992,0,0.0330441844,0.000705715695,0,0.000540248748,0,0.00975445959,0.354066663,0.0031989792,0.00547730724,0,0,0,0,0.0943562926,0.0240896299,0.145885123,0.144469699,0,0,0.000642261179,0,0.000648928833,0,0,0.0289034855,0.00203457912,0,0.00121581035,0,0.000638978258,0.00108518983,0.00466321551,0,0,0,0.000639794754,0,0,0,0,0.00499286932,0.00644028142,0,0,0,0,0.0223035884,0.00438916851,0.00116008978,0,0,0.000565291151,0.00849781003,0.00148148101,0
0.000680734656,0,0,0,0.00141243014,0.000844594679,0.018607097,0,0.00499667406,0.00328227505,0,0.00523218016,0.000539664968,0,0,0,0,0.000662251791,0.000263019048,0,0.00589887953,0,0.234393344,0.00571429233,0,0.00272162122,0,0,0,0.000579709933,0.000498256187,0.000650618263,0,0,0.00114679017,0,0.0124569964,0.000482625012,0.000561482076,0.00053504504,0.00113249872,0.000796813149,0,0.277329214,0,0.0325127885,0.000718907134,0,0,0,0.0108016934,0.354235151,0.00578035155,0.00701481254,0,0,0,0,0.0907826459,0.0270893851,0.134800527,0.150754626,0,0,0.000648088101,0,0.000658328358,0,0,0.0322581126,0.00157067956,0.000710732048,0,0,0.000646831219,0.00113635979,0.00635592639,0,0,0,0.000646412228,0,0,0,0.000890472239,0.00427654972,0.00526932042,0,0.000628930679,0,0,0.0274653137,0.00636942997,0.00230282121,0,0,0.000570124781,0.00998920966,0.00148147991,0.000343879177
0.000681198456,0,0.00054229911,0.000598802322,0.00138985339,0,0.0186916026,0,0.00471698259,0.00164383513,0.00125234956,0.0041560123,0,0,0,0,0,0.000678886695,0.000260960063,0,0.00495050015,0,0.240526733,0.00708215716,0,0.00274940872,0,0,0,0,0.00050787213,0.000668896179,0,0,0.00115141009,0,0.0105785849,0.00098183589,0,0.000532197796,0.00170843004,0.00077942345,0,0.267999189,0,0.0352286843,0.00071326681,0,0,0,0.0118583046,0.359860974,0.00838709478,0.00793021124,0,0,0.0008319472,0,0.099064079,0.0281124048,0.134736573,0.145597111,0.000683995027,0,0.000646830782,0,0.0012970201,0,0,0.0233673028,0.00269251156,0.00215517111,0.000586854171,0,0.00132801935,0.00117301962,0.00557028954,0,0,0,0.000638162124,0,0,0,0.00089126527,0.00144822942,0.00843513997,0,0,0,0,0.0301204864,0.00672805202,0.00176367043,0,0,0.000584795541,0.00920911061,0.00147819897,0
0,0,0.000565611033,0.000592416818,0.00135685253,0,0.0180076911,0,0.00366179044,0.00166945319,0.00124224007,0.00255428015,0,0,0,0,0,0.00136798994,0,0,0.00510203944,0,0.246783821,0.00486448768,0.00067981015,0.00280674098,0,0,0,0,0.000512295086,0.000687757314,0,0.000549752854,0.00173410029,0,0.0112920685,0.00048638133,0,0.00053248102,0.00232423071,0,0,0.268283162,0,0.0411534906,0.000740740643,0,0,0,0.0104901012,0.373386639,0.00891151593,0.00781861631,0,0,0.00252950804,0,0.101094894,0.0279798708,0.13223558,0.149358128,0.000669343957,0,0.000643087066,0,0.000657030309,0,0,0.023654617,0.00273075137,0.00220426041,0,0,0.00134589952,0.00181708054,0.0068045719,0,0,0,0.00127307032,0,0,0,0.000872600611,0.000718390719,0.0116482042,0,0,0,0,0.035258581,0.00494349647,0.00258028034,0,0,0.000586165903,0.0100529079,0.000743494162,0
0,0,0.000568504932,0.000591365955,0.00134952738,0,0.0169392971,0,0.00341063899,0.00172612136,0.00185988953,0.00126984314,0,0.000572737964,0,0,0,0.000711743503,0,0,0.00550892232,0.000284899968,0.245797952,0.0061475384,0.00137457095,0.00200160022,0,0,0,0,0,0.000702247641,0,0.00107066019,0.00115673948,0,0.0110884737,0.000249376987,0,0.00210970084,0.00230680074,0,0,0.266841161,0,0.0428921895,0.000749624813,0,0,0.000622277846,0.00887849787,0.387191419,0.0114225983,0.00788021775,0,0,0.00339846675,0,0.105495066,0.0296316904,0.119368084,0.148375045,0.000683995017,0,0.000638569783,0,0.000654021986,0,0,0.017836309,0.00411184178,0.00514328085,0,0,0.000699301208,0.00126823018,0.0085071345,0,0,0.000647667864,0.001287,0,0,0,0.000838926414,0.000702247182,0.0156711976,0,0,0,0,0.0390826779,0.00351864704,0.00288184113,0,0,0,0.0108450497,0.000742389792,0.000715308242
0,0,0,0.000572738139,0,0,0.019061608,0,0.0027453699,0.000591017553,0.00309406132,0.00126662434,0.000587543981,0.00057803492,0,0,0,0.000745712573,0,0,0.00650703419,0.000280425989,0.252386576,0.00552486206,0.00138696117,0.00274940586,0,0,0,0,0,0.000717875111,0,0.00106439947,0.000580045984,0,0.0129629756,0.000505816599,0,0.00398936015,0.00200114071,0,0,0.282423585,0,0.0419235897,0,0,0,0.000612369865,0.00979499049,0.379761847,0.0121951018,0.00808937309,0,0.000591366259,0.00387263554,0,0.108394082,0.0332952961,0.107654003,0.149123074,0.000679810095,0,0,0,0.000654878857,0,0,0.0150330936,0.00397952976,0.00589971134,0,0,0.000703235088,0.00131061979,0.00753347209,0,0,0.000636537267,0.00128616967,0,0,0,0.000814995979,0,0.0158303787,0,0,0.000667111173,0,0.0417745992,0.00351124051,0.00391499049,0,0,0,0.0119047653,0.000777000998,0.000733138068
0,0.000591365855,0,0.000572082186,0,0,0.0180047027,0,0.00139761992,0.000582410849,0.00488103142,0.00062695875,0.00240385016,0.000603864763,0.000616522711,0,0,0.000733676274,0,0.000558035941,0.00832466348,0,0.25525111,0.00485099998,0.000713775946,0.00349922332,0.000605326742,0,0,0.00058479536,0,0,0,0.00156006034,0,0,0.0164708362,0.000510725356,0,0.00374332158,0.00141323162,0,0,0.276987742,0.000615764087,0.0431349159,0.00077942267,0.000652315898,0.000868558099,0.000618046767,0.00911576783,0.382734637,0.0141017997,0.00875857512,0,0.00058997107,0.00347222802,0,0.117818,0.0392550029,0.101766957,0.15078931,0.0013605394,0,0,0,0,0,0,0.014199425,0.00403691117,0.00524344888,0,0,0,0.00133510984,0.00776914713,0,0,0.000640615227,0.00126662009,0.000483092171,0,0.000655738108,0,0,0.017252046,0,0,0,0,0.039995692,0.00277778124,0.00491535172,0,0.000689179662,0.000584112224,0.0151753032,0.000773994016,0.000757001618
0,0.00120336995,0,0,0.00130208062,0,0.0152671986,0,0.000694444131,0,0.00541516046,0,0.00365185965,0.00117096005,0.00125235028,0,0,0.00077339524,0,0.000570125282,0.00678142654,0,0.257071941,0.00480438697,0.000694926842,0.00263157932,0.000908540154,0,0,0,0,0,0,0.0016017103,0,0,0.015986668,0,0,0.00455763962,0.00138121459,0.000714286306,0,0.276606635,0.000628536246,0.0415173007,0.000769822639,0.000648507761,0,0.0012217494,0.00831460883,0.379932524,0.0122249038,0.00932140565,0,0.0005787037,0.0017300992,0,0.126671,0.0385739078,0.0908787983,0.151372181,0.00272294048,0,0,0,0,0,0,0.0121248047,0.00344629844,0.007324597,0,0,0,0,0.00746965222,0,0,0.000645161283,0.00124922021,0.000481464057,0,0.00135044035,0,0,0.0162398937,0.000625000313,0,0,0,0.0334624248,0.00206753983,0.00534187763,0,0,0.000586854268,0.0170067863,0,0
0,0.000616903009,0,0,0.000657462091,0,0.013066195,0,0.000701754022,0,0.00714710726,0,0.00492914216,0,0.000623441092,0,0,0.000791139097,0,0.00175849601,0.00665301956,0,0.254629824,0.00342936119,0.00069300093,0.00363637062,0,0,0,0,0,0,0,0.00102986958,0.00059066698,0,0.0198843275,0.0010432961,0,0.00444327867,0.00169013872,0.000721500997,0,0.278180423,0.000636536737,0.0401180225,0.00154678942,0.000664894137,0,0.000623830037,0.00859265051,0.372585213,0.00929813814,0.00907029252,0,0.00118132922,0.00169924002,0,0.135830937,0.0394737298,0.0847230825,0.146491012,0.00337382022,0,0.000624219969,0,0,0,0,0.0107206614,0.00169491864,0.0105139955,0,0,0,0,0.0101203553,0.000321957843,0,0.000636942973,0.00122699002,0.000738551775,0.000720460782,0.000691563146,0,0.00229533028,0.0164290055,0.00062735304,0,0,0,0.032559616,0.00136240046,0.00479999936,0,0,0.000604960634,0.0202597942,0,0
0,0.000631712116,0,0.000561166773,0.00125786018,0,0.00858122973,0,0,0,0.0102399133,0,0.00506649806,0,0.000621118289,0,0,0,0,0.00373366879,0.00457085141,0,0.249394491,0.00344353181,0.000688704576,0.00279330122,0.000607532758,0,0,0,0,0,0,0.00101728961,0.000593472266,0,0.0238450539,0.00106609793,0,0.00671835313,0.00277314971,0.00073583475,0.00105337038,0.279973463,0.00064557832,0.0427901788,0.000765110663,0.00137836019,0,0.000639794827,0.00948635391,0.37397636,0.00938966269,0.00990853876,0,0.00178464893,0.000823723404,0.000669344008,0.14045414,0.0375984595,0.0900722955,0.145212759,0.00466667,0,0.000633312281,0,0,0,0,0.0131195787,0.00275481889,0.0126083174,0.00122026059,0,0,0,0.00978261541,0.000313480142,0,0,0,0.00198118104,0.00145455092,0.000693962656,0,0.00550314066,0.0175108926,0.000626565974,0,0,0,0.0276705066,0.000687758276,0.00522192948,0.000745155849,0,0.000598443934,0.0211864772,0,0
0,0.000649773061,0,0.000576368944,0.000935744808,0,0.00870070044,0,0,0,0.00982658382,0,0.00652580569,0,0.000610128052,0,0,0,0,0.00351887053,0.0043456062,0,0.254034197,0.00275862106,0,0.00207611906,0.00092421334,0,0,0,0,0,0,0.00100756042,0.000594530184,0,0.0253595964,0.00109890224,0,0.00584795298,0.00402994018,0.00147928871,0.000710226758,0.265258558,0,0.0434530783,0.00077160468,0.000690131255,0,0.00127713982,0.00861656093,0.374030187,0.0085646742,0.010038594,0,0.00176471041,0,0.000686341985,0.154196116,0.0384058301,0.0884243728,0.143447679,0.00672043296,0,0.00062617413,0,0.000636942763,0,0,0.0118565357,0.00245902072,0.0138661767,0.000622665003,0,0,0,0.0111111177,0.000308832851,0,0,0.000592417197,0.00151362024,0.00146199006,0.000689655214,0,0.00555114883,0.0210325082,0.00125944522,0,0,0,0.0232025981,0,0.00405062959,0.000758150303,0,0.000595948219,0.023466663,0,0.000814331759
0,0.00065616799,0,0.000581733745,0.000930521054,0,0.00553709978,0,0.000695409826,0,0.00925926146,0,0.00994405916,0,0,0,0,0,0,0.00427070064,0.00413863818,0,0.252772658,0.00206612007,0,0.00204359919,0.00151148914,0.00066889611,0,0.000580719907,0,0,0.000681663005,0.00050226,0.000607532755,0,0.0225191123,0.00113250128,0.000537057016,0.00588234759,0.00468111032,0.00377074051,0.000714285513,0.270100803,0,0.0391813114,0.000789265951,0.000690608058,0.000595947707,0.00187734235,0.00593764467,0.382568303,0.00841067252,0.00812064736,0.000629722799,0.00298864087,0,0.000682128194,0.165795008,0.0357364988,0.0975533941,0.147740463,0.00824537625,0,0.00123381026,0,0,0,0,0.0139130197,0.00249722703,0.0164974701,0.00124455586,0,0,0,0.0110584511,0,0,0.000638161985,0.000590318837,0.00151744944,0.00144612925,0,0,0.00571428847,0.0196591945,0.00126903612,0,0,0,0.0204560938,0,0.00453857961,0.00148920058,0,0.000602046915,0.0242326258,0,0.00166805981
0,0.000664010886,0,0.000602773189,0.000933416363,0,0.00377765585,0,0.000690130944,0,0.0066474002,0,0.0102040992,0,0,0,0,0,0,0.00263157516,0.00313808091,0,0.2435239,0.00138695957,0,0.00202429056,0.000626959429,0.000665336152,0.000986192619,0.00116211561,0,0,0.000696863681,0,0.000599880156,0,0.0222656822,0.00116414407,0.000527703943,0.00697050684,0.00486026545,0.00427682893,0.000709220355,0.263304759,0.000658762253,0.0423481059,0.000798722308,0,0.000597371888,0.00124610553,0.00566134844,0.374503173,0.00822927737,0.00749210844,0.000626565877,0.00241108946,0,0.00068587065,0.179573728,0.0371770933,0.102268177,0.150623316,0.007707773,0,0.00122100049,0.000630516979,0,0,0,0.0148981069,0.00184263536,0.0184408911,0.00124533001,0,0,0,0.0103842128,0,0,0.000634920961,0.000601323019,0.0012651806,0.00215517114,0,0,0.00634921118,0.0187667915,0.00125470659,0,0,0,0.0169722011,0,0.00401606153,0.00147275052,0.000604960884,0.000591715658,0.0229633295,0,0.00160513924
0,0.00133957975,0,0.000607903252,0.000926497911,0,0.00210747989,0,0.000677965664,0.000545554294,0.00411039005,0,0.00881056383,0.000578368876,0,0,0,0,0,0.00358774368,0.00106496003,0,0.243777891,0.000710226611,0,0.00165672975,0.000628535786,0.00131926138,0.000966183741,0.00117646917,0.000559596755,0,0.0007288633,0,0.00060569371,0,0.0236567897,0.000595947697,0.000547945198,0.00551470917,0.00485123573,0.00766870554,0.00141844081,0.25527674,0,0.0461858986,0,0,0.000596659002,0.000620346822,0.00504247211,0.366755163,0.00913116028,0.00678913517,0.000623441148,0.00182815128,0,0.000683994605,0.187660327,0.0429211948,0.0965704181,0.162675064,0.00924703201,0,0.0023738925,0.00061576382,0,0,0,0.0164120308,0.00130572638,0.0204081588,0.000931097726,0,0.000649772959,0,0.011943255,0.000593471931,0,0,0.00059772921,0.00102197047,0.00143266069,0.000669343691,0,0.00791766269,0.0221914011,0.000632110791,0,0,0,0.0173410446,0,0.00450449977,0.00145773066,0.000600600993,0,0.0212589336,0,0.00309837107
0,0.00135685005,0,0.000601323177,0.00095238117,0,0.0015471907,0,0.000679347757,0.00107700685,0.00283447096,0,0.00857318549,0.000852273003,0,0,0,0.000865052166,0,0.00465425063,0.000549450944,0,0.243366117,0.000714286294,0,0.000986842413,0,0.00129032312,0.000965250902,0.000597371871,0.000551875892,0,0.000758725417,0,0,0,0.0191680673,0.000591017182,0.000566571984,0.00627943051,0.00371873579,0.0118773863,0.00070671374,0.246658885,0,0.0446210041,0,0,0.00118694438,0.000612745156,0.00457973314,0.364294887,0.00543478047,0.00621118273,0,0.00183599016,0,0,0.204870934,0.0429970254,0.106268623,0.167800785,0.00855825932,0,0.00149701026,0.000599160962,0,0,0,0.0139680577,0.00075117266,0.0200819626,0.000923077141,0.000592767938,0.000638977624,0,0.00968456304,0.00117301985,0,0,0.000602772711,0.00103412967,0.000693962892,0.00138026051,0,0.0114173034,0.0230125988,0,0,0,0,0.0156017512,0,0.00402617213,0.000757001998,0.00059737225,0,0.0165524794,0,0.00261779951
0,0.00204082032,0,0.00120048029,0.000637754974,0,0.00102722185,0,0.000672948062,0.000542887748,0.00131604034,0,0.00934579514,0.000875656281,0,0,0,0.000856897532,0,0.00396563901,0,0,0.252268117,0.000713267121,0,0.000965873412,0,0.00128369813,0.000953289296,0.000601685087,0.000542888115,0,0.000755287322,0,0,0,0.0183224486,0.000604960636,0.000547344844,0.00740348799,0.00468975324,0.0137195063,0.000713267546,0.244547487,0,0.0462500231,0,0,0.0023432936,0.0006038649,0.00352303378,0.353172131,0.00619611945,0.00546021729,0.000621118252,0.00123000984,0,0,0.202805705,0.0444805142,0.114234437,0.163461572,0.00836679592,0,0.00206004084,0.000582411209,0,0.000757002374,0,0.0147826147,0.000860091467,0.0188442675,0.000922509442,0,0.000636536836,0,0.0129270568,0,0,0,0,0.000513610876,0.000675676118,0.00133868937,0.000900089815,0.0144644563,0.0264643966,0,0,0,0,0.0117302063,0,0.00477867206,0,0.000598085883,0,0.0136074192,0,0.00323740799
0,0.00273411091,0,0.000616143275,0.000615764195,0,0.000513874758,0,0.000648088131,0.000541126282,0.00129629993,0,0.00862068672,0.00118977044,0,0,0.000661376022,0.00171086464,0,0.00556647151,0,0,0.248169801,0,0,0.000633312118,0,0.00192307983,0.000922509361,0,0.000528261803,0,0.000763359489,0,0,0,0.018292713,0.000906891774,0.00112549014,0.00771444177,0.00345091986,0.0176029788,0,0.236565145,0,0.0448397958,0,0,0.00408401065,0.000618047218,0.00198187719,0.357795063,0.00742311866,0.00465116052,0,0.00031426809,0.00152091184,0.000643501256,0.208151849,0.040876418,0.123841185,0.164217988,0.0068073498,0,0.00202194927,0.000583431162,0,0.000750751185,0,0.014521663,0.000296735972,0.0190712507,0.000917993011,0,0.000627352835,0,0.0133371607,0,0,0,0,0,0.000656168016,0.000665778842,0,0.0148090164,0.0252100945,0,0,0,0,0.00970148264,0,0.00485933716,0,0,0,0.0127833193,0,0.00356633072
0,0.0013717401,0,0.000630914984,0.000630119962,0,0,0.000716846218,0.000632910942,0,0.000181850963,0,0.00689223048,0.000594176965,0,0,0.00100806015,0,0,0.00881201281,0,0,0.251572092,0,0,0,0.000687284962,0.000639386136,0,0,0,0,0.000756429349,0,0,0,0.0162734042,0.00123533043,0.000580382673,0.0087672707,0.00345622018,0.0185847094,0,0.238419571,0,0.046641804,0,0,0.00519930994,0.00063051726,0.00201265177,0.367682092,0.00681699534,0.0038284806,0,0.00031525922,0.00152555367,0,0.207867674,0.0398692719,0.128344374,0.170773409,0.00564784183,0,0.00289351984,0.00113314033,0,0.00149924981,0,0.0148826046,0.000294463879,0.0165562541,0.00181050091,0.000589971223,0.000607532998,0,0.0141025639,0,0.000905796767,0,0,0,0,0.000672495037,0,0.0192458914,0.0243902117,0,0,0,0,0.00796523663,0,0.00476429683,0,0,0,0.0112759395,0.000755286888,0.00487464845
0,0.00208478074,0,0.000617283856,0.000618429081,0,0,0.00145666055,0.000617665275,0.000535618745,0.00018205,0,0.00752823381,0,0,0,0.000996015765,0,0,0.00524934861,0,0,0.242377447,0,0,0,0.00139276042,0.000621890948,0,0,0,0,0,0,0,0,0.0189613094,0.00125078135,0.000586509672,0.0123754055,0.00362610807,0.0212567095,0,0.223801506,0,0.0429907119,0,0,0.00567214833,0.00127307385,0.00283125765,0.361585837,0.00710899751,0.00374531769,0,0,0.00150716054,0,0.213430003,0.0380677687,0.140425454,0.173387331,0.00404585118,0,0.00172215943,0.00167504045,0,0.00216763061,0,0.0146560889,0.000597014943,0.0192465106,0.0018382405,0.000584795266,0.000579038694,0,0.013854678,0,0.00181378079,0,0,0,0,0,0,0.018636,0.0183175068,0,0,0,0,0.00647016851,0,0.00346020546,0,0.000616143115,0,0.00920245853,0.000733137387,0.00271554936
0.000570125135,0.00284494895,0,0.00123152833,0.00126102955,0,0,0.0021567197,0,0.000539956578,0.000544959122,0,0.00502828672,0,0,0,0.000332447077,0,0,0.00459618723,0.000297088981,0,0.254504638,0,0,0,0.00140449003,0,0,0,0,0,0,0,0,0,0.0198275867,0.00125707291,0.00118063851,0.0148574975,0.00330032919,0.020328,0,0.21931449,0,0.0398734128,0,0,0.00730747994,0.00193923114,0.00168919283,0.367861384,0.00787814606,0.00385505116,0,0,0.00153139358,0,0.211017338,0.0386598405,0.13977185,0.179746078,0.00524590107,0,0.00111918965,0.00163043022,0,0.00284697867,0,0.0139956168,0,0.0182269954,0.00121286051,0.000586853766,0.00114415986,0.000765696698,0.0105459011,0,0.00299221968,0,0,0,0,0,0,0.01877,0.0171833061,0,0,0,0,0.0049751187,0,0.00324999903,0,0.00059987994,0.000534187799,0.00554529026,0.00110701096,0.00262984971
0,0.00213828009,0,0.00125,0,0,0,0.00344115849,0,0.00108459989,0.000535045195,0,0.00453074846,0,0,0,0.000341762877,0,0,0.00458114908,0.00029120585,0.000554016981,0.258298242,0,0,0.000623830318,0.00217233986,0,0,0,0.000279954979,0,0,0,0,0,0.0247708998,0.00128948987,0.000592417229,0.0197681,0.00250626989,0.0212407113,0,0.214998652,0,0.0376036079,0,0,0.011829196,0.00130293012,0.00132125035,0.38809707,0.00838574252,0.00377928847,0.000651465936,0,0.001554002,0,0.209083378,0.0338928057,0.152451616,0.174713217,0.00457815828,0,0.000564333995,0.00184307992,0,0.00273410955,0,0.0120787024,0.00060827311,0.0151020511,0.00123839003,0.000594176855,0.00112295917,0.00076277734,0.00696202085,0,0.002962089,0.000630119887,0,0,0,0,0,0.0197471961,0.0168237076,0,0,0,0,0.00274724914,0,0.00438596809,0.000788643986,0,0,0.00321543057,0.00111441294,0.0015862897
0,0.00356124979,0,0.00122174995,0,0,0,0.00416666908,0,0.000558658665,0.000530222804,0,0.00325732919,0.00063734897,0.000561166856,0,0.000341530147,0,0,0.00407886,0.00029069819,0.000571101942,0.266485142,0,0,0.000611995073,0.0041540694,0,0,0,0.000279486129,0,0,0.000161186001,0,0,0.0241247018,0.00195185261,0,0.022798736,0.00341879983,0.0224273976,0,0.201464197,0,0.0374684839,0,0,0.0152112837,0.00235057092,0.000594883806,0.404179795,0.00901856879,0.00301659095,0.000652741725,0.000623052832,0.000805153502,0,0.203419238,0.0376172375,0.154156625,0.174820406,0.00325944974,0,0.000549148907,0.00206717924,0.00065573791,0.00133156059,0.000668448834,0.010061499,0.000614251152,0.017199002,0.000629723067,0.00060386497,0.00109528945,0.000754716672,0.00649773196,0,0.0034904014,0,0,0,0,0,0,0.0202334899,0.0138797059,0,0,0,0,0.00210970024,0.000667557026,0.00567545841,0,0,0.00054854595,0.00329381241,0.000730994762,0.0018844194
0,0.00418117829,0,0.00125785946,0,0,0,0.00493305042,0,0.000553402552,0,0,0.00195058452,0.000630516979,0,0,0,0,0,0.0024441289,0.000850821641,0.00112994013,0.258328593,0,0,0.000598444253,0.00262960053,0,0.000886525244,0,0,0,0,0.000468164937,0,0.000822367697,0.0246858214,0.00128123069,0,0.0252447076,0.00440916813,0.0218931034,0,0.190715501,0,0.0405294134,0,0,0.0169205217,0.00310130957,0.000610874173,0.411124608,0.00838134992,0.00308404222,0.00133333405,0.00125944887,0.000811029757,0,0.197814458,0.0393618872,0.164895876,0.163260407,0.00357374874,0,0.000537633632,0.00180784995,0,0.0013324494,0.000668448834,0.0103932938,0.000601684967,0.0172555936,0,0.000603864967,0.0010834201,0.00074682626,0.00455137297,0,0.00199316995,0,0,0,0,0,0,0.0167969017,0.0129174987,0,0,0.000673401267,0,0.000724113198,0.000680272161,0.00593541817,0,0,0.00055617371,0.00273972812,0.00145454626,0.0018495706
0,0.00420757055,0,0.00125,0,0,0,0.00485436898,0,0.000564971557,0.000539665202,0,0.000636536887,0,0.000539374039,0,0,0.000828499959,0,0.00141343002,0.00109768983,0.00114745012,0.256197474,0,0.000691084765,0.000600240276,0.0026923107,0,0.000884955596,0,0,0,0,0.000464036871,0.000288183878,0.000826446089,0.0254418031,0.00157927979,0,0.0294419127,0.00491071635,0.0217391078,0,0.178992193,0,0.0389408105,0,0,0.0191657037,0.00323044152,0,0.406371548,0.00895680251,0.00155279954,0.00138121662,0.00123839087,0,0,0.205676533,0.0463363682,0.173924061,0.174621244,0.00261437971,0,0.000534188312,0.00177665077,0.000675675668,0.000660065913,0.000336247092,0.00893372189,0.00058997107,0.0136766114,0,0,0.00107238963,0.000746825643,0.00329163495,0,0.00118977033,0,0,0,0,0,0,0.0140187068,0.0103722016,0,0,0.000660939022,0,0.000732601064,0.000707213867,0.00677570292,0,0.000572737939,0.000573393894,0.00211864483,0.000742389911,0.000609012951
0,0.00563777264,0,0.000626565961,0,0,0,0.00559050233,0,0.000578368937,0,0,0.00127632459,0,0,0,0,0.00163399004,0,0.00217549391,0.00162425882,0.00116822038,0.248830412,0,0.000701261906,0.0012091894,0.00261779936,0,0.000851789009,0,0,0.000741289807,0,0.000921658602,0.000856164091,0.000805802319,0.0269360122,0.00156739826,0,0.0307346362,0.00714286714,0.0146589934,0,0.173076978,0,0.0416404029,0,0,0.0188945471,0.00331858136,0,0.415140311,0.00725013112,0.000783698766,0.0013947,0.00365630887,0,0,0.203703517,0.0531400723,0.181618655,0.170243139,0.0025673889,0,0,0.00198020079,0.000684932237,0.000667557296,0.000338752904,0.00738217229,0,0.0138323981,0,0,0.000547644778,0,0.00335570273,0,0.00119473959,0,0,0,0,0,0,0.0119427036,0.0112325021,0,0,0.000657462082,0.000725688951,0.00072306543,0.00069589399,0.00695088053,0,0,0,0.00145666382,0.000744601988,0.000603500272
0.00052438392,0.00645160835,0.000719941804,0.000639385794,0.000701753688,0,0,0.00612245121,0,0.000590318766,0,0,0.00127388606,0,0,0,0,0.000819000507,0,0.00289017357,0.0010923,0.00121950998,0.250101207,0,0.000694443997,0,0.00304645907,0,0.000831254622,0.000585823207,0,0.00146842771,0,0.00113946974,0.000860092024,0.000772798156,0.0203068796,0.000934578803,0,0.0293872897,0.00614574387,0.0130293109,0,0.175184151,0,0.0493710945,0,0,0.0207282326,0.00413534174,0,0.417286745,0.00725764599,0.000762776824,0,0.00509287153,0,0,0.197303958,0.0572123829,0.184752548,0.168055193,0.00228609012,0,0,0.000490195829,0.000671592098,0.000664010985,0.000666666997,0.00523256031,0,0.0114942948,0,0,0.000538503311,0,0.00265604027,0,0.000894987771,0,0,0.00064935129,0,0,0,0.0114286008,0.0120337017,0,0.000831947136,0.000654450262,0.000729395153,0.000731529126,0.00070671399,0.00795507189,0,0,0,0,0,0.000590319078
0,0.00423728873,0,0.00066356996,0.000720460949,0.000609012935,0,0.00273410941,0.000710731741,0,0,0,0.000634517766,0,0,0,0,0.000789265686,0,0.00364697445,0.00108108077,0.000621504308,0.255755828,0,0.000682127879,0,0.00305343933,0,0.000801282189,0.000588235312,0,0.00147275292,0.000685401205,0.000920810156,0.000850340329,0.000760456067,0.0184518004,0.000912964422,0.00125628051,0.0308673259,0.00707338849,0.00987491463,0,0.167879068,0,0.0508318574,0,0,0.0216779655,0.00576036914,0,0.420126005,0.00508387908,0.000788644098,0,0.00867553315,0,0,0.20632447,0.0618182514,0.201234895,0.166489525,0.00129533974,0,0.000551267684,0.000983768388,0,0,0.0010224902,0.00295858209,0,0.00738916074,0,0,0.000534473624,0,0.00200937969,0,0.000893920645,0,0,0.00129533942,0.000561797834,0.000674764308,0,0.012365995,0.0120588037,0,0.000842459612,0.000664010693,0.000732063859,0.000718390633,0.000702740662,0.0109915809,0,0,0,0,0,0
0,0.00397112114,0,0.000668895818,0.000719423944,0.000614251306,0,0.00268636962,0,0,0.000545256138,0,0.000641025592,0,0,0,0.000365230037,0.000768640108,0.000685401266,0.0066617286,0.000547345,0.000632911169,0.24914151,0,0.00206327747,0,0.000782472948,0,0.0007942813,0.000580045894,0,0.00144613225,0.000685871177,0.000930233096,0.000855188121,0.000752445083,0.0153239952,0.000915750996,0.00128616956,0.0328076854,0.00970017569,0.00629973063,0,0.164478321,0,0.0570283118,0,0.00072727293,0.0208450827,0.00474308183,0,0.426359225,0.00356414765,0.000781860779,0.000745155596,0.0147319212,0,0,0.219684987,0.0643061103,0.205147367,0.166122823,0.00129031988,0,0.000544661849,0.000969931998,0,0,0.000679810061,0.00316274108,0.000547945121,0.00844730089,0,0,0.000535332041,0,0.00131839042,0,0.00090307034,0,0,0.0023411404,0.00114154945,0.000680734799,0,0.00732898764,0.00985507246,0,0.000851788508,0.00033444789,0.000736376813,0.00144092046,0,0.0124882239,0,0,0,0,0,0
0,0.00331614027,0.000698812464,0,0.000692520979,0.000320513034,0,0.00272294088,0,0,0.00054495924,0.000583431384,0.000654021901,0,0,0,0.000761034677,0.000757002354,0.000692521005,0.00578871122,0.000562430101,0.00129701995,0.244083838,0.000655737969,0.00139275848,0,0.00158983012,0,0.00078186128,0.000587543895,0,0.00142247517,0.000687757797,0.00139729993,0.000582750848,0,0.0143104984,0,0.00132979009,0.0334364843,0.0108318945,0.0050335602,0,0.172950387,0.00079554469,0.0589330322,0,0.000720461179,0.0170648305,0.00634417304,0,0.427414017,0.0033661296,0.00150716023,0.000753012108,0.0143678543,0,0,0.23064997,0.0650233088,0.215512251,0.171977599,0.000651466177,0,0.000562113985,0.000994530278,0,0,0.000705715787,0.00522345157,0.000534188183,0.00626959276,0,0,0,0,0.00199070938,0,0.0006165227,0,0,0.00171350051,0.00258028144,0.000690130979,0.000343171194,0.00876460947,0.00880181959,0,0,0,0,0.000720461171,0,0.0162843637,0,0,0,0,0,0
0,0.00345356865,0.000714286264,0,0.000695409937,0,0,0.00267379933,0.000740741259,0.000569800542,0.000527425934,0.000560538158,0.000662252575,0,0,0,0.000771010293,0,0.00142755235,0.00844475848,0.00174115041,0.00132890026,0.251869894,0.00066313004,0.00141843906,0,0.000806451735,0,0.000788644017,0.000588582055,0,0.00148257964,0,0.00142518046,0,0,0.00959132626,0,0.00133600959,0.0386597864,0.0113827999,0.00442779082,0,0.17035985,0.00159236042,0.0668531863,0,0.000712251084,0.0143779109,0.00784314036,0,0.429904678,0.00237591974,0.000755857935,0.00153609967,0.0171277598,0,0,0.228537942,0.0630157376,0.225917136,0.171999205,0,0,0.000565291383,0,0,0,0.000701753801,0.0066782772,0,0.00461184023,0,0,0.000539664916,0,0.0019854389,0,0,0,0,0.00177178947,0.00394810866,0.000672495106,0.000345781229,0.00924369656,0.00720569117,0,0,0,0,0.000719942206,0,0.0169683093,0,0,0,0,0,0
0,0.00267380018,0.000729926629,0,0.00136239949,0,0,0.00263330918,0.00076452596,0.000565291345,0,0.0011031396,0,0.00159743946,0,0,0.000766284129,0,0.000734753979,0.0188805936,0.00294985212,0.00136332957,0.240920803,0.0013063362,0.000696379224,0,0,0,0,0,0,0.000762195553,0,0.00143885012,0,0,0.0111294022,0,0.00202976945,0.0446242604,0.011599,0.00309704028,0,0.172353501,0.00155400062,0.0643036332,0,0.000710732296,0.0132275026,0.00978856976,0,0.444229577,0.00236344792,0.000754147692,0.00159362959,0.0240501545,0,0,0.230561888,0.0601109922,0.236979347,0.17671493,0,0,0.000578704106,0,0,0,0.000696863774,0.00648968291,0,0.00369003806,0,0.000605693992,0.000546747018,0.000722021955,0.00204918004,0,0,0,0.000636131751,0.00255847931,0.00468933625,0.00133333045,0.000346980842,0.0127781948,0.00609417851,0,0,0,0,0.000724113153,0,0.0206185387,0,0,0,0,0,0
0,0.00190694079,0.000708214968,0,0.000663569688,0,0,0.0013324494,0,0.000568181952,0,0.000535618803,0,0.00219024062,0,0.000748502795,0,0,0.000744047719,0.0239044089,0.00362538062,0.000686341747,0.237317062,0.00130975755,0,0,0,0,0,0,0,0.00151400057,0,0.000958312633,0,0,0.0103751085,0.000633713909,0.00135318003,0.0509332812,0.0123051921,0.00140449317,0,0.163949391,0.00152904946,0.0698992012,0.00064143672,0.000703235274,0.0125153062,0.0126282949,0,0.42828581,0.00180692057,0.000379650844,0.00242521798,0.0288065527,0,0,0.231186738,0.0591625941,0.236252331,0.177795625,0,0,0.000597728888,0,0,0.000668448834,0,0.0098448707,0,0.00287977014,0,0.000607902773,0,0,0.0033512113,0,0,0,0,0.00252342927,0.00384615644,0.0012995493,0.000353356749,0.0153018995,0.0041186191,0,0,0,0,0.000726743664,0,0.0209990985,0,0,0,0,0,0.00104987058
0,0.00191865013,0.000704721553,0,0.00134771047,0,0.000530786243,0.00134680027,0.000772200767,0.000574713225,0,0.000526039138,0,0.00280199005,0,0,0,0,0.000777000998,0.0342019869,0.00372208103,0.00170765029,0.22933358,0.00063572825,0,0.000294117929,0,0,0,0.00058548007,0,0.00307929065,0,0.000476417222,0,0,0.0102766978,0.00063492105,0,0.051047857,0.0103562969,0.000697836685,0,0.173140002,0.00152672058,0.0717852806,0.000629723174,0.00069540968,0.0131909955,0.0191278048,0,0.416453193,0.00154400078,0.00037119518,0.00161030966,0.0325586072,0,0,0.220172622,0.053252751,0.239126038,0.185215232,0,0,0,0,0.000615764192,0.000668448834,0,0.0111896282,0,0.00207039047,0,0.000618428821,0,0,0.00304671871,0,0,0.000638161897,0,0.00214132908,0.0033414319,0.000650617923,0.000358938175,0.015213807,0.00499444846,0.0012445602,0.000861325438,0,0.000781860874,0,0,0.022282795,0,0,0,0,0,0.00105764024
0,0.000786163789,0.000713267073,0,0.00133778979,0,0,0.00133333045,0.000778210058,0.000576701372,0,0.000515197909,0,0.00280199101,0,0,0,0,0.000779422912,0.0392407835,0.0042787313,0.00178571001,0.213772401,0.000614628229,0,0.00148810035,0,0,0,0.000591715908,0,0.00496731983,0.000729927053,0.000726041076,0,0.000670690721,0.0098934551,0.00189513095,0,0.0535519343,0.0114473027,0.000691084789,0,0.17931794,0.00149254039,0.0809399485,0,0,0.0147154908,0.0195103033,0,0.41335509,0.00210526057,0,0.00162733901,0.035681283,0,0.000633714318,0.219453356,0.0499618657,0.232159034,0.18366072,0,0,0.0012217497,0,0.000615764188,0.000685871177,0,0.0117508478,0,0.00132889946,0,0.000627745691,0,0,0.00515109581,0,0,0,0,0.00214899895,0.00308832461,0,0.000708716997,0.0172413925,0.00468061768,0.000625781745,0,0,0.000814331866,0,0,0.0232277036,0,0,0,0,0,0.0010632606
0,0.00157604067,0.00071428612,0,0.00132100029,0,0,0.000660065848,0.00230592097,0.000580046201,0,0,0,0.0033516082,0,0,0,0,0.00160513559,0.0475748176,0.00306560159,0.00144091957,0.21715711,0.000597015119,0,0.000588581713,0,0,0,0.00120265011,0,0.00631412731,0,0.000478926948,0,0.000668895839,0.00906344508,0.00185299502,0,0.0573945038,0.0114353018,0.000684462676,0,0.181788088,0.00153256897,0.0834946358,0,0,0.014193492,0.023967606,0,0.396950981,0.0013157899,0,0.000807754236,0.0371407141,0,0.000628930547,0.209377533,0.0436394912,0.240226065,0.175931062,0,0,0.000619962538,0,0,0.000677506991,0,0.0117328822,0,0.00131320001,0,0.000620731712,0.000585480234,0,0.0058945943,0,0,0.00061538508,0,0.00136893016,0.00157331697,0,0.00070028042,0.0191163997,0.00520833221,0.00124921971,0,0,0.000823044889,0,0,0.022868393,0,0.000626566231,0,0,0.000649773529,0.00136165623
0,0.00150716009,0,0,0.000668896213,0,0,0.00129617942,0.00228483941,0.000575373923,0,0,0,0.00327381123,0,0,0,0.000656598942,0,0.0516388301,0.00429975215,0.00142449964,0.207648914,0.00058173403,0.00136986026,0.000592768097,0,0,0,0.00120919056,0,0.00991277781,0,0,0,0.00135226537,0.00853749435,0.000608272776,0,0.061001566,0.0113895119,0.00135500991,0.00119903959,0.18259763,0.00151976006,0.0793231873,0,0,0.0180152088,0.0267728021,0,0.390934714,0.00187567164,0,0.00080645139,0.0377149525,0,0.000629722948,0.197412436,0.0397982113,0.238773414,0.172642992,0,0,0.000613121181,0,0,0.000666667224,0,0.00977994944,0,0,0,0.000627746009,0,0,0.00612392037,0,0.000722542752,0,0.000668895674,0.00139179009,0.00126024018,0,0.000704721256,0.0176990998,0.00914634307,0.00125944606,0,0,0.000837521332,0,0,0.0233630418,0,0.00127146027,0,0,0,0.000552791773
0,0.00370369877,0.000738006605,0,0.000678426274,0,0.00119331945,0.00127877018,0.00148148025,0.000602410614,0,0,0,0.00355872,0,0,0,0.000651890007,0,0.058189667,0.00363635901,0.00142449981,0.217763742,0,0.000678887016,0.00059241695,0,0,0,0.000598444135,0,0.0124099002,0,0,0,0.00171585221,0.00772626919,0,0,0.0532213211,0.0131579019,0.000659196029,0.00119260942,0.190867504,0.000759878518,0.076145533,0.000570776067,0.000682594209,0.0159236041,0.0336105168,0.00074515639,0.390246527,0.0013550098,0,0.00080645131,0.0360795467,0.000983283441,0.000636132374,0.19498898,0.0346842025,0.240009134,0.176187696,0,0,0.000609384753,0,0,0.000677966091,0,0.00797545739,0,0,0,0.000633312298,0,0,0.00630095786,0,0.000731529132,0,0.000896660399,0.00138407948,0,0,0.000705219179,0.0220324008,0.00934066508,0.00063734869,0.000758724659,0,0.00175900996,0.000698812158,0,0.0203231787,0,0.000648928916,0,0,0.000637348989,0.000551876117
0,0.0036023114,0,0,0.00137079957,0,0.00183485992,0.00125313059,0.00149589057,0.000591365548,0,0,0.000692521574,0.00409357215,0,0,0,0.000639794715,0,0.0606989716,0.00357142831,0.00137174012,0.216645195,0,0,0.000591366099,0,0,0,0.000601323094,0,0.0152941179,0,0,0,0.0034340619,0.0089307314,0,0.000617665046,0.0504732439,0.0148725094,0.000636131922,0.00123457054,0.199912205,0,0.0706332872,0.000564653217,0,0.0156250463,0.0345997044,0.000717875079,0.393676115,0.000277007965,0,0.000784313956,0.0358166105,0.000989120514,0.000654449607,0.179859199,0.0296254507,0.249540688,0.173320809,0,0,0.000605327264,0,0,0,0,0.00819672484,0,0,0,0,0,0,0.00524737864,0,0.000730460351,0,0.00167448023,0.00208332938,0,0,0.000687285687,0.0207564892,0.00863509042,0.000638161767,0.00072727333,0,0.000911576719,0,0.000335795979,0.01875,0,0.000662691072,0,0,0,0
0,0.00312717023,0.000754716704,0,0.000681663144,0.000632110721,0.0018427509,0.00122699003,0.00222551924,0,0.000535905913,0.000460617062,0.000690608215,0.00414201642,0,0,0,0.00063012,0,0.064239254,0.00294464172,0.000668002969,0.234090449,0,0,0,0,0,0,0.000891795638,0,0.0216306131,0,0,0,0.00339905048,0.0119047242,0.000597371411,0.000612369908,0.0509885915,0.0156457891,0.00063979508,0.00062460995,0.204034206,0,0.064527524,0.00109768992,0.000699790147,0.0155526091,0.0379448935,0.00146520244,0.392614304,0,0,0.000769822888,0.0373001458,0.00099009821,0.000649351025,0.164008866,0.0306291721,0.251140055,0.178241957,0,0,0.000585137771,0,0,0,0,0.00687798717,0,0,0,0,0,0,0.00852713247,0,0.000741289741,0,0.00103163982,0.002840911,0,0,0.000683995026,0.0225095931,0.0107709954,0.000635324034,0.000716332006,0,0,0,0.000996678018,0.0143528138,0,0.00132274947,0,0,0,0
0,0.00281294045,0.000775795552,0,0,0,0.00248292929,0.00123381051,0.0014992506,0,0,0.000461681165,0.00208768501,0.00301386025,0,0,0,0,0,0.0645709081,0.0023710701,0,0.24287608,0,0.000672947759,0,0,0,0,0.000589969722,0.000618046711,0.0228758186,0,0,0,0.00480439328,0.0127166282,0.00122699403,0,0.0531587128,0.0195763934,0.00063011966,0,0.218082956,0,0.0592043475,0.000544959153,0.00294551115,0.0135922497,0.0394040024,0.001453491,0.397452768,0.00168349985,0,0.000757001846,0.0415128901,0,0.000641848686,0.165805234,0.0303790035,0.254577037,0.189566917,0,0,0.000581057718,0,0,0,0,0.00416171271,0,0,0,0,0,0,0.00882824956,0,0.000378500998,0,0.00138408013,0.00419580138,0,0,0,0.0207489938,0.0120275397,0.000660938625,0.00072254366,0,0.000960615149,0,0.000333555998,0.0119553563,0,0.00132714029,0,0,0.000621117868,0
0.000707213949,0.0020847804,0.000771009815,0,0,0,0.00432099048,0,0.00148038044,0,0,0.000469043023,0.00203389693,0.00185528964,0,0,0,0,0,0.0625370545,0.00236127972,0,0.257687085,0,0.000657895283,0.000591366058,0.0007547171,0,0,0.000590667997,0,0.0239817948,0,0,0,0.00717875766,0.0124663134,0.00122549034,0,0.057937732,0.021834093,0.000629327023,0,0.243844885,0,0.0516605244,0.000540249001,0.00382848009,0.0115384474,0.0416124867,0.00221076088,0.398437383,0.00112169928,0,0.000759301226,0.043993198,0,0,0.163881145,0.0280453384,0.244933965,0.187529032,0,0,0.000577700878,0,0,0,0,0.0051266572,0,0,0,0.000673854294,0,0,0.00723473253,0,0,0.000581734086,0.000689654986,0.0057512581,0,0.000641025886,0,0.0186722086,0.0117329018,0,0.000709723393,0,0,0,0.000334224925,0.0111412918,0,0.00133957966,0.000671140623,0,0.000628141381,0
0.000701261785,0.00106157018,0.00153022102,0,0,0,0.00369004148,0,0.00143574974,0,0,0.000474833837,0.00203665549,0.00123152809,0.000609012976,0,0,0,0,0.06407948,0.00116279061,0,0.274483194,0,0.000644744684,0.000599880168,0.00075815019,0,0,0.000614627512,0,0.0194511132,0,0,0.000753580196,0.00655022314,0.0130547703,0.0012269934,0,0.0600102599,0.0235906429,0.000625,0,0.252071213,0,0.0400149688,0.000535906228,0.00712678379,0.009705692,0.0357371064,0.00301432078,0.40926044,0.000574053437,0,0,0.048891811,0.000928504944,0,0.159233691,0.0286119343,0.225448074,0.179570376,0.000597371867,0.000709723074,0,0,0.000638161953,0,0,0.0036968628,0.000575373715,0,0,0,0,0.000682594298,0.00412540809,0,0,0.000586509795,0.000701262036,0.00726744015,0,0.000640204795,0.000652316411,0.014477801,0.00903990008,0,0,0,0,0,0.000664452298,0.0075503365,0,0.00131838963,0,0,0.000604960683,0.000585822983
0.000707713817,0.000707713839,0.00160384992,0,0,0,0.00429447914,0,0.00143575022,0,0,0.000482859063,0.00262295891,0.00122174756,0.000610128295,0,0,0,0,0.0608609141,0.0011357201,0,0.285529763,0.000588928327,0,0.000602047237,0.000725688676,0,0,0.00117521362,0.000588582011,0.0187179138,0,0,0.00224382928,0.0065359475,0.0127550751,0.000637755469,0,0.065909897,0.0264277239,0,0,0.275583099,0,0.0414814608,0,0.00962962682,0.00781738372,0.0364515913,0.00346420189,0.41243863,0,0,0,0.0540809835,0,0,0.155317484,0.0283565081,0.205090867,0.173446086,0.000599161119,0,0,0.000543478024,0,0.000720460855,0,0.0031269494,0.000567215225,0,0,0,0,0.000674764024,0.0024834398,0,0,0.00114612991,0.00069589388,0.00972621582,0.00065659902,0.00064977302,0.000655308326,0.0095238099,0.00726468926,0,0,0,0,0,0.00133600998,0.00636943446,0,0.00135044068,0.00068681257,0.000869565239,0.000589623443,0.000296912018
0,0,0.00162734107,0.000302663108,0,0,0.00442478208,0,0.00145348868,0,0,0,0.00317460071,0.00183823924,0.000594884275,0.000650617737,0,0.000549753162,0,0.0541098591,0.000568827968,0,0.285680109,0.000600239664,0,0.000595592727,0.000708215096,0,0,0.000647667988,0.000588234721,0.0191881989,0,0,0.00154560016,0.00577201282,0.0103383486,0.00131405988,0,0.0695751002,0.0263739006,0,0.000657894908,0.275485418,0,0.0398630769,0,0.00965107556,0.00842171253,0.0323926115,0.0031080031,0.420197313,0,0.000663129801,0,0.0588234952,0.00082034461,0,0.153478568,0.0244185965,0.200072087,0.173560297,0.000593120237,0,0,0,0.000627353228,0.000723588755,0,0.00193798062,0.00057077624,0,0,0,0,0.000663129947,0.00258176092,0,0,0.000570776288,0,0.011577406,0.00193924089,0,0.000642673611,0.00743889305,0.00793650892,0,0,0,0,0,0,0.00477896821,0.00067888731,0.00135500949,0.000668895611,0,0.00056529119,0
0,0,0,0,0.000326583862,0,0.00446429089,0,0.00222222118,0,0.000559909815,0,0.00445010312,0.00275904008,0.000586165708,0.000315656929,0,0.00106837966,0,0.0568686729,0.000563379921,0,0.290815184,0,0,0,0,0,0,0.00131839177,0,0.0163325972,0,0,0.00157356062,0.00769768707,0.0101413718,0.00136239918,0,0.0695518099,0.027659988,0,0.0013504393,0.288902808,0,0.0368189169,0.00105374036,0.0107296029,0.00686641863,0.0262122974,0.00528884714,0.437403742,0,0.000666223512,0,0.0627544133,0,0,0.150636759,0.0232287963,0.190207387,0.18336055,0.000598085795,0,0,0,0.000633714056,0.000717359828,0,0.000657030112,0.000567214968,0,0,0,0,0.000639795013,0.00129309932,0,0,0.000580719774,0,0.0121342051,0.00318877974,0.000679809708,0.000636132271,0.00414078921,0.00532268803,0,0,0,0,0,0,0.00248138735,0,0.00135043989,0.000664893902,0.000900089973,0,0.000310751847
0,0,0,0,0,0,0.00546117153,0,0.00150830068,0.000593823615,0.000560851717,0,0.00436954162,0.00331325003,0,0.000927644064,0,0.000528540947,0,0.0574296895,0,0,0.284912098,0,0,0,0.000710227369,0,0,0.000679809837,0.000581057734,0.0103719558,0,0,0.00160642986,0.00741001773,0.00733497105,0.001379311,0,0.0668610124,0.0282398582,0,0.00207468997,0.308290787,0,0.0320088016,0.00158395023,0.0100000024,0.00439974782,0.0203356919,0.00503356014,0.461982224,0.000600240384,0.00100942027,0.000775794938,0.0615173905,0,0,0.149841738,0.0213396787,0.181658569,0.191063934,0.000609384765,0.000683527232,0,0,0,0.000691563102,0,0.00067521892,0,0,0,0,0,0.000628535911,0.00173913055,0,0,0.000565610993,0,0.0128114058,0.00510530015,0.000683059993,0.000635323751,0.00306434893,0.00336022117,0,0,0,0,0,0,0.0022123894,0.000668002991,0.000687757805,0,0,0,0.00123228598
0.000697837227,0,0,0,0,0,0.00616143302,0,0.00148809957,0.00118203392,0.000562745982,0,0.00698662443,0.00280199008,0,0.000893921164,0,0.00053447356,0,0.0518943755,0.000578368684,0,0.290277845,0,0,0.000598801871,0.000705219453,0,0,0.000718907536,0,0.00580315884,0,0,0.0016,0.00770308169,0.00721154002,0.00210083975,0,0.0647902166,0.0287536825,0,0.00174458967,0.301607616,0,0.0279942958,0.00158646005,0.0102389032,0.00254615103,0.0226684096,0.00495867657,0.483397715,0.000903069786,0.000682127853,0.000781249648,0.059109916,0,0,0.151047704,0.0209344723,0.177474332,0.204169905,0,0.000686812785,0,0.00121212025,0.00125078027,0.000348189026,0,0,0,0,0,0,0,0.00120481972,0.000867303073,0,0,0.000557414074,0,0.0122126,0.005,0.000346740961,0.000645578169,0.00203874053,0.00302419141,0,0,0,0,0,0,0.00227272854,0.000671141006,0.000698812144,0,0.000925068327,0,0.000626174073
0,0,0,0,0.000685400998,0,0.00495355762,0,0.000750187778,0.0017719976,0.0011500903,0,0.00702934325,0.0031705801,0,0.000292397907,0,0.00107758506,0,0.0496078619,0.000593824166,0,0.286433684,0,0.000727272916,0.00120481993,0.000707714004,0,0.000705715884,0.000741289763,0,0.00552868481,0,0,0.000796177893,0.00905924417,0.00656716105,0.00217706985,0,0.0632214804,0.0259449168,0,0.00318246123,0.31631116,0,0.029819711,0.00159915005,0.00966667315,0.00128204987,0.0196979927,0.00528454664,0.490139418,0.000923076703,0.000694926812,0.00228833159,0.0515604179,0,0.000707714031,0.141869074,0.0219914344,0.166666652,0.212443196,0,0.000701261886,0,0.00126422057,0.00127470052,0.00102249005,0,0.000697836948,0,0,0,0,0,0.00176470968,0.000443656259,0,0,0.00166851933,0,0.0121601976,0.00448717246,0.000345066052,0,0,0.00331345112,0,0,0.00122026024,0,0,0,0.000672043278,0.00133066954,0,0,0.000941619906,0.000260552001,0
0,0,0,0,0,0,0.00502197183,0,0.000740191716,0.00147754258,0.00119689014,0,0.00671551085,0.00385852171,0,0,0,0,0,0.0465500895,0.000611247439,0,0.282322283,0,0,0.00062344111,0,0,0.00139958006,0,0,0.00413507967,0,0,0.000809061225,0.00945377811,0.00609756,0.000742390163,0,0.0589198062,0.0252128086,0,0.00329429096,0.32048771,0,0.0320904109,0.00211640021,0.00783289897,0.0006626908,0.0175096967,0.00565885147,0.480385744,0.000891795513,0.00072516303,0.00533536875,0.0455773192,0,0.000705218748,0.13133944,0.0228818581,0.164718573,0.226672197,0,0,0,0.00198806936,0.000643915312,0.00132889946,0,0.000694927083,0.000556792971,0,0,0,0,0.0017401396,0,0.000669343442,0,0.00112613,0,0.0101817969,0.00527356087,0.00139081993,0,0,0.00258230938,0.000658761788,0,0.00120918958,0,0,0,0,0.00266667087,0,0,0,0.000254452934,0
0,0,0,0,0.000689180317,0,0.00445292955,0,0.000743494217,0.0018115949,0.00124843978,0.00051072501,0.00891758416,0.00198938889,0,0,0.00068073468,0,0,0.0461627154,0,0,0.286231852,0,0,0.000628535931,0,0,0.00139665046,0,0.000666222918,0.00274347786,0.000609755993,0,0.000822367806,0.0100068971,0.00416667054,0.000729927107,0,0.0598842018,0.0251799132,0.000642261171,0.00363636057,0.322662059,0,0.0309244848,0.00159236017,0.00704224856,0.00133244651,0.0179974018,0.00691618834,0.465932811,0.00090854149,0.000730460694,0.00683890824,0.0391362808,0,0.00139567408,0.129296162,0.0211757404,0.180692518,0.22884436,0,0,0,0.00335120872,0.00129366027,0.00131406038,0,0.000707214051,0.000560537868,0,0,0,0,0.00173711958,0,0,0,0.00167785019,0,0.00883651894,0.00590938756,0.00209643987,0,0,0.00258565027,0.000630120025,0.000695410125,0.000623052868,0,0,0,0,0.00267380014,0,0.000636536908,0,0.00101317121,0
0,0,0,0,0.00134317951,0,0.00329814993,0,0.000759878062,0.00182593272,0.0013012399,0.000513084124,0.0105787135,0.00266311995,0,0,0.000682127825,0.000525486082,0,0.0432555496,0,0,0.280745672,0,0,0,0,0,0.000712758202,0.000393391226,0.00136892996,0.0027894,0.000606796187,0,0.000808406665,0.0126712584,0.00337630139,0.00144403991,0,0.0586559958,0.0248041543,0.000641848789,0.00298953957,0.326487403,0,0.0336946889,0.0015448002,0.00525969867,0,0.0140306001,0.00592417227,0.466140771,0.00152346231,0.000728863399,0.00805861232,0.0291751105,0.000626566105,0.000692521041,0.128196879,0.0177327249,0.189034876,0.238335262,0,0,0,0.00550963906,0.001919389,0.00286077863,0,0,0.000552485986,0.00148367967,0,0,0,0.00175028999,0,0.000668895857,0,0.00113443006,0,0.00854700906,0.00543847951,0.00209058905,0,0,0.00254777035,0.000622664592,0.00068073486,0.000642673776,0,0,0.00126582257,0,0.00260585988,0.000701753665,0.00125945047,0,0.00147710587,0
0,0,0,0,0.00136240027,0,0.00199600928,0,0.000716331703,0.00184615627,0.00132889993,0.000513611029,0.0119196488,0.00372376054,0,0,0.000682127825,0.00178026735,0,0.0446597766,0,0,0.269721083,0,0.000886525049,0.00063979475,0,0,0.0020732608,0,0.00136426019,0.00210674024,0.000614628273,0,0.00446791197,0.0141043271,0.00340346792,0.00153964954,0,0.0570951248,0.0262416199,0.000630516548,0.00305577094,0.334801512,0,0.037929633,0.00151361992,0.00427631976,0,0.0122796009,0.0066199388,0.467952705,0.00147318852,0.00145348827,0.0108069012,0.0230870982,0,0.00070871725,0.122130498,0.0190718569,0.201923115,0.242170523,0,0.000359970905,0.000647668124,0.00695894334,0.00252047904,0.00444726794,0.000320307076,0,0.00056211363,0.00149254051,0,0.000668896209,0,0.00174621925,0,0.000675676318,0,0.00113959987,0,0.00877193061,0.00497159774,0.00208768089,0,0.000978474153,0.00316656022,0.000630516796,0.000685870491,0.000653594876,0,0,0.000633312018,0,0.00317258911,0.000690131288,0.0025510186,0,0.00196270767,0
0,0,0,0,0.00135961967,0,0.000673853721,0,0.000709722866,0,0.000717359857,0.000515730402,0.0128534837,0.00214133169,0,0,0.00067521923,0.0017570297,0,0.0418879121,0,0.000667557249,0.266196722,0,0.00160943972,0.000652315696,0,0,0.00211267936,0,0.00275862034,0.00103878079,0.000614628089,0,0.0106645032,0.0162200017,0.0034097989,0.00149141896,0,0.0573721989,0.0255235459,0.00187970095,0.000770416399,0.333894535,0.000735294057,0.0409512345,0.00153845949,0.00359711887,0,0.0156442037,0.0109682038,0.453470418,0.000579038804,0.00142247972,0.0144613767,0.0215573043,0,0.000713267116,0.119417591,0.021200236,0.214713621,0.240425079,0,0,0.000661375824,0.00971921959,0.00190355086,0.00795671867,0.000327653936,0,0.0011402498,0.00152672051,0,0,0,0.00118554028,0,0,0,0.0008513051,0.000322997033,0.0123762012,0.00437636661,0.00210378989,0,0.00095969285,0.0028480986,0.000629327031,0.000691562687,0,0,0,0.00185873875,0,0.00483383768,0.000701753831,0.00253968066,0.000838925831,0.0019579072,0
0,0,0,0.000659630807,0.00135961993,0,0,0,0,0,0,0.000525761923,0.013746787,0.00142856918,0.000628141275,0,0.000689654786,0.00173352914,0,0.0424314663,0,0,0.247244507,0,0.00159687928,0.000659196011,0,0,0.00140944034,0,0.00427959971,0.000350384741,0,0,0.0129925035,0.0186619472,0.0021446099,0.000756429618,0,0.0585960945,0.0264360029,0.0025047001,0.00155279956,0.329017271,0.000757002102,0.0424454484,0.00153296015,0.00284809939,0,0.0147412938,0.0110782959,0.449724687,0.000568182158,0.00141542905,0.0158075747,0.0199745934,0,0.000719424407,0.127922561,0.0266753468,0.225429266,0.237002658,0,0,0.000666222998,0.00666666899,0.00190597082,0.011138601,0,0,0.000574713043,0.00154202051,0,0,0,0.0011855401,0,0,0,0.000579373853,0.00230719119,0.0146580044,0.000755286869,0.00142045046,0,0.00189036019,0.00125471037,0,0.000682593745,0,0,0,0.00244050971,0,0.00551808768,0,0.00195440029,0,0.0024582111,0
0,0,0,0.000328946989,0.0013114804,0,0,0,0.000683995171,0,0,0,0.0153796069,0.00142959117,0.0019059695,0,0.000684932184,0.00169245999,0,0.0455643046,0,0.000658328126,0.236909623,0,0.00141442947,0.000684462984,0,0,0.00142247991,0,0.00506146039,0.000361794732,0,0.00104220957,0.0189002991,0.0217849308,0.00159744058,0,0,0.0619390146,0.0266711193,0.0024984406,0.00079239299,0.325276193,0.000784314088,0.0441233824,0.00229708995,0.00187383077,0.000733137871,0.0102459008,0.0130152036,0.435610975,0.000559909938,0.000711744585,0.0144528667,0.0148358095,0,0.000727801677,0.117660741,0.0288524471,0.223958569,0.247410122,0.00060606078,0,0.000675219332,0.0104769049,0.00250783972,0.0128912996,0,0,0.000585480176,0.00234741922,0,0,0,0.00122849984,0,0,0.00097465869,0.000583089758,0.00164582043,0.0140147944,0,0.000702246653,0,0.000900901357,0.00125864969,0,0,0,0,0,0.00184275092,0,0.00637136054,0,0.00132362956,0,0.00325977352,0
0,0,0,0.000324253915,0.000641848872,0,0,0,0.00132979037,0,0,0.000555555938,0.0190788969,0.000709220085,0.0032615805,0,0.000703730063,0.00169245938,0,0.0457516712,0.000342936042,0,0.231776302,0,0.00244755036,0.000707213966,0,0,0.000719424306,0,0.00449437789,0.000362056027,0,0.00105541003,0.0220713072,0.0214940318,0.000618812244,0,0,0.0544966635,0.0271629616,0.00182260031,0,0.315761107,0.000818331424,0.0456943938,0.00321326123,0.00184615015,0.000740192456,0.0102975003,0.0158339041,0.437695735,0,0.00142857308,0.0134770622,0.0168538946,0,0.00141043953,0.115285664,0.02893674,0.221468848,0.256639526,0.000613496705,0,0.00068259366,0.0118534004,0.00253807028,0.0126812019,0,0,0,0.0032,0,0,0.00148257914,0.000626565689,0,0,0.000970874367,0.000595237723,0.00348129024,0.0188679498,0,0.000706214696,0,0,0.000618812292,0,0.00138695936,0,0,0,0.00183373988,0,0.00755287023,0,0.00132100032,0,0.00455695932,0
0,0,0,0.000631712111,0.000629327042,0,0,0.000316055897,0.00250941092,0,0,0.000566250858,0.0205297905,0,0.00332446914,0,0,0.00147059038,0.000725688885,0.046318072,0,0,0.226872306,0.000690607901,0.00208767819,0,0,0,0.000734754271,0.000755857673,0.00452148217,0,0,0.00320170693,0.0273973013,0.0271398384,0.0012430099,0,0.000598443835,0.0547013986,0.0286002435,0.00120772989,0,0.321556409,0.000833333001,0.050255498,0.0033078913,0.00485437141,0.000751315235,0.00964265347,0.0167121266,0.439718305,0,0.00139860242,0.0153061645,0.0171320123,0,0.00325145068,0.121881775,0.0355954783,0.230413672,0.265400115,0.000616143171,0,0,0.0136006041,0.00256574865,0.0154920933,0,0,0,0.00502933993,0,0,0.0029027607,0.000636132093,0,0,0.000950569734,0.000591716209,0.0032467511,0.020112594,0,0.000690607851,0,0,0.000605327042,0,0.0014214595,0,0,0,0.00122548991,0,0.00753920003,0,0.000666222698,0,0.00659898182,0
0,0,0,0,0.000626959253,0,0.000786781692,0.000314267961,0.00217662007,0,0,0.000585479988,0.0222590864,0,0.00445815929,0.000626565751,0,0.00197141346,0.000715307474,0.0448641362,0.00128287343,0,0.225862067,0.000686813111,0.00209937029,0,0,0,0,0.000744047857,0.00543900995,0.00151056935,0.000613497077,0.00264271031,0.0265721957,0.0289344228,0.00124922079,0,0.00030450711,0.0508670675,0.035930127,0.00120409005,0.000837520705,0.322942661,0.00123660224,0.0451801378,0.00418848117,0.00622665012,0.00153728031,0.00764006771,0.0162162499,0.447097935,0,0,0.0148548242,0.020265936,0,0.00751072306,0.122708028,0.0418016691,0.225437897,0.267006908,0.000637348937,0.000736920162,0,0.0156695018,0.00258564956,0.0169902989,0,0,0,0.00576131908,0,0,0.00581817736,0.000632511037,0,0,0.000902527382,0.000594883879,0.00386846894,0.0204402939,0,0.00068073518,0,0,0.000599880012,0,0.000736376931,0,0,0,0.000618812028,0,0.00705088936,0,0,0,0.00635486107,0
0,0.000767459693,0,0,0.000625390733,0,0,0.000312891045,0.00184615079,0.000636536814,0,0.000587543989,0.0230664964,0,0.00512996031,0.000626173863,0.000717359885,0.00103252442,0.000719423786,0.0415399706,0.000312695189,0,0.237141872,0,0.00107142935,0.000760456201,0,0,0,0.000369549094,0.00487012995,0.00151399953,0.000609012759,0.00272183051,0.0324496947,0.0306406254,0.000631712474,0,0.000296383841,0.045074871,0.0394021733,0.000590667193,0.000821018011,0.320432491,0.00165152869,0.043604117,0.00380021919,0.00853659217,0.00159489557,0.00535210882,0.0157506743,0.457451325,0,0.000697836796,0.0130137006,0.01934048,0,0.0119130706,0.12872902,0.0427184334,0.210084182,0.253826456,0.0006553081,0,0,0.0139285977,0.0022950791,0.0194057074,0.000715819928,0,0.000658328278,0.00571895038,0,0,0.00801165312,0,0,0.00136332907,0.000862812618,0.000599519856,0.0070019089,0.0227101023,0,0.000679810258,0,0,0.000623053032,0,0.000736377012,0,0,0,0.000307313925,0,0.00806452285,0,0,0.000752444853,0.0065643604,0
0,0.000784314072,0.000722022674,0.000605693886,0.000615764185,0,0,0.000314663042,0.0030469211,0.000623440673,0.000802567803,0,0.0253036092,0,0.00517525088,0.000615763927,0,0.00053163219,0.00071225107,0.0405244872,0,0,0.250982261,0,0.000702740856,0.00076277723,0,0.000668002991,0,0.000367106882,0.00421941139,0.00145349032,0.000600962184,0.00158898004,0.0329720096,0.0264993372,0.000640615401,0,0.000298863992,0.0453341228,0.0459921069,0.000574713307,0.000829187309,0.32241129,0.00166389435,0.0440029453,0.00272479989,0.0082174537,0.000813008302,0.00369737945,0.0171390959,0.463233973,0.000552181258,0,0.014396093,0.0203148497,0,0.0157784309,0.126662027,0.0437542402,0.201788543,0.250207804,0.00130975979,0.000710732168,0,0.0128472003,0.00228310973,0.0178461909,0.00145454946,0.000729927425,0,0.00651466221,0,0.0006377548,0.00854093068,0,0,0.00136705047,0,0.000602773167,0.00892856987,0.024097914,0,0.000683059836,0,0.00083333272,0,0,0.000737462782,0.000662691158,0,0,0,0,0.0076384484,0,0,0.000751880316,0.00761508449,0
0,0.00080000024,0.00187829074,0,0.000616523237,0,0,0.000315258997,0.00311525993,0.000628141726,0,0,0.0295878165,0.000710732054,0.00797559761,0,0,0.00108695577,0.000701753917,0.0420367123,0,0,0.260533475,0,0,0.000798721901,0,0.000654450131,0,0.0007158198,0.00270513989,0.00142449978,0.000591016866,0.00159150941,0.0333333033,0.02889972,0.000642674165,0,0.000298507113,0.0479753891,0.0503268166,0.000570451101,0.000842459848,0.333226017,0.000810373109,0.0413150166,0.00307951023,0.00882723597,0,0.0031847109,0.0198939058,0.467637739,0.00056022392,0,0.0141406899,0.0207791437,0,0.0164105785,0.126771842,0.043193688,0.203372173,0.249447228,0.00134228021,0.000714285953,0,0.0127409992,0.00162231919,0.0151027965,0.00362318864,0,0,0.0064,0,0.00125945019,0.00991501158,0,0,0.000696864036,0,0.000597015009,0.0124922061,0.0285056148,0,0.000677506984,0,0.000785545928,0,0,0.000752445079,0.000327654137,0,0,0,0,0.0076433071,0.000738552071,0,0.000755286732,0.00677577436,0.00118063978
0,0.000841043426,0.00195617872,0,0,0,0,0,0.00308833045,0.000625390785,0,0,0.0303903005,0.00136986047,0.0087463563,0,0,0.000559284419,0.000362318866,0.0375228764,0,0,0.282078419,0,0,0,0,0.00133244585,0,0.000717875224,0.00192864062,0.00142349009,0.000580382768,0.00108225024,0.0382561893,0.0255863887,0,0.000320717942,0,0.0489806937,0.0447944879,0,0.000871080226,0.335058387,0,0.0473684414,0.00283930049,0.0123573972,0,0.00234741414,0.0218707591,0.474757216,0.00114612967,0,0.0143805045,0.0203813332,0,0.0170998746,0.126503296,0.0397241518,0.193141886,0.247785408,0.00136893062,0.000718906731,0,0.0103734055,0.000328947126,0.0166231952,0.00283286017,0.000740191806,0,0.00636435771,0,0.00250313002,0.00837988309,0,0,0.000711743839,0,0.000581395015,0.00879396797,0.0287964439,0,0.000672042853,0,0,0,0,0.000786163947,0.00228459981,0,0,0.000627745798,0.000803858648,0.00452489181,0,0,0.000781860927,0.00715801194,0.00119688967
0,0.000848175732,0.00201450141,0,0,0,0.000882612953,0,0.00184614907,0.000618811965,0,0,0.036182168,0.000686341982,0.0117692021,0.00059101697,0,0.00055586384,0,0.0332326943,0,0.00060975581,0.297947147,0,0,0,0,0.00133958355,0,0,0.0010131703,0.00141043932,0.000562429933,0.00109469046,0.0379858744,0.0260013875,0,0,0,0.0512030805,0.0478252154,0,0.000946970114,0.326524254,0,0.0527733099,0.00321826069,0.0130241021,0,0.00153186239,0.022727257,0.472899643,0.00117095904,0,0.0168067135,0.0170000006,0,0.0179309866,0.13092015,0.0332247108,0.185946239,0.245010484,0.000702740949,0.000716331907,0,0.00909090945,0.00096587277,0.0172184952,0.00703730035,0.000725162795,0,0.00475058831,0,0.00287172894,0.0106602525,0,0,0.000722022452,0,0.00114942945,0.00959692818,0.0302390899,0,0.000661812707,0,0,0,0.00121286052,0,0.0019493207,0,0,0,0.00157977894,0.00302215915,0,0,0,0.00381887772,0.00122175022
0.000630915047,0,0.00200480998,0,0,0,0.00180994973,0,0.00124455975,0,0,0,0.0347003293,0.0006872851,0.0159906,0.000585480047,0.000740741354,0.000554323931,0,0.0294648003,0,0.000600961697,0.308774146,0,0,0,0,0.00149204227,0,0.000693001346,0.00209423966,0,0.000569800771,0.00111856995,0.0440924585,0.0268931224,0,0,0.000598443986,0.0494317579,0.0448966516,0,0,0.318343379,0,0.0541114187,0.00330131842,0.0133758009,0,0.00154321068,0.0285524249,0.472732777,0.000588927724,0,0.016871198,0.019463129,0.000526039143,0.0188811683,0.137118188,0.0284527083,0.184102447,0.259059404,0.00141243005,0.000719941816,0,0.00776836023,0.00127146041,0.0179418074,0.00425833828,0.000733138097,0,0.00441058989,0,0.00349650154,0.0109214979,0,0,0.00142959117,0,0.0011514102,0.00832265667,0.0339397649,0,0.00132626064,0,0,0,0.00180072122,0,0.002574,0,0,0,0.00155280125,0.00271923935,0,0,0,0.00308642096,0.00182814926
0,0,0.00286415994,0.000571754794,0,0,0.00179695035,0,0.000625,0,0,0,0.0419558596,0.0007057162,0.015860393,0.000575705273,0.000744602354,0.000555247379,0,0.0309369485,0,0.000580720139,0.319131787,0,0,0,0,0.00150804259,0,0.000682594352,0,0,0,0.00112423039,0.0459098138,0.0259612757,0,0,0.00116347042,0.0532951519,0.0434500993,0,0,0.294718556,0,0.0585153849,0.00349650046,0.0143228954,0,0.00123077042,0.0289148623,0.467797179,0.000595238123,0,0.0162916875,0.0140562288,0,0.0230715855,0.144415077,0.0212903619,0.168182866,0.262622106,0.00138122048,0.000704225325,0,0.00577616796,0.00127550946,0.019553698,0.00562193022,0.000738552544,0,0.00435126827,0,0.00286806948,0.0100536154,0.000647668307,0,0.00143163969,0,0.00112360034,0.00781250234,0.0418974474,0,0.000657029921,0,0,0,0.00120699979,0,0.0031685691,0,0.000711238281,0,0.00159109058,0.00209351044,0,0,0,0.00112676007,0.00183485967
0,0,0.00204583172,0.000564972247,0,0,0.00172860981,0,0.000620347291,0,0,0,0.0429292733,0.000702741133,0.0205931051,0.000575374216,0,0.00110619035,0,0.0341246299,0.000630516716,0.000578703804,0.33209644,0.00130889967,0.000720460553,0,0,0.000825626471,0.000641437162,0.0022461849,0,0,0,0.000581058212,0.0402526177,0.0262688112,0,0.00120408978,0.00115339965,0.0548642532,0.0450774658,0,0,0.281805731,0,0.0578381869,0.00191816027,0.0147256008,0,0.00188087814,0.0295613921,0.463470339,0,0,0.0147645995,0.0141476756,0,0.0282563589,0.152814142,0.0202935961,0.161544321,0.28201932,0.000694444001,0,0,0.00439882961,0.00126984056,0.0160919951,0.00618982293,0.000743493816,0,0.00364077992,0,0.00217796955,0.00712897117,0.000654450242,0.000692042108,0.0021754902,0,0,0.00614489122,0.0454868123,0,0.00131147978,0,0,0,0.00177619528,0.0003885,0.00313480088,0,0.00072411295,0,0.00162337989,0.00352858042,0,0,0.0008,0.000568828228,0.00184387928
0,0.000838926247,0.00124172058,0.000566892794,0.00066577922,0,0.000848895969,0,0.000633312096,0,0,0,0.0524652779,0.000689179917,0.0228594962,0.000569801284,0,0.00110681047,0,0.0333924104,0.000648508004,0.000570775751,0.339584155,0.000661376262,0.00113036945,0,0,0.000654878975,0.00129449865,0.0022045898,0,0,0.000551268071,0.000589275147,0.0446927997,0.0267295771,0,0.000592768275,0.00058548007,0.0637116738,0.0446087822,0,0,0.279711088,0,0.0638872607,0.00192183928,0.0151924015,0,0.00416666719,0.027444811,0.445836049,0.000648507999,0,0.0110655993,0.0129009815,0,0.0311791459,0.155949226,0.0182108628,0.147455859,0.288693067,0.00137268011,0,0.000623440942,0.00226586111,0.000639386082,0.0169688949,0.00555556121,0,0,0.00437898053,0.000736919764,0.00274724917,0.00502197056,0,0.000668895722,0.00221076071,0,0,0.00699746055,0.045689476,0,0.00130803975,0,0,0,0.00116890807,0.00038699681,0.00243754018,0.000695410341,0,0.000614250531,0.00164338969,0.00218181999,0,0,0.00241157971,0,0.000621503771
0,0.000834724812,0.000814331459,0,0.000671591905,0,0.000856163719,0.000732601072,0.000644330335,0,0,0,0.0522895486,0.00067796622,0.0220459075,0.00113122055,0,0.00164023931,0,0.034583794,0.000672948112,0.000291886051,0.339866004,0.000664894231,0.00114503932,0,0,0.000664451524,0.00131579084,0.00226831066,0,0.00137362577,0.000544662036,0.000599160824,0.0468622882,0.0241620878,0,0.000581395474,0.00059417673,0.0701558811,0.0403338087,0,0,0.278934722,0,0.0610412578,0.00194300995,0.0134855032,0,0.00693526671,0.0246105921,0.440007975,0,0,0.0125945019,0.0140507163,0,0.0377640318,0.161325604,0.0161716226,0.151694341,0.294344236,0.000698324074,0,0.000606428004,0.00157232951,0,0.0213522981,0.0053380793,0,0.000681663237,0.00593823821,0.000712757987,0.00274558044,0.00549450966,0,0.00065876207,0.00292398117,0,0,0.00416666882,0.0480905358,0,0.00133421956,0.000672494825,0,0,0.00117164673,0,0.00329933967,0.000688230999,0,0.000612370122,0.000846024403,0.00147059008,0,0,0.00236593071,0,0.000939850323
0,0.00163531984,0,0,0.0007012623,0,0,0,0,0,0,0,0.0503105816,0.000673401329,0.0237455002,0,0,0.00221976116,0.00081566064,0.0353659,0.00138408032,0.00228832965,0.358066329,0.000668003121,0.00193648014,0,0,0.000649351159,0.00265780981,0.00342040032,0.00114154961,0.000692042109,0.000551876242,0,0.0511646996,0.0219092066,0,0.000292912181,0,0.0788063547,0.0374351064,0,0,0.279202838,0,0.0625786219,0.00130462938,0.0118219999,0,0.0110738243,0.0201131546,0.428000907,0.000628536098,0,0.00975403615,0.0138600089,0,0.0408231768,0.157327198,0.0112063438,0.147771756,0.304228947,0.000708214742,0,0.000586509965,0.000787401828,0,0.023222107,0.00534188058,0,0,0.00194400957,0.0006618127,0.00315548153,0.00422704826,0,0.00192926031,0.00260416799,0,0,0.00396040173,0.044476376,0,0.00065616799,0.000682594024,0,0,0.00114613212,0,0.0031847089,0,0,0.000606796146,0.000825764443,0.00299849999,0,0,0.0030840392,0,0.00123381042
0,0.00155039084,0,0,0.000717875359,0,0,0,0,0,0,0,0.0492401471,0.000676132558,0.0237009991,0,0,0.00225225047,0.000811687701,0.0338299681,0.00207325923,0.00285225042,0.371001164,0.00067521907,0.00195771073,0.000691084865,0,0.000658761942,0.00410677962,0.00306937022,0.00227530989,0.000688231398,0.000554323802,0,0.0565648041,0.0189363079,0,0.000289351866,0.000593119988,0.0875383816,0.0391336577,0,0,0.284811606,0,0.0728643393,0.00131665965,0.0113793005,0,0.0138513427,0.0167615926,0.415000917,0.00129366019,0.000801282099,0.00707744171,0.0126050059,0,0.0469276965,0.158633282,0.0123376572,0.144290146,0.315004231,0.000734753774,0,0.00173209902,0.000820344918,0,0.0271289109,0.00455581086,0,0,0.00190985062,0,0.00553290806,0.00513594936,0,0.00192554971,0.00147710129,0,0,0.00329381094,0.0416971491,0,0,0.000696864387,0,0,0.000562113973,0.000747943235,0.0027824196,0,0,0.000618428596,0.000815661358,0.00151860076,0,0,0.00588697024,0,0.00122849978
0,0.00117187021,0,0,0.000746825901,0,0,0.000737463165,0,0,0,0,0.0472905268,0,0.0274223066,0,0.000729926722,0.00289686823,0.000811030357,0.0345155026,0.00279915966,0.00230813896,0.36614605,0.00132538008,0.00193199064,0.000702246772,0,0.000664894178,0.00422535317,0.00245549003,0.00330395898,0.000697349616,0.000563697953,0,0.0542604859,0.0156894882,0,0,0.000596303108,0.088877121,0.0337398376,0,0.00109768948,0.289011754,0,0.0694893095,0.000673853729,0.00976289561,0,0.0168247573,0.0147814797,0.393552485,0.00127714111,0.0015625002,0.00376569041,0.0174750295,0,0.0472203396,0.163218331,0.00915631421,0.147640675,0.323806044,0,0,0.00167598118,0.000838223372,0,0.0325018837,0.00384911171,0,0,0.00184911057,0,0.0034903993,0.00511432035,0.000714795738,0.00251730813,0.00145984992,0,0,0.00388601058,0.0408314708,0,0,0.000709723008,0.00085543163,0,0.000561167132,0.00145984971,0.00304878026,0,0,0.000614250983,0,0,0,0,0.00391236373,0,0.00154415951
0,0.00115741052,0,0,0,0,0,0,0.000662252245,0,0,0,0.0447177741,0,0.0292177072,0,0.000364165943,0.00232693185,0.000818330867,0.0316239685,0.00140154176,0.00257142998,0.3732446,0.000666667244,0.00196541119,0.000708716801,0,0.00136892586,0.00932835492,0.00185644023,0.00338218909,0,0.000572081745,0,0.054313126,0.00838222093,0.000649773147,0,0,0.0898710075,0.0239273561,0.000558971122,0.00109529021,0.294603292,0.000763942409,0.0707171582,0.000669792051,0.0108848017,0,0.0197412731,0.0131233633,0.385731543,0.00127958992,0.00156494968,0.00389273004,0.0224569263,0,0.0476963387,0.158521379,0.00767262586,0.144537218,0.337987815,0.000392773189,0,0.00135796092,0.000850339966,0,0.0283385057,0.00317712037,0,0,0.00292397865,0,0.00479142938,0.0056920296,0.00071073224,0.00379027166,0.00146519941,0,0,0.00328515051,0.0418908517,0,0,0,0,0,0,0.00146520044,0.0021810307,0,0,0.000606428467,0,0,0,0,0.00538048194,0,0.00154798731
0,0.00114242054,0,0,0,0,0,0.000722021811,0.000664010758,0,0,0,0.0482210013,0.0020519851,0.0281757152,0,0,0.00232829103,0.000821018299,0.0337276042,0.00106007138,0.00228702103,0.368032436,0.000660939153,0.000779423453,0.000707713796,0,0.00139958043,0.0103053479,0.00125628037,0.00273223861,0,0.000574383087,0,0.0622553084,0.0074750794,0,0.00057471333,0,0.0875136803,0.0226883333,0.000574713093,0.00106495957,0.296911196,0,0.0684187037,0.00132713954,0.0100694046,0,0.0179539254,0.0098039183,0.377804445,0.000630915594,0.00149925112,0.00361011162,0.0258426963,0,0.0458890799,0.164571747,0.0050665016,0.139235869,0.349824976,0.00165288944,0,0.00106100998,0,0.000674308935,0.03108,0.00246711121,0,0,0.00072568895,0,0.0055991028,0.00893958251,0.000724112752,0.0044444415,0.00220912759,0,0,0.00198674923,0.0403481326,0,0,0,0,0,0.000270856012,0.00149476997,0.00159067075,0,0,0,0,0.000832638602,0,0,0.0068702299,0,0.000609385006
0,0.00116913005,0,0,0,0,0,0.000701754222,0.0013175198,0,0,0,0.0433186864,0.00205619976,0.0388941006,0,0,0.00180723027,0.00164609077,0.0350524225,0.00105411084,0.00286696929,0.387168673,0.000649350739,0.000746826166,0.000712250692,0,0.000718391343,0.0129939434,0.00126742964,0.00548846973,0,0.000579373958,0,0.0706192931,0.0109890065,0,0.000570775814,0.000584111993,0.0950534984,0.0182823235,0.000295508091,0.00151362045,0.300092192,0,0.0636241706,0.00132099998,0.00771387813,0.000857633378,0.0185936612,0.00911640469,0.375407618,0.00126582253,0.000737462423,0.00641613083,0.0297757006,0,0.0448557274,0.170170627,0.00500313165,0.127221085,0.36117407,0.00258397889,0,0.000525485759,0,0.00135870059,0.0271783016,0.000841043132,0,0,0.000704722082,0,0.00671516686,0.0111593024,0.00071890727,0.0043832208,0.00223380199,0,0,0.00137645937,0.0388109082,0,0,0,0,0,0,0.00149141978,0.000269106902,0,0,0.00125078181,0,0.000844595025,0,0,0.0104790486,0,0.000610127819
0,0.000777605051,0,0,0,0,0,0.000695410348,0.000655307996,0,0,0,0.0428227459,0.00203527547,0.0400000043,0,0,0.0018610394,0.000809717091,0.0343700337,0.00182615046,0.00293427049,0.391415353,0,0.00153373994,0,0,0.000741839644,0.0161681144,0.00123686035,0.00425531991,0,0,0,0.0788700853,0.0122881449,0,0.00110436211,0.000575704807,0.0945440543,0.0134900266,0,0.0015,0.312571887,0,0.0657029455,0.000668002983,0.00864454052,0,0.0155826085,0.00833912311,0.378531095,0,0,0.00649351214,0.0364624069,0,0.0370828332,0.180825778,0.00494437674,0.114866512,0.386324541,0.00438981819,0,0.000523285738,0,0.000334225126,0.0269934047,0.000843881846,0,0,0.000710226905,0.000539956884,0.00634736881,0.00955609622,0,0.00618429057,0.00072727295,0,0.000533902773,0.000726215997,0.0391340953,0,0,0,0,0,0,0.00224718916,0.000826901921,0,0,0.00121580663,0,0.000876424401,0,0.00130435022,0.00904977834,0,0
0,0.000789889219,0,0,0,0,0,0,0,0.000616523014,0,0.000759878018,0.0415512359,0.00135317927,0.0420290119,0,0,0.000629722507,0,0.0406114358,0.00181553629,0.00343642668,0.395948898,0,0.000756430204,0,0.000693962866,0.00153257003,0.0168491445,0.00122774846,0.00717212928,0,0,0,0.0748348771,0.0121951175,0,0.00053050399,0.000565290926,0.0950770962,0.0115555835,0,0.000962463623,0.323089322,0,0.0591503003,0,0.00946040612,0,0.0165094166,0.00769230723,0.378075022,0,0,0.00738689232,0.0393848866,0,0.0337461168,0.197535595,0.00449910009,0.103463733,0.399344632,0.00355871879,0,0.000529100972,0,0.00101694996,0.0286985018,0,0,0,0.000702246667,0,0.00744047703,0.00939413006,0,0.00548445772,0.000741290408,0.000728331764,0,0.000726743712,0.0466724182,0,0,0,0,0,0,0.00151859985,0.00056116728,0,0,0.00121138787,0.00156739863,0.00091911757,0,0.000862813291,0.00881056945,0,0
0,0.000786782164,0,0,0,0,0,0,0.000666223087,0.00120845926,0,0,0.0429430497,0.00130123637,0.0388832852,0,0,0,0,0.0395616796,0.00218659351,0.00514284855,0.405576301,0,0.000750750586,0,0,0.00160771962,0.0208156233,0.0012330453,0.005,0,0,0,0.0782598663,0.0148514938,0,0.00104004291,0.000546150137,0.0897510001,0.0177148425,0,0.000923360888,0.333446329,0,0.0460000168,0,0.00956767923,0,0.0132058537,0.00894701528,0.385290126,0.000700279818,0,0.00827967397,0.0398100617,0.00119760433,0.029558192,0.205479267,0.00620200575,0.0937990106,0.411880051,0.00576240836,0,0.00107238992,0,0.00168350016,0.0257774015,0.000830564809,0,0.000611247101,0.000680735078,0,0.00750750992,0.0108253001,0.000764525882,0.0060827315,0.000738007196,0.00141343061,0,0.00222057904,0.0422355165,0,0,0,0,0,0.000539665003,0.00230591991,0.000573723062,0,0,0,0.00269853903,0,0,0.00174063923,0.0097232703,0,0
0,0.000789265845,0.00078802191,0,0,0,0,0,0.000637348715,0.00180613735,0,0,0.0377307349,0.00157331309,0.0418694925,0,0.00186011952,0,0,0.0421630954,0.0029695608,0.00626423777,0.406697011,0,0.00153139017,0,0,0.0017093987,0.0279210266,0.000626959051,0.00393700886,0,0,0,0.0760794772,0.0121035084,0,0.000514139228,0.000534474151,0.0869350311,0.0217959539,0,0.000896860855,0.338654695,0,0.0447957537,0.000704722079,0.00899927748,0,0.0146630687,0.00540540808,0.392062261,0,0.00073746322,0.0065176924,0.0434163195,0.00120047938,0.0256328976,0.205357153,0.00670945236,0.0797814539,0.41546376,0.00691442829,0.000624219979,0.000566571677,0,0.00297619022,0.022212895,0,0,0.000595592981,0.00135226973,0,0.00930372019,0.0109535967,0,0.00449909901,0,0.00141542959,0,0.00155762937,0.0451063932,0,0,0,0,0,0.000531631972,0.00237717936,0.000595593018,0,0,0,0.00230414966,0,0,0.00217013899,0.00899550715,0,0
0,0,0,0,0,0,0,0,0.00125707152,0.00182593215,0,0,0.036794185,0.00120919003,0.0471697911,0,0.0022556391,0,0,0.0482033088,0.00374251477,0.00667440909,0.401967394,0,0.00153610062,0,0.000681663284,0.00088495605,0.0341400049,0.000629723065,0.00439882856,0.000774593414,0,0,0.0765136623,0.0102040822,0,0,0.000540832964,0.0883521895,0.0239999637,0,0.000869565339,0.351154501,0,0.0434830974,0,0.0081734182,0,0.014577581,0.00469799324,0.401007185,0,0.000716845838,0.00824176083,0.0420689234,0,0.023563591,0.21437099,0.00673301717,0.0779866746,0.438955118,0.0076142075,0,0,0,0.0049570401,0.0208681047,0,0,0,0.00135961986,0.000533617974,0.00839552109,0.0133203032,0,0.00473373168,0,0.00210526072,0,0.00239617028,0.0474422232,0,0,0,0,0.000617665269,0,0,0.000606796013,0,0,0,0.0030165905,0.00104058027,0,0.00384614846,0.0103703959,0,0
0,0,0,0,0,0,0,0,0.00244200149,0.00178465274,0,0,0.033624914,0.00115875044,0.0620039767,0,0.00297176866,0,0,0.0509876257,0.00445434045,0.00724638152,0.404020034,0,0.0030864202,0,0.00101420078,0.000902527423,0.035467095,0.0012634202,0.00479846119,0.000783698962,0,0,0.0769480355,0.0100000033,0,0,0,0.0919088153,0.0215858942,0,0.00168634025,0.3509175,0,0.0397563272,0,0.00714286336,0,0.0133058185,0.0044871806,0.399909622,0,0.000716845946,0.013051295,0.0367647148,0,0.0177191106,0.234045507,0.00907494218,0.0790378376,0.433381117,0.00708332767,0,0,0,0.00819671781,0.0215767918,0,0,0,0.00135869943,0.000527425934,0.00759493658,0.0154341046,0.00157109014,0.00615114098,0,0.00353356876,0,0.00326264019,0.0492394118,0,0,0.000827815153,0,0.000624999813,0.000501755594,0.000830564564,0.00126422049,0,0,0,0.00595238252,0.00104166965,0.000892061436,0.00420520898,0.0102040948,0,0
0,0,0,0,0,0,0.000859845133,0,0.00368324467,0.00242130748,0,0,0.0330889279,0.000550358019,0.0650049314,0,0.00362581821,0,0,0.0508159858,0.0080409327,0.00688467893,0.39912896,0,0.0031421783,0,0.000667557376,0.00182315326,0.0408425818,0.00194552993,0.00370027832,0.00080064063,0,0,0.0709151891,0.00653061268,0,0.000513346936,0,0.0935920239,0.0240550173,0.000657029921,0.000851789359,0.350809383,0.000706214956,0.0316711406,0,0.00580551769,0,0.0158074964,0.00317863946,0.395155485,0.000755857686,0.000714285696,0.0153374283,0.0312499778,0,0.0175846091,0.244232294,0.00778909816,0.0737056426,0.465924896,0.00704809291,0,0,0,0.010025096,0.0213289955,0,0,0,0.00132625989,0.000527425799,0.00738125631,0.0132172965,0.00156005951,0.00577701325,0,0.00513698845,0,0.00326796927,0.0485893146,0,0,0,0,0.00065104175,0.000988142076,0.00085910714,0.00127631984,0,0,0,0.00742941997,0.00100603992,0.000865800739,0.00413906861,0.00964974589,0,0
0,0,0,0,0,0,0.000870321753,0,0.00562148888,0.00245098393,0,0,0.0362233713,0,0.0744782153,0,0.00356887923,0,0,0.0518831886,0.00800375592,0.00491328791,0.402547435,0,0.00317460111,0,0.00132890052,0.00187969878,0.0475176897,0.00129955058,0.00555041742,0.000792393262,0,0,0.0662405932,0.00486223825,0,0.00103251985,0.000569476326,0.0969355398,0.028862495,0,0.000857632772,0.355690212,0.000345781017,0.0286494162,0,0.0063113591,0,0.0155709432,0.00191938869,0.397621354,0,0.00110213009,0.0188284256,0.0273136247,0,0.0156556051,0.252646849,0.00786924761,0.0740378036,0.496410428,0.00619835139,0,0.000589275103,0,0.012962993,0.0231331042,0,0,0,0.000678426202,0.000530786183,0.010791401,0.0132771962,0.00153964992,0.0060975589,0.000733137666,0.00506072907,0.000573065795,0.00400320039,0.0445025936,0,0,0,0,0,0.001,0.000880281831,0.000649350966,0,0,0.000638570077,0.00857142669,0.00101523031,0.0008503404,0.00250835972,0.00824964627,0.000515595649,0
0,0,0,0,0,0,0.00169061959,0,0.00701531126,0.00186916295,0,0,0.0363527342,0,0.0777568198,0,0.00431344036,0,0.000727801846,0.0535987819,0.00912617402,0.00412008007,0.40905723,0,0.00157356088,0,0.00328946921,0.00285170997,0.0549985871,0.00133689841,0.00278810028,0.000803858875,0.000599160999,0,0.0618566711,0.00563607563,0,0.00104877001,0.00172712162,0.104048536,0.0292620851,0,0,0.36238848,0.000344827922,0.0297203059,0,0.00713775832,0.000895254852,0.0195205476,0.00191327125,0.400686514,0.00152091144,0.00110947017,0.0227088245,0.0297385981,0,0.0176471025,0.251390433,0.00797545561,0.078975692,0.515813497,0.00458333173,0,0.000606427874,0,0.0183735162,0.0201900009,0,0,0,0,0.00054083309,0.0117834038,0.0148221058,0.00154919072,0.00923254452,0,0.00524934223,0.000593823892,0.00398406025,0.0466954144,0,0,0,0,0,0.000963391136,0.000843882157,0.000651465742,0,0,0.00130293062,0.00931232294,0.000992062684,0,0.00246103044,0.00988003261,0,0
0,0,0,0.000784313809,0,0,0.00176991032,0,0.00966495251,0.00302663193,0,0,0.0378833515,0,0.0821727276,0,0.00492264177,0,0.000718907275,0.0530130145,0.0117686641,0.00181378437,0.418949117,0.000755667407,0.00153728046,0,0.00196850028,0.00281425604,0.064538993,0.00135685183,0.00365630927,0,0.000585823094,0,0.0587594123,0.00697673774,0,0.00104986991,0.00467835949,0.112580385,0.0271318157,0,0,0.361776854,0,0.0323715835,0,0.00635144856,0.00181983645,0.0207736862,0.00285171572,0.414619027,0.0014869873,0.000751314414,0.0248776746,0.0249361021,0,0.0212926957,0.258468664,0.00933734636,0.0790722881,0.518205671,0.00464526993,0,0.000620346545,0,0.0219324594,0.019032507,0,0,0,0,0,0.00996884838,0.0177596032,0.00158103051,0.0121037007,0,0.0061132584,0.00061050112,0.00483870927,0.0470505909,0,0,0,0,0,0.00187353417,0,0.000652315826,0.000615005966,0.000320101892,0.0012953392,0.00851668404,0,0,0.00162337964,0.00909091617,0,0
0,0.000754717214,0.000791766044,0,0,0,0.0017590108,0,0.0123457046,0.00180397356,0,0,0.0370595963,0,0.0849643932,0,0.00561798013,0,0.000720981417,0.051067075,0.0110515759,0.00182704284,0.413711948,0.000731706819,0.00150942952,0,0.00201072034,0.00185528952,0.0717022066,0.00070028042,0.00354610044,0,0,0,0.0540541225,0.0126050015,0,0.00105707996,0.00542494874,0.116556421,0.0254090909,0.000702247187,0,0.361287003,0,0.0319521915,0.000775193873,0.00580552129,0.0027347248,0.0209111095,0.00281955115,0.418945906,0.00297176629,0.000758725148,0.0262659635,0.0259213192,0,0.0261249967,0.26538143,0.00906343728,0.0796732626,0.525657937,0.00333890088,0.000629722877,0.000615764115,0.000779423133,0.0253749022,0.0254365398,0,0,0.000554016833,0,0,0.00991683374,0.0192307981,0.000787402154,0.0156250046,0,0.00648507813,0,0.0023866303,0.0461279456,0.000790513933,0,0,0.000845309323,0,0.00187617034,0,0,0,0.000317863847,0.0019672109,0.00634696741,0,0,0.000789265793,0.0114943077,0,0
0,0,0.000775194337,0,0,0,0.00270027027,0,0.0140707007,0.00121212238,0,0,0.0349276794,0,0.0849371983,0,0.00562588031,0.000600239928,0.00070077067,0.047453714,0.0141752217,0.0012422365,0.403376554,0.000968054266,0.00290485955,0,0.00200803032,0.000924213665,0.0821730908,0.000677965472,0.00345422914,0,0.000593119917,0,0.0462853874,0.0115844996,0,0.000549450725,0.0087191798,0.114278916,0.0206684048,0.001456661,0.000863558278,0.352885394,0,0.030270686,0.000775193873,0.00722542656,0.000919963654,0.0218081095,0.00125707185,0.422382057,0.00221239311,0.000744602138,0.0264442914,0.0250211736,0.000341296802,0.0249896874,0.262967932,0.00713861538,0.0805102576,0.518021079,0.000856897729,0.000623829938,0.000612369639,0.000392773106,0.0306004573,0.0298834396,0,0.000843882594,0,0,0,0.00849117769,0.0180979023,0,0.0181199873,0,0.00467289953,0,0.00429352172,0.0428323267,0.000794913162,0,0,0.000809060854,0,0.00138375987,0,0.00131405976,0,0.000631313135,0.00322372784,0.00498220901,0,0,0,0.0101705938,0,0
0,0,0.000755858373,0.000770416063,0.000969932198,0,0.000896056746,0.000665336238,0.0165908027,0,0,0,0.0369085917,0,0.0875066603,0,0.00757053871,0.00174622036,0.00070028014,0.0464071952,0.0137292525,0.0018951326,0.397196507,0.000979911914,0.00489853206,0,0.00206897163,0,0.0906096411,0.000670240946,0.00341006095,0,0.000596658804,0,0.0373912948,0.0159851067,0,0.000560224177,0.00992556227,0.113915246,0.0211755224,0.000752444825,0.000862812943,0.345520656,0,0.0287563248,0.000785546145,0.00514706166,0.000909917985,0.0222132109,0.000628931075,0.43277142,0.00144508672,0.000754147383,0.0262745278,0.021725606,0.000686341747,0.0311355155,0.265432436,0.0104651295,0.0823082959,0.537893091,0.00173460906,0.00125548992,0,0.000390319922,0.0274285218,0.0319245198,0,0,0,0,0,0.00767178145,0.0206699902,0,0.0176210981,0.000723065936,0.00394217929,0.00065359535,0.00226585994,0.0406504576,0.000778815407,0,0,0.000788021893,0.000689180221,0.000942507069,0,0.00131665958,0,0.000637349289,0.0025575415,0.00296077073,0,0,0,0.00846353736,0,0.000677506972
0,0,0.000753580264,0,0,0,0.000899280891,0.000673853745,0.0173565054,0,0,0.000397140797,0.0357595004,0.000566250709,0.093668201,0,0.00883753362,0.00119047982,0,0.0432052934,0.0145385533,0.000643086792,0.39071253,0.000974183548,0.00412370948,0,0.00210379025,0,0.107916964,0.000670690717,0.00259067081,0,0.000589970834,0,0.0275042885,0.0199261956,0,0,0.0134040014,0.109944398,0.0230511068,0.00153256935,0.0008598454,0.352491273,0,0.0321168058,0,0.00456968835,0.000874125826,0.0193114864,0,0.441181996,0.00285918295,0,0.030935795,0.019777502,0,0.0269208005,0.2811682,0.0105653982,0.0774790866,0.533138301,0.00428816176,0.00124301016,0,0.000379651074,0.0292917908,0.0343807434,0.000829875708,0,0.000587199007,0,0,0.00498669809,0.0189228943,0,0.0170269911,0.000735294094,0.00334000997,0,0.0022354704,0.0460765304,0.001544402,0.000762776804,0,0.000770415809,0,0.000972762721,0,0.000672495024,0.000630516936,0.000638570217,0.00262812137,0.00186705923,0.00081967197,0,0,0.00736707284,0,0
0,0,0.000759300619,0,0,0.0014880995,0.000900089595,0.00130803959,0.0164835028,0,0,0.000393081682,0.0307515032,0.00113442935,0.0969539213,0.000591715715,0.0140000014,0.0018303893,0,0.0458153183,0.016378224,0,0.385773549,0.000477783041,0.00463882962,0,0.0014144298,0,0.119383972,0.00132013161,0.00256629948,0,0.000590319042,0.000802567803,0.0247608112,0.0293040058,0.000828500414,0.000567214836,0.0116499061,0.100000055,0.0218978022,0.00239234791,0.000856163719,0.352506506,0,0.029583608,0,0.00390624832,0,0.0227470981,0.000636132333,0.44002719,0.00276626151,0,0.0324675568,0.0212832046,0,0.0292584333,0.282633885,0.0124858054,0.0799360311,0.518844947,0.00508906,0.00121211967,0,0.00114855031,0.0305953875,0.0306513558,0.000830565336,0,0.000618047168,0,0,0.00308008121,0.0166065033,0,0.0172049041,0.000735293999,0.00203114084,0,0.00221401981,0.0468653249,0.00152438988,0.00073313773,0.000884172968,0.000753580196,0,0.000493096824,0,0,0.000633311882,0.00132625934,0.00268097056,0.000778815508,0.00083402783,0,0,0.00646830695,0.000694926666,0.000658761904
0,0,0,0,0.001001,0.000735835235,0,0.00129449956,0.0148749076,0,0,0,0.0285536939,0.000582411045,0.0993543881,0.00241837996,0.0179750028,0.00183373751,0,0.0441383834,0.0196612294,0,0.392224903,0,0.00458115206,0,0.00142348937,0,0.12624196,0.00260586653,0.00256191126,0,0,0.000800640807,0.0264788776,0.0382932004,0,0.00118133078,0.0134615057,0.095322347,0.0198097968,0.00277997819,0.00084317027,0.35101155,0,0.0282805057,0,0.00278218978,0,0.0280915097,0.000631712601,0.449786094,0.00277586068,0,0.0323461078,0.0219542043,0,0.0290871604,0.292721451,0.0136338236,0.0807307081,0.512728031,0.00756303219,0,0,0.00110782972,0.0264764076,0.0347816802,0,0,0.00125549253,0,0,0.00141542935,0.0153845969,0,0.0162729701,0.000722542824,0.00101694961,0,0.00290487052,0.0449751413,0.000772798158,0.00148587989,0.00261780209,0,0,0.000501001732,0,0,0,0.00200938074,0.00482426039,0.000802567544,0.000816993017,0,0,0.00514139135,0.000695893665,0.000642673511
0,0.00142755003,0,0,0.000964320386,0.000713267147,0.000836819615,0.00126904018,0.0144047007,0.000617283874,0.00070472218,0,0.022475377,0.000602772969,0.0950210456,0.00239378029,0.0225706078,0.00185989337,0,0.0433425774,0.0200827292,0,0.395052008,0,0.00445291906,0,0.00301205108,0,0.126598519,0.00261609159,0.000843882284,0,0,0.00239424968,0.025940719,0.044074107,0,0.00178678419,0.0138248999,0.0958451065,0.0244648165,0.00161680985,0.00083542213,0.346697875,0,0.0209284456,0,0.00210437901,0,0.028253468,0.000630120038,0.451299596,0.00203114727,0,0.0311076983,0.0193651027,0,0.0331131759,0.292262293,0.0163507988,0.0804161604,0.515141834,0.00981229412,0,0,0.00108538013,0.0250944051,0.0295909062,0,0,0.00247832053,0.000678425877,0,0,0.0147450061,0.000780640219,0.0150649576,0.00070771445,0.00170648041,0,0.00357142896,0.0405212461,0.00155763131,0.00148257939,0.00265957025,0,0,0.00051072478,0,0,0,0.00202976907,0.00348918247,0.000840336558,0,0,0,0.0029088612,0.000669343979,0.000636942901
0,0.00361533297,0.000726216279,0,0.00193423907,0.00212464942,0.0008285,0.000620347091,0.012211702,0.000611246859,0.000686812639,0.000782473081,0.0205648039,0.000615006229,0.0882550009,0.0036057695,0.0265700488,0.00125707182,0.000718390848,0.0431972634,0.0189836524,0,0.402936235,0,0.0050031324,0,0.00364166189,0.000908264464,0.129170386,0.00455729448,0,0.00089525526,0,0.00233644938,0.0266512508,0.045858,0,0.00293945015,0.0137976015,0.0868286477,0.0270579083,0.000806452039,0,0.349552677,0,0.0190661036,0,0.00212044059,0,0.0293616471,0.0006514657,0.443852388,0.00204918098,0,0.0291297989,0.0172008959,0,0.0324930113,0.292459181,0.0200508184,0.0741167016,0.526118433,0.0104954012,0,0,0.000729926773,0.0280748871,0.0233143907,0,0,0.00247371998,0.00173732085,0.000645577698,0,0.0139094006,0.000786163821,0.013591219,0,0.00170299936,0,0.00357909961,0.0366024643,0.000784929033,0.00220103078,0.00357782016,0,0,0,0,0.000716331769,0.000661812745,0.00198151144,0.00212013961,0,0,0,0,0.00295469068,0.000675219219,0.000638570262
0,0.00370919844,0.0014194499,0,0.000957853603,0.00206897095,0.00078125,0.000612744847,0.0117728987,0,0.00138313037,0.000768640108,0.01801239,0.000616902678,0.0811162237,0.00401481827,0.0296927897,0.00125470548,0.00143266036,0.0440000176,0.0159668564,0,0.415901114,0,0.00836551283,0,0.00363107794,0.000881834138,0.133333734,0.00582146732,0,0.000885739327,0,0.0023237789,0.0264105331,0.0448276052,0.00085470087,0.00299222002,0.0133868961,0.0836472566,0.0252226166,0.00079872227,0,0.359169603,0,0.0181451608,0,0.000871079843,0,0.0268230911,0.00198150189,0.455749151,0.0013821697,0,0.0264705953,0.0170553019,0,0.0303882758,0.306129505,0.0209586037,0.0795542705,0.532734297,0.0142486937,0,0,0.000730460234,0.0248849007,0.0212218966,0,0,0.00123839007,0.00139470059,0.000648088126,0,0.0179225008,0.000768639739,0.0117791847,0,0.00232249972,0,0.0048985302,0.0320669857,0.000772798181,0.00322213919,0.00352112805,0,0,0,0,0,0.00132449965,0.00267379987,0.000741840015,0,0,0,0,0.00269906121,0.000692041884,0.000619579138
0,0.00363108052,0.00136705058,0,0.000950570276,0.00272108927,0.000762194703,0.000609013102,0.0110421003,0,0.0013736301,0.000774592773,0.0156054977,0,0.0829648277,0.00593008745,0.0370501299,0.00063211086,0.00139470042,0.0365282021,0.0153937326,0,0.423936708,0.00049358312,0.00958466556,0,0.00532669666,0.000865052464,0.117151957,0.00738125864,0,0,0,0.001514,0.0294478856,0.0483242401,0.000867302593,0.00350466999,0.012450904,0.0906321499,0.024840315,0.00159744028,0,0.363652667,0,0.0166932062,0,0,0,0.0269360973,0.00130889876,0.447288859,0.0013586954,0.000906618709,0.0203703462,0.0133843028,0,0.0268006981,0.305066082,0.0209719292,0.0746823052,0.543268127,0.0169418002,0,0,0.000719942351,0.0237845107,0.0159847019,0,0.000818331465,0.000620732258,0.00138888999,0.000652742153,0,0.0211111097,0.000762194851,0.0113414814,0,0.00256903946,0.000744048226,0.00726141216,0.0327254096,0.000773394664,0.0063218402,0.00438980959,0,0,0,0,0,0.00135593056,0.00397614278,0,0,0,0,0,0.000669344004,0.00135869987,0.000634518167
0,0.00298730162,0.000669792279,0.000684931889,0.000968053841,0.00262812045,0.000754147665,0.00123533007,0.00878972459,0,0.00169032956,0,0.0133587786,0,0.081325319,0.00662460785,0.0408758631,0,0.0014224802,0.0317089171,0.0115795869,0,0.415099276,0.000251509139,0.00965251211,0,0.0045550099,0,0.116144051,0.00605480767,0,0.000914913318,0,0.00152090997,0.0309375155,0.047808792,0.000867303233,0.00352733859,0.0121951447,0.0935582176,0.0246827153,0.000791766177,0,0.373057748,0,0.0159362119,0,0,0,0.0272021213,0.00129954562,0.45795538,0.000686341833,0.00184331923,0.0193996592,0.0113779966,0,0.0276073592,0.288940723,0.0170610791,0.0732861106,0.54637679,0.0199153082,0,0,0,0.0225083084,0.0117459961,0,0,0.000629722963,0.00136892997,0.000654021965,0,0.022979991,0.000761034768,0.0103536681,0.000718391078,0.000627745876,0.000726743759,0.00770848208,0.0312623317,0,0.00725201354,0.00343347925,0,0,0,0,0,0.000678425924,0.00323624845,0,0,0,0,0,0.000679347751,0.000671591882,0.000628536192
0,0.00215827426,0.00134048107,0,0,0.0032938099,0.00145666051,0.00126102941,0.00794176099,0,0.00299400956,0,0.0112830376,0,0.0812268859,0.00594864935,0.0444282452,0,0.00209351066,0.0282651327,0.011939434,0,0.424381321,0.00051733057,0.0107187998,0,0.00443686436,0,0.11329904,0.00549095864,0,0.00183655097,0.000599160784,0.000756429697,0.0240103938,0.0446640351,0.000851063903,0.00383028702,0.012678797,0.0864631721,0.0247386946,0.00160513867,0,0.381881287,0,0.0233538114,0,0,0.000912408337,0.026521724,0.0013218809,0.45698262,0,0.00190113954,0.0180115634,0.0120711979,0,0.0250000035,0.291666657,0.0188627493,0.0640110947,0.556682952,0.0179017029,0,0,0.000688230706,0.0245200956,0.00952380914,0,0,0.000629723418,0.00139860056,0,0,0.0224334994,0.00150149985,0.0100236974,0.000718907505,0.000620347114,0.000745155735,0.011135098,0.0321211735,0,0.00991276602,0.00170939965,0,0.000596302814,0,0,0,0.00131406032,0.00189632937,0,0,0.000763358911,0,0,0.000671141133,0,0
0,0.00143677983,0.00129702061,0.000694443831,0,0.00323414987,0.00209643942,0.0025141468,0.00707547617,0,0.00262122955,0,0.00949575494,0,0.0805219522,0.0047649297,0.0409777265,0.000645578145,0.00136426002,0.0277957022,0.0104347797,0.000616142738,0.439687618,0,0.01279589,0,0.00368385853,0,0.113480987,0.00545922032,0,0.00268816883,0,0.00145138015,0.0216110078,0.0486055923,0.000837520755,0.00239376989,0.0116731479,0.0906615689,0.0244754975,0.00163131871,0,0.402250624,0,0.0186011545,0,0,0,0.022361376,0.00131492042,0.463481247,0,0.00299102861,0.0128663053,0.00995025088,0,0.0292315866,0.289178982,0.0176017795,0.0524279688,0.565517244,0.0187499937,0,0.0006101277,0.000663570106,0.0224191709,0.0111252047,0,0,0,0.00139275976,0,0,0.0248307074,0.00225563968,0.00955004587,0.00070323513,0,0.00151745023,0.0146177061,0.030741367,0,0.0141666949,0.000831255391,0,0,0,0,0,0.000651466132,0.00188441902,0,0,0.00154321027,0,0,0.000678886656,0,0
0,0.000709722825,0.00124300874,0,0,0.00190234909,0.00104383973,0.00126903945,0.00568942369,0,0.00193923908,0,0.00648022008,0,0.08328054,0.00607417025,0.0400143737,0.00127714057,0.000656168304,0.0228002302,0.00973097311,0.000616522694,0.446828671,0,0.0137075153,0,0.00423453256,0,0.107174017,0.00347002984,0,0.00452898693,0,0.000720980948,0.0207341909,0.0501193078,0.000798721846,0.00182149309,0.0122738931,0.0813687689,0.0254236912,0.00164880065,0.000816993011,0.42119181,0,0.0139411808,0,0,0,0.0203068571,0.000663129629,0.476056703,0,0.00101937006,0.0123726069,0.00835396343,0,0.0283278105,0.282522892,0.0169875347,0.0485146495,0.56921019,0.0191030071,0,0.00121580611,0.00132188011,0.0253968136,0.00918884886,0,0.000772201291,0,0.00140153934,0,0,0.0220264016,0.00370919963,0.0106991366,0.000714285874,0,0.00152788018,0.0162538972,0.0333530467,0,0.0146689063,0.000806452053,0,0.000581733863,0,0,0,0,0.00122925934,0,0,0.000779423176,0,0.000681198661,0,0,0
0,0.000718391235,0.000603135918,0,0,0.00247065937,0.00137362964,0.00125785957,0.00498670403,0.000636132552,0.0022293007,0,0.00530410404,0,0.0757103988,0.00553024737,0.0398601005,0,0,0.0173633418,0.0102098694,0.000608273086,0.465368077,0,0.0148318858,0,0.0045045,0,0.0959023592,0.00278464958,0.000625,0.00521739103,0,0.00140252011,0.0177090004,0.0506114929,0,0.00155086787,0.0101587263,0.0905602326,0.0250882953,0.000807754596,0.000820345254,0.432551223,0,0.0136833975,0,0.000920809871,0,0.018619437,0.000674763937,0.474598107,0.000682128098,0.00103199012,0.00998519721,0.00754717112,0,0.0299785928,0.270996133,0.0176272636,0.041547853,0.566983317,0.0172703931,0,0.00125078191,0.00260416995,0.0276025607,0.00709876642,0,0.00154440012,0,0.00214745974,0.000626959057,0,0.0260528026,0.00435414009,0.0114379117,0.000710731819,0,0.0015083,0.0229533013,0.0356159169,0,0.011607903,0.00199362116,0,0.000586509818,0,0,0,0.00061728374,0.000615005956,0.00171968967,0,0.00077881601,0,0.000677507257,0,0,0
0,0.000706214767,0.000598801757,0,0,0.00253967944,0.000674763802,0,0.00487963724,0.000645995294,0.00222363049,0,0.0053533151,0,0.0774735856,0.0042400494,0.0398322943,0,0.000613120766,0.0166666754,0.012272818,0.00118554037,0.482292387,0,0.0160761521,0,0.00383876714,0,0.0953014772,0.00188441913,0.000629722746,0.00531914479,0,0.00137836019,0.0157912018,0.049322284,0,0.00211104271,0.00690954881,0.0845807716,0.022873483,0.000791766556,0.000814996007,0.451432679,0.00145242977,0.0144551907,0,0.000933707354,0,0.015999975,0.000661375983,0.481949981,0.000665779102,0.00102986955,0.00774907612,0.0063291132,0.00073421399,0.0302632114,0.274330625,0.0190883127,0.0397911079,0.582967085,0.0174319955,0.000656168126,0.00095846605,0.00185643907,0.0267134562,0.00687499656,0,0.00154919005,0,0.000729927039,0,0,0.0256045888,0.00503596892,0.0116256095,0.00071022695,0,0.0011450403,0.0223529224,0.0365229793,0,0.0127082006,0.00192011939,0,0,0,0,0,0,0.000630516709,0.00182647952,0.000769231236,0,0,0.000659630741,0.000739098609,0,0
0,0.000710227175,0.000587199119,0,0,0.00191815919,0.000676133314,0,0.00257400151,0,0.00225951915,0,0.00690407111,0,0.0726205341,0.00229508061,0.0358155971,0,0.00119331753,0.0146858374,0.013659691,0.00057110221,0.48058008,0,0.0172638389,0,0.00503144843,0,0.0949594943,0.00185414051,0.000628141106,0.00437828686,0,0.00133690011,0.0144398059,0.0500373025,0,0.00191815688,0.00384615125,0.0790614697,0.0226945106,0.000788021965,0.000800641062,0.476668351,0.00190840037,0.0106071985,0,0.000928505127,0,0.0166667075,0.000665778575,0.496439303,0,0.00103842006,0.00897035596,0.00560747752,0.000729394573,0.0382799922,0.273510607,0.0182185748,0.0348077382,0.586965824,0.0166527964,0,0.00127876978,0.00243902107,0.0270342348,0.00770713176,0,0.000765111098,0,0,0.000625782268,0,0.0219512096,0.00468975211,0.00939105944,0,0.000624609694,0.000745155884,0.0236123047,0.0342802915,0,0.0129579964,0.001116901,0,0.000591016921,0,0,0,0,0.000630914961,0.00184331856,0.00235109854,0,0,0,0.000761615472,0,0
0,0.000709723093,0.000594883751,0,0,0.00473783938,0.000681199001,0,0.00249688095,0,0.00159236009,0,0.00847457661,0,0.0802204636,0.00239070995,0.0321228967,0.00063211125,0.00119474417,0.0125435363,0.011554828,0.00113571947,0.485854248,0.000542887733,0.0179621482,0.000660939127,0.00775915932,0,0.0907423601,0,0.000625391193,0.00441696021,0,0.00131319937,0.0125174024,0.0489051024,0,0.0019543964,0.00320923901,0.0786304949,0.0232389062,0,0,0.485293994,0.00349649996,0.00848082898,0.000853241621,0,0.000843881961,0.0128318047,0,0.511537854,0,0,0.00934199837,0.00438595804,0.00074738457,0.0341551113,0.286292204,0.0186806527,0.0297418917,0.585117815,0.0146425035,0,0.000626173962,0.00121877,0.0273237974,0.00658761888,0.000871080383,0.00074571216,0,0,0.000625391237,0,0.0199039064,0.00470672777,0.00836862065,0,0.000631712016,0.000631792258,0.0228785085,0.0382419826,0,0.0129982981,0.00108147063,0,0,0,0,0,0,0.00063613205,0.0018814688,0.00235663642,0,0,0,0.000775193905,0,0.000699301208
0,0,0,0,0,0.00808961129,0,0,0.00188442141,0,0.00127713955,0,0.00978178818,0,0.0768003787,0.00104238968,0.0345912086,0,0.00119832168,0.012464424,0.0135134948,0.00112233055,0.491691706,0.000556483142,0.021926963,0.00132714058,0.00936555841,0.000739098158,0.101295046,0,0.000604960751,0.00267856473,0,0.000644330116,0.0108316162,0.0466069938,0,0.00326583886,0.00256904103,0.0818932631,0.0199275325,0,0,0.4958026,0.00241158096,0.00597907177,0.000870322336,0,0.000811688198,0.011061959,0,0.511616857,0,0,0.0119538067,0.00568900139,0.000756430212,0.0336658655,0.295827108,0.0169039444,0.0238225495,0.590664071,0.0140068045,0,0.0012722601,0.00184501581,0.0298095937,0.00527356979,0.000857633286,0.000766871113,0.000667110778,0.000720460725,0.000616902862,0,0.0219027966,0.00533048778,0.00731948929,0,0.000632110891,0.000364964086,0.029608003,0.0346174971,0,0.0169124081,0.00107759068,0,0.000575373857,0,0,0,0.00121802592,0.000651890359,0.00278810676,0.00242717997,0,0,0,0.000791139153,0.000979113436,0.00139860144
0.000576036896,0,0,0,0,0.00996376865,0,0,0.000625782287,0,0.000635323939,0,0.00898204166,0,0.0791913428,0.00105559019,0.0337316051,0,0.00181378524,0.011790716,0.0144307652,0.000542888008,0.505811298,0.000556174117,0.0214912025,0.0013840798,0.00793179715,0,0.107451942,0,0.00121877009,0.000933707012,0,0.00126263038,0.00623701093,0.048560276,0,0.0052700893,0.000648507899,0.0867168087,0.0141053814,0,0,0.513143002,0.00299145147,0.00461894088,0.00177935929,0,0.00159617092,0.0120213735,0,0.516599081,0,0,0.0133444979,0.00613695031,0.000756430136,0.0300601004,0.297956078,0.016636945,0.0219566596,0.594160694,0.0116278958,0,0.00063613198,0.00184388822,0.0290452583,0.00395256921,0.000831947011,0,0.000669792029,0.00146950956,0.000623053202,0,0.021394106,0.00536865225,0.00574018692,0,0.000633713733,0,0.0301614009,0.031624906,0,0.0214961029,0.000699788894,0,0.000585822973,0,0,0,0.00245549402,0,0.000916589212,0.000834027873,0.000770416165,0,0,0.000813007937,0.00189873075,0.00140845035
0.000585822829,0,0,0,0,0.00863094978,0,0,0.000638162149,0.000328299133,0.000640615168,0,0.00663717069,0,0.0768718843,0.000352361182,0.0347221759,0,0.00240096019,0.010902255,0.0170178595,0.000538212799,0.511667643,0.000575373961,0.0286492412,0.000703234775,0.00706890051,0,0.110002989,0,0,0,0,0.000625782259,0.0072314042,0.0498890852,0,0.00537995538,0,0.0906074631,0.0127819754,0,0,0.517717992,0.00301463955,0.00306043982,0.00259290889,0,0.00158103004,0.0161572189,0,0.515406938,0,0,0.0127225978,0.00675241146,0.000776397547,0.0295156636,0.278338544,0.0149611154,0.0175960931,0.613295783,0.0118644006,0,0.000631711803,0.00125313138,0.024539926,0.0026507596,0,0,0.000668448835,0.000732600991,0,0,0.0206294,0.00460339983,0.00456204541,0,0.000652316136,0,0.0243056051,0.0315602968,0,0.0233870941,0,0,0.000604230248,0,0,0,0.00300661429,0,0.000907440925,0,0.000769230942,0,0,0.000840335701,0.00185299664,0.00141843989
0.000604961094,0,0,0,0.000795544714,0.0109337973,0,0,0,0.000664894614,0.000628141219,0.000711238024,0.00640569773,0,0.0813303506,0,0.0367315824,0,0.00239377518,0.0121396075,0.0169902545,0.000532197859,0.519085973,0,0.0297349426,0.000715307783,0.00872549497,0.000364963755,0.110720988,0.000586510188,0,0,0,0.000625391081,0.00604432143,0.04548821,0,0.00662251025,0,0.09208527,0.00975975561,0,0,0.53263415,0.00304877902,0.00234191855,0.00269058032,0,0.00154202071,0.0236014349,0,0.504896006,0,0,0.0145798102,0.00830140133,0.000733675485,0.0324773523,0.269576239,0.0102781073,0.0153406207,0.624015887,0.010557397,0,0.000632511366,0.00253485478,0.025438588,0.00199866974,0,0,0.00133600995,0.000726744135,0.00063816231,0,0.0189691939,0.00505050969,0.00218203993,0,0.00065231614,0.000692521317,0.028904211,0.0286255971,0,0.0318898061,0,0.000872599651,0,0,0,0.00105263028,0.00241545504,0,0.00095785382,0,0.000777001387,0.000747942971,0,0,0.00120337008,0.00139178846
0.000594177176,0.000698324025,0.000592065982,0,0.00237154077,0.00913376731,0,0,0,0,0,0,0.00489852838,0,0.0838870217,0,0.0387269636,0,0.00123228973,0.0132776928,0.0170849117,0.000528261898,0.517229279,0,0.0348812905,0,0.00869989313,0,0.10449174,0.00116414004,0,0,0,0.00061236981,0.00461741152,0.04084718,0,0.00807536626,0,0.0895864828,0.0100308574,0.000836820301,0,0.537771391,0.00392328157,0.0024077063,0.000932835983,0,0.00154440031,0.0245097669,0,0.500097027,0,0,0.0153845953,0.00961538452,0.000756429652,0.031023778,0.251582697,0.00952949163,0.0124602424,0.628052363,0.0115131991,0,0.000641025903,0.00161916995,0.0234978812,0.00132537985,0,0,0.00067024148,0.000729926912,0,0,0.0198127087,0.0058139531,0.00220959951,0.000709219787,0,0,0.0292422035,0.0253076972,0,0.035114494,0,0,0,0,0,0.00647947916,0.00415923613,0.000653167781,0.000961537735,0,0.000779422925,0.000763358706,0,0,0.00117855049,0.00135685233
0.000585822829,0.000692520923,0.000595948422,0,0.0048192818,0.00936219554,0,0,0,0,0,0,0.00207900079,0,0.0867261597,0,0.0380392258,0.000617284036,0.00185184913,0.0128398854,0.0174958918,0.000524933993,0.509330814,0,0.0382748142,0,0.00818539653,0.000721500998,0.106596031,0.000581395134,0,0,0,0.000614251178,0.00459619189,0.035228183,0,0.00926561017,0,0.0935849216,0.00535168827,0.000871840418,0,0.549787738,0.00459865862,0.00316706706,0.000941620264,0,0.00152672015,0.0287252681,0,0.4979642,0,0,0.0164787061,0.0127065228,0.000742389948,0.0282214954,0.251575431,0.00938255498,0.00774986837,0.631071165,0.012767098,0,0,0.00135500955,0.0226161565,0.000669344186,0,0,0.00067204278,0,0,0,0.0217391013,0.0044709422,0.0003158559,0.000720461184,0,0,0.0320616955,0.0255146074,0,0.0403286024,0,0,0,0,0,0.00538792941,0.0041420111,0,0.000968054238,0,0.0015674,0.00075471708,0,0.000920809208,0.00113960023,0
0,0.000687757706,0,0,0.00564061149,0.0092915213,0,0,0,0,0,0,0.00138792666,0.000627746187,0.0887187525,0,0.0329582078,0.000621118297,0.00256081988,0.0130402361,0.0162624372,0.00106837952,0.514818633,0,0.0434050841,0,0.00933252279,0.00149253904,0.105436194,0.000578034725,0.000552791954,0,0,0.000618811906,0.00323833942,0.0351020127,0,0.00651131058,0,0.090139743,0.000777604825,0,0,0.553043863,0.00332226183,0.00231660076,0.00095969255,0,0.00152555046,0.0350637615,0,0.484079885,0,0,0.0194585458,0.0136054346,0,0.0290821873,0.248008108,0.00913520153,0.00632577978,0.629523228,0.0184585925,0,0,0.000685400862,0.0204789114,0.000678887045,0,0.000791138686,0.000682593969,0,0,0,0.0214656068,0.00455581086,0.000313283086,0.00182348967,0.000684931737,0,0.0344967825,0.020103106,0,0.0375886944,0,0,0,0,0,0.00541125995,0.00405796848,0,0,0,0.000771010324,0.000757575953,0,0.00096246369,0.00114548083,0
0,0.000687285129,0,0.000761615316,0.00547731209,0.0111491959,0.000649772793,0,0.000663130131,0,0,0,0.000669792072,0.000643914897,0.0969766169,0.00070921966,0.031045798,0.00121877015,0.00200000007,0.0123502889,0.0153041998,0.00135869934,0.526769621,0,0.0440141,0,0.00930986033,0.00230768912,0.106587765,0,0.000543773843,0,0,0,0.00315456954,0.0296327092,0,0.00628931394,0,0.0932655579,0.000801925028,0,0,0.559737375,0.00154679012,0.00223380244,0.000493097159,0,0.00075471704,0.041329751,0.000643500831,0.499499062,0.000683060219,0,0.0206953284,0.0148358121,0.000745156024,0.0275938028,0.241466831,0.00941028091,0.00492341101,0.631058889,0.0214440976,0,0,0.000672495024,0.0237940981,0.000675676355,0,0.000777001309,0.000689180386,0,0.000656598936,0,0.0180859022,0.00464395792,0.000313675936,0.00292183912,0,0,0.0380000125,0.018215904,0,0.0379959954,0,0,0,0.000656599276,0,0.00433368952,0.00353773333,0.000625,0,0,0.00153139038,0.000727801693,0,0.00101937053,0,0
0,0.00067114085,0,0.00074626889,0.00803213202,0.0127020725,0,0,0,0,0,0,0,0.00067204268,0.103945836,0.00381678916,0.0301724663,0,0.0020202002,0.0142752606,0.0126975036,0.00170358031,0.534637529,0,0.0510714964,0,0.0101475976,0.0040128401,0.10035517,0,0.000539084201,0,0,0,0.00321336978,0.0262252923,0,0.00710732205,0,0.0930397313,0.00161290483,0,0,0.569232155,0.00154439966,0.00145985322,0.00150451071,0,0,0.0467625822,0.00129198907,0.514514594,0.000668002778,0,0.0190283298,0.0164141244,0,0.0308571013,0.243132969,0.0109375055,0.0033632245,0.61610398,0.0221239094,0,0,0.00133600997,0.02741517,0.000689655167,0,0.000765111259,0.000700770724,0,0.000672948035,0,0.0206767025,0.00465115885,0.000943990151,0.0052199804,0,0,0.0346782228,0.0173927936,0.000292226854,0.032792203,0,0,0,0,0.000336473945,0.00440043806,0.00463767847,0.000630914694,0,0,0.00157479965,0.00147928996,0,0.00107758961,0,0.000628535722
0,0.000668895968,0,0.00142348982,0.00939701673,0.0109889736,0,0,0.000681198824,0,0,0,0,0.000668896025,0.111110777,0.00171584921,0.0299913764,0,0.00136240057,0.0167394085,0.0166666939,0.00226244108,0.544842495,0,0.0532150947,0,0.00843608,0.0057613234,0.099044298,0,0.000548245886,0,0,0,0.00391901123,0.0205541023,0.000636537511,0.00655977031,0,0.0935915103,0.00160771688,0.000928504522,0.000852515413,0.581145319,0,0.000724113358,0.00150300998,0,0,0.0552535956,0.00193798058,0.506314649,0.000675218845,0,0.0214228201,0.020148758,0.000739097857,0.029028377,0.240472453,0.0112923615,0.00220750269,0.610608429,0.0210016063,0,0,0.00136147016,0.0274288989,0.00210084004,0.000909918031,0.000766283897,0.000718390912,0,0.000695894301,0,0.0160688033,0.00494297058,0.000634517866,0.00297840198,0,0.000583771343,0.0333595382,0.0160632082,0.000862565183,0.0325805912,0,0,0.000743494381,0,0.000339673856,0.0054525624,0.00464576223,0.001324499,0.00104932008,0,0.00156372036,0.0014914194,0,0.00116144093,0,0.000611995257
0,0.00134680131,0.000590666862,0.00207611913,0.015246296,0.010005885,0.00066489421,0.000675218717,0.000701753822,0,0.000701753629,0,0,0,0.117897961,0.00169262026,0.0270026849,0,0.00290065282,0.0218499485,0.0175131,0.0034682086,0.56878186,0,0.0472054775,0,0.00918992568,0.00576605948,0.100374006,0,0.000552791931,0,0,0,0.00333110998,0.0175517947,0.000642261147,0.00452830018,0,0.0873850364,0,0.00190657915,0.000857633315,0.600893194,0,0.000717875072,0.00253550076,0,0.000705715482,0.0615809152,0.00196078057,0.50267839,0,0,0.0188678946,0.0225334695,0.000733138422,0.0351561903,0.237583613,0.00902301984,0.00171135066,0.601003802,0.0213114951,0.000652315898,0,0.00134679946,0.0252659907,0.00206326992,0.000911576747,0.000777604677,0.000728332003,0,0.000718391106,0,0.0125184026,0.00449438131,0.0012738901,0.00293254782,0,0,0.0326748121,0.0121888935,0.000285387987,0.0321246855,0,0.000924214043,0.000771009992,0,0.000336247149,0.00542298897,0.00431779184,0.000662690952,0.0010741103,0,0.000780031334,0.00214439015,0.000648929008,0.00119759999,0,0.00388756065
0,0.00135501446,0.00120047928,0.00137079971,0.0210566895,0.0103092814,0.00133422214,0,0.000727801838,0,0,0,0,0,0.124145924,0.00100469011,0.0298307716,0,0.00293040123,0.0262040019,0.0169334984,0.00538921874,0.585633436,0,0.0452816402,0,0.00758098182,0.00340425982,0.104202,0,0.000561482222,0.000801924667,0,0,0.00128369987,0.0168029063,0,0.00628930972,0,0.0886243795,0,0,0.000893655308,0.607972498,0,0.000724637996,0.00203874053,0,0.000669343862,0.0747922951,0.00257897915,0.504095441,0,0,0.0267145328,0.0230343537,0.000722543008,0.0342169934,0.239741029,0.00749064509,0.00113700956,0.586915206,0.0203317737,0.000657895036,0,0.0013586998,0.0271995013,0.00272109063,0.000919962672,0.000767460123,0,0,0.000740192181,0,0.0126865998,0.00303259894,0.00129281977,0.00221075991,0,0.000575705043,0.0320365942,0.0115681,0.000848416637,0.0272152084,0,0.00189214925,0.00076335865,0,0,0.00206611928,0.00568181892,0,0.00109768962,0,0.000777604895,0.000698811873,0.000646830766,0,0,0.00389922
0,0.00141342754,0.00122100247,0.0030364397,0.0243081881,0.0128127329,0.00268096014,0,0.00150150273,0,0,0,0,0,0.133799954,0.000993377281,0.0309973138,0,0.00590842423,0.027158806,0.0167508995,0.00864124128,0.602749947,0,0.0465936216,0,0.00761773219,0.00699300855,0.0938180988,0,0,0.00158227771,0,0,0.00160462023,0.0148698661,0,0.00805152976,0,0.0882543841,0,0,0.000904158569,0.620716133,0,0,0.00100300999,0.000682128241,0.000654879421,0.0835667689,0.00252524985,0.508838972,0,0,0.0326001676,0.021316606,0,0.0384861805,0.243525165,0.00586782509,0.00112549159,0.574344374,0.0194241043,0.000657894826,0,0.00206043933,0.0259084967,0.002791351,0.00178252985,0.000758725072,0,0,0.0014892,0.000326796821,0.0144404066,0.00533537232,0,0.00220588453,0.00070126202,0.000880798829,0.035442083,0.0102902387,0.0020219505,0.0251313907,0,0.00190475954,0.000771009985,0,0,0.00196270974,0.00515775773,0,0.00110619071,0,0,0.000676133025,0.000641849289,0,0,0.00441435998
0,0.000721501144,0,0.0036863283,0.0260838102,0.0110410143,0.00338523849,0,0.0015094345,0,0,0,0.000674764318,0,0.139357093,0.000989446053,0.0290055061,0,0.00746269013,0.027285121,0.0217677981,0.00985506547,0.605920714,0,0.0471847685,0,0.00843288755,0.00868055649,0.0849384968,0,0,0.0015243896,0,0,0.00221939978,0.0112149739,0,0.00626042565,0,0.0836513919,0,0,0.000907441107,0.630341898,0,0,0.0020140998,0,0,0.0856227072,0.00185300045,0.509318876,0.000682593629,0,0.0330709193,0.0219071718,0,0.0406557204,0.249489842,0.00554528529,0.0011415523,0.583542042,0.0162055152,0.000671591756,0,0.00140351066,0.0272911116,0.00286737997,0.000846023904,0,0,0,0.00147929077,0.000654450242,0.0172657071,0.00685453027,0,0.00145878975,0.000698324004,0.000588235406,0.033409283,0.00979325245,0.00208209301,0.0263818979,0,0,0,0,0,0.00190839926,0.00579711128,0,0,0,0,0.000643086972,0.000636537036,0,0,0.00543150027
0,0.00074294234,0,0.00545703207,0.0257793905,0.0105431034,0.00415512124,0,0.00152671802,0.00035236085,0,0,0.000666666733,0,0.140771883,0.000963391383,0.0258945216,0,0.00811209338,0.0268410178,0.0225314952,0.0146713988,0.619912428,0,0.0534136249,0,0.00758123224,0.00812274344,0.0768219103,0,0,0,0,0,0.00220125947,0.0104166741,0,0.0141874021,0.00062774621,0.0765599,0,0,0.000914076789,0.636711601,0,0,0.000991079841,0,0,0.10254079,0.00263104981,0.502056601,0.00133511016,0,0.0369496745,0.0246548031,0,0.0458746172,0.257268249,0.0031486214,0.000561482026,0.583028397,0.0196850037,0.000672948172,0,0.00145665953,0.0215752946,0.00322812129,0.000843881981,0.000718906751,0,0.000799360886,0.00149701028,0.000656599206,0.0190509915,0.00735863919,0.000628535879,0.00144822975,0.00144092057,0.000586853521,0.0307577127,0.0069444436,0.00182039078,0.0285276029,0,0,0,0,0.000642673976,0.0017937202,0.00572519017,0,0.00110742002,0,0,0,0.000636943155,0,0,0.00555899053
0,0,0,0.00510551153,0.0231092023,0.00910273269,0.00566571994,0,0.00156616965,0.00144612978,0,0.00124300979,0.00165782535,0,0.139263771,0.000652741676,0.0227272736,0,0.00732063722,0.0277023572,0.0232867246,0.0186886997,0.642843451,0,0.0548627924,0,0.00633802651,0.0113532675,0.0637216405,0.000954198231,0,0.000736377527,0,0,0.00408547936,0.0106075149,0,0.0111111038,0.00125313009,0.0775097354,0,0,0,0.634931439,0,0,0.00202019939,0,0,0.103499071,0.00278983443,0.509057898,0.00200133024,0,0.0392314168,0.0262625973,0.000707713782,0.0468140115,0.268776024,0.00129032062,0.000569152163,0.573427328,0.0222930012,0,0.000710732452,0.0014847795,0.0193637992,0.000367647127,0,0.000725688625,0.000841751521,0.00158604041,0.00224215082,0.00132979067,0.0212314007,0.00746268978,0.0012445603,0.00215671993,0.000713266669,0,0.0298789907,0.0058314531,0.00250941044,0.0294298029,0,0,0,0,0,0.00166945033,0.00751633962,0,0.00233917984,0,0,0,0,0,0,0.00628140817
0,0,0,0.00716234635,0.0282884975,0.0111989011,0.00816761118,0,0.00160900994,0.00215827342,0,0.00125155995,0.00164149766,0,0.139229041,0,0.0182692238,0,0.00907112464,0.0317673464,0.024645523,0.020543619,0.652448573,0,0.0601345491,0,0.00558268992,0.0123513132,0.0595334217,0.00194552982,0,0.00215207755,0,0,0.00438871198,0.00772946981,0,0.0163191069,0.000632910778,0.0735567916,0,0,0,0.658899067,0.000759877799,0,0.00101214985,0,0,0.107749897,0.00278983423,0.504930347,0.00325097906,0,0.036,0.0301989897,0.00136892585,0.0413657046,0.272612965,0.00128369948,0.000573722912,0.552658036,0.02113235,0,0.00213371797,0.000782473128,0.0196077924,0.00111857012,0.000810373054,0.00110619012,0,0.00420810895,0.00288808875,0.000692520889,0.0282821079,0.00509004985,0.00186566916,0.000704225282,0.000723589247,0,0.0320030012,0.00473484986,0.00311914959,0.0327524197,0.00075187997,0,0,0,0.000645578151,0.000803859105,0.0122422913,0,0.00238094917,0,0,0,0,0,0,0.00384123071
0.000604960877,0,0,0.00959560596,0.032096986,0.0125247002,0.0103424038,0,0.000798084864,0.00257163362,0,0.00127388969,0.000316055849,0,0.143827009,0,0.016585413,0.000561167295,0.0113474983,0.0326279229,0.0256857603,0.0256994184,0.655776562,0.00060459519,0.0546666455,0,0.00437956022,0.014215686,0.0594098616,0.0025789808,0,0.00210674024,0,0,0.0053324989,0.00783545749,0,0.0141423097,0.000630119798,0.0716539635,0,0.00100603996,0,0.652921175,0.000780639657,0,0.0010070499,0,0,0.102822372,0.0033680301,0.501057666,0.00424558975,0,0.0330414039,0.0325548112,0.00066979181,0.0370489763,0.293534123,0.00130038994,0.000578369264,0.537460907,0.022529608,0,0.0014641268,0.000789888646,0.0182882669,0.00075987785,0.00164608946,0.00107143031,0,0.00577367229,0.00420463113,0.00216762984,0.0430671922,0.00449714139,0.00126421981,0.000717359971,0.000725688799,0,0.032583394,0.00364194168,0.00380228165,0.029981809,0.0007674601,0,0,0,0.000644744787,0.000769822636,0.0139519525,0,0.00232829002,0,0.0014357507,0,0.00062344058,0,0.000629327463,0.00329814967
0.00121876832,0,0,0.0112091946,0.033759809,0.0138980965,0.0124677018,0,0.00079113889,0.00181159095,0,0.00127796012,0.00084709896,0,0.141754627,0,0.0118812038,0,0.0114503942,0.0390260333,0.0258682196,0.0214704441,0.647273513,0.000630915073,0.0507706341,0.000893655,0.00358166004,0.0177845664,0.049873191,0.00328730977,0,0.00212013987,0,0,0.00662042693,0.00999001087,0,0.0123685461,0.000645995239,0.0675500986,0.000843881934,0.000979431577,0,0.646563428,0.000771009861,0.000732600851,0.00107991019,0,0,0.104079583,0.00308071393,0.496394893,0.00590163704,0,0.0346729929,0.0299358368,0.00132450073,0.0369299888,0.300784992,0.00131666021,0.000596302934,0.549865681,0.020801216,0,0.00225394641,0,0.018021435,0.000761035095,0.00161031001,0.00104895051,0,0.00869894183,0.00479451982,0.00215054108,0.0527778046,0.00474547,0.000623830137,0,0,0,0.035751386,0.00460298983,0.00256410533,0.0312883125,0.000769230997,0,0.000771604981,0,0.000643500736,0.000725689175,0.0155731992,0,0,0,0.0014234894,0,0,0,0.000637349326,0.00339212506
0.00247831157,0,0,0.0144876958,0.0294118053,0.012,0.0141868993,0,0.000759301302,0.00218659079,0,0.000632510873,0.000826617157,0,0.138654463,0.000641849181,0.0119522108,0,0.0130871957,0.0426540043,0.0246076669,0.0205026514,0.651949853,0,0.051895332,0.00087642359,0.00218182114,0.0196599159,0.0454284161,0.00348675042,0.000669343704,0.00291120982,0,0,0.00915404306,0.0145077359,0,0.0129525189,0.000640205022,0.0697008656,0.00165563007,0,0,0.661767537,0.000767460261,0.000739644774,0,0,0,0.102828458,0.00308832576,0.494589345,0.00656598815,0,0.0310077585,0.0293053524,0.00297029563,0.0401785849,0.311234661,0.000660501999,0.000302480093,0.545093273,0.0214447394,0,0.00226928852,0,0.0198693185,0.000796177787,0.000816993052,0.000686342368,0,0.0116980994,0.00673854667,0.00287562796,0.0650826078,0.00394736834,0.00122699385,0,0,0,0.0341879999,0.00288350997,0.0025575408,0.0312500083,0.000786782072,0,0.0015396496,0,0.00065231595,0,0.017584589,0,0,0,0.0014461305,0,0.000645161063,0,0.00063171201,0.00579414195
0.00310945065,0,0,0.0171146027,0.027559095,0.0112433948,0.0162630915,0,0,0.00187828979,0.00364077885,0.000627746062,0.000829703334,0,0.14873376,0,0.0130617039,0.000597728655,0.0117569999,0.0397924048,0.0249816557,0.017953906,0.640056453,0,0.0544373145,0.000867303154,0.00294985232,0.0218578939,0.0413333798,0.00356124964,0.000693963204,0.00292612042,0,0,0.0085987333,0.014023699,0,0.0121758621,0.000632910922,0.0716655473,0.000831255096,0,0,0.664257453,0.000751315237,0.000759878236,0,0,0,0.105330334,0.00125000125,0.484993629,0.00602006611,0.000972762946,0.0328054422,0.0313613581,0.00286624577,0.0346010041,0.306633449,0,0.000307314081,0.547800553,0.0200743879,0,0.00226585671,0,0.0196911039,0.000792392704,0.00082236774,0.00204918092,0,0.0116278969,0.0074525733,0.00576369092,0.0853434646,0.00262926932,0.00124069449,0,0,0.000562746279,0.0317460079,0.00115274041,0.00255918013,0.0273766895,0.000796812815,0,0.000781250352,0,0.000646830825,0,0.0181755948,0,0,0,0.00147166972,0,0,0,0.000654878819,0.00663408292
0.00322789072,0,0.000667110865,0.0200272088,0.023708404,0.0143908956,0.0166909011,0,0,0.00149812882,0.00488997773,0,0.000840689376,0,0.146433083,0,0.016545995,0.000610128032,0.0138018028,0.0411313834,0.0232209974,0.0189607013,0.631948335,0,0.0525047811,0.000856898105,0.00292611992,0.0232558158,0.0419384805,0.00289645045,0.000730994034,0.00290909036,0,0.000650194906,0.0102040963,0.0161290453,0.00134590002,0.0103075997,0.000626959077,0.0771349637,0,0,0,0.662578882,0.0015313911,0,0,0.000722021941,0,0.104540518,0.0012779609,0.498186307,0.00604432204,0.000951474643,0.0331347158,0.0307525509,0.00159033165,0.0307072033,0.303385678,0,0.000612744836,0.538667477,0.0226756851,0,0.00147166935,0,0.0231260117,0.00158730243,0,0.00203804872,0,0.010284997,0.00798403539,0.0068394513,0.0881199038,0.003536689,0.000610501212,0,0,0.000560538075,0.0263361954,0.00116076585,0.00198807319,0.0245306041,0.000780639844,0,0.00159871993,0,0.000959078934,0,0.0175740749,0,0,0,0,0,0,0,0.0006609392,0.00797504215
0.0036184267,0,0.000690608514,0.0237458026,0.0220488059,0.0147734972,0.0159420071,0,0,0.00148698953,0.0048899784,0,0.000626173892,0,0.141942123,0,0.0196720892,0.000609013301,0.0147511025,0.04454888,0.0233180114,0.0200573075,0.625283435,0,0.0591133482,0.000856163813,0.00592593118,0.0197151815,0.040055184,0.00296956107,0.00147929029,0.00223713816,0.00065659887,0,0.0113136029,0.0169491386,0.00265781193,0.0115718028,0,0.0743499111,0.000834027853,0,0,0.675604146,0.000782473512,0.00116549988,0,0,0.000592767847,0.106834406,0.00130038941,0.482143198,0.00682127782,0,0.0289193594,0.0230094915,0.00157133941,0.0301242294,0.308051688,0.00063291097,0,0.544589838,0.0211864532,0,0.00216294065,0,0.0214923015,0.000796813101,0,0.00135962129,0,0.0112359963,0.00734803239,0.00877192804,0.102625902,0.00520832875,0,0,0,0.000556793201,0.0204764999,0.00176574218,0.00132625995,0.0281476961,0.000763941989,0,0.00246508088,0,0.000952381266,0,0.0203114473,0,0.00112867028,0,0,0,0,0,0.000653168102,0.00985220586
0.00355297417,0,0.0014035095,0.0194078944,0.0186856011,0.0200266991,0.0207876985,0.000776398158,0,0,0.00547778122,0,0.000629723225,0,0.133728008,0,0.0233074105,0.000607902892,0.0161893036,0.0528654937,0.0220588103,0.0180505057,0.621476007,0,0.0619468976,0.00085836864,0.00608365202,0.0153341044,0.0413669835,0.00230769108,0.00148257933,0.00227101076,0.000664452197,0,0.0131663285,0.0157834953,0.00196334921,0.0143422029,0,0.0794718841,0.000848895879,0,0,0.684167104,0.00151056987,0.0020000006,0,0,0.00120772947,0.105637328,0.000664894021,0.475304381,0.00793651496,0,0.0272314691,0.0237226065,0.00156445528,0.0264290189,0.302144751,0.000628535818,0,0.567567146,0.0185328,0,0.00217549203,0,0.023218612,0.000807754384,0,0.000683995044,0,0.0111940041,0.00620103758,0.0112628014,0.106905202,0.00756939197,0,0,0,0.000549149166,0.0167021957,0.00240818048,0.000660938579,0.0232627919,0.000759301172,0,0.00166389079,0,0.00127631986,0,0.0196343979,0,0,0,0,0,0,0,0,0.0101682968
0.00343534969,0,0.000708214584,0.0175210954,0.0189394052,0.0213793613,0.0173453951,0.00075872511,0,0,0.00629326738,0,0.000616902671,0,0.129566273,0,0.0253663957,0.000620347078,0.0171450933,0.0580183986,0.0218045031,0.0155774965,0.61447565,0,0.0641548353,0.000846023692,0.00618238022,0.0134227913,0.0460465816,0.000778209961,0.000749624762,0.00227445061,0.00269723779,0,0.0148100609,0.0199999816,0.00257566055,0.0115927598,0.000634518041,0.0702920675,0.000846739475,0.000935454342,0.000712757903,0.680657253,0.00149477069,0.00291424163,0,0,0.00126262571,0.104091068,0.000681199438,0.465006587,0.00804758871,0,0.0272795823,0.0213864,0.00158629578,0.0206379039,0.292445807,0.00124999963,0,0.572233761,0.0152701661,0,0.00179339986,0,0.0254031958,0,0,0.00138504286,0,0.00879878078,0.0076093765,0.0157783943,0.114568374,0.0135020784,0,0.00041288194,0,0.000538212943,0.0213286925,0.00246761255,0.000680271943,0.0232207021,0,0,0.00213128935,0,0.00128369968,0.000610501146,0.0154639336,0,0,0,0,0,0,0,0,0.0132959707
0.00253163915,0,0.000724637862,0.0165816556,0.0198264947,0.018834436,0.0176559038,0.00227617914,0,0,0.00699301337,0.00059844416,0,0,0.128787512,0,0.0315420861,0.000637348963,0.0226312894,0.0642087218,0.0211321081,0.0130331995,0.626973178,0,0.0574596989,0.000863557777,0.0069284052,0.0131435007,0.0449074069,0.000764526323,0.00077339509,0.00192307798,0.00396301393,0,0.0141889965,0.0182481931,0.00254777084,0.0133469786,0.000643500934,0.0776802437,0.000852514962,0.000915751456,0.000699301278,0.686740172,0.00154679054,0.00423011981,0,0,0.00130378052,0.107307393,0.00142045441,0.460447808,0.00745209534,0,0.0213119296,0.0232558384,0.00160051241,0.0204997005,0.285171032,0.000630516695,0,0.584351108,0.015031677,0,0.00183553602,0,0.032520288,0,0.000871079721,0.000693001344,0,0.0133019984,0.0100503024,0.014275801,0.128624782,0.013322238,0.000602410104,0.00041840982,0,0.000539084155,0.0256582997,0.00244947987,0.000709723077,0.0229988071,0,0,0.00376569034,0,0.00128700026,0.00122624179,0.0129692832,0,0,0,0,0,0,0,0,0.0162544472
0.00127877244,0,0,0.0139429025,0.0173886599,0.0172786357,0.0170496925,0.00151400059,0,0,0.0086594034,0.00118413017,0,0.000819000998,0.131018445,0,0.0311004888,0.000652316155,0.0199999952,0.0611028084,0.0247562039,0.0134584019,0.637374122,0,0.0536082491,0,0.00535577721,0.00854700556,0.039962772,0,0.000788021924,0.000770416438,0.00257732005,0.000335570003,0.0129460771,0.0159508822,0.00252844959,0.0136411489,0.000643500935,0.0838815935,0.000850340162,0.00089766586,0.000693963331,0.678444746,0.00155279971,0.00668337464,0,0,0.00133333369,0.105927633,0.000738552031,0.440967112,0.00815024579,0,0.0174148573,0.0208808054,0.00221518676,0.0213115035,0.296138556,0,0,0.600226942,0.0165614936,0.000744047787,0.00111690331,0,0.0456026035,0,0.000880281891,0.000689179821,0,0.0128,0.0123228941,0.0145699982,0.130778529,0.0211382142,0.000605693746,0.000832638269,0.000741290311,0,0.0255828787,0.00182259937,0,0.0228102014,0.00183958729,0.00165563018,0.00508905804,0,0.00133869043,0.00121951189,0.0101625989,0,0,0,0,0,0.000695410452,0,0,0.0185713963
0.000639794632,0,0,0.0103964019,0.0166865696,0.0182882648,0.0160687921,0.00221729071,0,0,0.00803859284,0.00178998066,0,0.0016012807,0.130695817,0,0.0323785887,0.000646831115,0.0195077914,0.0620474101,0.0278190317,0.0155993052,0.654137817,0,0.0525210168,0,0.00226928898,0.00424178229,0.0485391765,0.000773394698,0,0.00160128376,0.00255591077,0,0.0142761964,0.0144404078,0.00249532055,0.0135699287,0.000649350706,0.0726570338,0.000843170042,0.000908264346,0.000681199001,0.691399631,0.00231302979,0.00789036959,0,0,0.00137174137,0.115291786,0.000757576224,0.427571906,0.00767084463,0,0.0159161903,0.0184906008,0.00160051131,0.0249017047,0.292572404,0,0,0.605003119,0.0227091217,0.000718390754,0.00112443717,0,0.0588971908,0,0.0008810569,0.000699789629,0,0.0149072952,0.0131018037,0.0154787959,0.138481425,0.0280769282,0.00060349996,0.00256191258,0,0.000547945226,0.0267101267,0.00192925983,0,0.020484209,0.00168715381,0.00167645054,0.00465312833,0,0.000655307971,0.00121654611,0.0127868371,0,0,0,0,0,0.000709220546,0,0,0.019784132
0.000632511182,0,0.000800641894,0.00988519684,0.014423082,0.013646705,0.0143395953,0.000750188206,0,0,0.00947712282,0.000301385903,0,0.002327391,0.130202386,0,0.02857141,0.000659631487,0.0216215933,0.0657136079,0.0238457771,0.0181667976,0.662686408,0,0.0458334124,0,0.00226586005,0.00212766009,0.0523853468,0.000759878047,0.000390930109,0.000795545175,0.000642673689,0,0.0152852994,0.0147782828,0.00187735071,0.0144478676,0.000654879014,0.0797038096,0,0.000889680142,0.00068259424,0.688252288,0.00229182228,0.00956739564,0,0,0.000697836983,0.126095961,0.000753012494,0.416608401,0.00956937996,0,0.0152905031,0.0208333709,0.00256409913,0.0264946019,0.291666294,0.000645161629,0,0.611291618,0.0211492717,0.000733137812,0.00190113861,0,0.0624136875,0,0,0.00143164115,0,0.0182420993,0.0134803996,0.0153098999,0.153099244,0.0301391066,0.000589622729,0.00261551843,0,0.000553096849,0.0254125312,0.00133155972,0,0.022741803,0.00169820496,0.00160900995,0.0051194522,0,0,0,0.0168094839,0.000701754404,0,0,0.000759301377,0,0.000714285941,0,0,0.0186513907
0,0.00084033555,0.000818331691,0.00735294243,0.0145190864,0.0123457043,0.0127915964,0.000748502913,0,0.000339904839,0.00851900101,0.00029993991,0,0.00076863957,0.130846679,0.000664894094,0.0300751853,0,0.0196663046,0.0648912254,0.0184626965,0.0153674038,0.676891245,0,0.0381837122,0,0.00226756905,0.0010493198,0.057795666,0,0.000796178154,0.000792393062,0.000633713821,0,0.0145599069,0.0187734596,0,0.016966108,0.00067114104,0.0792736121,0,0,0.000675218839,0.689512775,0.00418569525,0.0117694993,0,0,0,0.130822813,0,0.406437264,0.00832177448,0,0.0163374277,0.0244082694,0.00199601062,0.0319972502,0.28538631,0.000652742249,0,0.620501364,0.0237712112,0,0.00154321075,0.000818331286,0.0629750305,0,0,0.000740191775,0,0.0214699008,0.0114286012,0.0146831958,0.161252677,0.0332314529,0.000593824192,0.00183149927,0,0,0.0273081897,0.00236167044,0,0.0232793932,0.000966883524,0.00239233902,0.00437062895,0,0,0,0.0175846472,0.000696864262,0,0.00177777839,0.00076452592,0,0.000728863294,0,0,0.0198698938
0.000651042168,0.000859107252,0.000825083104,0.0078074207,0.0143038643,0.0104669871,0.00927357052,0.000784929378,0,0,0.00904219236,0.00089179496,0,0.00151285956,0.132635675,0,0.0286069926,0,0.018346004,0.0629684858,0.0175242132,0.0120133048,0.677582954,0,0.0351324095,0,0.00225225027,0.00209643914,0.0556553617,0,0,0.000786782065,0.00127064933,0,0.0158355499,0.0160493779,0.000640205275,0.018389656,0.000683059686,0.090582882,0,0.000895254714,0.000683995157,0.69130917,0.0060975647,0.0125811915,0,0,0.000685871136,0.139125591,0,0.405087833,0.00897170222,0,0.0176379944,0.0222717598,0.00199336137,0.0336369585,0.291326384,0.000659196154,0,0.617611112,0.0250403658,0,0.000791766674,0.000810372598,0.0622963792,0,0,0.000741289956,0,0.0237301915,0.010841798,0.00908340166,0.174636501,0.0348929192,0.000599519988,0.00284900057,0,0,0.025876606,0.00209205042,0,0.0204499043,0.00170565378,0.00321026917,0.00443262146,0.000800640551,0,0,0.0176152164,0,0,0.000881834146,0.000744601997,0,0.000739645174,0,0.000680734973,0.0193022048
0.000992063108,0.000877193188,0.00163666174,0.00776197008,0.0131917553,0.00700742116,0.00636942932,0.000804504823,0,0,0.0093425596,0.000593471896,0,0.00151285977,0.142468243,0,0.0298663021,0,0.0161001938,0.0585850789,0.0163083993,0.0141549011,0.673590188,0,0.0397148079,0,0.00298285161,0.0029850721,0.0604056698,0,0,0.0015163,0.000632910968,0,0.0180764337,0.0235148379,0.00128699897,0.0222327757,0,0.102492966,0,0.00180831929,0.000684462743,0.695047647,0.00862068836,0.0139553461,0,0.00149254021,0.000687757872,0.142894305,0,0.405908105,0.00938151718,0,0.0182737056,0.0223607338,0.00132538061,0.0342612822,0.307567017,0.000673853749,0,0.618350143,0.026487403,0,0,0.000837520931,0.0550952972,0,0,0.000755858092,0,0.0351171021,0.00878845228,0.00886824828,0.191550879,0.0351718715,0.000594884144,0.00382774747,0,0.000567537289,0.0260449876,0.00352112481,0,0.0165877002,0.00147929016,0.00161680962,0.00453309218,0.000794281285,0,0.000590667193,0.0186751437,0,0,0.000848896088,0.000768048887,0,0.000754148243,0,0.000691562797,0.0171429017
0.000666666553,0.000884172871,0.00162601595,0.0104780966,0.0127118396,0.00557461104,0.00406503946,0.000809717191,0,0.000672947814,0.0109540173,0.00118203445,0,0.00151630015,0.146358071,0,0.0285227989,0,0.0156805062,0.0550817006,0.0158438089,0.0106296002,0.675849364,0,0.0395538079,0,0.0014792903,0.00494559881,0.0652236478,0,0,0.00151399907,0,0,0.0208768005,0.0272614425,0.000645577919,0.0246740975,0,0.104596553,0,0.00172861006,0,0.697700083,0.0091813323,0.017614048,0,0,0.00135870068,0.146517606,0,0.411158218,0.0098572398,0,0.0181747995,0.0252932167,0.00067888705,0.0379008499,0.315969761,0.000681663108,0,0.62622312,0.0298905722,0,0,0.000819672125,0.050199194,0,0,0.00456273653,0,0.0407906023,0.00949967865,0.0108892915,0.190751979,0.0411392243,0,0.00506585762,0,0,0.0205047233,0.00348918793,0,0.0154110072,0,0.00249376994,0.00368324,0.000810372649,0,0.000585823051,0.0180374955,0,0,0.00115439977,0.000770415809,0,0,0.00119474091,0,0.0141473967
0.000664452363,0.000874126217,0.00164880331,0.00932711524,0.013149206,0.00448933824,0.00578511987,0,0,0.000645994839,0.00974025696,0.0020336982,0,0.000786782035,0.152436698,0.00168804951,0.0329113862,0,0.0119813046,0.0547896077,0.0158730005,0.00902378671,0.680398492,0,0.0395791921,0,0.00150038108,0.00873786241,0.0712869013,0,0,0.00151172102,0,0,0.0172793892,0.0250941185,0.000636943589,0.0237665231,0,0.100395652,0,0.00173009974,0,0.703474196,0.010613198,0.0163297113,0,0,0.00133957937,0.15219172,0,0.424709266,0.00840618891,0,0.020944391,0.028208742,0,0.0369679163,0.330284213,0.000683995079,0,0.636749575,0.0295111455,0,0,0,0.0411119694,0,0,0.00461183889,0.00104602987,0.0561223753,0.00768738223,0.0147198795,0.197469041,0.0437956018,0,0.00305499061,0,0,0.0214330958,0.00347704972,0,0.0145214967,0,0.00424087976,0.00142992991,0,0,0.000588235244,0.0211738481,0,0,0.000862813161,0.000754148305,0,0,0.00119903966,0,0.0180375053
0.000656168088,0,0.00162337605,0.0100133973,0.0130434998,0.00466200678,0.00339559012,0,0.000393081839,0.000653167863,0.00663228345,0.00258620193,0,0,0.151187987,0.00301407033,0.0319409904,0,0.00900638984,0.0497546925,0.0131274039,0.00843881745,0.680678057,0.000534187688,0.0439673001,0,0.00146734988,0.0141601963,0.0782341095,0,0,0.00151285823,0,0,0.0178660201,0.0263818682,0.000641437216,0.0256858901,0,0.104639255,0,0.00174978016,0,0.700269686,0.011990405,0.0176244869,0.00104058008,0,0.00134589953,0.156275578,0,0.417366743,0.00992471244,0,0.0203746143,0.0317959445,0,0.0389659917,0.350715315,0.00070224757,0,0.637277129,0.0262877452,0,0.000829186949,0,0.0324038054,0,0,0.00836501158,0.00211416029,0.0572139097,0.00574345925,0.0166997589,0.202484622,0.0473515015,0,0.00410256148,0,0.000578704356,0.0222076592,0.00213674947,0,0.0130718887,0,0.00171380052,0.00249252112,0,0,0.000593472282,0.026131589,0,0,0.000873361684,0.000762776921,0,0,0.00115741032,0.000744048637,0.0141509945
0.000659196305,0,0.000822368201,0.00880088312,0.0134602977,0.00353981918,0.00170502974,0,0.000398724191,0,0.00867925101,0.00533707894,0,0.000778210533,0.148838573,0.00232403967,0.0349398,0,0.00616245883,0.0446747959,0.0131274052,0.00680850745,0.696961247,0,0.0405539327,0,0.00074184003,0.0152235709,0.0891824503,0,0,0.000758724761,0,0,0.0163014739,0.0243309,0.000633714172,0.035344801,0.000740191864,0.109213134,0,0.00173010057,0,0.720355285,0.0110934948,0.018433149,0.00100300996,0,0,0.161941122,0.000803213207,0.43703466,0.0126279867,0,0.026407614,0.0284359876,0,0.0404120679,0.357174788,0.000714796223,0,0.653506381,0.0230971133,0,0.000838223087,0.00154678971,0.0282529931,0,0,0.00812407181,0.00105041929,0.0671953287,0.00486696976,0.0164834993,0.205475099,0.0504475182,0,0.00410255852,0,0.000571102253,0.0243902112,0.0021291707,0,0.00970874009,0,0.00174519965,0.00148957012,0,0,0.000598802119,0.0328930163,0.000657029704,0,0,0.000760456307,0,0,0.00111732065,0.000755858171,0.0167259389
0.000655738037,0,0.000840335284,0.0106524976,0.0139627928,0.00352422005,0.000863557978,0,0,0.000627353346,0.00780031412,0.00652297587,0.000645995136,0.000791765766,0.146031529,0.00482315077,0.0336037567,0,0.00536117653,0.0381894995,0.0143197968,0.00424808997,0.702695277,0.000547046021,0.0452357537,0,0.00149030966,0.0197098802,0.0986509128,0,0,0.000739645287,0,0,0.0166539811,0.0197674883,0.000632110803,0.0345562992,0.000730994085,0.1158343,0,0.000868809731,0,0.721303519,0.0113177042,0.0176825029,0.00101010051,0,0,0.159345612,0.000854701508,0.453066268,0.0103021944,0.00100300991,0.0267069843,0.0274725384,0,0.0457831447,0.37681185,0.000712757917,0.000631711732,0.652917826,0.017295557,0,0,0.00146843052,0.0312262012,0,0,0.00665680273,0,0.0697095619,0.00419897029,0.0159628995,0.211229854,0.0448933798,0,0.00316122114,0,0,0.0258978089,0.0013726806,0.000775194474,0.00825396983,0,0.0026572208,0.000326158153,0,0,0,0.0271195312,0.000650618167,0.00120481973,0,0.000783698726,0.0007246378,0,0.00108931976,0.000761615118,0.0217234269
0.000647248845,0,0,0.00881954051,0.00990437327,0.00338124173,0.000871840244,0,0.000870321753,0.000629326584,0.0065093585,0.00835654597,0.000632511113,0.000778210125,0.14673671,0.00418006106,0.0323300248,0,0.00564334285,0.0272978973,0.0179139875,0.00327869131,0.716171451,0.00112676029,0.0460652335,0,0.00293470083,0.018619448,0.0975913388,0,0,0.00148038404,0,0,0.012308497,0.0173766477,0.000632910973,0.0326086787,0.000716845829,0.113418546,0,0.000866551042,0,0.722919739,0.00736498052,0.020833301,0.000946073576,0,0,0.147746688,0,0.468763196,0.0135292552,0.000988141453,0.0299176999,0.024080288,0,0.0435497643,0.37900586,0.000719424181,0.000638569821,0.665190007,0.0197215898,0,0,0.000725689176,0.0304783928,0,0,0.00598354069,0,0.0855049385,0.00229961041,0.014240495,0.208818555,0.0389738899,0,0.00319148974,0,0.000290192128,0.029957161,0.0013386907,0.00076277734,0.00785855324,0,0.00174671922,0.000331675008,0,0,0,0.0289223742,0.000640204811,0.00118906012,0,0,0.000712251355,0,0.00104712048,0.000788644054,0.0211318218
0.00064850823,0,0.00181488176,0.010176402,0.00656077672,0.00337552103,0.000888099224,0,0,0.00064143719,0.00717300085,0.0123830473,0.00128699961,0.00237153974,0.150171365,0.00459619097,0.0351262011,0,0.00389320836,0.0226198955,0.0164131072,0.00159872019,0.723055447,0.00168160951,0.0456730768,0,0.00302571864,0.0187556892,0.0944489528,0,0,0.00148477959,0,0.000871080383,0.013503403,0.0132013033,0.000618428989,0.0314333299,0.000693481373,0.104516838,0.000850340162,0.000871080523,0,0.731295505,0.00491802843,0.0215908919,0.00189572989,0,0,0.149356093,0,0.48149285,0.0158674081,0.000977517341,0.0346351917,0.024454741,0,0.0441175559,0.392688342,0.000725162836,0.000635727967,0.673641187,0.0243082096,0.00173160069,0,0.000714285794,0.0312500008,0,0,0.00585651589,0,0.0873967434,0.00162232016,0.0144231036,0.213026065,0.0378852921,0,0.00212765968,0.000769822772,0.00115473058,0.0288808357,0.000669791952,0,0.00459618968,0,0.00178731068,0,0,0,0.000570450851,0.026125403,0.000640205381,0.00118203028,0,0,0.000718907134,0,0.0015197603,0,0.0214592215
0.000645994419,0,0.00181818332,0.0131670066,0.008579273,0.00165975262,0.00176834992,0,0,0,0.00781928695,0.0129380197,0.00193423964,0.00236780096,0.159821878,0.00404039999,0.0390260785,0,0.0051223719,0.0169262051,0.0187601923,0.00160771971,0.747707071,0.00113571976,0.0411876736,0,0.00225733881,0.0164210897,0.08630954,0,0,0.000744047631,0,0.00175747003,0.010780698,0.00985761069,0.000606796278,0.0291631685,0.000693962822,0.112985736,0.000897666031,0.000878735523,0,0.729523576,0.00253593112,0.0225056807,0.0018726594,0,0,0.14681867,0,0.494002273,0.0169553151,0,0.0401211152,0.0215968554,0.00084033617,0.0450927646,0.413137028,0.000735834503,0.000634518116,0.688780005,0.0271375116,0.000875657075,0,0.000705218749,0.0329874145,0,0.000949667996,0.00498930497,0,0.0887496842,0.00225224944,0.0151515068,0.215797491,0.0340941876,0,0.00212539894,0,0.00117647035,0.0298182272,0.000668448701,0,0.00460224078,0,0.00177935993,0,0,0,0,0.0245374684,0.000637754758,0.00120337055,0,0,0.00139179058,0,0.000501504687,0,0.024548732
0.000656599672,0,0.00179533326,0.0161516997,0.0128116377,0.000814996023,0.0017921095,0.000825082657,0,0,0.0107334626,0.014738013,0.000651466022,0.002457,0.162783278,0.0039318512,0.0384483088,0,0.00663588987,0.0122283012,0.0215736052,0,0.763008978,0.00175849932,0.0351905918,0,0.00227445049,0.0164059909,0.0900264784,0,0.000946970057,0.00146092061,0.000714285897,0.00176056033,0.011764698,0.00714286129,0,0.0322306692,0.000681663057,0.123606891,0.000896861195,0.00174367993,0,0.752534313,0.00170939949,0.02119247,0.00275229077,0,0,0.159217305,0,0.50000017,0.0217864831,0,0.0402861032,0.0227420833,0.0008410426,0.04349772,0.419658139,0.00073583465,0.00130208042,0.673352111,0.0296735947,0.000895255416,0,0.000703730211,0.0396145811,0.000843881754,0.000968053843,0.0049505,0,0.0846540117,0.00159236064,0.0145682035,0.221782341,0.0355336972,0,0,0,0.00120773096,0.0334335562,0.000653595082,0,0.00197367947,0,0.00182481958,0,0,0,0,0.0233570622,0,0.00230415111,0,0,0.000703730246,0,0,0,0.0237052807
0.000641026332,0,0.000927644382,0.0206337979,0.0130226249,0.000793651594,0.00272975112,0,0.00201816032,0,0.0143755581,0.0144335385,0,0.00243704064,0.168464376,0.00397350897,0.0342936257,0,0.00565140006,0.00669792134,0.0202642969,0,0.76900942,0.00179318992,0.031157225,0.00182315032,0.00233281073,0.015872992,0.0815314674,0,0.00144787981,0.00142653438,0,0.00182148918,0.012649379,0.00831486233,0,0.0354671626,0.000700770551,0.117734,0.000896860442,0.00257069956,0,0.761333359,0.00255101923,0.0175501549,0.00273472875,0,0,0.164758082,0.00174368017,0.51037124,0.0246637033,0,0.0397069921,0.0223692303,0.000851063997,0.044373331,0.422186432,0,0.00197888934,0.681810142,0.0342702483,0,0,0,0.0421053081,0.00215332011,0.000968991541,0.00364430901,0,0.0912792065,0.00159133979,0.0123710984,0.216841105,0.041223412,0.000653167869,0,0,0.00123993031,0.0304970107,0.000658761814,0,0.00197498858,0,0.00281162107,0.000985221781,0,0,0,0.0260626106,0,0.00112485975,0,0,0.000711744201,0,0,0,0.0252562395
0.000637349236,0,0.00184843177,0.023489893,0.0174146388,0.000765111258,0.00275734871,0,0.00100300984,0,0.0151785672,0.011800213,0,0.000811687695,0.163006643,0.00263851872,0.0377455864,0,0.00759878068,0.00470429817,0.0210573039,0.00079051416,0.784195307,0.00181050036,0.020979,0.00183485971,0.00238094966,0.010456306,0.0805998226,0,0.0014299307,0.000731528497,0,0.00180504952,0.0159280187,0.0121279034,0,0.0380952084,0.00140448975,0.128880087,0.00184162022,0.00166250997,0,0.772545415,0.000840336037,0.0173512362,0.00279590056,0,0.000769823313,0.1672509,0.00347221786,0.518329464,0.0273922912,0,0.0367779993,0.0265956973,0.00164339027,0.0390199174,0.424828348,0,0.00266312086,0.695382653,0.0334550138,0,0,0,0.0429066136,0.00300171922,0.00106495961,0.000734754322,0,0.0922666661,0.00125392035,0.0139859986,0.212759329,0.0369270103,0.00132890461,0,0,0.00124844044,0.0299555831,0,0.000773395325,0.00126103338,0,0.00383877088,0.000985222372,0,0,0.000558971177,0.0219648993,0,0,0,0.000828500414,0,0,0.00218580022,0,0.0235204677
0.00130208541,0.000891265709,0.00189752938,0.0244544929,0.0174757412,0,0.00272726877,0,0,0,0.0124666093,0.00949023967,0,0,0.161679422,0.00134138032,0.0289168835,0,0.00801973783,0.00202429097,0.0224090053,0,0.784896841,0.00182482101,0.0186915516,0.0017793606,0.00159108941,0.00972763532,0.068600378,0.000660501806,0.00138759972,0.00140548014,0,0.000892060624,0.0125661808,0.0130719024,0,0.0359648842,0.00141343024,0.126702913,0.00092421366,0.00242914523,0,0.774852658,0.000856164057,0.0136746271,0.00360036133,0,0.000781860952,0.169493932,0.00505902096,0.542102727,0.0340087105,0,0.0393006647,0.0294295971,0.00167644948,0.0457456099,0.429777634,0.000815661014,0.00205760928,0.699962563,0.0307112016,0,0,0.000367918087,0.0413608995,0.00563257926,0.00106951963,0,0,0.0945129872,0.000639794894,0.0110330965,0.217649396,0.0408674176,0.000672043305,0.001,0,0.000625390785,0.0300891956,0,0.000791138907,0.00122850209,0,0.00338163997,0.000967117772,0,0,0.000571428837,0.0211229036,0,0.00106723917,0,0,0,0,0.00221976036,0,0.0239342283
0.000655737818,0.00183654784,0.00286259886,0.0279285946,0.0206557728,0,0.0035714305,0,0,0,0.0144927636,0.00899672613,0,0,0.158565718,0.000674309049,0.0297184884,0,0.0086149794,0.00200937925,0.0234834012,0,0.776482287,0.00182482089,0.0138740467,0.00174671927,0.000781249586,0.0102564041,0.0736994081,0,0.000906618413,0.00138985114,0,0.000925068549,0.0116054431,0.0148677949,0.000663129801,0.0358704968,0.00211714959,0.127312788,0,0.00161290302,0,0.785585533,0.000872600175,0.0103276351,0.00264316896,0,0.00079936135,0.171292371,0.00605535627,0.554832851,0.0329553356,0,0.0402343891,0.0305136082,0.00252313123,0.0412843818,0.425334336,0,0.00280505046,0.70176453,0.0285088007,0,0.00176367029,0.00183150055,0.0447808897,0.0107480989,0.00109050964,0,0,0.0970128153,0.00194804951,0.0137525022,0.216688538,0.0397477996,0.000673854314,0.0020080298,0,0,0.0265486682,0,0.00165017131,0.0012121218,0,0.00439453152,0,0,0,0,0.0224781003,0,0.00106952039,0,0,0,0,0.00112107948,0,0.0231303242
0.000675219001,0.0009569376,0.00389483856,0.0303397664,0.019069217,0.000728331764,0.00443656088,0,0,0,0.0174471932,0.00677966229,0,0,0.162844224,0,0.0307611855,0,0.00635026708,0.00133511018,0.0292949071,0.000841042892,0.781855495,0.00157134009,0.0105204848,0.000900901269,0.000785545954,0.00704934648,0.0732565583,0,0.000896056872,0.00136333066,0.000707214243,0,0.010925479,0.0174216,0,0.0313304891,0.00212314059,0.127023949,0,0.00153964636,0,0.798389467,0.000878735224,0.00832128076,0.00265957088,0.000359711852,0.00160901035,0.182689475,0.00821798798,0.55542094,0.0335872101,0,0.0405093023,0.0336710018,0.00168208939,0.0378504592,0.434507411,0.000843169545,0.00589868274,0.69923275,0.0301091098,0,0.000896057384,0.000361795027,0.0428661051,0.0166374917,0,0,0,0.0925925721,0.00132714021,0.013958097,0.213821926,0.0390561191,0.000694443817,0.00489236819,0,0,0.0242468919,0.000681663119,0.00254669045,0.00121212143,0,0.00436893031,0,0.000681662969,0,0,0.0225489929,0,0.00103519948,0,0,0,0,0.0022446691,0.000751314331,0.0194656453
0.000686812646,0.00100401966,0.00285714031,0.0389198093,0.017153792,0.000711238031,0.00433650969,0,0,0,0.0182815561,0.00611532105,0,0,0.153996714,0,0.0263702037,0.0007173599,0.00522284245,0.000677048003,0.0310907072,0.00209029912,0.784754001,0.000632111372,0.0106026827,0.00176522956,0.0015710895,0.00792078851,0.0701497393,0,0.000923361257,0.00273037835,0,0.000939849906,0.0106582592,0.0198078956,0,0.032023874,0.00275291887,0.12472497,0,0.00279553139,0,0.811878913,0.000840335897,0.0059880256,0.00090579683,0.000351864872,0.00244101068,0.182980477,0.0112847031,0.552663426,0.0380664634,0.000889680569,0.0433130364,0.0340501637,0.00413907445,0.0390908987,0.43564436,0.000851788839,0.0045903993,0.696274123,0.0216071108,0,0.00182315036,0,0.0412926211,0.0235191953,0,0,0,0.107954986,0,0.017,0.216173668,0.043711483,0.000704721844,0.0123106049,0,0,0.0258493012,0.000669792075,0.00353981987,0.000583770802,0.000663130007,0.0028985513,0,0.000687758187,0,0.000602410205,0.0278485021,0.000700279874,0.0030030006,0,0,0,0,0.00226757075,0.000753580075,0.0204160575
0.000703235316,0.00097465902,0.00475737124,0.0386973019,0.0139791804,0.0013879301,0.00431034165,0,0,0,0.0182149416,0.00935125327,0,0,0.158912287,0,0.026014593,0,0.00437956141,0.000697350209,0.0302724649,0.000848896088,0.778840775,0.00064184921,0.00722222325,0.000862812805,0.00161551004,0.00591133205,0.0673618586,0,0.000939850423,0.00133778974,0,0.000950569601,0.00738006916,0.0216049026,0,0.0273179109,0.00276624939,0.115519679,0,0.002,0.000843169823,0.816006664,0.00165289016,0.00462606146,0,0.000348432024,0.00157604068,0.179619743,0.0114436979,0.552998863,0.0426254941,0.000871079861,0.0447123514,0.0334121606,0.00749376585,0.0380037062,0.423024164,0.000860584583,0.00458392175,0.709625995,0.0183263999,0.000961538149,0.000908264823,0.000750188254,0.0352239025,0.0251920982,0,0,0,0.119026878,0,0.018830506,0.226675289,0.0367816,0.00071787476,0.0107108021,0,0,0.025761991,0.000676589811,0.00405770888,0.000560852104,0.000672948423,0.0028846211,0,0.000707714004,0,0.000616903255,0.0263768088,0.000722021832,0.000969932229,0,0,0,0,0.00114678932,0.000771009969,0.0172802115
0.000722543302,0.00097465902,0.0072398201,0.044669682,0.0150032725,0.00206611975,0.00257953503,0,0,0,0.0131340932,0.0083631993,0,0,0.154981557,0,0.0259259078,0,0.00151975926,0,0.030241954,0.000833333556,0.776121392,0.000658762179,0.00330033076,0.000834028013,0.00156986068,0.00592300199,0.0612818433,0.000658328036,0,0.000683526594,0,0.0009718171,0.00497511824,0.021008405,0,0.0212765876,0.00689180289,0.108129328,0,0.00362609956,0.000853971272,0.821637401,0.00240964055,0.00408831201,0,0.000683059891,0.00305344,0.177109304,0.0124776888,0.542908576,0.0497037226,0.00173913129,0.0460476071,0.0339976651,0.0107172282,0.0375226368,0.432394506,0,0.00415512133,0.710971883,0.015873005,0.000949668154,0.00181159002,0,0.0318395968,0.0288544079,0.00131062009,0,0,0.124778062,0,0.0145773029,0.228953963,0.0378787814,0.000720981345,0.0153994021,0,0,0.0289343908,0,0.00885368489,0.000547944833,0.000688230624,0.00289016951,0,0,0.000798721843,0.00263158083,0.0318221006,0.000734754538,0.000493582992,0.00100300999,0,0.000775795318,0,0.00230149977,0.000777604673,0.0189054624
0.00150716056,0,0.00723326951,0.045922167,0.0180091527,0.00199601198,0.002508361,0,0,0,0.0107334571,0.00868486179,0,0,0.149253797,0,0.0265151867,0,0.000763359284,0,0.0415399929,0.00161031086,0.769209011,0.000698324095,0.00225225056,0,0.00155884934,0.0057471326,0.061171107,0,0,0.000695894554,0,0.000993048754,0.00371516946,0.0214723921,0,0.0183225094,0.00837988715,0.103039649,0,0.00202757826,0.000850340238,0.824676217,0.00473185905,0.00254021975,0,0,0.00385802143,0.173478186,0.0118396978,0.540171708,0.0499675864,0.00252951038,0.0431171028,0.0332137028,0.015293113,0.0457843005,0.429510192,0,0.00417537065,0.718127115,0.0128032027,0.000956937725,0.000892857753,0,0.0331203136,0.0313881883,0,0.000784313837,0.00110010964,0.138692422,0.000768049108,0.0131835952,0.236825194,0.0340237109,0.000730994243,0.0193985929,0,0,0.0300992028,0,0.0108798074,0.000542594133,0,0.00197044023,0,0,0.000767459908,0.00343878912,0.0334820963,0.00155884962,0.000485436716,0.00299102891,0,0.00076103492,0,0.00235294099,0.00156249922,0.0174545799
0.0023752949,0,0.00718133128,0.0477178651,0.0144295361,0.00359712156,0.00404529805,0,0,0,0.0155832744,0.0109044367,0.000639385873,0,0.15492069,0,0.0348584073,0,0,0,0.0524723178,0.00159235914,0.760928915,0,0,0,0.000789888852,0.00373482909,0.0553505317,0.000354862125,0.000943395825,0.000705218804,0,0.00103199004,0.00311138843,0.025529301,0.000675675934,0.0192616691,0.00617733043,0.101051889,0,0.00122349062,0.0004363,0.841710671,0.00769823005,0.000872599302,0,0,0.00371746906,0.171691983,0.011576104,0.534047449,0.0474984334,0.00257069131,0.0508798978,0.0348107519,0.0183888033,0.0466788634,0.445473953,0.000830565361,0.00376381956,0.719605569,0.00799467359,0.000957853813,0.000900089928,0.000697349738,0.031890699,0.030316307,0,0.0008,0,0.138744033,0.000781250102,0.00989631959,0.233269744,0.034660795,0.000712251262,0.0179819982,0,0,0.0317572051,0,0.00989120079,0.00106895029,0,0.00194931942,0.00101009949,0.000749625056,0.000741289956,0.00283286025,0.0370855074,0.00154678942,0.000477099192,0,0,0.00155762931,0,0.00230414818,0.00157480336,0.0192166069
0.0024,0,0.00887311505,0.0526083245,0.0128627962,0.00504731384,0.00236406158,0.00136519012,0.00122399031,0.000686341887,0.0114889959,0.0139164766,0.00064850825,0,0.150459907,0,0.0366133132,0,0,0,0.0557769507,0.000766871099,0.744627625,0,0.00105374059,0.000759878368,0.000811687867,0.00271739004,0.0486436285,0.00107991042,0,0.000691085041,0,0.00052687009,0.00323206151,0.030525,0.000697836846,0.0219263891,0.00514705907,0.1068799,0,0.00246103002,0.000435161169,0.836377035,0.0113039015,0,0,0,0.00368731995,0.172244714,0.0107239083,0.543652653,0.0444651662,0.00173159965,0.0521936825,0.0331485709,0.0236864906,0.0550401759,0.457012518,0.000817661032,0.00496454179,0.717646767,0.00737760284,0,0.000888098824,0.00137836063,0.0274443045,0.0304720857,0,0.000783698776,0,0.139054999,0,0.00415512083,0.221042306,0.0323740889,0.00145454935,0.0154291151,0,0,0.031864409,0,0.0108696089,0.00104275041,0,0.00195886081,0.00197628387,0.000778816212,0.000740740955,0.00224214941,0.0370697544,0.000805801513,0.00234741758,0,0,0.00156862959,0,0.00227789829,0.00158478591,0.0205429025
0.00164609003,0,0.0113042933,0.053175606,0.0173521511,0.00426569302,0.00234374883,0.000672043251,0.00121951055,0.000667556886,0.0141553061,0.0135510482,0.000641025794,0,0.163494228,0,0.0465768781,0,0.000829186947,0,0.0698818794,0.000742942043,0.735628815,0.000769822882,0.00102459029,0.000746269219,0.000865801084,0.00364298797,0.0443814775,0.00251437115,0,0,0,0,0.00265956871,0.0286585229,0.00139664914,0.0209627088,0.00590405728,0.106481451,0,0.00161680984,0,0.844311688,0.0168452975,0,0,0.000314267964,0.00293255009,0.169297407,0.012891308,0.541734036,0.0452919469,0.00175439039,0.0560181509,0.0320000017,0.0258475093,0.0586046438,0.477052241,0.000814995922,0.00634696957,0.709528302,0.00877192637,0,0.000904159327,0.00139664958,0.0283626124,0.0277540996,0,0.000800641253,0,0.152836859,0,0.00315314952,0.218397895,0.0298610895,0.000755857745,0.0166830505,0,0.00074682578,0.0363458092,0,0.0132135001,0.000515198108,0,0.00192123002,0.000956022765,0.000767459601,0.000727273228,0.00352112962,0.0315471154,0.000839630814,0,0,0,0.00160642989,0,0.00342075034,0.000794913107,0.0228571112
0.00169923559,0,0.0128088042,0.0492753822,0.0197830722,0.00617284189,0.00310559876,0.000674763842,0.00121803046,0.000678886415,0.0172726991,0.0111430958,0.000662251795,0,0.165376452,0.0010100999,0.0506992797,0,0.000875657382,0.000734213718,0.0755384517,0,0.735574156,0.00158353116,0.00101728977,0.00216762932,0.000916589743,0.00277521081,0.0376293572,0.00398262106,0,0.000683059713,0.00185701018,0,0.0021276604,0.0322196335,0.00141944596,0.0176244884,0.00611154037,0.121833049,0.000951475509,0.000788644014,0,0.851542957,0.0151745026,0.00189214854,0,0,0.00290908872,0.158816,0.014466498,0.545783213,0.0432719974,0.00171232887,0.0545723492,0.0305437122,0.0284837351,0.062558706,0.488602917,0.000819000835,0.00566973981,0.711683876,0.00471380235,0,0.000884956143,0.00202840068,0.0291666933,0.0246388907,0,0.000801281835,0,0.15404215,0,0.00313059014,0.218910522,0.0240840894,0.000728863246,0.0207100869,0,0.000777000913,0.04084969,0,0.0145161068,0.00104112405,0,0.0028382199,0.000911576839,0.000775795365,0.00144403959,0.0047021901,0.0280899151,0.00168633997,0.000948767157,0,0,0.00168633997,0,0.00229884968,0.00162733927,0.0228230748
0.00172860724,0,0.0121156024,0.0521088706,0.019814208,0.00551809237,0.0030769212,0,0.00119473981,0.000679348315,0.0148837001,0.0106382984,0.000665779115,0,0.156955519,0.00136612063,0.0613094543,0,0.000890472198,0,0.0780244781,0,0.743002374,0.00155159043,0.00100805917,0.00420756987,0,0.0019157114,0.0377960014,0.00591715734,0,0.00136985966,0,0,0.00142755051,0.0310345359,0.00143369028,0.0207868898,0.00621601242,0.13394913,0,0.00079491281,0.00087184,0.849030674,0.0186566998,0.00189393983,0,0,0.00298729955,0.144899986,0.0124224053,0.552357388,0.0468390942,0.00167364013,0.0461652963,0.0298930361,0.0292599318,0.0616505189,0.511445181,0.000831946927,0.00502152,0.707239806,0.00332446971,0,0.00170358123,0.00130634064,0.0298286989,0.0282939143,0,0.00079617751,0,0.156697498,0,0.000870321821,0.209847794,0.0215900955,0.000737462895,0.0227048723,0,0.00156986006,0.0498807056,0.000666666957,0.0170893044,0.00132415335,0,0.000931966324,0.000890472292,0,0.000720980732,0.00699844014,0.0205536752,0.000859844514,0.000928505362,0,0.000990098704,0.00170212935,0,0.00223464011,0.00163666154,0.0227909887
0.000893655018,0,0.0135640508,0.0533253614,0.0264408682,0.00370599506,0.00146091956,0,0.0023557092,0.000682594472,0.0139665057,0.00863363404,0,0.000889679929,0.168879065,0.00136425978,0.0607701199,0,0.000914077072,0,0.0770335631,0,0.747993697,0.00157356469,0.000963390709,0.00270452875,0,0.00377714778,0.0387038926,0.00609755793,0.000950569867,0.00135410076,0.000961538338,0,0.00146091991,0.0321507391,0.00284900139,0.0189169396,0.00638978256,0.142748573,0,0.00121654929,0,0.857686163,0.0200302087,0.00287908185,0,0.000604960739,0.00300978387,0.140805021,0.0120321006,0.57017587,0.0454802726,0.000836120435,0.052067945,0.0249844185,0.0344680924,0.0628091063,0.514308135,0,0.0045078879,0.713489385,0.00265780888,0,0.00260416982,0.00126421958,0.0312620869,0.0262307997,0,0,0,0.165972606,0,0.000874891033,0.205725845,0.0196215896,0,0.0247279926,0,0.00163933966,0.0545532847,0.00068027206,0.00868056634,0.00186666549,0,0.000931965541,0.000838223045,0,0,0.00728155131,0.0164695788,0.000880282136,0.000949667681,0,0.00205128016,0.000842460202,0,0.00218578893,0.00165425965,0.0182555927
